2 2770
1046 2765
2100 2765
3107 2769
4201 2765
5358 2763
6366 2768
7632 2765
8640 2766
10048 2766
11102 2761
12110 2763
13205 2764
14213 2765
15377 2768
16385 2764
17664 2762
19072 2764
20142 2764
21259 2767
22455 2765
23780 2765
25189 2771
26337 2767
27584 2764
28591 2794
30000 2764
31022 2763
32059 2762
33066 2763
34133 2764
35141 2772
36257 2762
37451 2762
38458 2767
39786 2764
40794 2765
42202 2765
43359 2760
44366 2756
45633 2763
46641 2762
48049 2761
49104 2764
50196 2764
51203 2766
52361 2763
53369 2762
54637 2768
55645 2766
57053 2764
58111 2764
59118 2764
60219 2761
61227 2760
62400 2761
63408 2761
64702 2762
66110 2761
67207 2761
68214 2762
69379 2764
70655 2762
71662 2763
73070 2762
74140 2769
75147 2763
76268 2756
77276 2762
78482 2761
79489 2761
80838 2759
81845 2761
83254 2759
84445 2762
85453 2759
86777 2757
87785 2761
89193 2775
90344 2760
91596 2763
92603 2758
94012 2762
95042 2773
96092 2762
97100 2762
98189 2761
99196 2759
100350 2772
101605 2759
103014 2762
104045 2762
105053 2760
106110 2762
107118 2762
108219 2760
109226 2761
110400 2758
111689 2758
112696 2761
114105 2761
115197 2759
116204 2762
117363 2767
118370 2760
119640 2760
120647 2756
122056 2758
123115 2746
124214 2760
125222 2760
126392 2758
127676 2762
128684 2761
130092 2759
131176 2759
132183 2760
133328 2759
134568 2761
135970 2758
137378 2759
138652 2761
139660 2755
141068 2756
142136 2760
143144 2758
144262 2761
145269 2758
