2 0
55 0
71 0
88 0
104 0
120 0
137 0
153 0
169 0
186 0
202 0
218 0
235 0
251 0
267 0
284 0
300 0
316 0
333 0
349 0
365 0
382 0
398 0
414 0
431 0
447 0
463 0
480 0
496 0
512 0
529 0
545 0
561 0
578 0
594 0
610 0
627 0
643 0
659 0
676 0
692 0
708 0
725 0
741 0
757 0
774 3328
790 3321
806 3320
823 3319
839 3321
855 3318
872 3319
888 3322
904 3322
921 3319
937 3319
953 3318
970 3319
987 3319
1004 3319
1020 3315
1036 3319
1053 3318
1069 3317
1085 3317
1102 3320
1118 3320
1134 3322
1151 3320
1167 3318
1183 3318
1200 3319
1216 3316
1232 3318
1249 3328
1265 3319
1281 3318
1298 3318
1314 3319
1330 3318
1347 3315
1363 3320
1379 3317
1396 3317
1412 3317
1428 3319
1445 3319
1461 3319
1477 3320
1494 3316
1510 3311
1526 3323
1543 3317
1559 3320
1575 3320
1592 3314
1608 3319
1624 3321
1641 3317
1657 3317
1673 3319
1690 3319
1706 3320
1722 3320
1739 3318
1755 3318
1771 3318
1788 3317
1804 3320
1820 3321
1837 3316
1853 3318
1869 3317
1886 3315
1902 3309
1918 3320
1935 3318
1951 3318
1967 3320
1985 3315
2001 3320
2017 3319
2034 3313
2050 3319
2066 3318
2083 3317
2099 3316
2115 3318
2132 3317
2148 3318
2164 3319
2181 3319
2197 3310
2213 3320
2230 3322
2246 3319
2262 3318
2279 3321
2295 3313
2311 3318
2328 3301
2344 3313
2360 3318
2377 3315
2393 3317
2409 3321
2426 3315
2442 3316
2458 3318
2475 3316
2491 3318
2507 3320
2524 3319
2540 3319
2556 3322
2573 3318
2589 3325
2605 3319
2622 3324
2638 3321
2654 3319
2671 3321
2687 3315
2703 3319
2720 3368
2736 3317
2752 3317
2769 3320
2785 3320
2801 3317
2818 3319
2834 3316
2850 3332
2867 3317
2883 3317
2899 3318
2916 3318
2932 3319
2948 3319
2965 3318
2981 3318
2999 3318
3015 3319
3031 3314
3048 3318
3064 3318
3080 3318
3097 3316
3113 3315
3129 3316
3146 3315
3162 3315
3178 3319
3195 3311
3211 3315
3227 3319
3244 3319
3260 3319
3276 3319
3293 3316
3309 3317
3325 3319
3342 3319
3358 3324
3374 3318
3391 0
3407 0
3423 0
3440 0
3456 0
3472 0
3489 0
3505 0
3521 0
3538 0
3554 0
3570 0
3587 0
3603 0
3619 0
3636 0
3652 0
3668 0
3685 0
3701 0
3717 0
3734 0
3750 0
3766 0
3783 0
3799 0
3815 0
3832 0
3848 0
3864 0
3881 0
3897 0
3913 0
3930 0
3946 0
3962 0
3979 0
3996 0
4013 0
4029 0
4045 0
4062 0
4078 0
4094 0
4111 0
4127 0
4143 0
4160 0
4176 0
4192 0
4209 0
4225 0
4241 0
4258 0
4274 0
4290 0
4307 0
4323 0
4339 0
4356 0
4372 0
4388 0
4405 0
4421 0
4437 0
4454 0
4470 0
4486 0
4503 0
4519 0
4535 0
4552 0
4568 0
4584 0
4601 0
4617 0
4633 0
4650 0
4666 0
4682 0
4699 0
4715 0
4731 0
4748 0
4764 0
4780 0
4797 0
4813 0
4829 0
4846 0
4862 0
4878 0
4895 0
4911 0
4927 0
4944 0
4960 0
4976 0
4994 0
5010 0
5026 0
5043 0
5059 0
5075 0
5092 0
5108 0
5124 0
5141 0
5157 0
5173 0
5190 0
5206 0
5222 0
5239 0
5255 0
5271 0
5288 0
5304 0
5320 0
5337 0
5353 0
5369 0
5386 0
5402 0
5418 0
5435 0
5451 0
5467 0
5484 0
5500 0
5516 0
5533 0
5549 0
5565 0
5582 0
5598 0
5614 0
5631 0
5647 0
5663 0
5680 0
5696 0
5712 0
5729 0
5745 0
5761 0
5778 0
5794 0
5810 0
5827 0
5843 0
5859 0
5876 0
5892 0
5908 0
5925 0
5941 0
5957 0
5974 0
5991 0
6007 0
6024 0
6040 0
6056 0
6073 0
6089 0
6105 0
6122 0
6138 0
6154 0
6171 0
6187 0
6203 0
6220 0
6236 0
6252 0
6269 0
6285 0
6301 0
6318 0
6334 0
6350 0
6367 3325
6383 3320
6399 3322
6416 3320
6432 3319
6448 3321
6465 3319
6481 3315
6497 3304
6514 3317
6530 3317
6546 3303
6563 3318
6579 3318
6595 3318
6612 3319
6628 3317
6644 3318
6661 3319
6677 3317
6693 3315
6710 3316
6726 3316
6742 3318
6759 3317
6775 3320
6791 3319
6808 3310
6824 3319
6840 3318
6857 3321
6873 3317
6889 3321
6906 3318
6922 3319
6938 3317
6955 3320
6971 3336
6989 3318
7005 3318
7021 3317
7038 3315
7054 3318
7070 3318
7087 3318
7103 3319
7119 3318
7136 3323
7152 3323
7168 3320
7185 3320
7201 3319
7217 3320
7234 3319
7250 3325
7266 3322
7283 3316
7299 3316
7315 3321
7332 3318
7348 3319
7364 3321
7381 3316
7397 3317
7413 3317
7430 3318
7446 3306
7462 3324
7479 3319
7495 3318
7511 3318
7528 3321
7544 3311
7560 3319
7577 3317
7593 3314
7609 3320
7626 3319
7642 3321
7658 3320
7675 3319
7691 3315
7707 3319
7724 3318
7740 3316
7756 3317
7773 3318
7789 3315
7805 3320
7822 3315
7838 3318
7854 3316
7871 3362
7887 3317
7903 3320
7920 3317
7936 3323
7952 3318
7969 3320
7986 3318
8002 3318
8019 3319
8035 3317
8051 3320
8068 3318
8084 3316
8100 3319
8117 3315
8133 3318
8149 3317
8166 3322
8182 3319
8198 3320
8215 3318
8231 3318
8247 3312
8264 3318
8280 3318
8296 3313
8313 3320
8329 3318
8345 3317
8362 3318
8378 3317
8394 3318
8411 3318
8427 3315
8443 3314
8460 3318
8476 3316
8492 3318
8509 3318
8525 3320
8541 3318
8558 3317
8574 3318
8590 3317
8607 3319
8623 3316
8639 3317
8656 3318
8672 3319
8688 3317
8705 3317
8721 3320
8737 3317
8754 3318
8770 3318
8786 3318
8803 3317
8819 3317
8835 3319
8852 3316
8868 3316
8884 3317
8901 3318
8917 3318
8933 3318
8950 3322
8966 3318
8982 3317
9000 3102
9016 0
9032 0
9049 0
9065 0
9081 0
9098 0
9114 0
9130 0
9147 0
9163 0
9179 0
9196 0
9212 0
9228 0
9245 0
9261 0
9277 0
9294 0
9310 0
9326 0
9343 0
9359 0
9375 0
9392 0
9408 0
9424 0
9441 0
9457 0
9473 0
9490 0
9506 0
9522 0
9539 0
9555 0
9571 0
9588 0
9604 0
9620 0
9637 0
9653 0
9669 0
9686 0
9702 0
9718 0
9735 0
9751 0
9767 0
9784 0
9800 0
9816 0
9833 0
9849 0
9865 0
9882 0
9898 0
9914 0
9931 0
9947 0
9963 0
9980 0
9996 0
10013 0
10029 0
10045 27
10062 0
10078 0
10094 0
10111 0
10127 0
10143 0
10160 0
10176 0
10192 0
10209 0
10225 0
10241 0
10258 0
10274 0
10290 0
10307 0
10323 0
10339 0
10356 0
10372 0
10388 0
10405 0
10421 0
10437 0
10454 0
10470 0
10486 0
10503 0
10519 0
10535 0
10552 0
10568 0
10584 0
10601 0
10617 0
10633 0
10650 0
10666 0
10682 0
10699 0
10715 0
10731 0
10748 0
10764 0
10780 0
10797 0
10813 0
10829 0
10846 0
10862 0
10878 0
10895 0
10911 0
10927 0
10944 0
10960 0
10976 0
10994 0
11010 0
11027 0
11043 0
11059 0
11076 0
11092 0
11108 0
11125 0
11141 0
11157 0
11174 0
11190 0
11206 0
11223 0
11239 0
11255 0
11272 0
11288 0
11304 0
11321 0
11337 0
11353 0
11370 0
11386 0
11402 0
11419 0
11435 0
11451 0
11468 0
11484 0
11500 0
11517 0
11533 0
11549 0
11566 0
11582 0
11598 0
11615 0
11631 0
11647 0
11664 0
11680 0
11696 0
11713 0
11729 0
11745 0
11762 0
11778 0
11794 0
11811 0
11827 0
11843 0
11860 0
11876 0
11892 0
11909 0
11925 0
11941 0
11958 0
11974 3323
11991 3319
12008 3318
12024 3317
12040 3317
12057 3317
12073 3319
12089 3322
12106 3318
12122 3320
12138 3321
12155 3317
12171 3316
12187 3318
12204 3319
12220 3318
12236 3320
12253 3320
12269 3316
12285 3319
12302 3318
12318 3320
12334 3321
12351 3316
12367 3317
12383 3318
12400 3317
12416 3318
12432 3320
12449 3319
12465 3320
12481 3319
12498 3321
12514 3321
12530 3318
12547 3314
12563 3320
12579 3318
12596 3330
12612 3319
12628 3318
12645 3318
12661 3320
12677 3322
12694 3321
12710 3318
12726 3318
12743 3315
12759 3318
12775 3318
12792 3317
12808 3319
12824 3324
12841 3321
12857 3319
12873 3318
12890 3319
12906 3319
12922 3337
12939 3321
12955 3319
12971 3316
12989 3323
13005 3319
13021 3326
13038 3317
13054 3314
13070 3328
13087 3317
13103 3319
13119 3319
13136 3321
13152 3318
13168 3322
13185 3319
13201 3321
13217 3321
13234 3319
13250 3319
13266 3320
13283 3321
13299 3319
13315 3317
13332 3320
13348 3318
13364 3320
13381 3319
13397 3319
13413 3317
13430 3317
13446 3312
13462 3317
13479 3318
13495 3321
13511 3319
13528 3319
13544 3320
13560 3321
13577 3316
13593 3315
13609 3322
13626 3319
13642 3317
13658 3319
13675 3319
13691 3318
13707 3320
13724 3318
13740 3319
13756 3319
13773 3318
13789 3317
13805 3317
13822 3321
13838 3317
13854 3318
13871 3324
13887 3318
13903 3316
13920 3318
13936 3318
13952 3319
13969 3318
13986 3319
14003 3320
14019 3318
14035 3319
14052 3320
14068 3318
14084 3322
14101 3320
14117 3315
14133 3317
14150 3318
14166 3317
14182 3319
14199 3321
14215 3318
14231 3327
14248 3311
14264 3319
14280 3316
14297 3320
14313 3319
14329 3316
14346 3322
14362 3318
14378 3320
14395 3322
14411 3319
14427 3320
14444 3318
14460 3319
14476 3315
14493 3315
14509 3317
14525 3318
14542 3317
14558 3323
14574 3321
14591 3318
14607 0
14623 0
14640 0
14656 0
14672 0
14689 0
14705 0
14721 0
14738 0
14754 0
14770 0
14787 0
14803 0
14819 0
14836 0
14852 0
14868 0
14885 0
14901 0
14917 0
14934 0
14950 0
14966 0
14983 0
15000 0
15016 0
15033 0
15049 0
15065 0
15082 0
15098 0
15114 0
15131 0
15147 0
15163 0
15180 0
15196 0
15212 0
15229 0
15245 0
15261 0
15278 0
15294 0
15310 0
15327 0
15343 0
15359 0
15376 0
15392 0
15408 0
15425 0
15441 0
15457 0
15474 0
15490 0
15506 0
15523 0
15539 0
15555 0
15572 0
15588 0
15604 0
15621 0
15637 0
15653 0
15670 0
15686 0
15702 0
15719 0
15735 0
15751 0
15768 0
15784 0
15800 0
15817 0
15833 0
15849 0
15866 0
15882 0
15898 0
15915 0
15931 0
15947 0
15964 0
15980 0
15996 0
16013 0
16029 0
16045 0
16062 0
16078 0
16094 0
16111 0
16127 0
16143 0
16160 0
16176 0
16192 0
16209 0
16225 0
16241 0
16258 0
16274 0
16290 0
16307 0
16323 0
16339 0
16356 0
16372 0
16388 0
16405 0
16421 0
16437 0
16454 0
16470 0
16486 0
16503 0
16519 0
16535 0
16552 0
16568 0
16584 0
16601 0
16617 0
16633 0
16650 0
16666 0
16682 0
16699 0
16715 0
16731 0
16748 0
16764 0
16780 0
16797 0
16813 0
16829 0
16846 0
16862 0
16878 0
16895 0
16911 0
16927 4
16944 0
16960 0
16976 0
16994 0
17010 0
17027 0
17043 0
17059 0
17076 0
17092 0
17108 0
17125 0
17141 0
17157 0
17174 0
17190 0
17206 0
17223 0
17239 0
17255 0
17272 0
17288 0
17304 0
17321 0
17337 0
17353 0
17370 0
17386 0
17402 0
17419 0
17435 0
17451 0
17468 0
17484 0
17500 0
17517 0
17533 0
17549 0
17566 3323
17582 3320
17598 3316
17615 3318
17631 3318
17647 3315
17664 3317
17680 3317
17696 3315
17713 3313
17729 3318
17745 3314
17762 3316
17778 3316
17794 3316
17811 3318
17827 3315
17843 3319
17860 3317
17876 3292
17892 3319
17909 3317
17925 3316
17941 3316
17958 3318
17974 3319
17991 3314
18008 3321
18024 3316
18040 3318
18057 3316
18073 3317
18089 3316
18106 3316
18122 3317
18138 3318
18155 3318
18171 3337
18187 3318
18204 3316
18220 3321
18236 3316
18253 3316
18269 3318
18285 3319
18302 3318
18318 3320
18334 3319
18351 3317
18367 3319
18383 3316
18400 3317
18416 3317
18432 3314
18449 3317
18465 3318
18481 3330
18498 3316
18514 3319
18530 3319
18547 3320
18563 3317
18579 3318
18596 3317
18612 3313
18628 3318
18645 3317
18661 3316
18677 3319
18694 3310
18710 3318
18726 3319
18743 3313
18759 3315
18775 3316
18792 3314
18808 3318
18824 3308
18841 3319
18857 3317
18873 3321
18890 3318
18906 3318
18922 3319
18939 3317
18955 3319
18971 3319
18989 3319
19005 3317
19021 3317
19038 3319
19054 3319
19070 3317
19087 3315
19103 3317
19119 3316
19136 3319
19152 3316
19168 3315
19185 3316
19201 3316
19217 3319
19234 3314
19250 3318
19266 3321
19283 3320
19299 3319
19315 3316
19332 3325
19348 3317
19364 3320
19381 3319
19397 3316
19413 3318
19430 3318
19446 3315
19462 3322
19479 3314
19495 3317
19511 3317
19528 3316
19544 3319
19560 3321
19577 3318
19593 3319
19609 3317
19626 3322
19642 3315
19658 3316
19675 3317
19691 3315
19707 3318
19724 3319
19740 3319
19756 3320
19773 3311
19789 3321
19805 3321
19822 3316
19838 3317
19854 3319
19871 3316
19887 3318
19903 3312
19920 3316
19936 3319
19952 3318
19969 3318
19986 3318
20003 3314
20019 3318
20035 3320
20052 3318
20068 3320
20084 3334
20101 3317
20117 3319
20133 3318
20150 3317
20166 3319
20182 3319
20199 3317
20215 0
20231 0
20248 0
20264 0
20280 0
20297 0
20313 0
20329 0
20346 0
20362 0
20378 0
20395 0
20411 0
20427 0
20444 0
20460 0
20476 0
20493 0
20509 0
20525 0
20542 0
20558 0
20574 0
20591 0
20607 0
20623 0
20640 0
20656 0
20672 0
20689 0
20705 0
20721 0
20738 0
20754 0
20770 0
20787 0
20803 0
20819 0
20836 0
20852 0
20868 0
20885 0
20901 0
20917 0
20934 0
20950 0
20966 0
20983 0
21000 0
21016 0
21033 0
21049 0
21065 0
21082 0
21098 0
21114 0
21131 0
21147 0
21163 0
21180 0
21196 0
21212 0
21229 0
21245 0
21261 0
21278 0
21294 0
21310 0
21327 0
21343 0
21359 0
21376 0
21392 0
21408 0
21425 0
21441 0
21457 0
21474 0
21490 0
21506 0
21523 0
21539 0
21555 0
21572 0
21588 0
21604 0
21621 0
21637 0
21653 0
21670 0
21686 0
21702 0
21719 0
21735 0
21751 0
21768 0
21784 0
21800 0
21817 0
21833 0
21849 0
21866 0
21882 0
21898 0
21915 0
21931 0
21947 0
21964 0
21980 0
21996 0
22013 0
22029 0
22045 0
22062 0
22078 0
22094 0
22111 0
22127 0
22143 0
22160 0
22176 0
22192 0
22209 0
22225 0
22241 0
22258 0
22274 0
22290 0
22307 0
22323 0
22339 0
22356 0
22372 0
22388 0
22405 0
22421 0
22437 0
22454 0
22470 0
22486 0
22503 0
22519 0
22535 0
22552 0
22568 0
22584 0
22601 0
22617 0
22633 0
22650 0
22666 0
22682 0
22699 0
22715 0
22731 0
22748 0
22764 0
22780 0
22797 0
22813 0
22829 0
22846 0
22862 0
22878 0
22895 0
22911 0
22927 0
22944 0
22960 0
22976 0
22994 0
23010 0
23027 0
23043 0
23059 0
23076 0
23092 0
23108 0
23125 0
23141 0
23157 0
23174 0
23190 3325
23206 3324
23223 3319
23239 3320
23255 3319
23272 3319
23288 3320
23304 3317
23321 3318
23337 3319
23353 3335
23370 3312
23386 3315
23402 3315
23419 3317
23435 3315
23451 3319
23468 3314
23484 3318
23500 3321
23517 3318
23533 3318
23549 3315
23566 3318
23582 3319
23598 3317
23615 3320
23631 3317
23647 3318
23664 3321
23680 3319
23696 3318
23713 3317
23729 3317
23745 3311
23762 3318
23778 3315
23794 3325
23811 3320
23827 3318
23843 3317
23860 3320
23876 3319
23892 3314
23909 3319
23925 3318
23941 3318
23958 3318
23974 3316
23991 3316
24008 3318
24024 3319
24040 3320
24057 3316
24073 3320
24089 3318
24106 3317
24122 3316
24138 3320
24155 3318
24171 3317
24187 3321
24204 3319
24220 3316
24236 3320
24253 3326
24269 3318
24285 3319
24302 3318
24318 3317
24334 3321
24351 3318
24367 3318
24383 3320
24400 3317
24416 3321
24432 3319
24449 3316
24465 3316
24481 3315
24498 3318
24514 3319
24530 3318
24547 3317
24563 3320
24579 3318
24596 3333
24612 3319
24628 3321
24645 3318
24661 3317
24677 3318
24694 3316
24710 3319
24726 3319
24743 3318
24759 3318
24775 3318
24792 3320
24808 3318
24824 3320
24841 3316
24857 3318
24873 3319
24890 3315
24906 3318
24922 3324
24939 3317
24955 3320
24971 3313
24989 3318
25005 3319
25021 3320
25038 3317
25054 3317
25070 3311
25087 3318
25103 3318
25119 3318
25136 3317
25152 3317
25168 3319
25185 3318
25201 3318
25217 3311
25234 3317
25250 3318
25266 3317
25283 3313
25299 3318
25315 3318
25332 3317
25348 3316
25364 3319
25381 3317
25397 3319
25413 3316
25430 3315
25446 3305
25462 3317
25479 3316
25495 3340
25511 3316
25528 3316
25544 3316
25560 3317
25577 3314
25593 3315
25609 3318
25626 3318
25642 3316
25658 3316
25675 3317
25691 3318
25707 3317
25724 3318
25740 3318
25756 3318
25773 3317
25789 3316
25805 3318
25822 3332
25838 3318
25854 3316
25871 0
25887 0
25903 0
25920 0
25936 0
25952 0
25969 0
25986 0
26003 0
26019 0
26035 0
26052 0
26068 0
26084 0
26101 0
26117 0
26133 0
26150 0
26166 0
26182 0
26199 0
26215 0
26231 0
26248 0
26264 0
26280 0
26297 0
26313 0
26329 0
26346 0
26362 0
26378 0
26395 0
26411 0
26427 0
26444 0
26460 0
26476 0
26493 0
26509 0
26525 0
26542 0
26558 0
26574 0
26591 0
26607 0
26623 0
26640 0
26656 0
26672 0
26689 0
26705 0
26721 0
26738 0
26754 0
26770 0
26787 0
26803 0
26819 0
26836 0
26852 0
26868 0
26885 0
26901 0
26917 0
26934 0
26950 0
26966 0
26983 0
27000 0
27016 0
27033 0
27049 0
27065 0
27082 0
27098 0
27114 0
27131 0
27147 0
27163 0
27180 0
27196 0
27212 0
27229 0
27245 0
27261 0
27278 0
27294 0
27310 0
27327 0
27343 0
27359 0
27376 0
27392 0
27408 0
27425 0
27441 0
27457 0
27474 0
27490 0
27506 0
27523 0
27539 0
27555 0
27572 0
27588 0
27604 0
27621 0
27637 0
27653 0
27670 0
27686 0
27702 0
27719 0
27735 0
27751 0
27768 0
27784 0
27800 0
27817 0
27833 0
27849 0
27866 0
27882 0
27898 0
27915 0
27931 0
27947 0
27964 0
27980 0
27996 0
28013 0
28029 0
28045 0
28062 0
28078 0
28094 0
28111 0
28127 0
28143 0
28160 0
28176 0
28192 0
28209 0
28225 0
28241 0
28258 0
28274 0
28290 0
28307 0
28323 0
28339 0
28356 0
28372 0
28388 0
28405 0
28421 0
28437 0
28454 0
28470 0
28486 0
28503 0
28519 0
28535 0
28552 0
28568 0
28584 0
28601 0
28617 0
28633 0
28650 0
28666 0
28682 0
28699 0
28715 0
28731 0
28748 0
28764 0
28780 0
28797 0
28813 0
28829 0
28846 0
28862 3323
28878 3325
28895 3317
28911 3318
28927 3318
28944 3317
28960 3317
28976 3317
28994 3315
29010 3316
29027 3318
29043 3314
29059 3316
29076 3318
29092 3315
29108 3316
29125 3318
29141 3317
29157 3319
29174 3318
29190 3316
29206 3317
29223 3324
29239 3317
29255 3317
29272 3325
29288 3317
29304 3317
29321 3316
29337 3317
29353 3318
29370 3318
29386 3316
29402 3316
29419 3317
29435 3317
29451 3317
29468 3316
29484 3321
29500 3319
29517 3321
29533 3317
29549 3319
29566 3318
29582 3317
29598 3319
29615 3319
29631 3319
29647 3325
29664 3315
29680 3322
29696 3333
29713 3317
29729 3317
29745 3318
29762 3317
29778 3316
29794 3317
29811 3316
29827 3315
29843 3319
29860 3314
29876 3318
29892 3319
29909 3318
29925 3316
29941 3318
29958 3319
29974 3318
29991 3318
30008 3316
30024 3318
30040 3317
30057 3319
30073 3317
30089 3317
30106 3316
30122 3318
30138 3315
30155 3316
30171 3296
30187 3318
30204 3319
30220 3261
30236 3317
30253 3318
30269 3317
30285 3320
30302 3318
30318 3316
30334 3321
30351 3319
30367 3317
30383 3318
30400 3319
30416 3319
30432 3319
30449 3319
30465 3318
30481 3318
30498 3316
30514 3318
30530 3319
30547 3310
30563 3320
30579 3320
30596 3315
30612 3317
30628 3319
30645 3316
30661 3319
30677 3319
30694 3317
30710 3316
30726 3320
30743 3318
30759 3316
30775 3322
30792 3318
30808 3318
30824 3319
30841 3318
30857 3317
30873 3319
30890 3315
30906 3316
30922 3318
30939 3318
30955 3319
30971 3315
30989 3319
31005 3319
31021 3325
31038 3317
31054 3316
31070 3326
31087 3318
31103 3318
31119 3321
31136 3316
31152 3320
31168 3322
31185 3317
31201 3316
31217 3318
31234 3318
31250 3317
31266 3320
31283 3319
31299 3317
31315 3317
31332 3320
31348 3318
31364 3323
31381 3319
31397 3317
31413 3317
31430 3317
31446 3315
31462 3320
31479 3318
31495 3347
31511 3321
31528 0
31544 0
31560 0
31577 0
31593 0
31609 0
31626 0
31642 0
31658 0
31675 0
31691 0
31707 0
31724 0
31740 0
31756 0
31773 0
31789 0
31805 0
31822 0
31838 0
31854 0
31871 0
31887 0
31903 0
31920 0
31936 0
31952 0
31969 0
31986 0
32003 0
32019 0
32035 0
32052 0
32068 0
32084 0
32101 0
32117 0
32133 0
32150 0
32166 0
32182 0
32199 0
32215 0
32231 0
32248 0
32264 0
32280 0
32297 0
32313 0
32329 0
32346 0
32362 0
32378 0
32395 0
32411 0
32427 0
32444 0
32460 0
32476 0
32493 0
32509 0
32525 0
32542 0
32558 0
32574 0
32591 0
32607 0
32623 0
32640 0
32656 0
32672 0
32689 0
32705 0
32721 0
32738 0
32754 0
32770 0
32787 0
32803 0
32819 0
32836 0
32852 0
32868 0
32885 0
32901 0
32917 0
32934 0
32950 0
32966 0
32983 0
33000 0
33016 0
33033 0
33049 0
33065 0
33082 0
33098 0
33114 0
33131 0
33147 0
33163 0
33180 0
33196 0
33212 0
33229 0
33245 0
33261 0
33278 0
33294 0
33310 0
33327 0
33343 0
33359 0
33376 0
33392 0
33408 0
33425 0
33441 0
33457 0
33474 0
33490 0
33506 0
33523 0
33539 0
33555 0
33572 0
33588 0
33604 0
33621 0
33637 0
33653 0
33670 0
33686 0
33702 0
33719 0
33735 0
33751 0
33768 0
33784 0
33800 0
33817 0
33833 0
33849 0
33866 0
33882 0
33898 0
33915 0
33931 0
33947 0
33964 0
33980 0
33996 0
34013 0
34029 0
34045 0
34062 0
34078 0
34094 0
34111 0
34127 0
34143 0
34160 0
34176 0
34192 0
34209 0
34225 0
34241 0
34258 0
34274 0
34290 0
34307 0
34323 0
34339 0
34356 0
34372 0
34388 0
34405 0
34421 0
34437 0
34454 0
34470 0
34486 0
34503 3323
34519 3319
34535 3323
34552 3320
34568 3320
34584 3322
34601 3317
34617 3318
34633 3320
34650 3318
34666 3318
34682 3323
34699 3319
34715 3318
34731 3321
34748 3315
34764 3316
34780 3317
34797 3317
34813 3313
34829 3324
34846 3318
34862 3313
34878 3317
34895 3320
34911 3318
34927 3316
34944 3319
34960 3320
34976 3319
34994 3317
35010 3320
35027 3319
35043 3319
35059 3318
35076 3316
35092 3318
35108 3317
35125 3317
35141 3315
35157 3320
35174 3320
35190 3318
35206 3319
35223 3320
35239 3316
35255 3319
35272 3319
35288 3319
35304 3319
35321 3319
35337 3318
35353 3321
35370 3319
35386 3318
35402 3322
35419 3318
35435 3315
35451 3317
35468 3317
35484 3316
35500 3317
35517 3317
35533 3320
35549 3318
35566 3321
35582 3319
35598 3316
35615 3319
35631 3317
35647 3319
35664 3324
35680 3316
35696 3317
35713 3319
35729 3315
35745 3310
35762 3320
35778 3316
35794 3312
35811 3313
35827 3318
35843 3315
35860 3316
35876 3311
35892 3316
35909 3320
35925 3318
35941 3316
35958 3322
35974 3316
35991 3320
36008 3320
36024 3317
36040 3320
36057 3317
36073 3317
36089 3321
36106 3314
36122 3316
36138 3318
36155 3315
36171 3320
36187 3323
36204 3316
36220 3313
36236 3318
36253 3317
36269 3318
36285 3317
36302 3319
36318 3312
36334 3319
36351 3315
36367 3317
36383 3319
36400 3318
36416 3319
36432 3318
36449 3317
36465 3316
36481 3312
36498 3311
36514 3312
36530 3311
36547 3315
36563 3313
36579 3317
36596 3317
36612 3327
36628 3318
36645 3320
36661 3317
36677 3318
36694 3299
36710 3315
36726 3316
36743 3318
36759 3317
36775 3318
36792 3317
36808 3315
36824 3331
36841 3313
36857 3317
36873 3318
36890 3316
36906 3315
36922 3314
36939 3313
36955 3317
36971 3318
36989 3317
37005 3320
37021 3318
37038 3315
37054 3315
37070 3316
37087 3317
37103 3316
37119 3313
37136 3317
37152 3315
37168 3316
37185 3316
37201 0
37217 0
37234 0
37250 0
37266 0
37283 0
37299 0
37315 0
37332 0
37348 0
37364 0
37381 0
37397 0
37413 0
37430 0
37446 0
37462 0
37479 0
37495 0
37511 0
37528 0
37544 0
37560 0
37577 0
37593 0
37609 0
37626 0
37642 0
37658 0
37675 0
37691 0
37707 0
37724 0
37740 0
37756 0
37773 0
37789 0
37805 0
37822 0
37838 0
37854 0
37871 0
37887 0
37903 0
37920 0
37936 0
37952 0
37969 0
37986 0
38003 0
38019 0
38035 0
38052 0
38068 0
38084 0
38101 0
38117 0
38133 0
38150 0
38166 0
38182 0
38199 0
38215 0
38231 0
38248 0
38264 0
38280 0
38297 0
38313 0
38329 0
38346 0
38362 0
38378 0
38395 0
38411 0
38427 0
38444 0
38460 0
38476 0
38493 0
38509 0
38525 0
38542 0
38558 0
38574 0
38591 0
38607 0
38623 0
38640 0
38656 0
38672 0
38689 0
38705 0
38721 0
38738 0
38754 0
38770 0
38787 0
38803 0
38819 0
38836 0
38852 0
38868 0
38885 0
38901 0
38917 0
38934 0
38950 0
38966 0
38983 0
39000 0
39016 0
39033 0
39049 0
39065 0
39082 0
39098 0
39114 0
39131 0
39147 0
39163 0
39180 0
39196 0
39212 0
39229 0
39245 0
39261 0
39278 0
39294 0
39310 0
39327 0
39343 0
39359 0
39376 0
39392 0
39408 0
39425 0
39441 0
39457 0
39474 0
39490 0
39506 0
39523 0
39539 0
39555 0
39572 0
39588 0
39604 0
39621 0
39637 0
39653 0
39670 0
39686 0
39702 0
39719 0
39735 0
39751 0
39768 0
39784 0
39800 0
39817 0
39833 0
39849 0
39866 0
39882 0
39898 0
39915 0
39931 0
39947 0
39964 0
39980 0
39996 0
40013 0
40029 0
40045 0
40062 0
40078 0
40094 0
40111 0
40127 0
40143 0
40160 0
40176 3326
40192 3323
40209 3320
40225 3319
40241 3320
40258 3319
40274 3312
40290 3319
40307 3318
40323 3317
40339 3324
40356 3319
40372 3324
40388 3320
40405 3321
40421 3319
40437 3318
40454 3316
40470 3316
40486 3320
40503 3321
40519 3320
40535 3320
40552 3320
40568 3317
40584 3320
40601 3321
40617 3321
40633 3321
40650 3316
40666 3318
40682 3319
40699 3322
40715 3319
40731 3319
40748 3320
40764 3320
40780 3317
40797 3323
40813 3316
40829 3318
40846 3318
40862 3321
40878 3320
40895 3319
40911 3319
40927 3318
40944 3321
40960 3318
40976 3324
40994 3319
41010 3321
41027 3322
41043 3319
41059 3319
41076 3320
41092 3320
41108 3318
41125 3317
41141 3317
41157 3318
41174 3317
41190 3317
41206 3320
41223 3323
41239 3317
41255 3320
41272 3321
41288 3318
41304 3319
41321 3320
41337 3320
41353 3320
41370 3320
41386 3320
41402 3320
41419 3318
41435 3317
41451 3318
41468 3321
41484 3320
41500 3317
41517 3318
41533 3315
41549 3319
41566 3319
41582 3323
41598 3318
41615 3320
41631 3317
41647 3318
41664 3318
41680 3315
41696 3318
41713 3321
41729 3315
41745 3338
41762 3318
41778 3320
41794 3317
41811 3318
41827 3316
41843 3315
41860 3320
41876 3324
41892 3318
41909 3319
41925 3316
41941 3320
41958 3317
41974 3317
41991 3319
42008 3316
42024 3316
42040 3319
42057 3317
42073 3317
42089 3318
42106 3318
42122 3319
42138 3317
42155 3318
42171 3313
42187 3317
42204 3318
42220 3319
42236 3319
42253 3316
42269 3316
42285 3318
42302 3316
42318 3318
42334 3318
42351 3317
42367 3319
42383 3317
42400 3316
42416 3316
42432 3319
42449 3319
42465 3318
42481 3321
42498 3318
42514 3318
42530 3317
42547 3318
42563 3317
42579 3320
42596 3318
42612 3302
42628 3316
42645 3318
42661 3320
42677 3317
42694 3315
42710 3320
42726 3318
42743 3318
42759 3316
42775 3318
42792 0
42808 0
42824 0
42841 0
42857 0
42873 0
42890 0
42906 0
42922 0
42939 0
42955 0
42971 0
42989 0
43005 0
43021 0
43038 0
43054 0
43070 0
43087 0
43103 0
43119 0
43136 0
43152 0
43168 0
43185 0
43201 0
43217 0
43234 0
43250 0
43266 0
43283 0
43299 0
43315 0
43332 0
43348 0
43364 0
43381 0
43397 0
43413 0
43430 0
43446 0
43462 0
43479 0
43495 0
43511 0
43528 0
43544 0
43560 0
43577 0
43593 0
43609 0
43626 0
43642 0
43658 0
43675 0
43691 0
43707 0
43724 0
43740 0
43756 0
43773 0
43789 0
43805 0
43822 0
43838 0
43854 0
43871 0
43887 0
43903 0
43920 0
43936 0
43952 0
43969 0
43986 0
44003 0
44019 0
44035 0
44052 0
44068 0
44084 0
44101 0
44117 0
44133 0
44150 0
44166 0
44182 0
44199 0
44215 0
44231 0
44248 0
44264 0
44280 0
44297 0
44313 0
44329 0
44346 0
44362 0
44378 0
44395 0
44411 0
44427 0
44444 0
44460 0
44476 0
44493 0
44509 0
44525 0
44542 0
44558 0
44574 0
44591 0
44607 0
44623 0
44640 0
44656 0
44672 0
44689 0
44705 0
44721 0
44738 0
44754 0
44770 0
44787 0
44803 0
44819 0
44836 0
44852 0
44868 0
44885 0
44901 0
44917 0
44934 0
44950 0
44966 0
44983 0
45000 0
45016 0
45033 0
45049 0
45065 0
45082 0
45098 0
45114 0
45131 0
45147 0
45163 0
45180 0
45196 0
45212 0
45229 0
45245 0
45261 0
45278 0
45294 0
45310 0
45327 0
45343 0
45359 0
45376 0
45392 0
45408 0
45425 0
45441 0
45457 0
45474 0
45490 0
45506 0
45523 0
45539 0
45555 0
45572 0
45588 0
45604 0
45621 0
45637 0
45653 0
45670 31
45686 0
45702 0
45719 0
45735 0
45751 0
45768 3321
45784 3319
45800 3318
45817 3321
45833 3318
45849 3318
45866 3320
45882 3317
45898 3316
45915 3316
45931 3318
45947 3315
45964 3318
45980 3318
45996 3321
46013 3318
46029 3318
46045 3324
46062 3317
46078 3314
46094 3316
46111 3315
46127 3316
46143 3319
46160 3317
46176 3316
46192 3315
46209 3318
46225 3317
46241 3318
46258 3318
46274 3316
46290 3318
46307 3318
46323 3318
46339 3319
46356 3321
46372 3318
46388 3318
46405 3321
46421 3307
46437 3318
46454 3316
46470 3314
46486 3317
46503 3318
46519 3318
46535 3322
46552 3319
46568 3318
46584 3317
46601 3318
46617 3316
46633 3321
46650 3319
46666 3318
46682 3318
46699 3321
46715 3318
46731 3318
46748 3319
46764 3320
46780 3319
46797 3298
46813 3316
46829 3316
46846 3319
46862 3318
46878 3317
46895 3323
46911 3317
46927 3319
46944 3320
46960 3317
46976 3316
46994 3316
47010 3317
47027 3322
47043 3316
47059 3318
47076 3320
47092 3319
47108 3319
47125 3319
47141 3318
47157 3317
47174 3317
47190 3319
47206 3315
47223 3318
47239 3319
47255 3319
47272 3306
47288 3320
47304 3319
47321 3304
47337 3318
47353 3317
47370 3317
47386 3316
47402 3318
47419 3324
47435 3318
47451 3318
47468 3324
47484 3317
47500 3316
47517 3316
47533 3314
47549 3316
47566 3317
47582 3314
47598 3319
47615 3318
47631 3318
47647 3317
47664 3319
47680 3319
47696 3318
47713 3314
47729 3318
47745 3308
47762 3316
47778 3319
47794 3319
47811 3318
47827 3319
47843 3319
47860 3319
47876 3312
47892 3316
47909 3318
47925 3315
47941 3317
47958 3319
47974 3318
47991 3317
48008 3317
48024 3319
48040 3320
48057 3313
48073 3321
48089 3319
48106 3320
48122 3318
48138 3316
48155 3319
48171 3315
48187 3318
48204 3319
48220 3319
48236 3318
48253 3317
48269 3318
48285 3317
48302 3318
48318 3317
48334 3318
48351 3321
48367 3312
48383 3320
48400 0
48416 0
48432 0
48449 0
48465 0
48481 0
48498 0
48514 0
48530 0
48547 0
48563 0
48579 0
48596 0
48612 0
48628 0
48645 0
48661 0
48677 0
48694 0
48710 0
48726 0
48743 0
48759 0
48775 0
48792 0
48808 0
48824 0
48841 0
48857 0
48873 0
48890 0
48906 0
48922 0
48939 0
48955 0
48971 0
48989 0
49005 0
49021 0
49038 0
49054 0
49070 0
49087 0
49103 0
49119 0
49136 0
49152 0
49168 0
49185 0
49201 0
49217 0
49234 0
49250 0
49266 0
49283 0
49299 0
49315 0
49332 0
49348 0
49364 0
49381 0
49397 0
49413 0
49430 0
49446 0
49462 0
49479 0
49495 0
49511 0
49528 0
49544 0
49560 0
49577 0
49593 0
49609 0
49626 0
49642 0
49658 0
49675 0
49691 0
49707 0
49724 0
49740 0
49756 0
49773 0
49789 0
49805 0
49822 0
49838 0
49854 0
49871 0
49887 0
49903 0
49920 0
49936 0
49952 0
49969 0
49986 0
50003 0
50019 0
50035 0
50052 0
50068 0
50084 0
50101 0
50117 0
50133 0
50150 0
50166 0
50182 0
50199 0
50215 0
50231 0
50248 0
50264 0
50280 0
50297 0
50313 0
50329 0
50346 0
50362 0
50378 0
50395 0
50411 0
50427 0
50444 0
50460 0
50476 0
50493 0
50509 0
50525 0
50542 0
50558 0
50574 0
50591 0
50607 0
50623 0
50640 0
50656 0
50672 0
50689 0
50705 0
50721 0
50738 0
50754 0
50770 0
50787 0
50803 0
50819 0
50836 0
50852 0
50868 0
50885 0
50901 0
50917 0
50934 0
50950 0
50966 0
50983 0
51000 0
51016 0
51033 0
51049 0
51065 0
51082 0
51098 0
51114 0
51131 0
51147 0
51163 0
51180 0
51196 0
51212 0
51229 0
51245 0
51261 0
51278 0
51294 0
51310 0
51327 0
51343 0
51359 0
51376 3324
51392 3318
51408 3317
51425 3315
51441 3315
51457 3311
51474 3317
51490 3319
51506 3316
51523 3319
51539 3319
51555 3307
51572 3330
51588 3316
51604 3318
51621 3319
51637 3316
51653 3316
51670 3295
51686 3321
51702 3318
51719 3320
51735 3318
51751 3318
51768 3313
51784 3315
51800 3319
51817 3318
51833 3315
51849 3316
51866 3320
51882 3318
51898 3316
51915 3319
51931 3322
51947 3319
51964 3314
51980 3326
51996 3319
52013 3318
52029 3324
52045 3319
52062 3320
52078 3319
52094 3317
52111 3319
52127 3318
52143 3317
52160 3319
52176 3316
52192 3316
52209 3318
52225 3318
52241 3320
52258 3319
52274 3314
52290 3319
52307 3320
52323 3318
52339 3320
52356 3315
52372 3319
52388 3320
52405 3306
52421 3317
52437 3320
52454 3316
52470 3320
52486 3315
52503 3317
52519 3315
52535 3319
52552 3318
52568 3316
52584 3319
52601 3319
52617 3317
52633 3319
52650 3314
52666 3319
52682 3321
52699 3317
52715 3319
52731 3320
52748 3319
52764 3319
52780 3321
52797 3373
52813 3320
52829 3319
52846 3322
52862 3319
52878 3316
52895 3319
52911 3319
52927 3314
52944 3319
52960 3321
52976 3317
52994 3322
53010 3322
53027 3317
53043 3319
53059 3318
53076 3319
53092 3320
53108 3320
53125 3320
53141 3320
53157 3317
53174 3320
53190 3318
53206 3318
53223 3325
53239 3319
53255 3320
53272 3315
53288 3319
53304 3316
53321 3317
53337 3323
53353 3314
53370 3320
53386 3320
53402 3321
53419 3320
53435 3321
53451 3318
53468 3318
53484 3318
53500 3313
53517 3319
53533 3314
53549 3316
53566 3320
53582 3317
53598 3317
53615 3319
53631 3318
53647 3321
53664 3317
53680 3318
53696 3319
53713 3320
53729 3319
53745 3301
53762 3319
53778 3318
53794 3318
53811 3318
53827 3319
53843 3320
53860 3321
53876 3317
53892 3320
53909 3318
53925 3311
53941 3318
53958 3317
53974 3321
53991 3321
54008 0
54024 0
54040 0
54057 0
54073 0
54089 0
54106 0
54122 0
54138 0
54155 0
54171 0
54187 0
54204 0
54220 0
54236 0
54253 0
54269 0
54285 0
54302 0
54318 0
54334 0
54351 0
54367 0
54383 0
54400 0
54416 0
54432 0
54449 0
54465 0
54481 0
54498 0
54514 0
54530 0
54547 0
54563 0
54579 0
54596 0
54612 0
54628 0
54645 0
54661 0
54677 0
54694 0
54710 0
54726 0
54743 0
54759 0
54775 0
54792 0
54808 0
54824 0
54841 0
54857 0
54873 0
54890 0
54906 0
54922 0
54939 0
54955 0
54971 0
54989 0
55005 0
55021 0
55038 0
55054 0
55070 0
55087 0
55103 0
55119 0
55136 0
55152 0
55168 0
55185 0
55201 0
55217 0
55234 0
55250 0
55266 0
55283 0
55299 0
55315 0
55332 0
55348 0
55364 0
55381 0
55397 0
55413 0
55430 0
55446 0
55462 0
55479 0
55495 0
55511 0
55528 0
55544 0
55560 0
55577 0
55593 0
55609 0
55626 0
55642 0
55658 0
55675 0
55691 0
55707 0
55724 0
55740 0
55756 0
55773 0
55789 0
55805 0
55822 0
55838 0
55854 0
55871 0
55887 0
55903 0
55920 0
55936 0
55952 0
55969 0
55986 0
56003 0
56019 0
56035 0
56052 0
56068 0
56084 0
56101 0
56117 0
56133 0
56150 0
56166 0
56182 0
56199 0
56215 0
56231 0
56248 0
56264 0
56280 0
56297 0
56313 0
56329 0
56346 0
56362 0
56378 0
56395 0
56411 0
56427 0
56444 0
56460 0
56476 0
56493 0
56509 0
56525 0
56542 0
56558 0
56574 0
56591 0
56607 0
56623 0
56640 0
56656 0
56672 0
56689 0
56705 0
56721 0
56738 0
56754 0
56770 0
56787 0
56803 0
56819 0
56836 0
56852 0
56868 0
56885 0
56901 0
56917 0
56934 0
56950 0
56966 0
56983 3323
57000 3321
57016 3316
57033 3321
57049 3316
57065 3314
57082 3316
57098 3312
57114 3312
57131 3316
57147 3315
57163 3316
57180 3317
57196 3316
57212 3316
57229 3317
57245 3315
57261 3316
57278 3323
57294 3316
57310 3315
57327 3325
57343 3317
57359 3315
57376 3320
57392 3317
57408 3317
57425 3319
57441 3313
57457 3317
57474 3317
57490 3319
57506 3313
57523 3315
57539 3320
57555 3317
57572 3319
57588 3318
57604 3316
57621 3317
57637 3315
57653 3316
57670 3317
57686 3315
57702 3316
57719 3292
57735 3322
57751 3317
57768 3318
57784 3320
57800 3318
57817 3317
57833 3317
57849 3313
57866 3315
57882 3316
57898 3319
57915 3316
57931 3318
57947 3318
57964 3316
57980 3320
57996 3314
58013 3317
58029 3320
58045 3318
58062 3318
58078 3317
58094 3318
58111 3317
58127 3317
58143 3316
58160 3317
58176 3315
58192 3314
58209 3316
58225 3317
58241 3317
58258 3317
58274 3321
58290 3317
58307 3320
58323 3318
58339 3316
58356 3317
58372 3320
58388 3319
58405 3314
58421 3321
58437 3319
58454 3318
58470 3317
58486 3319
58503 3320
58519 3318
58535 3317
58552 3318
58568 3317
58584 3314
58601 3319
58617 3320
58633 3317
58650 3318
58666 3318
58682 3318
58699 3318
58715 3321
58731 3318
58748 3319
58764 3317
58780 3319
58797 3320
58813 3317
58829 3317
58846 3315
58862 3316
58878 3319
58895 3317
58911 3316
58927 3319
58944 3317
58960 3317
58976 3318
58994 3315
59010 3317
59027 3318
59043 3318
59059 3316
59076 3318
59092 3317
59108 3317
59125 3319
59141 3319
59157 3316
59174 3317
59190 3318
59206 3319
59223 3324
59239 3315
59255 3317
59272 3314
59288 3317
59304 3316
59321 3311
59337 3317
59353 3323
59370 3319
59386 3317
59402 3321
59419 3320
59435 3317
59451 3316
59468 3317
59484 3318
59500 3320
59517 3320
59533 3325
59549 3317
59566 3323
59582 3318
59598 3317
59615 3317
59631 0
59647 0
59664 0
59680 0
59696 0
59713 0
59729 0
59745 0
59762 0
59778 0
59794 0
59811 0
59827 0
59843 0
59860 0
59876 0
59892 0
59909 0
59925 0
59941 0
59958 0
59974 0
59991 0
60008 0
60024 0
60040 0
60057 6
60073 0
60089 0
60106 0
60122 0
60138 0
60155 0
60171 0
60187 0
60204 0
60220 0
60236 0
60253 0
60269 0
60285 0
60302 0
60318 0
60334 0
60351 0
60367 0
60383 0
60400 0
60416 0
60432 0
60449 0
60465 0
60481 0
60498 0
60514 0
60530 0
60547 0
60563 0
60579 0
60596 0
60612 0
60628 0
60645 0
60661 0
60677 0
60694 0
60710 0
60726 0
60743 0
60759 0
60775 0
60792 0
60808 0
60824 0
60841 0
60857 0
60873 0
60890 0
60906 0
60922 0
60939 0
60955 0
60971 0
60989 0
61005 0
61021 0
61038 0
61054 0
61070 0
61087 0
61103 0
61119 0
61136 0
61152 0
61168 0
61185 0
61201 0
61217 0
61234 0
61250 0
61266 0
61283 0
61299 0
61315 0
61332 0
61348 0
61364 0
61381 0
61397 0
61413 0
61430 0
61446 0
61462 0
61479 0
61495 0
61511 0
61528 0
61544 0
61560 0
61577 0
61593 0
61609 0
61626 0
61642 0
61658 0
61675 0
61691 0
61707 0
61724 0
61740 0
61756 0
61773 0
61789 0
61805 0
61822 0
61838 0
61854 0
61871 0
61887 0
61903 0
61920 0
61936 0
61952 0
61969 0
61986 0
62003 0
62019 0
62035 0
62052 0
62068 0
62084 0
62101 0
62117 0
62133 0
62150 0
62166 0
62182 0
62199 0
62215 0
62231 0
62248 0
62264 0
62280 0
62297 0
62313 0
62329 0
62346 0
62362 0
62378 0
62395 0
62411 0
62427 0
62444 0
62460 0
62476 0
62493 0
62509 0
62525 0
62542 0
62558 0
62574 0
62591 0
62607 0
62623 3326
62640 3321
62656 3320
62672 3319
62689 3317
62705 3318
62721 3319
62738 3318
62754 3317
62770 3319
62787 3314
62803 3319
62819 3317
62836 3317
62852 3316
62868 3321
62885 3321
62901 3320
62917 3319
62934 3319
62950 3326
62966 3310
62983 3319
63000 3317
63016 3318
63033 3320
63049 3320
63065 3316
63082 3320
63098 3319
63114 3314
63131 3314
63147 3317
63163 3320
63180 3316
63196 3322
63212 3318
63229 3318
63245 3326
63261 3321
63278 3319
63294 3320
63310 3316
63327 3318
63343 3319
63359 3319
63376 3318
63392 3313
63408 3318
63425 3318
63441 3320
63457 3318
63474 3319
63490 3317
63506 3318
63523 3312
63539 3317
63555 3318
63572 3318
63588 3317
63604 3319
63621 3297
63637 3317
63653 3318
63670 3322
63686 3317
63702 3319
63719 3318
63735 3318
63751 3316
63768 3320
63784 3319
63800 3317
63817 3318
63833 3317
63849 3316
63866 3317
63882 3317
63898 3316
63915 3317
63931 3318
63947 3319
63964 3319
63980 3321
63996 3306
64013 3319
64029 3318
64045 3325
64062 3317
64078 3319
64094 3335
64111 3314
64127 3319
64143 3320
64160 3320
64176 3318
64192 3320
64209 3314
64225 3316
64241 3316
64258 3317
64274 3317
64290 3319
64307 3319
64323 3318
64339 3320
64356 3319
64372 3313
64388 3319
64405 3316
64421 3316
64437 3320
64454 3319
64470 3312
64486 3317
64503 3320
64519 3317
64535 3319
64552 3320
64568 3317
64584 3316
64601 3316
64617 3316
64633 3318
64650 3316
64666 3320
64682 3319
64699 3318
64715 3320
64731 3321
64748 3319
64764 3317
64780 3316
64797 3321
64813 3318
64829 3320
64846 3327
64862 3318
64878 3319
64895 3312
64911 3318
64927 3316
64944 3315
64960 3317
64976 3319
64994 3320
65010 3315
65027 3320
65043 3319
65059 3317
65076 3318
65092 3317
65108 3316
65125 3318
65141 3317
65157 3316
65174 3318
65190 3318
65206 3310
65223 3314
65239 3318
65255 3318
65272 3324
65288 0
65304 0
65321 0
65337 0
65353 0
65370 0
65386 0
65402 0
65419 0
65435 0
65451 0
65468 0
65484 0
65500 0
65517 0
65533 0
65549 0
65566 0
65582 0
65598 0
65615 0
65631 0
65647 0
65664 0
65680 0
65696 0
65713 0
65729 0
65745 0
65762 0
65778 0
65794 0
65811 0
65827 0
65843 0
65860 0
65876 0
65892 0
65909 0
65925 0
65941 0
65958 0
65974 0
65991 0
66008 0
66024 0
66040 0
66057 0
66073 0
66089 0
66106 0
66122 0
66138 0
66155 0
66171 0
66187 0
66204 0
66220 0
66236 0
66253 0
66269 0
66285 0
66302 0
66318 0
66334 0
66351 0
66367 0
66383 0
66400 0
66416 0
66432 0
66449 0
66465 0
66481 0
66498 0
66514 0
66530 0
66547 0
66563 0
66579 0
66596 0
66612 0
66628 0
66645 0
66661 0
66677 0
66694 0
66710 0
66726 0
66743 0
66759 0
66775 0
66792 0
66808 0
66824 0
66841 0
66857 0
66873 0
66890 0
66906 0
66922 0
66939 0
66955 0
66971 0
66989 0
67005 0
67022 0
67038 0
67055 0
67071 0
67087 0
67104 0
67120 0
67137 0
67153 0
67170 0
67186 0
67202 0
67219 0
67235 0
67252 0
67268 0
67285 0
67301 0
67317 0
67334 0
67350 0
67367 0
67383 0
67400 0
67416 0
67432 0
67449 0
67465 0
67482 0
67498 0
67515 0
67531 0
67547 0
67564 0
67580 0
67597 0
67613 0
67630 0
67646 0
67662 0
67679 0
67695 0
67712 0
67728 0
67745 0
67761 0
67777 0
67794 0
67810 0
67827 0
67843 0
67860 0
67876 0
67892 0
67909 0
67925 0
67942 0
67958 0
67975 0
67992 0
68009 0
68025 0
68041 0
68058 0
68074 0
68091 0
68107 0
68124 0
68140 0
68156 0
68173 0
68189 0
68206 0
68222 0
68239 0
68255 0
68271 0
68288 3321
68304 3322
68321 3325
68337 3317
68354 3316
68370 3315
68386 3316
68403 3316
68419 3342
68436 3318
68452 3315
68469 3322
68485 3318
68501 3319
68518 3317
68534 3320
68551 3318
68567 3322
68584 3321
68600 3319
68616 3323
68633 3316
68649 3317
68666 3317
68682 3318
68699 3320
68715 3318
68731 3321
68748 3311
68764 3320
68781 3318
68797 3320
68814 3319
68830 3318
68846 3331
68863 3319
68879 3319
68896 3323
68912 3317
68929 3319
68945 3325
68961 3316
68978 3318
68995 3313
69012 3322
69028 3318
69045 3307
69061 3322
69078 3316
69094 3314
69110 3324
69127 3318
69143 3318
69160 3316
69176 3318
69193 3315
69209 3319
69225 3315
69242 3318
69258 3316
69275 3318
69291 3317
69308 3319
69324 3318
69340 3321
69357 3318
69373 3316
69390 3316
69406 3318
69423 3316
69439 3318
69455 3316
69472 3316
69488 3317
69505 3314
69521 3296
69538 3316
69554 3315
69570 3318
69587 3315
69603 3317
69620 3320
69636 3317
69653 3319
69669 3317
69685 3319
69702 3317
69718 3319
69735 3317
69751 3317
69768 3317
69784 3317
69800 3319
69817 3315
69833 3316
69850 3316
69866 3315
69883 3315
69899 3317
69915 3318
69932 3316
69948 3317
69965 3313
69981 3317
69999 3319
70015 3318
70032 3320
70048 3318
70064 3317
70081 3314
70097 3323
70114 3319
70130 3319
70147 3317
70163 3317
70179 3316
70196 3323
70212 3316
70229 3316
70245 3311
70262 3318
70278 3319
70294 3333
70311 3319
70327 3317
70344 3322
70360 3319
70377 3319
70393 3320
70409 3319
70426 3318
70442 3317
70459 3319
70475 3319
70492 3322
70508 3315
70524 3319
70541 3317
70557 3318
70574 3317
70590 3322
70607 3319
70623 3320
70639 3319
70656 3319
70672 3318
70689 3319
70705 3315
70722 3316
70738 3316
70754 3317
70771 3322
70787 3319
70804 3321
70820 3321
70837 3316
70853 3315
70869 3351
70886 3316
70902 3320
70919 3315
70935 0
70952 0
70968 0
70986 0
71002 0
71018 0
71035 0
71051 0
71068 0
71084 0
71101 0
71117 0
71133 0
71150 0
71166 0
71183 0
71199 0
71216 0
71232 0
71248 0
71265 0
71281 0
71298 0
71314 0
71331 0
71347 0
71363 0
71380 0
71396 0
71413 0
71429 0
71446 0
71462 0
71478 0
71495 0
71511 0
71528 0
71544 0
71561 0
71577 0
71593 0
71610 0
71626 0
71643 0
71659 0
71676 0
71692 0
71708 0
71725 0
71741 0
71758 0
71774 0
71791 0
71807 0
71823 0
71840 0
71856 0
71873 0
71889 0
71906 0
71922 0
71938 0
71955 0
71971 0
71989 0
72005 0
72022 0
72038 0
72055 0
72071 0
72087 0
72104 0
72120 0
72137 0
72153 0
72170 0
72186 0
72202 0
72219 0
72235 0
72252 0
72268 0
72285 0
72301 0
72317 0
72334 0
72350 0
72367 0
72383 0
72400 0
72416 0
72432 0
72449 0
72465 0
72482 0
72498 0
72515 0
72531 0
72547 0
72564 0
72580 0
72597 0
72613 0
72630 0
72646 0
72662 0
72679 0
72695 0
72712 0
72728 0
72745 0
72761 0
72777 0
72794 0
72810 0
72827 0
72843 0
72860 0
72876 0
72892 0
72909 0
72925 0
72942 0
72958 0
72975 0
72992 0
73008 0
73025 0
73041 0
73058 0
73074 0
73091 0
73107 0
73123 0
73140 0
73156 0
73173 0
73189 0
73206 0
73222 0
73238 0
73255 0
73271 0
73288 0
73304 0
73321 0
73337 0
73353 0
73370 0
73386 0
73403 0
73419 0
73436 0
73452 0
73468 0
73485 0
73501 0
73518 0
73534 0
73551 0
73567 0
73583 0
73600 0
73616 0
73633 0
73649 0
73666 0
73682 0
73698 0
73715 0
73731 0
73748 0
73764 0
73781 0
73797 0
73813 0
73830 0
73846 0
73863 0
73879 0
73896 0
73912 3326
73928 3320
73945 3315
73961 3316
73978 3314
73995 3316
74012 3318
74028 3317
74045 3319
74061 3314
74077 3318
74094 3320
74110 3318
74127 3317
74143 3317
74160 3318
74176 3321
74192 3317
74209 3318
74225 3315
74242 3320
74258 3313
74275 3319
74291 3318
74307 3313
74324 3316
74340 3320
74357 3319
74373 3319
74390 3323
74406 3319
74422 3317
74439 3319
74455 3312
74472 3319
74488 3318
74505 3318
74521 3316
74537 3319
74554 3319
74570 3319
74587 3314
74603 3318
74620 3317
74636 3319
74652 3315
74669 3319
74685 3318
74702 3319
74718 3345
74735 3319
74751 3318
74767 3320
74784 3319
74800 3319
74817 3310
74833 3317
74850 3327
74866 3317
74882 3319
74899 3311
74915 3313
74932 3315
74948 3319
74965 3318
74981 3319
74999 3318
75015 3319
75031 3325
75048 3320
75064 3317
75081 3316
75097 3320
75114 3318
75130 3319
75146 3316
75163 3320
75179 3313
75196 3318
75212 3316
75229 3317
75245 3319
75261 3315
75278 3318
75294 3317
75311 3317
75327 3317
75344 3317
75360 3316
75376 3307
75393 3317
75409 3317
75426 3315
75442 3316
75459 3317
75475 3316
75491 3317
75508 3309
75524 3315
75541 3315
75557 3319
75574 3315
75590 3317
75606 3318
75623 3317
75639 3316
75656 3317
75672 3317
75689 3315
75705 3317
75721 3316
75738 3315
75754 3317
75771 3327
75787 3317
75804 3317
75820 3320
75836 3318
75853 3323
75869 3316
75886 3314
75902 3326
75919 3316
75935 3317
75951 3320
75968 3315
75985 3320
76002 3320
76018 3318
76035 3317
76051 3317
76068 3317
76084 3336
76100 3318
76117 3318
76133 3318
76150 3314
76166 3323
76183 3315
76199 3316
76215 3317
76232 3318
76248 3312
76265 3318
76281 3318
76298 3313
76314 3319
76330 3319
76347 3317
76363 3319
76380 3319
76396 3319
76413 3317
76429 3331
76445 3317
76462 3316
76478 3318
76495 3314
76511 3317
76528 3317
76544 3317
76560 3317
76577 3319
76593 0
76610 0
76626 0
76643 0
76659 0
76675 0
76692 0
76708 0
76725 0
76741 0
76758 0
76774 0
76790 0
76807 0
76823 0
76840 0
76856 0
76873 0
76889 0
76905 0
76922 0
76938 0
76955 0
76971 0
76989 0
77005 0
77022 0
77038 0
77054 0
77071 0
77087 0
77104 0
77120 0
77137 0
77153 0
77169 0
77186 0
77202 0
77219 0
77235 0
77252 0
77268 0
77284 0
77301 0
77317 0
77334 0
77350 0
77367 0
77383 0
77399 0
77416 0
77432 0
77449 0
77465 0
77482 0
77498 0
77514 0
77531 0
77547 0
77564 0
77580 0
77597 0
77613 0
77629 0
77646 0
77662 0
77679 0
77695 0
77712 0
77728 0
77744 0
77761 0
77777 0
77794 0
77810 0
77827 0
77843 0
77859 0
77876 0
77892 0
77909 0
77925 0
77942 0
77958 0
77974 0
77992 0
78008 0
78025 0
78041 0
78058 0
78074 0
78091 0
78107 0
78123 0
78140 0
78156 0
78173 0
78189 0
78206 0
78222 0
78238 0
78255 0
78271 0
78288 0
78304 0
78321 0
78337 0
78353 0
78370 0
78386 0
78403 0
78419 0
78436 0
78452 0
78468 0
78485 0
78501 0
78518 0
78534 0
78551 0
78567 0
78583 0
78600 0
78616 0
78633 0
78649 0
78666 0
78682 0
78698 0
78715 0
78731 0
78748 0
78764 0
78781 0
78797 0
78813 0
78830 0
78846 0
78863 0
78879 0
78896 0
78912 0
78928 0
78945 0
78961 0
78978 0
78995 0
79012 0
79028 0
79044 0
79061 0
79077 0
79094 0
79110 0
79127 0
79143 0
79159 0
79176 0
79192 0
79209 0
79225 0
79242 0
79258 0
79274 0
79291 0
79307 0
79324 0
79340 0
79357 0
79373 0
79389 0
79406 0
79422 0
79439 0
79455 0
79472 0
79488 0
79504 0
79521 0
79537 0
79554 3324
79570 3322
79587 3320
79603 3320
79619 3315
79636 3316
79652 3316
79669 3319
79685 3315
79702 3318
79718 3361
79734 3315
79751 3317
79767 3321
79784 3318
79800 3318
79817 3318
79833 3319
79849 3328
79866 3319
79882 3320
79899 3318
79915 3317
79932 3314
79948 3319
79964 3318
79981 3319
79999 3319
80015 3313
80031 3313
80048 3320
80064 3317
80081 3318
80097 3322
80114 3322
80130 3319
80146 3318
80163 3321
80179 3319
80196 3317
80212 3321
80229 3318
80245 3318
80261 3316
80278 3318
80294 3318
80311 3320
80327 3320
80344 3314
80360 3319
80376 3323
80393 3318
80409 3323
80426 3325
80442 3320
80459 3317
80475 3321
80491 3321
80508 3323
80524 3320
80541 3320
80557 3314
80574 3317
80590 3319
80606 3320
80623 3318
80639 3321
80656 3321
80672 3322
80689 3316
80705 3321
80721 3320
80738 3321
80754 3320
80771 3323
80787 3319
80804 3318
80820 3318
80836 3319
80853 3319
80869 3319
80886 3319
80902 3314
80919 3318
80935 3318
80951 3321
80968 3320
80985 3318
81002 3321
81018 3321
81035 3319
81051 3320
81067 3319
81084 3319
81100 3320
81117 3319
81133 3320
81150 3317
81166 3320
81182 3318
81199 3316
81215 3316
81232 3317
81248 3305
81265 3319
81281 3322
81297 3314
81314 3318
81330 3317
81347 3319
81363 3320
81380 3316
81396 3321
81412 3320
81429 3335
81445 3320
81462 3321
81478 3317
81495 3317
81511 3320
81527 3321
81544 3319
81560 3317
81577 3321
81593 3320
81610 3327
81626 3318
81642 3322
81659 3316
81675 3318
81692 3323
81708 3317
81725 3318
81741 3321
81757 3316
81774 3319
81790 3322
81807 3319
81823 3312
81840 3317
81856 3318
81872 3318
81889 3318
81905 3321
81922 3326
81938 3319
81955 3317
81971 3321
81989 3319
82005 3302
82021 3316
82038 3319
82054 3321
82071 3319
82087 3318
82104 3321
82120 3319
82136 3317
82153 3316
82169 0
82186 0
82202 0
82219 0
82235 0
82251 0
82268 0
82284 0
82301 0
82317 0
82334 0
82350 0
82366 0
82383 0
82399 0
82416 0
82432 0
82449 0
82465 0
82481 0
82498 0
82514 0
82531 0
82547 0
82564 0
82580 0
82596 0
82613 0
82629 0
82646 0
82662 0
82679 0
82695 0
82711 0
82728 0
82744 0
82761 0
82777 0
82794 0
82810 0
82826 0
82843 0
82859 0
82876 0
82892 0
82909 0
82925 0
82941 0
82958 0
82974 0
82992 0
83008 0
83025 0
83041 0
83058 0
83074 0
83090 0
83107 0
83123 0
83140 0
83156 0
83173 0
83189 0
83205 0
83222 0
83238 0
83255 0
83271 0
83288 0
83304 0
83320 0
83337 0
83353 0
83370 0
83386 0
83403 0
83419 0
83435 0
83452 0
83468 0
83485 0
83501 0
83518 0
83534 0
83550 0
83567 0
83583 0
83600 0
83616 0
83633 0
83649 0
83665 0
83682 0
83698 0
83715 0
83731 0
83748 0
83764 0
83780 0
83797 0
83813 0
83830 0
83846 0
83863 0
83879 0
83895 0
83912 0
83928 0
83945 0
83961 0
83978 0
83995 0
84012 0
84028 0
84044 0
84061 0
84077 0
84094 0
84110 0
84127 0
84143 0
84159 0
84176 0
84192 0
84209 0
84225 0
84242 0
84258 0
84274 0
84291 0
84307 0
84324 0
84340 0
84357 0
84373 0
84389 0
84406 0
84422 0
84439 0
84455 0
84472 0
84488 0
84504 0
84521 19
84537 0
84554 0
84570 0
84587 0
84603 0
84619 0
84636 0
84652 0
84669 0
84685 0
84702 0
84718 0
84734 0
84751 0
84767 0
84784 0
84800 0
84817 0
84833 0
84849 0
84866 0
84882 0
84899 0
84915 0
84932 0
84948 0
84964 0
84981 0
84998 0
85015 0
85031 0
85048 0
85064 0
85080 0
85097 0
85113 0
85130 0
85146 3329
85163 3321
85179 3320
85195 3315
85212 3319
85228 3319
85245 3315
85261 3318
85278 3315
85294 3343
85310 3315
85327 3317
85343 3320
85360 3317
85376 3318
85393 3318
85409 3318
85425 3317
85442 3319
85458 3316
85475 3317
85491 3316
85508 3319
85524 3316
85540 3318
85557 3315
85573 3318
85590 3316
85606 3315
85623 3317
85639 3316
85655 3315
85672 3317
85688 3317
85705 3319
85721 3319
85738 3316
85754 3316
85770 3325
85787 3311
85803 3318
85820 3330
85836 3316
85853 3317
85869 3319
85885 3317
85902 3318
85918 3316
85935 3315
85951 3317
85968 3317
85985 3319
86002 3317
86018 3314
86034 3319
86051 3318
86067 3314
86084 3316
86100 3318
86117 3317
86133 3316
86149 3317
86166 3321
86182 3315
86199 3318
86215 3317
86232 3318
86248 3316
86264 3315
86281 3320
86297 3318
86314 3319
86330 3320
86347 3319
86363 3317
86379 3316
86396 3320
86412 3315
86429 3317
86445 3325
86462 3318
86478 3318
86494 3298
86511 3320
86527 3316
86544 3316
86560 3316
86577 3317
86593 3318
86609 3319
86626 3315
86642 3322
86659 3320
86675 3319
86692 3318
86708 3319
86724 3320
86741 3319
86757 3319
86774 3319
86790 3317
86807 3316
86823 3320
86839 3319
86856 3314
86872 3317
86889 3318
86905 3313
86922 3319
86938 3318
86954 3326
86971 3326
86988 3320
87005 3321
87021 3322
87038 3314
87054 3317
87071 3308
87087 3321
87103 3321
87120 3319
87136 3321
87153 3319
87169 3310
87186 3317
87202 3320
87218 3316
87235 3324
87251 3325
87268 3314
87284 3320
87301 3318
87317 3317
87333 3320
87350 3314
87366 3314
87383 3316
87399 3318
87416 3318
87432 3320
87448 3318
87465 3317
87481 3316
87498 3320
87514 3318
87531 3317
87547 3317
87563 3319
87580 3318
87596 3325
87613 3319
87629 3319
87646 3304
87662 3316
87678 3317
87695 3316
87711 3318
87728 3316
87744 3308
87761 3320
87777 3319
87793 0
87810 0
87826 0
87843 0
87859 0
87876 0
87892 0
87908 0
87925 0
87941 0
87958 0
87974 0
87992 0
88008 0
88025 0
88041 0
88057 0
88074 0
88090 0
88107 0
88123 0
88140 0
88156 0
88172 0
88189 0
88205 0
88222 0
88238 0
88255 0
88271 0
88287 0
88304 0
88320 0
88337 0
88353 0
88370 0
88386 0
88402 0
88419 0
88435 0
88452 0
88468 0
88485 0
88501 0
88517 0
88534 0
88550 0
88567 0
88583 0
88600 0
88616 0
88632 0
88649 0
88665 0
88682 0
88698 0
88715 0
88731 0
88747 0
88764 0
88780 0
88797 0
88813 0
88830 0
88846 0
88862 0
88879 0
88895 0
88912 0
88928 0
88945 0
88961 0
88977 0
88995 0
89011 0
89028 0
89044 0
89061 0
89077 0
89093 0
89110 0
89126 0
89143 0
89159 0
89176 0
89192 0
89208 0
89225 0
89241 0
89258 0
89274 0
89291 0
89307 0
89323 0
89340 0
89356 0
89373 0
89389 0
89406 0
89422 0
89438 0
89455 0
89471 0
89488 0
89504 0
89521 0
89537 0
89553 0
89570 0
89586 0
89603 0
89619 0
89636 0
89652 0
89668 0
89685 0
89701 0
89718 0
89734 0
89751 0
89767 0
89783 0
89800 0
89816 0
89833 0
89849 0
89866 0
89882 0
89898 0
89915 0
89931 0
89948 0
89964 0
89981 0
89998 0
90015 0
90031 0
90048 0
90064 0
90080 0
90097 0
90113 0
90130 0
90146 0
90163 0
90179 0
90195 0
90212 0
90228 0
90245 0
90261 0
90278 0
90294 0
90310 0
90327 0
90343 0
90360 0
90376 0
90393 0
90409 0
90425 0
90442 0
90458 0
90475 0
90491 0
90508 0
90524 0
90540 0
90557 0
90573 0
90590 0
90606 0
90623 0
90639 0
90655 0
90672 0
90688 0
90705 0
90721 0
90738 0
90754 0
90770 3325
90787 3325
90803 3320
90820 3319
90836 3325
90853 3317
90869 3299
90885 3319
90902 3319
90918 3318
90935 3317
90951 3318
90968 3316
90985 3318
91002 3317
91018 3318
91034 3319
91051 3319
91067 3318
91084 3323
91100 3318
91117 3318
91133 3317
91149 3318
91166 3317
91182 3318
91199 3318
91215 3320
91232 3316
91248 3315
91264 3316
91281 3314
91297 3316
91314 3319
91330 3317
91347 3320
91363 3316
91379 3318
91396 3316
91412 3317
91429 3315
91445 3322
91462 3320
91478 3317
91494 3314
91511 3320
91527 3318
91544 3315
91560 3315
91577 3319
91593 3316
91609 3317
91626 3317
91642 3319
91659 3322
91675 3317
91692 3317
91708 3317
91724 3318
91741 3317
91757 3319
91774 3310
91790 3324
91807 3316
91823 3316
91839 3317
91856 3317
91872 3318
91889 3318
91905 3319
91922 3317
91938 3317
91954 3320
91971 3315
91988 3316
92005 3318
92021 3319
92038 3320
92054 3317
92071 3321
92087 3318
92103 3318
92120 3316
92136 3318
92153 3320
92169 3326
92186 3319
92202 3319
92218 3322
92235 3321
92251 3316
92268 3318
92284 3318
92301 3319
92317 3318
92333 3318
92350 3369
92366 3319
92383 3319
92399 3327
92416 3319
92432 3322
92448 3320
92465 3321
92481 3328
92498 3320
92514 3316
92531 3315
92547 3319
92563 3320
92580 3319
92596 3320
92613 3317
92629 3318
92646 3317
92662 3320
92678 3317
92695 3318
92711 3320
92728 3320
92744 3315
92761 3319
92777 3322
92793 3319
92810 3318
92826 3319
92843 3317
92859 3318
92876 3312
92892 3317
92908 3320
92925 3320
92941 3320
92958 3319
92974 3321
92992 3319
93008 3320
93025 3322
93041 3318
93057 3318
93074 3321
93090 3320
93107 3319
93123 3316
93140 3315
93156 3317
93172 3319
93189 3317
93205 3320
93222 3299
93238 3320
93255 3320
93271 3317
93287 3320
93304 3321
93320 3318
93337 3321
93353 3315
93370 3321
93386 3319
93402 0
93419 0
93435 0
93452 0
93468 0
93485 0
93501 0
93517 0
93534 0
93550 0
93567 0
93583 0
93600 0
93616 0
93632 0
93649 0
93665 0
93682 0
93698 0
93715 0
93731 0
93747 0
93764 0
93780 0
93797 0
93813 0
93830 0
93846 0
93862 0
93879 0
93895 0
93912 0
93928 0
93945 0
93961 0
93977 0
93995 0
94011 0
94028 0
94044 0
94061 0
94077 0
94093 0
94110 0
94126 0
94143 0
94159 0
94176 0
94192 0
94208 0
94225 0
94241 0
94258 0
94274 0
94291 0
94307 0
94323 0
94340 0
94356 0
94373 0
94389 0
94406 0
94422 0
94438 0
94455 0
94471 0
94488 0
94504 0
94521 0
94537 0
94553 0
94570 0
94586 0
94603 0
94619 0
94636 0
94652 0
94668 0
94685 0
94701 0
94718 0
94734 0
94751 0
94767 0
94783 0
94800 0
94816 0
94833 0
94849 0
94866 0
94882 0
94898 0
94915 0
94931 0
94948 0
94964 0
94981 0
94998 0
95015 0
95031 0
95048 0
95064 0
95080 0
95097 0
95113 0
95130 0
95146 0
95163 0
95179 0
95195 0
95212 0
95228 0
95245 0
95261 0
95278 0
95294 0
95310 0
95327 0
95343 0
95360 0
95376 0
95393 0
95409 0
95425 0
95442 0
95458 0
95475 0
95491 0
95508 0
95524 0
95540 0
95557 0
95573 0
95590 0
95606 0
95623 0
95639 0
95655 0
95672 0
95688 0
95705 0
95721 0
95738 0
95754 0
95770 0
95787 0
95803 0
95820 0
95836 0
95853 0
95869 0
95885 0
95902 0
95918 0
95935 0
95951 0
95968 0
95985 0
96002 0
96018 0
96034 0
96051 0
96067 0
96084 0
96100 0
96117 0
96133 0
96149 0
96166 0
96182 0
96199 0
96215 0
96232 0
96248 0
96264 0
96281 0
96297 0
96314 0
96330 0
96347 0
96363 0
96379 3323
96396 3318
96412 3318
96429 3330
96445 3317
96462 3316
96478 3313
96494 3316
96511 3317
96527 3318
96544 3316
96560 3318
96577 3317
96593 3311
96609 3314
96626 3314
96642 3316
96659 3318
96675 3318
96692 3316
96708 3316
96724 3313
96741 3315
96757 3316
96774 3315
96790 3316
96807 3317
96823 3317
96839 3314
96856 3319
96872 3315
96889 3316
96905 3314
96922 3315
96938 3314
96954 3317
96971 3316
96988 3320
97005 3322
97021 3316
97038 3314
97054 3315
97071 3317
97087 3318
97103 3318
97120 3315
97136 3317
97153 3317
97169 3328
97186 3315
97202 3314
97218 3313
97235 3313
97251 3316
97268 3317
97284 3315
97301 3318
97317 3319
97333 3316
97350 3299
97366 3315
97383 3323
97399 3314
97416 3318
97432 3318
97448 3318
97465 3313
97481 3317
97498 3318
97514 3317
97531 3322
97547 3316
97563 3319
97580 3316
97596 3316
97613 3320
97629 3317
97646 3317
97662 3315
97678 3315
97695 3318
97711 3318
97728 3319
97744 3313
97761 3318
97777 3319
97793 3317
97810 3317
97826 3319
97843 3317
97859 3315
97876 3318
97892 3314
97908 3316
97925 3319
97941 3318
97958 3314
97974 3321
97992 3320
98008 3319
98025 3317
98041 3317
98057 3329
98074 3319
98090 3318
98107 3317
98123 3319
98140 3318
98156 3315
98172 3316
98189 3317
98205 3318
98222 3321
98238 3319
98255 3319
98271 3318
98287 3319
98304 3317
98320 3320
98337 3324
98353 3315
98370 3319
98386 3321
98402 3324
98419 3316
98435 3318
98452 3318
98468 3317
98485 3318
98501 3316
98517 3317
98534 3308
98550 3320
98567 3318
98583 3320
98600 3319
98616 3322
98632 3321
98649 3319
98665 3317
98682 3319
98698 3319
98715 3320
98731 3317
98747 3319
98764 3318
98780 3318
98797 3332
98813 3318
98830 3317
98846 3317
98862 3316
98879 3319
98895 3319
98912 3321
98928 3318
98945 3323
98961 3320
98977 3320
98995 3319
99011 3319
99028 3316
99044 3317
99061 0
99077 0
99093 0
99110 0
99126 0
99143 0
99159 0
99176 0
99192 0
99208 0
99225 0
99241 0
99258 0
99274 0
99291 0
99307 0
99323 0
99340 0
99356 0
99373 0
99389 0
99406 0
99422 0
99438 0
99455 0
99471 0
99488 0
99504 0
99521 0
99537 0
99553 0
99570 0
99586 0
99603 0
99619 0
99636 0
99652 0
99668 0
99685 0
99701 0
99718 0
99734 0
99751 0
99767 0
99783 0
99800 0
99816 0
99833 0
99849 0
99866 0
99882 0
99898 0
99915 0
99931 0
99948 0
99964 0
99981 0
99998 0
100015 0
100031 0
100048 0
100064 0
100080 0
100097 0
100113 0
100130 0
100146 0
100163 0
100179 0
100195 0
100212 0
100228 0
100245 0
100261 0
100278 0
100294 0
100310 0
100327 0
100343 0
100360 0
100376 0
100393 0
100409 0
100425 0
100442 0
100458 0
100475 0
100491 0
100508 0
100524 0
100540 0
100557 0
100573 0
100590 0
100606 0
100623 0
100639 0
100655 0
100672 0
100689 0
100705 0
100721 0
100737 0
100754 0
100770 0
100786 0
100803 0
100819 0
100835 0
100851 0
100868 0
100884 0
100900 0
100917 0
100933 0
100949 0
100965 0
100982 0
100999 0
101015 0
101032 0
101048 0
101064 0
101080 0
101097 0
101113 0
101129 0
101146 0
101162 0
101178 0
101194 0
101211 0
101227 0
101243 0
101260 0
101276 0
101292 0
101308 0
101325 0
101341 0
101357 0
101374 0
101390 0
101406 0
101422 0
101439 0
101455 0
101471 0
101488 0
101504 0
101520 0
101536 0
101553 0
101569 0
101585 0
101602 0
101618 0
101634 0
101650 0
101667 0
101683 0
101699 0
101716 0
101732 0
101748 0
101764 0
101781 0
101797 0
101813 0
101830 0
101846 0
101862 0
101878 0
101895 0
101911 0
101927 0
101944 0
101960 0
101976 0
101994 0
102010 0
102026 0
102042 3324
102059 3324
102075 3322
102091 3321
102108 3318
102124 3319
102140 3317
102156 3317
102173 3317
102189 3319
102205 3317
102222 3335
102238 3316
102254 3319
102270 3320
102287 3319
102303 3319
102319 3319
102336 3317
102352 3308
102368 3319
102384 3313
102401 3322
102417 3318
102433 3320
102450 3317
102466 3316
102482 3319
102498 3321
102515 3316
102531 3319
102547 3315
102564 3317
102580 3316
102596 3317
102612 3317
102629 3313
102645 3319
102661 3318
102678 3328
102694 3319
102710 3318
102726 3321
102743 3319
102759 3312
102775 3320
102792 3318
102808 3320
102824 3316
102840 3321
102857 3321
102873 3320
102889 3318
102906 3320
102922 3320
102938 3316
102954 3316
102971 3319
102988 3317
103004 3318
103021 3318
103037 3319
103053 3313
103070 3318
103086 3318
103102 3318
103118 3318
103135 3318
103151 3317
103167 3316
103184 3317
103200 3316
103216 3314
103232 3319
103249 3317
103265 3321
103281 3318
103298 3318
103314 3314
103330 3318
103346 3317
103363 3315
103379 3319
103395 3320
103412 3318
103428 3318
103444 3338
103460 3317
103477 3321
103493 3321
103509 3318
103526 3315
103542 3319
103558 3320
103574 3317
103591 3321
103607 3318
103623 3320
103640 3317
103656 3319
103672 3319
103688 3316
103705 3317
103721 3319
103737 3317
103754 3318
103770 3312
103786 3318
103802 3317
103819 3321
103835 3320
103851 3318
103868 3322
103884 3316
103900 3317
103916 3314
103933 3318
103949 3314
103965 3318
103982 3322
103999 3319
104015 3320
104032 3319
104048 3316
104064 3318
104080 3317
104097 3318
104113 3316
104129 3318
104146 3322
104162 3318
104178 3319
104194 3312
104211 3317
104227 3321
104243 3317
104260 3320
104276 3316
104292 3321
104308 3317
104325 3316
104341 3313
104357 3319
104374 3320
104390 3320
104406 3321
104422 3319
104439 3317
104455 3317
104471 3317
104488 3318
104504 3320
104520 3320
104536 3318
104553 3319
104569 3313
104585 3324
104602 3319
104618 3320
104634 3317
104650 3318
104667 3320
104683 3319
104699 0
104716 0
104732 0
104748 0
104764 0
104781 0
104797 0
104813 0
104830 0
104846 0
104862 0
104878 0
104895 0
104911 0
104927 0
104944 0
104960 0
104976 0
104994 0
105010 0
105026 0
105042 0
105059 0
105075 0
105091 0
105108 0
105124 0
105140 0
105156 0
105173 0
105189 0
105205 0
105222 0
105238 0
105254 0
105270 0
105287 0
105303 0
105319 0
105336 0
105352 0
105368 0
105384 0
105401 0
105417 0
105433 0
105450 0
105466 0
105482 0
105498 0
105515 0
105531 0
105547 0
105564 0
105580 0
105596 0
105612 0
105629 0
105645 0
105661 0
105678 0
105694 0
105710 0
105726 0
105743 0
105759 0
105775 0
105792 0
105808 0
105824 0
105840 0
105857 0
105873 0
105889 0
105906 0
105922 0
105938 0
105954 0
105971 0
105988 0
106004 0
106021 0
106037 0
106053 0
106070 0
106086 0
106102 0
106118 0
106135 0
106151 0
106167 0
106184 0
106200 0
106216 0
106232 0
106249 0
106265 0
106281 0
106298 0
106314 0
106330 0
106346 0
106363 0
106379 0
106395 0
106412 0
106428 0
106444 0
106460 0
106477 0
106493 0
106509 0
106526 0
106542 0
106558 0
106574 0
106591 0
106607 0
106623 0
106640 0
106656 0
106672 0
106688 0
106705 0
106721 0
106737 0
106754 0
106770 0
106786 0
106802 0
106819 0
106835 0
106851 0
106868 0
106884 0
106900 0
106916 0
106933 0
106949 0
106965 0
106982 0
106999 0
107015 0
107032 0
107048 0
107064 0
107080 0
107097 0
107113 0
107129 0
107146 0
107162 0
107178 0
107194 0
107211 0
107227 0
107243 0
107260 0
107276 0
107292 0
107308 0
107325 0
107341 0
107357 0
107374 0
107390 0
107406 0
107422 0
107439 0
107455 0
107471 0
107488 0
107504 0
107520 0
107536 0
107553 0
107569 0
107585 0
107602 0
107618 0
107634 0
107650 0
107667 0
107683 0
107699 3324
107716 3321
107732 3317
107748 3318
107764 3317
107781 3317
107797 3317
107813 3318
107830 3317
107846 3318
107862 3318
107878 3316
107895 3309
107911 3320
107927 3318
107944 3327
107960 3317
107976 3319
107994 3360
108010 3318
108026 3318
108042 3327
108059 3315
108075 3318
108091 3316
108108 3316
108124 3318
108140 3318
108156 3316
108173 3319
108189 3319
108205 3316
108222 3317
108238 3314
108254 3318
108270 3308
108287 3318
108303 3320
108319 3328
108336 3318
108352 3320
108368 3318
108384 3320
108401 3320
108417 3321
108433 3318
108450 3317
108466 3315
108482 3318
108498 3317
108515 3312
108531 3319
108547 3319
108564 3318
108580 3317
108596 3317
108612 3317
108629 3317
108645 3314
108661 3318
108678 3317
108694 3315
108710 3318
108726 3318
108743 3319
108759 3317
108775 3319
108792 3321
108808 3318
108824 3317
108840 3317
108857 3317
108873 3317
108889 3314
108906 3319
108922 3318
108938 3316
108954 3316
108971 3326
108988 3316
109004 3316
109021 3325
109037 3319
109053 3315
109070 3315
109086 3318
109102 3318
109118 3319
109135 3317
109151 3317
109167 3316
109184 3318
109200 3318
109216 3314
109232 3319
109249 3318
109265 3317
109281 3319
109298 3317
109314 3318
109330 3320
109346 3313
109363 3313
109379 3316
109395 3317
109412 3316
109428 3313
109444 3328
109460 3317
109477 3319
109493 3321
109509 3320
109526 3316
109542 3318
109558 3319
109574 3319
109591 3317
109607 3317
109623 3318
109640 3316
109656 3315
109672 3318
109688 3317
109705 3318
109721 3316
109737 3317
109754 3314
109770 3314
109786 3317
109802 3317
109819 3326
109835 3318
109851 3316
109868 3318
109884 3318
109900 3317
109916 3321
109933 3318
109949 3318
109965 3318
109982 3317
109999 3315
110015 3311
110032 3318
110048 3318
110064 3317
110080 3315
110097 3318
110113 3317
110129 3317
110146 3316
110162 3316
110178 3317
110194 3323
110211 3318
110227 3315
110243 3322
110260 3320
110276 3318
110292 3319
110308 3320
110325 3319
110341 0
110357 0
110374 0
110390 0
110406 0
110422 0
110439 0
110455 0
110471 0
110488 0
110504 0
110520 0
110536 0
110553 0
110569 0
110585 0
110602 0
110618 0
110634 0
110650 0
110667 0
110683 0
110699 0
110716 0
110732 0
110748 0
110764 0
110781 0
110797 0
110813 0
110830 0
110846 0
110862 0
110878 0
110895 0
110911 0
110927 0
110944 0
110960 0
110976 0
110993 0
111010 0
111026 0
111042 0
111059 0
111075 0
111091 0
111107 0
111124 0
111140 0
111156 0
111173 0
111189 0
111205 0
111221 0
111238 0
111254 0
111270 0
111287 0
111303 0
111319 0
111335 0
111352 0
111368 0
111384 0
111401 0
111417 0
111433 0
111449 0
111466 0
111482 0
111498 0
111515 0
111531 0
111547 0
111563 0
111580 0
111596 0
111612 0
111629 0
111645 0
111661 0
111677 0
111694 0
111710 0
111726 0
111743 0
111759 0
111775 0
111791 0
111808 0
111824 0
111840 0
111857 0
111873 0
111889 0
111905 0
111922 0
111938 0
111954 0
111971 0
111988 0
112004 0
112021 0
112037 0
112053 0
112069 0
112086 0
112102 0
112118 0
112135 0
112151 0
112167 0
112183 0
112200 0
112216 0
112232 0
112249 0
112265 0
112281 0
112297 0
112314 0
112330 0
112346 0
112363 0
112379 0
112395 0
112411 0
112428 0
112444 0
112460 0
112477 0
112493 0
112509 0
112525 0
112542 0
112558 0
112574 0
112591 0
112607 0
112623 0
112639 0
112656 0
112672 0
112688 0
112705 0
112721 0
112737 0
112753 0
112770 0
112786 0
112802 0
112819 0
112835 0
112851 0
112867 0
112884 0
112900 0
112916 0
112933 0
112949 0
112965 0
112981 0
112999 0
113015 0
113031 0
113048 0
113064 0
113080 0
113097 0
113113 0
113129 0
113145 0
113162 0
113178 0
113194 0
113211 0
113227 0
113243 0
113259 0
113276 0
113292 0
113308 3327
113325 3325
113341 3320
113357 3319
113373 3319
113390 3318
113406 3319
113422 3319
113439 3317
113455 3316
113471 3319
113487 3321
113504 3319
113520 3316
113536 3317
113553 3318
113569 3317
113585 3325
113601 3320
113618 3320
113634 3325
113650 3319
113667 3325
113683 3321
113699 3318
113715 3318
113732 3320
113748 3316
113764 3319
113781 3317
113797 3330
113813 3319
113829 3317
113846 3319
113862 3319
113878 3321
113895 3317
113911 3320
113927 3319
113943 3316
113960 3319
113976 3324
113993 3316
114010 3318
114026 3316
114042 3323
114059 3317
114075 3320
114091 3317
114107 3320
114124 3319
114140 3320
114156 3318
114173 3319
114189 3317
114205 3318
114221 3321
114238 3319
114254 3317
114270 3316
114287 3318
114303 3318
114319 3317
114335 3317
114352 3322
114368 3319
114384 3319
114401 3322
114417 3318
114433 3320
114449 3321
114466 3321
114482 3320
114498 3318
114515 3318
114531 3320
114547 3319
114563 3320
114580 3318
114596 3319
114612 3315
114629 3319
114645 3315
114661 3316
114677 3317
114694 3318
114710 3316
114726 3320
114743 3316
114759 3318
114775 3320
114791 3314
114808 3317
114824 3315
114840 3321
114857 3319
114873 3319
114889 3321
114905 3315
114922 3315
114938 3317
114954 3318
114971 3322
114988 3317
115004 3324
115021 3316
115037 3314
115053 3316
115069 3318
115086 3317
115102 3320
115118 3320
115135 3318
115151 3317
115167 3314
115183 3318
115200 3319
115216 3320
115232 3312
115249 3318
115265 3318
115281 3318
115297 3366
115314 3318
115330 3319
115346 3314
115363 3317
115379 3319
115395 3316
115411 3316
115428 3293
115444 3313
115460 3316
115477 3320
115493 3319
115509 3323
115525 3320
115542 3315
115558 3317
115574 3318
115591 3321
115607 3313
115623 3318
115639 3319
115656 3317
115672 3317
115688 3317
115705 3317
115721 3321
115737 3320
115753 3322
115770 3311
115786 3315
115802 3316
115819 3318
115835 3317
115851 3314
115867 3316
115884 3320
115900 3313
115916 3316
115933 3320
115949 3317
115965 3320
115981 0
115999 0
116015 0
116031 0
116048 0
116064 0
116080 0
116097 0
116113 0
116129 0
116145 0
116162 0
116178 0
116194 0
116211 0
116227 0
116243 0
116259 0
116276 0
116292 0
116308 0
116325 0
116341 0
116357 0
116373 0
116390 0
116406 0
116422 0
116439 0
116455 0
116471 0
116487 0
116504 0
116520 0
116536 0
116553 0
116569 0
116585 0
116601 0
116618 0
116634 0
116650 0
116667 0
116683 0
116699 0
116715 0
116732 0
116748 0
116764 0
116781 0
116797 0
116813 0
116829 0
116846 0
116862 0
116878 0
116895 0
116911 0
116927 0
116943 0
116960 0
116976 0
116993 0
117010 0
117026 0
117042 0
117059 0
117075 0
117091 0
117107 0
117124 0
117140 0
117156 0
117173 0
117189 0
117205 0
117221 0
117238 0
117254 0
117270 0
117287 0
117303 0
117319 0
117335 0
117352 0
117368 0
117384 0
117401 0
117417 0
117433 0
117449 0
117466 0
117482 0
117498 0
117515 0
117531 0
117547 0
117563 0
117580 0
117596 0
117612 0
117629 0
117645 0
117661 0
117677 0
117694 0
117710 0
117726 0
117743 0
117759 0
117775 0
117791 0
117808 0
117824 0
117840 0
117857 0
117873 0
117889 0
117905 0
117922 0
117938 0
117954 0
117971 0
117988 0
118004 0
118021 0
118037 0
118053 0
118069 0
118086 0
118102 0
118118 0
118135 0
118151 0
118167 0
118183 0
118200 0
118216 0
118232 0
118249 0
118265 0
118281 0
118297 0
118314 0
118330 0
118346 0
118363 0
118379 0
118395 0
118411 0
118428 0
118444 0
118460 0
118477 0
118493 0
118509 0
118525 0
118542 0
118558 0
118574 0
118591 0
118607 0
118623 0
118639 0
118656 0
118672 0
118688 0
118705 0
118721 0
118737 0
118753 0
118770 0
118786 0
118802 0
118819 0
118835 0
118851 0
118867 0
118884 0
118900 0
118916 0
118933 3327
118949 3321
118965 3320
118981 3320
118999 3321
119015 3319
119031 3326
119048 3318
119064 3318
119080 3315
119097 3316
119113 3317
119129 3317
119145 3317
119162 3316
119178 3315
119194 3324
119211 3316
119227 3316
119243 3317
119259 3318
119276 3317
119292 3316
119308 3317
119325 3318
119341 3318
119357 3318
119373 3319
119390 3315
119406 3318
119422 3319
119439 3316
119455 3322
119471 3316
119487 3318
119504 3320
119520 3319
119536 3318
119553 3317
119569 3317
119585 3320
119601 3316
119618 3316
119634 3315
119650 3317
119667 3332
119683 3317
119699 3317
119715 3324
119732 3319
119748 3317
119764 3317
119781 3319
119797 3314
119813 3316
119829 3318
119846 3319
119862 3317
119878 3318
119895 3316
119911 3317
119927 3319
119943 3318
119960 3316
119976 3317
119993 3321
120010 3320
120026 3320
120042 3314
120058 3324
120075 3320
120091 3319
120107 3320
120124 3321
120140 3319
120156 3319
120172 3318
120189 3317
120205 3320
120221 3307
120238 3320
120254 3320
120270 3320
120286 3320
120303 3319
120319 3320
120335 3321
120352 3316
120368 3317
120384 3317
120400 3316
120417 3320
120433 3319
120449 3321
120466 3321
120482 3319
120498 3319
120514 3321
120531 3318
120547 3316
120563 3321
120580 3319
120596 3318
120612 3318
120628 3320
120645 3320
120661 3318
120677 3315
120694 3317
120710 3319
120726 3319
120742 3314
120759 3318
120775 3320
120791 3320
120808 3319
120824 3321
120840 3319
120856 3320
120873 3311
120889 3319
120905 3318
120922 3318
120938 3321
120954 3319
120970 3320
120988 3319
121004 3330
121020 3318
121037 3318
121053 3319
121069 3315
121086 3317
121102 3319
121118 3318
121134 3318
121151 3317
121167 3321
121183 3317
121200 3317
121216 3320
121232 3319
121248 3318
121265 3320
121281 3317
121297 3333
121314 3318
121330 3320
121346 3320
121362 3318
121379 3319
121395 3323
121411 3320
121428 3311
121444 3315
121460 3316
121476 3317
121493 3318
121509 3317
121525 3318
121542 3319
121558 0
121574 0
121590 0
121607 0
121623 0
121639 0
121656 0
121672 0
121688 0
121704 0
121721 0
121737 0
121753 0
121770 0
121786 0
121802 0
121818 0
121835 0
121851 0
121867 0
121884 0
121900 0
121916 0
121932 0
121949 0
121965 0
121981 0
121999 0
122015 0
122031 0
122048 0
122064 0
122080 0
122097 0
122113 0
122129 0
122145 0
122162 0
122178 0
122194 0
122211 0
122227 0
122243 0
122259 0
122276 0
122292 0
122308 0
122325 0
122341 0
122357 0
122373 0
122390 0
122406 0
122422 0
122439 0
122455 0
122471 0
122487 0
122504 0
122520 0
122536 0
122553 0
122569 0
122585 0
122601 0
122618 0
122634 0
122650 0
122667 0
122683 0
122699 0
122715 0
122732 0
122748 0
122764 0
122781 0
122797 0
122813 0
122829 0
122846 0
122862 0
122878 0
122895 0
122911 0
122927 0
122943 0
122960 0
122976 0
122993 0
123010 0
123026 0
123042 0
123059 0
123075 0
123091 0
123107 0
123124 0
123140 0
123156 0
123173 0
123189 0
123205 0
123221 0
123238 0
123254 0
123270 0
123287 0
123303 0
123319 0
123335 0
123352 0
123368 0
123384 0
123401 0
123417 0
123433 0
123449 0
123466 0
123482 0
123498 0
123515 0
123531 0
123547 0
123563 0
123580 0
123596 0
123612 0
123629 0
123645 0
123661 0
123677 0
123694 0
123710 0
123726 0
123743 0
123759 0
123775 0
123791 0
123808 0
123824 0
123840 0
123857 0
123873 0
123889 0
123905 0
123922 0
123938 0
123954 0
123971 0
123988 0
124004 0
124021 0
124037 0
124053 0
124069 0
124086 0
124102 0
124118 0
124135 0
124151 0
124167 0
124183 0
124200 0
124216 0
124232 0
124249 0
124265 0
124281 0
124297 0
124314 0
124330 0
124346 0
124363 0
124379 0
124395 0
124411 0
124428 0
124444 0
124460 0
124477 0
124493 0
124509 0
124525 3324
124542 3322
124558 3322
124574 3318
124591 3327
124607 3318
124623 3317
124639 3316
124656 3318
124672 3318
124688 3318
124705 3316
124721 3320
124737 3320
124753 3318
124770 3309
124786 3319
124802 3317
124819 3318
124835 3316
124851 3317
124867 3323
124884 3316
124900 3316
124916 3319
124933 3318
124949 3318
124965 3318
124981 3319
124999 3318
125015 3319
125031 3318
125048 3316
125064 3317
125080 3319
125097 3317
125113 3318
125129 3320
125145 3315
125162 3316
125178 3315
125194 3331
125211 3318
125227 3315
125243 3319
125259 3315
125276 3317
125292 3315
125308 3316
125325 3318
125341 3312
125357 3318
125373 3316
125390 3315
125406 3317
125422 3314
125439 3316
125455 3316
125471 3318
125487 3320
125504 3315
125520 3313
125536 3315
125553 3318
125569 3325
125585 3317
125601 3316
125618 3313
125634 3316
125650 3314
125667 3313
125683 3317
125699 3316
125715 3315
125732 3316
125748 3318
125764 3318
125781 3317
125797 3320
125813 3318
125829 3319
125846 3319
125862 3317
125878 3316
125895 3313
125911 3312
125927 3316
125943 3284
125960 3316
125976 3316
125993 3303
126010 3317
126026 3316
126042 3317
126058 3320
126075 3319
126091 3324
126107 3317
126124 3310
126140 3319
126156 3318
126172 3318
126189 3319
126205 3317
126221 3316
126238 3318
126254 3320
126270 3325
126286 3319
126303 3318
126319 3312
126335 3316
126352 3318
126368 3318
126384 3317
126400 3317
126417 3319
126433 3318
126449 3318
126466 3317
126482 3317
126498 3322
126514 3318
126531 3318
126547 3317
126563 3319
126580 3318
126596 3319
126612 3317
126628 3317
126645 3319
126661 3317
126677 3323
126694 3320
126710 3320
126726 3317
126742 3315
126759 3317
126775 3317
126791 3318
126808 3319
126824 3320
126840 3321
126856 3318
126873 3321
126889 3319
126905 3321
126922 3321
126938 3319
126954 3322
126970 3322
126988 3316
127004 3319
127020 3320
127037 3320
127053 3320
127069 3322
127086 3316
127102 3317
127118 3318
127134 3318
127151 3319
127167 3313
127183 3318
127200 0
127216 0
127232 0
127248 0
127265 0
127281 0
127297 0
127314 0
127330 0
127346 0
127362 0
127379 0
127395 6
127411 0
127428 0
127444 0
127460 0
127476 0
127493 0
127509 0
127525 0
127542 0
127558 0
127574 0
127590 0
127607 0
127623 0
127639 0
127656 0
127672 0
127688 0
127704 0
127721 0
127737 0
127753 0
127770 0
127786 0
127802 0
127818 0
127835 0
127851 0
127867 0
127884 0
127900 0
127916 0
127932 0
127949 0
127965 0
127981 0
127999 0
128015 0
128031 0
128048 0
128064 0
128080 0
128097 0
128113 0
128129 0
128145 0
128162 0
128178 0
128194 0
128211 0
128227 0
128243 6
128259 0
128276 0
128292 0
128308 0
128325 0
128341 0
128357 0
128373 0
128390 0
128406 0
128422 0
128439 0
128455 0
128471 0
128487 0
128504 0
128520 0
128536 0
128553 0
128569 0
128585 0
128601 0
128618 0
128634 0
128650 0
128667 0
128683 0
128699 0
128715 0
128732 0
128748 0
128764 0
128781 0
128797 0
128813 0
128829 0
128846 0
128862 0
128878 0
128895 0
128911 0
128927 0
128943 0
128960 0
128976 0
128993 0
129010 0
129026 0
129042 0
129059 0
129075 0
129091 0
129107 0
129124 0
129140 0
129156 0
129173 0
129189 0
129205 0
129221 0
129238 0
129254 0
129270 0
129287 0
129303 0
129319 0
129335 0
129352 0
129368 0
129384 0
129401 0
129417 0
129433 0
129449 0
129466 0
129482 0
129498 0
129515 0
129531 0
129547 0
129563 0
129580 0
129596 0
129612 0
129629 0
129645 0
129661 0
129677 0
129694 0
129710 0
129726 0
129743 0
129759 0
129775 0
129791 0
129808 0
129824 0
129840 0
129857 0
129873 0
129889 0
129905 0
129922 0
129938 0
129954 0
129971 0
129988 0
130004 0
130021 0
130037 0
130053 0
130069 0
130086 0
130102 0
130118 0
130135 0
130151 0
130167 3324
130183 3321
130200 3320
130216 3315
130232 3320
130249 3316
130265 3316
130281 3317
130297 3318
130314 3316
130330 3315
130346 3317
130363 3317
130379 3320
130395 3328
130411 3318
130428 3316
130444 3315
130460 3318
130477 3318
130493 3315
130509 3315
130525 3319
130542 3312
130558 3315
130574 3318
130591 3323
130607 3318
130623 3319
130639 3318
130656 3317
130672 3316
130688 3319
130705 3316
130721 3312
130737 3318
130753 3319
130770 3313
130786 3317
130802 3318
130819 3315
130835 3319
130851 3321
130867 3318
130884 3314
130900 3317
130916 3313
130933 3319
130949 3316
130965 3321
130981 3310
130999 3318
131015 3319
131031 3312
131048 3318
131064 3321
131080 3319
131097 3317
131113 3320
131129 3318
131145 3315
131162 3318
131178 3315
131194 3313
131211 3312
131227 3319
131243 3316
131259 3315
131276 3315
131292 3316
131308 3315
131325 3320
131341 3319
131357 3318
131373 3331
131390 3318
131406 3317
131422 3322
131439 3318
131455 3324
131471 3316
131487 3314
131504 3322
131520 3317
131536 3320
131553 3320
131569 3317
131585 3318
131601 3320
131618 3316
131634 3315
131650 3316
131667 3328
131683 3317
131699 3317
131715 3323
131732 3317
131748 3321
131764 3324
131781 3315
131797 3319
131813 3322
131829 3322
131846 3318
131862 3318
131878 3318
131895 3317
131911 3318
131927 3318
131943 3320
131960 3316
131976 3319
131993 3316
132010 3315
132026 3317
132042 3317
132058 3317
132075 3317
132091 3321
132107 3319
132124 3321
132140 3318
132156 3319
132172 3319
132189 3319
132205 3318
132221 3321
132238 3315
132254 3318
132270 3318
132286 3320
132303 3321
132319 3320
132335 3319
132352 3318
132368 3318
132384 3316
132400 3318
132417 3316
132433 3315
132449 3310
132466 3320
132482 3319
132498 3318
132514 3320
132531 3314
132547 3321
132563 3317
132580 3323
132596 3319
132612 3322
132628 3318
132645 3318
132661 3320
132677 3317
132694 3318
132710 3318
132726 3321
132742 3319
132759 3321
132775 3317
132791 3322
132808 3319
132824 0
132840 0
132856 0
132873 0
132889 0
132905 0
132922 0
132938 0
132954 0
132970 0
132988 0
133004 0
133020 0
133037 0
133053 0
133069 0
133086 0
133102 0
133118 0
133134 0
133151 0
133167 0
133183 0
133200 0
133216 0
133232 0
133248 0
133265 0
133281 0
133297 0
133314 0
133330 0
133346 0
133362 0
133379 0
133395 0
133411 0
133428 0
133444 0
133460 0
133476 0
133493 0
133509 0
133525 0
133542 0
133558 0
133574 0
133590 0
133607 0
133623 0
133639 0
133656 0
133672 0
133688 0
133704 0
133721 0
133737 0
133753 0
133770 0
133786 0
133802 0
133818 0
133835 0
133851 0
133867 0
133884 0
133900 0
133916 0
133932 0
133949 0
133965 0
133981 0
133999 0
134015 0
134031 0
134048 0
134064 0
