2 2662
1046 3025
2100 2877
3108 2890
4202 2785
5360 215
6368 454
7636 2763
9044 139
10097 3083
11185 2584
12332 923
13339 1215
14589 2679
15596 2743
17004 457
18030 3057
19074 2832
20081 3092
21159 1956
22166 218
23300 236
24308 324
25536 187
26917 631
27924 668
29333 2233
30578 3116
31585 1581
32993 2900
34012 230
35020 208
36056 2339
37116 1598
38124 1018
39230 1008
40237 1973
41418 2173
42426 3108
43733 3100
45141 2674
46258 967
47453 535
48778 1477
49786 1728
51194 2766
52346 993
53354 1369
54613 896
56021 697
57059 2885
58066 3026
59133 2924
60245 622
61253 264
62445 3116
63764 2205
64772 2386
66180 240
67323 3120
68562 1019
69960 1916
70967 3081
72376 2431
73649 227
74657 280
76065 1914
77131 2905
78139 3106
79254 3108
80262 3098
81459 3109
82789 183
83796 874
85205 161
86364 1682
87372 2545
88643 3106
89650 3099
91059 2286
92121 3035
93224 2672
94397 1709
95685 3119
97093 450
98179 1050
99186 1084
100334 2603
101341 3038
102592 3048
103600 2162
105008 3034
106036 835
107044 550
108096 694
109103 928
110196 3094
111203 1948
112362 3163
113369 2552
114638 2570
115646 1364
117054 3099
118114 3125
119121 2592
120225 251
121233 492
122411 3110
123418 2223
124720 2726
126128 180
127237 349
128245 213
129431 1827
130439 449
131754 1454
133162 2077
134294 1868
135301 1828
136525 403
137533 256
138911 3005
139918 3115
141326 2935
142567 2212
143969 427
144976 358
146384 2757
147664 1569
149072 3045
150143 1196
151261 248
152269 985
153471 1753
154479 1697
155821 999
156829 907
158237 481
159418 3022
160426 3128
161733 516
162741 3076
164149 2191
165271 3004
166475 2606
167815 162
169223 2382
170395 2494
171403 1581
172695 3130
173702 2623
175110 2352
176207 2802
177215 2894
178381 2488
179658 766
181066 2326
182133 337
183141 1710
184258 1809
185266 453
186466 1099
187799 270
189208 3142
190369 1297
191377 391
192651 689
194059 183
195122 327
196227 2174
197234 2948
198414 1343
199421 1539
200725 1189
201733 2651
203141 3070
204258 1161
205454 656
206461 1432
207792 327
208799 274
210208 2913
211369 537
212377 2975
213651 333
214658 327
216066 2009
217134 3141
218141 3070
219259 1369
220266 2457
221467 215
222475 599
223814 1232
224822 986
226230 3057
227407 3145
228701 2708
229708 2885
231116 3138
232217 1110
233385 189
234665 2300
236073 438
237145 735
238153 1402
239278 1731
240285 1433
241499 3121
242506 911
243867 2616
244875 2829
246283 406
247495 662
248502 211
249860 2043
250868 2554
252276 2538
253483 613
254490 505
255840 581
256848 140
258256 2968
259450 429
260773 222
261781 1395
263189 1101
264339 966
265346 1064
266600 1397
267608 452
269016 1714
270049 305
271105 1860
272113 163
273211 3049
274219 3070
275388 3019
276670 3121
277677 3007
279086 310
280166 2727
281300 2151
282307 382
283535 224
284543 215
285927 774
286935 434
288343 2980
289595 891
291003 2990
292029 2519
293036 2996
294084 3109
295091 2728
296175 2184
297183 2001
298328 2576
299335 3041
300582 1031
301590 2311
302998 2952
304020 3033
305056 425
306064 1015
307129 1890
308238 2889
309246 2620
310433 2997
311744 2685
313152 2334
314277 3048
315285 3026
316497 2097
317505 1091
318865 2069
319872 2559
321280 3112
322490 893
323841 314
325249 440
326438 285
327445 243
328765 2604
329773 1642
331181 3095
332325 1731
333564 3063
334964 2393
335971 2213
337380 3115
338656 289
339663 488
341072 900
342143 2570
343261 3117
344458 3127
345786 3098
346794 3110
348202 333
349360 2060
350623 3039
351631 2446
353039 3103
354088 2621
355096 3111
356183 562
357190 669
358340 2501
359348 2757
360603 1006
361611 3087
363019 3020
364055 306
365062 1390
366127 211
367134 226
368247 2769
369254 2042
370447 179
371768 580
373176 207
374317 315
375551 2560
376559 2612
377955 214
378962 210
380371 2982
381641 967
382648 2908
384056 2930
385117 482
386219 430
387226 167
388400 2859
389408 3017
390702 1800
392111 2861
393207 1486
394215 295
395381 2157
396389 2146
397671 2989
398679 3040
400087 1017
401168 2355
402176 170
403316 2190
404324 1359
405563 437
406962 2574
408370 2186
409639 2859
411048 3105
412102 3106
413110 2720
414206 3107
415214 3105
416380 2916
417656 289
418664 226
420072 3088
421143 180
422262 1253
423459 2695
424467 978
425801 1028
426808 1699
428216 2969
429384 2608
430391 2790
431676 3098
433084 3111
434163 195
435170 393
436307 1567
437535 1902
438542 2429
439927 2978
440934 1868
442342 2620
443594 2032
444601 3113
446010 418
447039 2731
448047 1474
449101 355
450109 188
451204 3109
452212 2860
453376 507
454384 1816
455663 2366
457071 449
458141 2178
459258 559
460454 1407
461779 463
463188 149
464336 406
465583 273
466590 216
467999 2508
469021 819
470058 480
471065 1062
472132 3023
473140 3105
474256 2931
475450 3047
476457 3069
477785 3049
478793 2598
480201 299
481358 3101
482365 2062
483632 3112
484640 3072
486048 2361
487103 1823
488195 2893
489202 2569
490360 1683
491368 3153
492636 3083
493644 3129
495052 2274
496110 1009
497117 2273
498218 1436
499226 2433
500399 525
501407 194
502701 749
504109 799
505206 3092
506213 2915
507378 3020
508654 2027
509661 2260
511069 2935
512139 176
513146 1895
514267 3090
515275 2914
516481 2994
517488 2999
518837 157
519844 270
521253 1034
522444 2670
523452 592
524776 730
525784 1935
527192 799
528343 3107
529595 278
530602 1267
532011 330
533041 2999
534091 505
535099 1833
536188 685
537195 692
538349 813
539604 2264
541013 3098
542044 3103
543052 490
544109 519
545117 681
546218 437
547225 1085
548399 2022
549688 3010
550695 2012
552104 2897
553196 305
554203 350
555362 2995
556369 1932
557639 3092
558646 3087
560055 366
561114 479
562213 224
563221 2887
564391 2906
565675 1402
566683 1984
568091 2944
569175 3119
570182 2821
571327 233
572567 2489
573969 1672
575377 298
576651 207
577659 621
579067 2409
580135 2395
581143 1798
582261 2838
583268 687
584470 2645
585807 327
586814 177
588223 2411
589394 3123
590680 3120
592088 3106
593170 329
