1.92	3472.46
18.93	3415.15
35.35	3358.14
51.76	3305.68
68.17	3251.50
84.65	3200.78
101.07	3149.48
117.50	3099.87
133.84	3049.70
150.28	3002.23
166.73	2956.00
183.09	2909.00
199.50	2863.67
215.87	2820.76
232.28	2776.03
248.79	2734.92
265.12	2693.21
281.57	2652.15
298.00	2612.14
314.42	2572.53
330.89	2533.01
347.29	2497.28
363.75	2459.50
380.17	2422.65
396.50	2386.18
413.04	2352.65
429.29	2319.12
445.89	2285.54
462.26	2252.03
478.60	2220.89
495.12	2188.73
511.45	2156.89
527.85	2126.00
544.29	2095.12
560.67	2066.39
577.15	2038.50
593.50	2010.07
609.92	1982.53
626.43	1955.57
642.78	1929.57
659.25	1901.50
675.60	1876.15
692.06	1851.21
708.57	1825.59
724.89	1802.39
741.35	1778.78
757.76	1756.14
774.12	1733.09
790.64	1710.62
807.01	1687.06
823.50	1665.87
839.87	1645.21
856.31	1624.23
872.85	1603.00
889.17	1586.10
905.68	1563.81
922.01	1545.15
938.39	1527.45
954.98	1509.20
971.26	1490.20
987.67	1470.98
1004.20	1454.85
1020.56	1437.46
1037.07	1420.78
1053.48	1404.31
1069.81	1387.79
1086.29	1372.07
1102.70	1356.10
1119.21	1340.42
1135.57	1325.59
1151.93	1312.23
1168.37	1296.40
1184.78	1282.48
1201.31	1269.06
1217.68	1255.50
1234.01	1241.70
1250.51	1227.84
1266.89	1215.73
1283.32	1203.06
1299.75	1190.95
1316.17	1178.04
1332.67	1166.57
1349.01	1154.29
1365.54	1143.79
1381.89	1131.21
1398.31	1120.37
1414.82	1108.51
1431.10	1099.62
1447.56	1087.48
1463.98	1077.78
1480.35	1070.84
1496.81	1057.59
1513.23	1047.65
1529.65	1039.51
1546.07	1030.07
1562.53	1020.48
1579.00	1010.64
1595.32	1002.76
1611.87	993.46
1628.29	985.12
1644.70	977.23
1661.23	968.84
1677.51	961.31
1693.95	952.70
1710.45	944.71
1726.79	938.15
1743.28	930.45
1759.71	922.76
1776.12	916.78
1792.59	909.67
1808.93	900.85
1825.48	895.00
1841.81	887.96
1858.18	880.62
1874.76	874.84
1891.04	868.90
1907.56	863.76
1923.89	857.21
1940.25	851.53
1956.75	845.96
1973.06	838.35
1989.56	834.56
2005.89	828.84
2022.34	821.29
2038.90	817.70
2055.18	813.50
2071.75	807.62
2088.06	802.64
2104.42	796.85
2121.00	792.45
2137.23	787.32
2153.68	783.64
2170.12	779.09
2186.42	774.12
2203.03	769.65
2219.28	765.14
2235.68	759.50
2252.15	757.18
2268.48	752.21
2285.14	749.21
2301.45	745.60
2317.79	740.45
2334.29	737.14
2350.59	732.92
2367.15	730.78
2383.50	726.29
2399.85	723.12
2416.42	720.50
2432.68	717.48
2449.18	712.96
2465.60	710.45
2481.92	705.79
2498.50	704.00
2514.71	701.17
2531.26	697.73
2547.67	693.59
2563.96	691.42
2580.59	689.43
2596.81	686.64
2613.31	682.93
2629.79	679.98
2646.10	677.51
2662.68	674.78
2678.93	670.76
2695.39	670.85
2711.81	667.60
2728.15	664.34
2744.68	662.96
2760.98	660.73
2777.42	658.20
2793.92	655.65
2810.34	653.93
2826.93	651.85
2843.25	649.59
2859.65	648.82
2876.14	645.26
2892.48	644.03
2909.09	640.10
2925.45	640.18
2941.78	636.75
2958.35	636.54
2974.65	633.32
2991.09	632.21
3007.56	631.93
3023.89	627.46
3040.40	627.85
3056.79	623.82
3073.25	622.78
3089.67	622.12
3105.96	621.28
3122.67	619.96
3138.93	618.45
3155.34	615.67
3171.78	614.93
3188.14	613.45
3204.68	612.23
3220.96	610.32
3237.37	608.57
3253.79	607.64
3270.14	606.71
3286.70	606.25
3302.98	604.60
3319.42	602.85
3335.89	601.39
3352.25	600.93
3368.81	598.87
3385.15	598.46
3401.51	597.18
3418.00	595.48
3434.32	594.39
3450.82	594.31
3467.25	593.25
3483.56	590.85
3500.03	590.65
3516.35	590.26
3532.85	587.40
3549.29	587.71
3565.68	587.12
3582.18	585.75
3598.51	585.35
3614.95	584.39
3631.53	582.18
3647.87	581.84
3664.46	582.48
3680.82	581.45
3697.17	579.76
3713.64	577.82
3730.00	577.48
3746.51	576.93
3762.87	576.54
3779.23	574.62
3795.70	574.84
3812.09	573.81
3828.53	573.57
3844.96	571.48
3861.29	571.96
3877.84	572.71
3894.21	570.35
3910.62	570.37
3927.07	569.68
3943.32	569.10
3959.82	568.17
3976.23	568.54
3992.60	567.29
4009.04	566.79
4025.39	565.76
4041.93	566.18
4058.31	567.06
4074.73	564.21
4091.14	564.15
4107.56	562.92
4124.06	564.15
4140.42	563.18
4156.79	562.78
4173.31	563.04
4189.64	560.37
4206.10	560.65
4222.51	560.70
4238.85	558.68
4255.32	558.62
4271.67	560.62
4288.20	558.12
4304.65	558.50
4321.04	557.39
4337.48	556.84
4353.82	559.14
4370.29	556.82
4386.70	556.43
4403.06	555.37
4419.48	557.20
4435.89	555.17
4452.29	553.59
4468.79	554.79
4485.15	554.10
4501.60	554.20
4518.01	553.71
4534.45	554.00
4550.87	553.07
4567.28	553.00
4583.76	552.12
4600.12	552.50
4616.62	551.51
4633.07	553.09
4649.42	550.96
4665.85	550.62
4682.25	551.31
4698.62	550.73
4715.04	550.64
4731.42	550.17
4747.89	548.64
4764.29	548.50
4780.75	548.73
4797.23	549.43
4813.64	548.65
4830.10	549.46
4846.54	548.04
4862.85	548.31
4879.37	547.20
4895.78	545.48
4912.25	547.95
4928.62	548.35
4944.93	546.60
4961.42	546.57
4977.84	546.70
4994.28	546.64
5010.68	545.10
5027.03	547.23
5043.48	545.46
5059.85	545.37
5076.28	544.65
5092.71	543.98
5109.06	545.14
5125.54	545.03
5141.89	544.28
5158.29	544.00
5174.70	543.70
5191.06	541.54
5207.54	544.04
5223.93	543.65
5240.28	544.67
5256.67	544.09
5273.07	543.60
5289.54	542.95
5305.96	542.90
5322.39	543.34
5338.85	542.54
5355.21	542.34
5371.73	541.23
5388.18	541.31
5404.48	544.34
5421.09	541.23
5437.48	542.40
5453.85	541.95
5470.34	541.32
5486.65	541.39
5503.15	542.93
5519.53	541.68
5535.87	541.42
5552.40	541.59
5568.79	541.68
5585.39	540.78
5601.73	542.81
5618.15	540.34
5634.73	541.00
5651.01	541.68
5667.51	541.10
5683.92	540.26
5700.21	541.03
5716.79	540.70
5733.06	540.07
5749.51	539.93
5765.96	540.37
5782.31	539.87
5798.84	541.29
5815.14	540.54
5831.54	540.00
5848.06	541.12
5864.43	540.17
5880.90	539.62
5897.25	541.04
5913.62	539.48
5930.10	540.68
5946.46	539.07
5962.90	540.10
5979.29	539.50
5995.65	539.12
6012.15	540.09
6028.48	536.84
6045.09	539.82
6061.46	537.93
6077.90	539.01
6094.37	537.67
6110.71	538.32
6127.20	539.56
6143.56	538.67
6159.93	538.76
6176.50	538.92
6192.78	539.64
6209.28	539.20
6225.75	537.75
6242.12	537.93
6258.54	538.01
6274.84	538.37
6291.37	537.75
6307.78	538.65
6324.15	539.84
6340.56	538.50
6356.87	537.53
6373.39	540.12
6389.81	537.26
6406.20	538.50
6422.62	539.81
6438.96	538.73
6455.45	536.56
6471.84	539.35
6488.20	538.17
6504.70	534.79
6521.06	537.65
6537.50	538.50
6553.85	537.26
6570.26	537.75
6586.73	537.64
6603.04	537.28
6619.64	537.51
6636.01	537.56
6652.39	537.50
6668.90	538.12
6685.18	536.68
6701.65	536.06
6718.03	536.95
6734.39	538.56
6751.04	537.48
6767.34	536.51
6783.75	536.50
6800.20	536.46
6816.46	536.70
6833.01	535.65
6849.39	536.54
6865.76	536.85
6882.23	535.53
6898.57	536.50
6915.10	536.56
6931.50	537.37
6947.82	537.26
6964.29	536.15
6980.70	536.35
6997.25	537.75
7013.59	535.85
7029.95	536.43
7046.43	537.59
7062.76	536.39
7079.25	537.29
7095.62	536.42
7111.92	537.60
7128.42	537.31
7144.78	536.70
7161.23	536.73
7177.62	535.35
7193.90	535.56
7210.46	536.12
7226.84	535.93
7243.23	536.04
7259.60	536.87
7275.92	536.09
7292.45	535.46
7308.85	535.70
7325.25	535.04
7341.71	535.85
7358.03	535.93
7374.53	536.70
7391.01	535.48
7407.39	536.23
7423.81	535.71
7440.20	536.07
7456.70	536.18
7473.10	535.17
7489.39	536.07
7505.90	535.29
7522.23	536.34
7538.71	537.56
7555.07	535.82
7571.42	536.12
7587.98	535.89
7604.32	535.57
7620.85	535.43
7637.25	535.20
7653.57	535.75
7670.06	534.01
7686.50	535.57
7702.90	535.93
7719.31	535.59
7735.64	535.54
7752.15	538.06
7768.56	535.48
7785.00	534.98
7801.45	534.09
7817.79	536.07
7834.26	536.26
7850.75	535.76
7867.18	536.28
7883.57	535.92
7899.90	535.28
7916.35	535.92
7932.79	535.67
7949.18	535.90
7965.62	535.40
7981.95	535.46
7998.42	535.57
8014.81	534.43
8031.23	537.18
8047.71	532.60
8064.03	560.21
8080.51	613.12
8096.87	669.28
8113.34	723.31
8129.79	774.45
8146.09	828.93
8162.57	879.39
8178.98	930.21
8195.34	978.68
8211.84	1027.03
8228.20	1074.51
8244.65	1120.12
8261.00	1164.68
8277.32	1209.92
8293.81	1252.50
8310.23	1295.04
8326.65	1336.56
8343.06	1378.89
8359.37	1417.70
8375.82	1456.26
8392.25	1496.18
