2 1047
105 1084
172 1127
238 1163
305 1191
371 1231
437 1260
504 1287
570 1311
637 1333
703 1349
769 1362
836 1375
902 1381
969 1384
1036 1385
1102 1383
1169 1373
1235 1360
1302 1342
1368 1322
1434 1302
1501 1274
1567 1243
1634 1204
1700 1166
1766 1122
1833 1082
1899 1028
1966 977
2065 891
2131 835
2198 775
2264 713
2331 647
2397 587
2463 514
2530 428
2596 380
2663 312
2729 247
2795 188
2862 147
2928 131
3003 134
3069 134
3135 142
3202 156
3268 165
3335 185
3401 205
3467 225
3534 249
3600 274
3667 304
3733 331
3799 365
3866 399
3932 436
4000 477
4066 515
4132 560
4199 602
4265 645
4332 691
4398 733
4464 786
4531 830
4597 876
4664 921
4730 964
4796 1011
4863 1053
4929 1094
5004 1139
5071 1177
5137 1212
5204 1245
5270 1277
5336 1304
5403 1329
5469 1351
5536 1373
5602 1387
5668 1399
5735 1406
5801 1408
5868 1411
5934 1407
6001 1399
6068 1388
6134 1374
6201 1366
6267 1331
6333 1304
6400 1281
6466 1246
6533 1201
6599 1156
6665 1114
6732 1064
6798 1011
6865 958
6931 898
7007 831
7074 785
7140 703
7207 639
7273 570
7339 501
7406 432
7472 364
7539 296
7605 229
7671 172
7738 139
7804 127
7871 131
7937 135
8004 146
8071 160
8137 173
8204 191
8270 210
8336 231
8403 254
8469 281
8536 308
8602 341
8668 375
8735 408
8801 446
8868 485
8934 526
9012 577
9079 620
9145 665
9212 712
9278 757
9344 802
9411 849
9477 894
9544 943
9610 987
9676 1033
9743 1075
9809 1117
9876 1155
9942 1195
10009 1222
10076 1262
10142 1288
10209 1318
10275 1342
10341 1364
10408 1381
10474 1395
10541 1405
10607 1414
10673 1414
10740 1414
10806 1408
10873 1402
10939 1385
11021 1367
11087 1351
11154 1317
11220 1286
11286 1251
11353 1217
11419 1177
11485 1130
11552 1082
11618 1036
11685 976
11751 920
11817 860
11884 797
11950 734
12018 666
12084 596
12151 528
12217 451
12283 386
12350 316
12416 247
12483 185
12549 143
12615 130
12682 127
12748 131
12814 142
12881 151
12947 163
13035 172
13101 208
13167 230
13234 253
13300 278
13367 307
13433 336
13499 372
13566 403
13632 443
13698 478
13765 520
13831 561
13898 605
13964 648
14032 695
14098 739
14164 786
14231 833
14297 878
14364 922
14430 968
14496 1011
14563 1052
14629 1092
14696 1131
14762 1165
14828 1202
14895 1236
14961 1264
15058 1301
15124 1325
15190 1344
15257 1360
15323 1374
15390 1381
15456 1387
15522 1386
15589 1388
15655 1378
15722 1367
15788 1354
15854 1340
15921 1312
15990 1284
16057 1255
16123 1220
16190 1182
16256 1140
16322 1098
16389 1050
16455 994
16521 941
16588 883
16654 823
16721 761
16787 697
16853 633
16920 567
16987 495
17054 432
17120 358
17187 287
17253 225
17319 168
17386 137
17452 127
17519 128
17585 139
17651 149
17718 157
17784 173
17850 195
17917 212
17985 231
18051 254
18118 279
18184 307
18251 339
18317 372
18383 406
18450 442
18516 481
18583 519
18649 562
18715 613
18782 649
18848 694
18915 739
18981 788
19048 829
19115 874
19181 918
19248 963
19314 1004
19380 1045
19447 1091
19513 1125
19580 1183
19646 1196
19712 1227
19779 1257
19845 1282
19912 1307
19978 1326
20045 1345
20112 1360
20178 1366
20245 1377
20311 1381
20377 1380
20444 1376
20510 1368
20577 1355
20643 1338
20709 1318
20776 1296
20842 1267
20909 1237
20975 1201
21042 1159
21109 1112
21175 1070
21242 1032
21308 970
21374 917
21441 857
21507 802
21574 739
21640 674
21706 608
21773 543
21839 477
21906 425
21972 337
22076 239
22142 178
22209 143
22275 129
22341 130
22408 135
22474 146
22540 158
22607 171
22673 187
22740 209
22806 228
22872 255
22939 275
23006 304
23073 336
23139 367
23206 403
23272 444
23338 480
23405 518
23471 556
23538 603
23604 649
23670 693
23737 740
23803 785
23869 832
23936 877
24016 930
24082 975
24148 1039
24215 1064
24281 1104
24348 1140
24414 1183
24480 1215
24547 1248
24613 1278
24680 1307
24746 1329
24812 1352
24879 1368
24945 1385
25013 1399
25079 1404
25145 1408
25212 1408
25278 1405
25345 1397
25411 1386
25477 1370
25544 1350
25610 1326
25677 1298
25743 1268
25809 1233
25876 1191
25942 1150
26026 1095
26092 1044
26159 988
26225 935
26292 873
26358 816
26424 753
26491 687
26557 623
26624 555
26690 486
26756 416
26823 345
26889 280
26955 208
27023 162
27089 134
27156 127
27222 130
27289 137
27355 144
27421 161
27488 176
27554 190
27621 216
27687 237
27753 262
27820 286
27886 316
27953 347
28043 395
28110 431
28176 471
28243 502
28309 556
28375 595
28442 642
28508 684
28574 731
28641 781
28707 828
28774 874
28840 920
28906 964
28973 1010
29077 1078
29144 1120
29210 1157
29276 1195
29343 1233
29409 1266
29476 1295
29542 1321
29608 1346
29675 1368
29741 1385
29807 1401
29874 1413
29940 1417
30023 1419
30089 1420
30156 1412
30222 1404
30288 1387
30355 1370
30421 1347
30488 1325
30554 1289
30620 1261
30687 1222
30753 1181
30820 1135
30886 1086
30952 1047
31043 960
31110 902
31176 840
31242 777
31309 715
31375 643
31441 577
31508 508
31574 439
31641 366
31707 294
31773 229
31840 169
31906 139
31973 128
32040 126
32107 136
32173 144
32239 159
32306 174
32372 190
32439 206
32505 231
32571 251
32638 279
32704 307
32770 340
32837 370
32903 405
32970 444
33072 500
33138 543
33205 586
33271 630
33337 675
33404 723
33470 765
33537 810
33603 856
33669 902
33736 948
33802 990
33869 1034
33935 1077
34014 1120
34081 1159
34147 1193
34213 1228
34280 1259
34346 1284
34413 1310
34479 1333
34545 1354
34612 1366
34678 1378
34744 1387
34811 1391
34877 1386
34944 1389
35011 1379
35078 1367
35144 1353
35210 1332
35277 1310
35343 1278
35410 1251
35476 1206
35542 1179
35609 1135
35675 1089
35742 1038
35808 990
35874 930
35941 875
36024 797
36090 734
36156 669
36223 604
36289 534
36356 466
36422 397
36488 327
36555 288
36621 196
36688 149
36754 135
36820 125
36887 131
36953 140
37044 158
37111 173
37177 189
37243 202
37310 226
37376 250
37443 275
37509 302
37575 337
37642 365
37708 399
37775 441
37841 474
37907 510
37974 556
38041 597
38108 642
38174 686
38241 728
38307 775
38373 822
38440 869
38506 909
38572 953
38639 994
38705 1037
38772 1079
38838 1117
38904 1145
38971 1189
39074 1234
39140 1267
39207 1290
39273 1315
39339 1332
39406 1349
39472 1362
39539 1372
39605 1376
39671 1378
39738 1376
39804 1371
39871 1357
39937 1347
40004 1327
40071 1305
40137 1282
40204 1253
40270 1220
40336 1183
40403 1145
40469 1099
40536 1055
40602 1004
40668 950
40735 893
40801 836
40868 776
40934 716
41012 640
41079 572
41145 504
41212 437
41278 366
41344 301
41411 236
41477 175
41544 143
41610 129
41676 128
41743 134
41809 148
41876 157
41942 172
42009 189
42076 208
42142 229
42209 251
42275 292
42341 308
42408 334
42474 358
42541 402
42607 439
42673 473
42740 519
42806 560
42873 604
42939 648
43021 706
43087 749
43154 793
43220 841
43286 887
43353 933
43419 979
43485 1023
43552 1064
43618 1105
43685 1146
43751 1183
43817 1218
43884 1250
43950 1284
44018 1310
44084 1334
44151 1355
44217 1381
44283 1387
44350 1398
44416 1407
44483 1409
44549 1411
44615 1406
44682 1397
44748 1383
44814 1371
44881 1350
44947 1326
45035 1288
45101 1258
45167 1220
45234 1180
45300 1137
45367 1088
45433 1038
45499 989
45566 930
45632 875
45698 811
45765 746
45831 685
45898 617
45964 550
46032 480
46098 412
46164 338
46231 275
46297 211
46364 162
46430 136
46496 127
46563 129
46629 140
46696 150
46762 164
46828 180
46895 196
46961 215
47058 250
47124 272
47190 305
47257 333
47323 364
47390 402
47456 439
47522 479
47589 521
47655 565
47722 610
47788 652
47854 700
47921 746
47990 795
48057 842
48123 887
48190 943
48256 985
48322 1032
48389 1076
48455 1121
48521 1158
48588 1204
48654 1238
48721 1273
48787 1306
48853 1338
48920 1364
48987 1387
49054 1411
49120 1430
49187 1440
49253 1452
49319 1457
49386 1457
49452 1458
49519 1450
49585 1441
49651 1426
49718 1408
49784 1384
49850 1358
49917 1326
49985 1292
50051 1258
50118 1208
50184 1163
50251 1115
50317 1063
50383 1006
50450 953
50516 887
50583 824
50649 758
50715 689
50782 619
50848 549
50915 478
50981 405
51048 340
51115 262
51181 200
51248 148
51314 128
51380 122
51447 132
51513 141
51580 152
51646 165
51712 181
51779 199
51845 223
51912 242
51978 266
52045 299
52112 326
52178 355
52245 393
52311 431
52377 469
52444 511
52510 551
52577 594
52643 636
52709 689
52776 734
52842 780
52909 829
52975 872
53042 921
53109 967
53175 1008
53242 1056
53308 1102
53374 1139
53441 1179
53507 1216
53574 1249
53640 1282
53706 1312
53773 1352
53839 1362
53906 1382
53972 1399
54076 1417
54142 1424
54209 1427
54275 1427
54341 1423
54408 1414
54474 1397
54540 1383
54607 1368
54673 1337
54740 1308
54806 1276
54872 1239
54939 1197
55006 1150
55073 1102
55139 1051
55206 997
55272 940
55338 880
55405 817
55471 753
55538 687
55604 615
55670 546
55737 475
55803 402
55869 332
55936 260
56016 184
56082 148
56148 130
56215 129
56281 132
56348 141
56414 153
56480 168
56547 184
56613 203
56680 222
56746 242
56812 273
56879 279
56945 328
57013 361
57079 395
57145 433
57212 469
57278 512
57345 553
57411 594
57477 639
57544 683
57610 729
57677 774
57743 821
57809 868
57876 911
57942 962
58026 1015
58092 1058
58159 1095
58225 1134
58292 1172
58358 1207
58424 1238
58491 1271
58557 1299
58624 1327
58690 1344
58756 1363
58823 1380
58889 1389
58955 1396
59023 1399
59089 1400
59156 1393
59222 1390
59289 1376
59355 1359
59421 1339
59488 1317
59554 1286
59621 1255
59687 1218
59753 1181
59820 1137
59886 1092
59953 1049
60043 971
60110 913
60176 856
60243 793
60309 730
60375 664
60442 598
60508 531
60574 468
60641 387
60707 324
60774 250
60840 194
60906 148
60973 128
61077 129
61144 138
61210 147
61276 161
61343 166
61409 193
61476 214
61542 234
61608 257
61675 284
61741 311
61807 346
61874 372
61940 411
62023 458
62089 499
62156 539
62222 583
62288 629
62355 672
62421 715
62488 764
62554 809
62620 857
62687 902
62753 949
62820 993
62886 1037
62952 1075
63043 1135
63110 1170
63176 1209
63242 1237
63309 1274
63375 1304
63441 1330
63508 1358
63574 1372
63641 1389
63707 1400
63773 1409
63840 1416
63906 1417
63973 1417
64040 1407
64107 1400
64173 1384
64239 1366
64306 1344
64372 1318
64439 1287
64505 1260
64571 1216
64638 1175
64704 1128
64770 1083
64837 1028
64903 963
64970 922
65072 828
65138 746
65205 698
65271 630
65337 566
65404 495
65470 424
65537 354
65603 286
65669 220
65736 168
65802 134
65869 129
65935 134
66014 138
66081 149
66147 156
66213 178
66280 196
66346 214
66413 238
66479 262
66545 289
66612 319
66678 348
66744 387
66811 423
66877 461
66944 503
67011 544
67078 586
67144 632
67210 678
67277 730
67343 771
67410 820
67476 866
67542 914
67609 960
67675 1006
67742 1053
67808 1099
67874 1112
67941 1176
68024 1241
68090 1258
68156 1289
68223 1320
68289 1348
68356 1372
68422 1388
68488 1409
68555 1426
68621 1431
68688 1438
68754 1442
68820 1439
68887 1434
68953 1423
69044 1403
69111 1383
69177 1359
69243 1331
69310 1300
69376 1263
69443 1218
69509 1179
69575 1134
69642 1083
69708 1031
69775 975
69841 915
69907 851
69974 788
70041 720
70108 652
70174 584
70241 511
70307 442
70373 351
70440 297
70506 228
70572 159
70639 134
70705 125
70772 127
70838 137
70904 161
70971 158
71074 183
71140 201
71207 220
71273 243
71339 268
71406 297
71472 326
71539 360
71605 396
71671 430
71738 468
71804 512
71871 552
71937 593
72004 645
72071 687
72137 717
72204 781
72270 828
72336 874
72403 921
72469 967
72536 1010
72602 1056
72668 1093
72735 1136
72801 1179
72868 1214
72934 1248
73012 1285
73079 1313
73145 1342
73212 1363
73278 1380
73344 1414
73411 1406
73477 1415
73544 1419
73610 1418
73676 1416
73743 1407
73809 1396
73876 1380
73942 1360
74009 1338
74076 1309
74142 1277
74209 1242
74275 1203
74341 1161
74408 1112
74474 1055
74541 1009
74607 954
74673 886
74740 834
74806 771
74873 708
74939 634
75021 554
75087 482
75154 413
75220 344
75286 269
75353 205
75419 159
75485 130
75552 127
75618 130
75685 137
75751 151
75817 164
75884 179
75950 196
76018 216
76084 238
76151 266
76217 289
76283 319
76350 350
76416 383
76483 419
76549 464
76615 496
76682 538
76748 568
76814 624
76881 667
76947 727
77035 773
77101 826
77167 864
77234 910
77300 954
77367 999
77433 1041
77499 1072
77566 1122
77632 1162
77698 1194
77765 1229
77831 1259
77898 1289
77964 1309
78032 1335
78098 1352
78164 1371
78231 1381
78297 1327
78364 1394
78430 1396
78496 1391
78563 1384
78629 1373
78696 1360
78762 1341
78828 1317
78895 1289
78961 1260
79058 1207
79124 1168
79190 1121
79257 1077
79323 1031
79390 975
79456 921
79522 863
79589 800
79655 735
79722 675
79788 607
79854 539
79921 470
79990 398
80057 329
80123 263
80190 192
80256 154
80322 130
80389 126
80455 132
80521 140
80588 157
80654 168
80721 181
80787 198
80853 221
80920 238
80987 261
81054 291
81120 322
81187 354
81253 387
81319 426
81386 458
81452 502
81519 542
81585 585
81651 629
81718 672
81784 719
81850 763
81917 811
81985 858
82051 905
82118 950
82184 994
82251 1039
82317 1080
82383 1122
82450 1164
82516 1198
82583 1234
82649 1265
82715 1297
82782 1321
82848 1347
82915 1368
82981 1374
83048 1399
83115 1411
83181 1416
83248 1418
83314 1411
83380 1413
83447 1405
83513 1385
83580 1374
83646 1355
83712 1329
83779 1299
83845 1266
83912 1230
83978 1192
84045 1148
84112 1099
84178 1049
84245 995
84311 939
84377 881
84444 822
84510 757
84577 691
84643 623
84709 556
84776 488
84842 418
84909 349
84975 279
85042 212
85109 164
85175 133
85242 126
85308 127
85374 149
85441 148
85507 162
85574 180
85640 195
85706 214
85773 234
85839 261
85906 289
85972 319
86076 367
86142 405
86209 440
86275 481
86341 524
86408 565
86474 602
86540 656
86607 701
86673 739
86740 795
86806 842
86872 893
86939 936
87006 982
87073 1032
87139 1074
87206 1120
87272 1156
87338 1199
87405 1232
87471 1268
87538 1298
87604 1329
87670 1356
87737 1378
87803 1394
87869 1414
87936 1426
88016 1436
88082 1440
88148 1440
88215 1440
88281 1434
88348 1418
88414 1401
88480 1382
88547 1357
88613 1329
88680 1297
88746 1260
88812 1221
88879 1180
88945 1132
89013 1088
89079 1028
89145 971
89212 912
89278 851
89345 804
89411 721
89477 650
89544 583
89610 515
89677 440
89743 369
89809 299
89876 230
89942 172
90026 133
90092 124
90159 129
90225 135
90292 147
90358 160
90424 175
90491 194
90557 212
90624 235
90690 260
90756 287
90823 315
90889 348
90955 383
91023 419
91089 458
91156 497
91222 541
91289 582
91355 628
91421 670
91488 720
91554 768
91621 813
91687 860
91753 908
91820 951
91886 998
91953 1046
92043 1101
92110 1140
92176 1181
92243 1214
92309 1248
92375 1277
92442 1310
92508 1336
92574 1361
92641 1378
92707 1396
92774 1405
92840 1414
92906 1419
92973 1417
93077 1416
93144 1408
93210 1388
93276 1372
93343 1346
93409 1324
93476 1291
93542 1259
93608 1222
93675 1180
93741 1137
93807 1086
93874 1034
93940 980
94023 886
94089 848
94156 785
94222 734
94288 652
94355 584
94421 511
94488 438
94554 372
94620 304
94687 233
94753 173
94820 137
94886 127
94952 127
95043 137
95110 143
95176 163
95242 178
95309 194
95375 212
95441 236
95508 260
95574 285
95641 316
95707 345
95773 407
95840 414
95906 455
95973 492
96040 534
96107 579
96173 622
96239 663
96306 710
96372 757
96439 801
96505 848
96571 894
96638 938
96704 978
96770 1026
96837 1067
96903 1112
96970 1148
97072 1201
97138 1234
97205 1264
97271 1292
97337 1315
97404 1338
97470 1359
97537 1374
97603 1383
97669 1392
97736 1395
97802 1395
97869 1392
97935 1384
98014 1375
98081 1352
98147 1333
98213 1309
98280 1278
98346 1245
98413 1213
98479 1173
98545 1129
98612 1084
98678 1035
98744 976
98811 925
98877 867
98944 807
99011 742
99078 679
99144 613
99210 546
99277 475
99343 402
99410 336
99476 268
99542 204
99609 155
99675 135
99742 124
99808 129
99874 138
99941 151
100024 168
100090 184
100156 201
100223 223
100289 242
100356 271
100422 288
100488 327
100555 358
100621 392
100688 428
100754 467
100820 507
100887 549
100953 590
101044 651
101111 695
101177 741
101243 786
101310 832
101376 878
101443 924
101509 966
101575 1013
101642 1055
101708 1096
101775 1136
101841 1171
101907 1208
101974 1246
102041 1275
102108 1303
102174 1325
102241 1349
102307 1367
102373 1371
102440 1395
102506 1403
102572 1393
102639 1409
102705 1406
102772 1401
102838 1386
102904 1372
102971 1357
103074 1314
103140 1288
103207 1258
103273 1216
103339 1171
103406 1135
103472 1101
103539 1038
103605 986
103671 931
103738 872
103804 812
103871 745
103937 686
104004 617
104071 550
104137 479
104204 409
104270 343
104336 274
104403 211
104469 152
104536 135
104602 128
104668 138
104735 138
104801 151
104868 169
104934 181
105012 200
105079 220
105145 242
105212 269
105278 294
105344 321
105411 358
105477 391
105544 429
105610 469
105676 507
105743 551
105809 594
105876 641
105942 686
106009 732
106076 779
106142 825
106209 875
106275 920
106341 967
106408 1012
106474 1049
106541 1100
106607 1141
106673 1180
106740 1221
106806 1253
106873 1286
106939 1316
107021 1349
107087 1372
107154 1392
107220 1409
107286 1422
107353 1432
107419 1437
107485 1440
107552 1440
107618 1430
107685 1420
107751 1409
107817 1390
107884 1364
107950 1337
108018 1307
108084 1270
108151 1235
108217 1191
108283 1147
108350 1096
108416 1047
108483 985
108549 934
108615 870
108682 808
108748 739
108814 678
108881 607
108947 537
109035 441
109101 372
109167 302
109234 234
109300 175
109367 135
109433 124
109499 127
109566 134
109632 145
109698 156
109765 173
109831 189
109898 201
109964 229
110032 252
110098 271
110164 305
110231 338
110297 367
110364 408
110430 445
110496 484
110563 525
110629 569
110696 614
110762 660
110828 705
110895 758
110961 798
111058 868
111124 915
111190 961
111257 1007
111323 1052
111390 1089
111456 1136
111522 1181
111589 1214
111655 1250
111722 1281
111788 1312
111854 1340
111921 1362
111990 1384
112057 1402
112123 1415
112190 1427
112256 1430
112322 1447
112389 1430
112455 1423
112521 1435
112588 1401
112654 1380
112721 1359
112787 1334
112853 1302
112920 1264
112987 1226
113054 1187
113120 1139
113187 1091
113253 1037
113319 983
113386 923
113452 859
113519 798
113585 730
113651 665
113718 594
113784 523
113850 454
113917 378
113985 307
114051 238
114118 176
114184 139
114251 123
114317 124
114383 133
114450 143
114516 158
114583 171
114649 186
114715 205
114782 226
114848 252
114915 274
114981 306
115048 333
115115 366
115181 399
115248 436
115314 477
115380 517
115447 557
115513 602
115580 645
115646 692
115712 734
115779 782
115845 828
115912 875
115978 920
116045 966
116112 1011
116178 1051
116245 1092
116311 1129
116377 1169
116444 1202
116510 1237
116577 1267
116643 1295
116709 1320
116776 1342
116842 1357
116909 1374
116975 1383
117042 1391
117109 1399
117175 1396
117242 1390
117308 1383
117374 1371
117441 1356
117507 1336
117574 1311
117640 1281
117706 1254
117773 1238
117839 1176
117906 1134
117972 1089
118076 1008
118142 953
118209 898
118275 838
118341 777
118408 711
118474 648
118540 580
118607 512
118673 440
118740 372
118806 301
118872 243
118939 178
119006 142
119073 126
119139 127
119206 134
119272 141
119338 163
119405 170
119471 189
119538 208
119604 228
119670 250
119737 278
119803 300
119869 335
119936 366
120016 408
120082 445
120148 474
120215 527
120281 568
120348 623
120414 656
120480 703
120547 748
120613 792
120680 838
120746 884
120812 929
120879 974
120945 1020
121013 1061
121079 1101
121145 1142
121212 1177
121278 1211
121345 1243
121411 1276
121477 1302
121544 1326
121610 1345
121677 1365
121743 1394
121809 1389
121876 1393
121942 1399
122026 1397
122092 1392
122159 1384
122225 1366
122292 1353
122358 1332
122424 1307
122491 1278
122557 1245
122624 1209
122690 1167
122756 1124
122823 1078
122889 1028
122955 972
123023 915
123089 859
123156 796
123222 737
123289 673
123355 606
123421 506
123488 470
123554 400
123621 332
123687 264
123753 204
123820 155
123886 131
123953 124
124043 135
124110 140
124176 158
124243 169
124309 189
124375 204
124442 229
124508 249
124574 273
124641 303
124707 331
124774 364
124840 404
124906 437
124973 477
125077 543
125144 587
125210 632
125276 677
125343 722
125409 769
125476 820
125542 863
125608 910
125675 956
125741 1001
125807 1046
125874 1085
125940 1131
126023 1179
126089 1217
126156 1253
126222 1284
126288 1310
126355 1340
126421 1377
126488 1387
126554 1398
126620 1416
126687 1426
126753 1431
126820 1436
126886 1434
126952 1425
127043 1412
127110 1399
127176 1378
127242 1355
127309 1329
127375 1297
127441 1260
127508 1223
127574 1180
127641 1134
127707 1084
127773 1031
127840 975
127906 919
127973 860
128040 798
128107 730
128173 683
128239 594
128306 523
128372 455
128439 380
128505 313
128571 269
128638 183
128704 143
128770 129
128837 127
128903 134
128970 146
129072 144
129138 178
129205 195
129271 218
129337 238
129404 261
129470 292
129537 317
129603 352
129669 383
129736 421
129802 459
129869 500
129935 542
130014 594
130081 637
130147 684
130213 729
130280 776
130346 830
130413 868
130479 914
130545 961
130612 1006
130678 1051
130744 1094
130811 1132
130877 1172
130944 1210
131011 1244
131078 1277
131144 1307
131210 1330
131277 1358
131343 1361
131410 1394
131476 1408
131542 1417
131609 1424
131675 1426
131742 1423
131808 1419
131874 1407
131941 1391
132024 1371
132090 1346
132156 1318
132223 1286
132289 1250
132356 1213
132422 1170
132488 1123
132555 1071
132621 1020
132688 967
132754 907
132820 844
132887 783
132953 732
133044 620
133111 544
133177 482
133243 410
133310 339
133376 268
133443 203
133509 152
133575 129
133642 123
133708 128
133775 139
133841 149
133907 165
133974 179
134041 197
134108 210
134174 240
134241 266
134307 291
134373 320
134440 352
134506 385
134572 426
134639 459
134705 500
134772 536
134838 579
134904 627
134971 672
135074 744
135140 789
135207 835
135273 880
135339 927
135406 970
135472 1013
135539 1054
135605 1095
135671 1136
135738 1170
135804 1208
135871 1240
135937 1270
136004 1295
136071 1323
136137 1341
136204 1358
136270 1372
136336 1382
136403 1390
136469 1387
136536 1392
136602 1386
136668 1377
136735 1364
136801 1347
136868 1326
136934 1302
137012 1267
137079 1236
137145 1196
137212 1158
137278 1112
137344 1066
137411 1015
137477 959
137544 904
137610 846
