2 188
105 191
172 200
238 188
305 189
371 188
437 189
504 189
570 188
637 192
703 187
769 187
836 192
902 188
969 192
1036 189
1102 187
1169 190
1235 187
1302 194
1368 188
1434 189
1501 187
1567 188
1634 188
1700 188
1766 189
1833 188
1899 140
1966 189
2065 187
2131 188
2198 186
2264 190
2331 187
2397 189
2463 187
2530 190
2596 212
2663 189
2729 187
2795 195
2862 187
2928 188
3003 187
3069 184
3135 187
3202 189
3268 186
3335 186
3401 188
3467 195
3534 190
3600 188
3667 188
3733 189
3799 191
3866 188
3932 190
4000 189
4066 188
4132 183
4199 188
4265 189
4332 189
4398 188
4464 189
4531 188
4597 190
4664 190
4730 187
4796 190
4863 186
4929 187
5004 192
5071 187
5137 188
5204 187
5270 193
5336 186
5403 188
5469 186
5536 187
5602 186
5668 187
5735 186
5801 187
5868 185
5934 188
6001 186
6068 188
6134 188
6201 186
6267 190
6333 186
6400 188
6466 189
6533 190
6599 188
6665 186
6732 188
6798 188
6865 189
6931 188
7007 188
7074 185
7140 187
7207 187
7273 189
7339 188
7406 199
7472 187
7539 189
7605 189
7671 185
7738 188
7804 184
7871 187
7937 187
8004 187
8071 187
8137 187
8204 187
8270 188
8336 186
8403 189
8469 188
8536 211
8602 188
8668 186
8735 189
8801 188
8868 188
8934 194
9012 188
9079 188
9145 189
9212 187
9278 188
9344 188
9411 185
9477 186
9544 186
9610 186
9676 188
9743 189
9809 185
9876 187
9942 186
10009 188
10076 188
10142 191
10209 187
10275 190
10341 187
10408 187
10474 187
10541 186
10607 189
10673 187
10740 189
10806 187
10873 186
10939 185
11021 188
11087 187
11154 188
11220 196
11286 188
11353 187
11419 187
11485 188
11552 188
11618 188
11685 184
11751 187
11817 189
11884 188
11950 190
12018 188
12084 187
12151 188
12217 188
12283 189
12350 183
12416 188
12483 187
12549 187
12615 187
12682 188
12748 186
12814 187
12881 187
12947 187
13035 186
13101 189
13167 187
13234 189
13300 188
13367 189
13433 186
13499 186
13566 188
13632 190
13698 186
13765 188
13831 187
13898 187
13964 187
14032 185
14098 189
14164 189
14231 187
14297 188
14364 187
14430 189
14496 187
14563 190
14629 186
14696 189
14762 213
14828 190
14895 169
14961 188
15058 189
15124 188
15190 188
15257 188
15323 189
15390 188
15456 184
15522 189
15589 200
15655 189
15722 189
15788 189
15854 190
15921 188
15990 190
16057 185
16123 189
16190 191
16256 190
16322 188
16389 189
16455 189
16521 190
16588 194
16654 189
16721 188
16787 190
16853 188
16920 189
16987 188
17054 188
17120 184
17187 189
17253 189
17319 188
17386 187
17452 189
17519 183
17585 192
17651 189
17718 169
17784 188
17850 190
17917 189
17985 190
18051 192
18118 190
18184 189
18251 184
18317 191
18383 189
18450 189
18516 188
18583 185
18649 189
18715 193
18782 188
18848 195
18915 188
18981 189
19048 190
19115 187
19181 191
19248 190
19314 191
19380 191
19447 188
19513 190
19580 189
19646 201
19712 191
19779 192
19845 192
19912 189
19978 191
20045 201
20112 190
20178 188
20245 157
20311 188
20377 188
20444 186
20510 188
20577 189
20643 189
20709 189
20776 187
20842 187
20909 187
20975 188
21042 190
21109 191
21175 189
21242 189
21308 187
21374 190
21441 188
21507 192
21574 188
21640 189
21706 189
21773 188
21839 188
21906 189
21972 189
22076 189
22142 189
22209 188
22275 187
22341 188
22408 188
22474 191
22540 189
22607 188
22673 189
22740 188
22806 187
22872 214
22939 190
23006 197
23073 188
23139 187
23206 190
23272 197
23338 190
23405 183
23471 189
23538 182
23604 189
23670 188
23737 190
23803 189
23869 189
23936 188
24016 188
24082 188
24148 189
24215 188
24281 190
24348 190
24414 184
24480 192
24547 188
24613 170
24680 190
24746 185
24812 188
24879 189
24945 188
25013 187
25079 188
25145 192
25212 187
25278 190
25345 189
25411 187
25477 188
25544 187
25610 184
25677 189
25743 191
25809 188
25876 189
25942 191
26026 186
26092 189
26159 188
26225 188
26292 188
26358 188
26424 188
26491 188
26557 188
26624 189
26690 184
26756 188
26823 183
26889 187
26955 189
27023 188
27089 189
27156 187
27222 185
27289 187
27355 189
27421 188
27488 192
27554 181
27621 189
27687 182
27753 188
27820 186
27886 187
27953 190
28043 186
28110 187
28176 188
28243 185
28309 191
28375 188
28442 188
28508 188
28574 188
28641 187
28707 191
28774 188
28840 185
28906 186
28973 187
29077 186
29144 187
29210 187
29276 189
29343 189
29409 187
29476 187
29542 187
29608 185
29675 189
29741 182
29807 188
29874 186
29940 188
30023 188
30089 187
30156 187
30222 187
30288 188
30355 188
30421 243
30488 187
30554 186
30620 194
30687 187
30753 190
30820 196
30886 187
30952 186
31043 180
31110 186
31176 187
31242 187
31309 186
31375 187
31441 187
31508 187
31574 187
31641 188
31707 188
31773 188
31840 184
31906 188
31973 186
32040 189
32107 188
32173 186
32239 186
32306 187
32372 189
32439 188
32505 189
32571 187
32638 189
32704 187
32770 196
32837 189
32903 190
32970 187
33072 189
33138 188
33205 188
33271 186
33337 188
33404 178
33470 187
33537 191
33603 187
33669 188
33736 187
33802 188
33869 187
33935 187
34014 187
34081 188
34147 187
34213 187
34280 188
34346 189
34413 191
34479 187
34545 185
34612 188
34678 186
34744 186
34811 189
34877 189
34944 190
35011 189
35078 188
35144 190
35210 187
35277 188
35343 189
35410 191
35476 189
35542 194
35609 191
35675 189
35742 189
35808 188
35874 202
35941 190
36024 188
36090 191
36156 189
36223 189
36289 189
36356 190
36422 187
36488 191
36555 187
36621 232
36688 187
36754 192
36820 186
36887 190
36953 187
37044 194
37111 188
37177 189
37243 185
37310 188
37376 187
37443 190
37509 189
37575 189
37642 192
37708 190
37775 189
37841 189
37907 188
37974 190
38041 191
38108 189
38174 187
38241 189
38307 192
38373 188
38440 188
38506 190
38572 195
38639 190
38705 189
38772 189
38838 191
38904 190
38971 199
39074 190
39140 190
39207 188
39273 189
39339 190
39406 188
39472 187
39539 187
39605 191
39671 187
39738 189
39804 189
39871 186
39937 190
40004 189
40071 189
40137 190
40204 189
40270 191
40336 190
40403 190
40469 188
40536 196
40602 190
40668 189
40735 188
40801 189
40868 186
40934 191
41012 190
41079 186
41145 193
41212 189
41278 186
41344 191
41411 189
41477 192
41544 187
41610 188
41676 189
41743 196
41809 191
41876 191
41942 188
42009 188
42076 190
42142 188
42209 191
42275 185
42341 190
42408 187
42474 188
42541 190
42607 190
42673 185
42740 188
42806 184
42873 191
42939 187
43021 189
43087 188
43154 189
43220 187
43286 189
43353 182
43419 185
43485 188
43552 190
43618 190
43685 195
43751 188
43817 192
43884 190
43950 242
44018 189
44084 188
44151 189
44217 189
44283 188
44350 192
44416 190
44483 181
44549 189
44615 187
44682 188
44748 189
44814 192
44881 188
44947 189
45035 188
45101 189
45167 189
45234 187
45300 188
45367 192
45433 190
45499 188
45566 187
45632 189
45698 189
45765 189
45831 187
45898 189
45964 188
46032 187
46098 188
46164 190
46231 188
46297 187
46364 188
46430 188
46496 183
46563 189
46629 187
46696 187
46762 188
46828 190
46895 202
46961 188
47058 188
47124 186
47190 188
47257 192
47323 189
47390 188
47456 187
47522 187
47589 187
47655 187
47722 188
47788 186
47854 188
47921 191
47990 187
48057 189
48123 187
48190 188
48256 188
48322 189
48389 188
48455 189
48521 187
48588 188
48654 172
48721 188
48787 187
48853 194
48920 188
48987 183
49054 189
49120 182
49187 189
49253 186
49319 186
49386 187
49452 187
49519 186
49585 192
49651 187
49718 181
49784 185
49850 188
49917 184
49985 188
50051 187
50118 186
50184 188
50251 188
50317 187
50383 185
50450 188
50516 186
50583 188
50649 187
50715 187
50782 189
50848 188
50915 188
50981 189
51048 187
51115 191
51181 185
51248 189
51314 188
51380 187
51447 192
51513 188
51580 189
51646 187
51712 186
51779 187
51845 189
51912 188
51978 198
52045 187
52112 189
52178 187
52245 187
52311 190
52377 188
52444 187
52510 187
52577 187
52643 190
52709 190
52776 188
52842 188
52909 188
52975 190
53042 188
53109 188
53175 189
53242 186
53308 188
53374 188
53441 185
53507 187
53574 187
53640 188
53706 185
53773 188
53839 187
53906 190
53972 189
54076 191
54142 188
54209 190
54275 188
54341 189
54408 188
54474 190
54540 188
54607 186
54673 189
54740 189
54806 190
54872 191
54939 188
55006 188
55073 190
55139 190
55206 191
55272 189
55338 189
55405 190
55471 190
55538 188
55604 188
55670 192
55737 190
55803 189
55869 173
55936 188
56016 188
56082 189
56148 188
56215 189
56281 195
56348 190
56414 189
56480 189
56547 187
56613 188
56680 188
56746 203
56812 190
56879 188
56945 189
57013 193
57079 189
57145 189
57212 188
57278 188
57345 190
57411 190
57477 189
57544 192
57610 187
57677 190
57743 190
57809 191
57876 186
57942 192
58026 191
58092 191
58159 191
58225 191
58292 186
58358 189
58424 189
58491 189
58557 194
58624 190
58690 175
58756 189
58823 189
58889 189
58955 190
59023 188
59089 189
59156 190
59222 192
59289 189
59355 190
59421 189
59488 191
59554 188
59621 190
59687 188
59753 193
59820 142
59886 190
59953 189
60043 190
60110 189
60176 189
60243 189
60309 190
60375 192
60442 190
60508 191
60574 191
60641 189
60707 191
60774 188
60840 190
60906 189
60973 190
61077 184
61144 191
61210 190
61276 190
61343 189
61409 187
61476 190
61542 191
61608 187
61675 192
61741 190
61807 190
61874 189
61940 187
62023 188
62089 189
62156 188
62222 190
62288 188
62355 191
62421 189
62488 190
62554 186
62620 190
62687 189
62753 189
62820 195
62886 186
62952 187
63043 190
63110 190
63176 188
63242 191
63309 186
63375 193
63441 187
63508 187
63574 191
63641 190
63707 189
63773 188
63840 189
63906 187
63973 188
64040 189
64107 184
64173 190
64239 189
64306 187
64372 190
64439 188
64505 188
64571 187
64638 189
64704 187
64770 190
64837 185
64903 184
64970 188
65072 188
65138 189
65205 187
65271 187
65337 187
65404 185
65470 192
65537 186
65603 187
65669 185
65736 188
65802 187
65869 188
65935 186
66014 187
66081 187
66147 188
66213 187
66280 187
66346 187
66413 187
66479 184
66545 188
66612 199
66678 186
66744 185
66811 188
66877 187
66944 188
67011 188
67078 185
67144 190
67210 187
67277 189
67343 189
67410 187
67476 187
67542 188
67609 187
67675 188
67742 188
67808 189
67874 190
67941 187
68024 187
68090 189
68156 187
68223 186
68289 187
68356 185
68422 185
68488 189
68555 187
68621 189
68688 188
68754 187
68820 170
68887 188
68953 187
69044 189
69111 187
69177 188
69243 187
69310 187
69376 187
69443 187
69509 180
69575 186
69642 185
69708 188
69775 187
69841 187
69907 186
69974 189
70041 188
70108 189
70174 188
70241 188
70307 187
70373 188
70440 186
70506 187
70572 189
70639 188
70705 188
70772 188
70838 188
70904 188
70971 182
71074 185
71140 188
71207 188
71273 187
71339 187
71406 188
71472 185
71539 189
71605 189
71671 187
71738 185
71804 189
71871 203
71937 189
72004 187
72071 187
72137 189
72204 191
72270 185
72336 188
72403 188
72469 188
72536 189
72602 185
72668 192
72735 188
72801 190
72868 192
72934 188
73012 188
73079 190
73145 188
73212 189
73278 188
73344 189
73411 188
73477 190
73544 185
73610 191
73676 223
73743 189
73809 186
73876 198
73942 189
74009 186
74076 188
74142 188
74209 187
74275 188
74341 189
74408 188
74474 190
74541 189
74607 189
74673 188
74740 188
74806 190
74873 189
74939 190
75021 192
75087 190
75154 189
75220 188
75286 185
75353 174
75419 189
75485 189
75552 189
75618 189
75685 188
75751 189
75817 189
75884 189
75950 168
76018 189
76084 190
76151 188
76217 190
76283 191
76350 185
76416 189
76483 197
76549 190
76615 189
76682 190
76748 189
76814 191
76881 185
76947 193
77035 185
77101 190
77167 187
77234 189
77300 185
77367 188
77433 189
77499 191
77566 190
77632 191
77698 188
77765 193
77831 190
77898 187
77964 190
78032 190
78098 189
78164 188
78231 190
78297 190
78364 189
78430 197
78496 189
78563 188
78629 189
78696 191
78762 190
78828 191
78895 191
78961 190
79058 189
79124 189
79190 189
79257 189
79323 191
79390 188
79456 190
79522 190
79589 190
79655 187
79722 187
79788 189
79854 191
79921 187
79990 190
80057 190
80123 188
80190 189
80256 189
80322 188
80389 187
80455 189
80521 190
80588 190
80654 189
80721 190
80787 189
80853 190
80920 187
80987 189
81054 191
81120 194
81187 188
81253 190
81319 199
81386 188
81452 188
81519 189
81585 189
81651 190
81718 188
81784 188
81850 193
81917 190
81985 191
82051 188
82118 192
82184 189
82251 191
82317 186
82383 191
82450 189
82516 191
82583 192
82649 188
82715 187
82782 190
82848 189
82915 186
82981 190
83048 188
83115 179
83181 188
83248 188
83314 188
83380 189
83447 187
83513 195
83580 188
83646 183
83712 190
83779 189
83845 189
83912 191
83978 189
84045 188
84112 186
84178 189
84245 189
84311 189
84377 151
84444 186
84510 189
84577 188
84643 188
84709 185
84776 190
84842 186
84909 191
84975 184
85042 188
85109 188
85175 190
85242 187
85308 188
85374 187
85441 190
85507 194
85574 190
85640 187
85706 185
85773 186
85839 188
85906 187
85972 187
86076 186
86142 190
86209 193
86275 178
86341 187
86408 192
86474 190
86540 186
86607 187
86673 188
86740 187
86806 188
86872 178
86939 188
87006 189
87073 187
87139 187
87206 188
87272 191
87338 189
87405 186
87471 188
87538 189
87604 189
87670 186
87737 187
87803 186
87869 187
87936 187
88016 186
88082 187
88148 185
88215 187
88281 186
88348 189
88414 188
88480 187
88547 185
88613 189
88680 187
88746 186
88812 186
88879 186
88945 195
89013 189
89079 187
89145 188
89212 187
89278 190
89345 187
89411 188
89477 187
89544 192
89610 186
89677 188
89743 182
89809 188
89876 187
89942 191
90026 187
90092 187
90159 187
90225 187
90292 188
90358 187
90424 187
90491 191
90557 191
90624 188
90690 188
90756 185
90823 187
90889 187
90955 187
91023 188
91089 188
91156 187
91222 186
91289 189
91355 187
91421 187
91488 190
91554 188
91621 188
91687 191
91753 188
91820 184
91886 186
91953 188
92043 172
92110 189
92176 188
92243 187
92309 189
92375 188
92442 191
92508 184
92574 188
92641 188
92707 189
92774 186
92840 189
92906 187
92973 184
93077 186
93144 189
93210 189
93276 188
93343 189
93409 188
93476 189
93542 189
93608 194
93675 188
93741 194
93807 190
93874 187
93940 188
94023 186
94089 188
94156 184
94222 193
94288 187
94355 188
94421 188
94488 190
94554 188
94620 189
94687 187
94753 186
94820 192
94886 189
94952 189
95043 190
95110 187
95176 188
95242 190
95309 189
95375 187
95441 192
95508 198
95574 188
95641 187
95707 188
95773 190
95840 188
95906 188
95973 196
96040 187
96107 189
96173 188
96239 189
96306 190
96372 190
96439 187
96505 188
96571 189
96638 190
96704 185
96770 187
96837 188
96903 189
96970 193
97072 189
97138 189
97205 190
97271 189
97337 190
97404 185
97470 193
97537 190
97603 186
97669 189
97736 191
97802 190
97869 190
97935 189
98014 189
98081 188
98147 187
98213 189
98280 190
98346 188
98413 189
98479 190
98545 189
98612 188
98678 189
98744 188
98811 190
98877 190
98944 186
99011 192
99078 190
99144 187
99210 189
99277 191
99343 190
99410 189
99476 189
99542 190
99609 189
99675 190
99742 186
99808 190
99874 188
99941 189
100024 187
100090 189
100156 187
100223 189
100289 188
100356 188
100422 188
100488 189
100555 187
100621 189
100688 188
100754 188
100820 190
100887 191
100953 188
101044 194
101111 192
101177 190
101243 190
101310 190
101376 186
101443 189
101509 200
101575 189
101642 189
101708 188
101775 189
101841 188
101907 188
101974 186
102041 190
102108 187
102174 189
102241 188
102307 184
102373 189
102440 188
102506 188
102572 187
102639 210
102705 188
102772 189
102838 189
102904 189
102971 190
103074 200
103140 188
103207 188
103273 218
103339 189
103406 190
103472 186
103539 190
103605 190
103671 188
103738 189
103804 190
103871 188
103937 189
104004 188
104071 189
104137 190
104204 188
104270 187
104336 188
104403 193
104469 186
104536 188
104602 200
104668 188
104735 187
104801 188
104868 190
104934 187
105012 187
105079 190
105145 185
105212 189
105278 189
105344 171
105411 188
105477 191
105544 206
105610 187
105676 189
105743 117
105809 189
105876 188
105942 189
106009 186
106076 191
106142 192
106209 186
106275 188
106341 189
106408 188
106474 187
106541 190
106607 188
106673 188
106740 186
106806 188
106873 188
106939 190
107021 189
107087 188
107154 188
107220 187
107286 188
107353 187
107419 177
107485 188
107552 186
107618 211
107685 183
107751 187
107817 186
107884 189
107950 188
108018 204
108084 187
108151 189
108217 187
108283 188
108350 187
108416 188
108483 188
108549 188
108615 185
108682 183
108748 188
108814 187
108881 187
108947 189
109035 191
109101 189
109167 190
109234 190
109300 170
109367 187
109433 187
109499 181
109566 189
109632 187
109698 186
109765 190
109831 188
109898 170
109964 187
110032 192
110098 188
110164 187
110231 188
110297 189
110364 187
110430 198
110496 188
110563 190
110629 187
110696 186
110762 186
110828 189
110895 187
110961 187
111058 188
111124 185
111190 186
111257 185
111323 187
111390 184
111456 183
111522 187
111589 190
111655 187
111722 188
111788 186
111854 188
111921 186
111990 187
112057 187
112123 188
112190 188
112256 188
112322 191
112389 182
112455 184
112521 187
112588 189
112654 189
112721 190
112787 187
112853 190
112920 190
112987 188
113054 190
113120 189
113187 189
113253 187
113319 194
113386 188
113452 189
113519 202
113585 188
113651 187
113718 200
113784 186
113850 182
113917 186
113985 190
114051 187
114118 187
114184 191
114251 190
114317 189
114383 187
114450 189
114516 191
114583 188
114649 189
114715 191
114782 190
114848 192
114915 190
114981 188
115048 191
115115 192
115181 189
115248 203
115314 189
115380 189
115447 188
115513 190
115580 190
115646 186
115712 189
115779 190
115845 188
115912 189
115978 188
116045 186
116112 194
116178 188
116245 204
116311 193
116377 190
116444 182
116510 189
116577 186
116643 189
116709 189
116776 192
116842 189
116909 185
116975 189
117042 183
117109 190
117175 189
117242 189
117308 189
117374 190
117441 189
117507 170
117574 190
117640 191
117706 187
117773 190
117839 189
117906 191
117972 192
118076 188
118142 190
118209 191
118275 189
118341 190
118408 188
118474 188
118540 189
118607 190
118673 189
118740 193
118806 187
118872 186
118939 193
119006 188
119073 190
119139 188
119206 190
119272 193
119338 190
119405 189
119471 190
119538 188
119604 190
119670 188
119737 190
119803 189
119869 185
119936 192
120016 190
120082 189
120148 189
120215 185
120281 190
120348 186
120414 188
120480 190
120547 188
120613 190
120680 189
120746 189
120812 190
120879 187
120945 189
121013 190
121079 190
121145 191
121212 189
121278 189
121345 185
121411 190
121477 190
121544 193
121610 188
121677 189
121743 185
121809 189
121876 189
121942 188
122026 190
122092 192
122159 188
122225 190
122292 190
122358 189
122424 189
122491 189
122557 189
122624 190
122690 193
122756 190
122823 188
122889 190
122955 189
123023 191
123089 188
123156 187
123222 189
123289 187
123355 190
123421 187
123488 191
123554 190
123621 189
123687 193
123753 192
123820 189
123886 187
123953 188
124043 178
124110 189
124176 188
124243 138
124309 190
124375 190
124442 189
124508 187
124574 185
124641 190
124707 189
124774 188
124840 187
124906 191
124973 188
125077 188
125144 196
125210 186
125276 187
125343 185
125409 188
125476 189
125542 189
125608 186
125675 186
125741 196
125807 189
125874 188
125940 193
126023 187
126089 188
126156 188
126222 205
126288 187
126355 188
126421 188
126488 189
126554 188
126620 188
126687 189
126753 187
126820 200
126886 190
126952 188
127043 188
127110 188
127176 186
127242 188
127309 187
127375 186
127441 187
127508 187
127574 187
127641 188
127707 187
127773 187
127840 188
127906 188
127973 189
128040 187
128107 187
128173 186
128239 187
128306 186
128372 188
128439 188
128505 185
128571 186
128638 212
128704 187
128770 189
128837 188
128903 187
128970 187
129072 184
129138 184
129205 188
129271 188
129337 187
129404 183
129470 188
129537 187
129603 187
129669 188
129736 191
129802 187
129869 171
129935 187
130014 187
130081 187
130147 189
130213 187
130280 188
130346 186
130413 187
130479 188
130545 191
130612 186
130678 194
130744 187
130811 187
130877 186
130944 184
131011 188
131078 187
131144 183
131210 191
131277 187
131343 194
131410 188
131476 187
131542 179
131609 188
131675 189
131742 187
131808 188
131874 192
131941 190
132024 190
132090 189
132156 186
132223 183
132289 188
132356 188
132422 188
132488 187
132555 188
132621 186
132688 187
132754 188
132820 187
132887 183
132953 188
133044 181
133111 189
133177 189
133243 185
133310 189
133376 187
133443 181
133509 187
133575 189
133642 188
133708 186
133775 189
133841 188
133907 185
133974 189
134041 189
134108 189
134174 188
134241 190
134307 190
134373 188
134440 189
134506 217
134572 191
134639 189
134705 188
134772 185
134838 189
134904 185
134971 190
135074 189
135140 187
135207 189
135273 206
135339 190
135406 189
135472 190
135539 190
135605 189
135671 189
135738 194
135804 189
135871 188
135937 191
136004 190
136071 188
136137 185
136204 192
136270 187
136336 189
136403 194
136469 188
136536 189
136602 189
136668 189
136735 189
136801 190
136868 187
136934 190
137012 190
137079 190
137145 188
137212 189
137278 186
137344 190
137411 188
137477 187
137544 187
137610 188
