2 1317
105 1236
171 1158
238 1085
304 1017
371 956
437 899
503 845
570 803
636 764
703 729
769 693
835 685
902 675
968 649
1036 675
1102 686
1168 705
1235 732
1301 767
1368 802
1434 859
1500 919
1567 981
1633 1052
1700 1130
1766 1219
1832 1309
1899 1404
1965 1503
2065 1668
2131 1778
2198 1895
2264 2011
2331 2133
2397 2253
2463 2374
2530 2491
2596 2614
2663 2733
2729 2848
2795 2958
2862 3063
2928 3167
2996 3258
3062 3348
3128 3427
3195 3500
3261 3557
3328 3607
3394 3653
3460 3685
3527 3708
3593 3728
3660 3735
3726 3738
3792 3732
3859 3723
3925 3702
3998 3681
4065 3650
4131 3618
4198 3581
4264 3533
4330 3485
4397 3431
4463 3371
4530 3307
4596 3239
4662 3164
4729 3090
4795 3000
4862 2925
4928 2840
4995 2746
5062 2654
5128 2559
5195 2465
5261 2369
5327 2271
5394 2167
5460 2070
5527 1969
5593 1872
5659 1772
5726 1677
5792 1582
5859 1489
5925 1423
5998 1303
6064 1228
6131 1142
6197 1067
6264 996
6330 926
6396 871
6463 817
6529 770
6596 726
6662 690
6728 663
6795 641
6861 630
6928 625
6995 624
7062 635
7128 651
7194 672
7261 707
7327 749
7393 793
7460 851
7526 916
7593 985
7659 1064
7725 1148
7792 1237
7858 1334
7925 1438
7997 1553
8064 1666
8130 1780
8197 1899
8263 2020
8329 2142
8396 2262
8462 2388
8529 2512
8595 2634
8661 2751
8728 2871
8794 2980
8861 3090
8927 3192
8995 3289
9061 3375
9127 3453
9194 3512
9260 3584
9326 3632
9393 3695
9459 3703
9526 3728
9592 3773
9658 3750
9725 3747
9791 3744
9858 3732
9924 3715
9996 3689
10063 3660
10129 3626
10196 3585
10262 3538
10328 3486
10395 3432
10461 3373
10528 3306
10594 3224
10660 3163
10727 3085
10793 3004
10860 2920
10926 2833
10994 2741
11060 2648
11126 2554
11193 2453
11259 2359
11325 2260
11392 2181
11458 2057
11525 1961
11591 1864
11657 1765
11724 1669
11790 1577
11857 1481
11923 1393
11995 1300
12061 1216
12128 1140
12194 1063
12260 995
12327 927
12393 877
12460 820
12526 774
12592 733
12659 701
12725 674
12792 654
12858 641
12924 639
12997 643
13063 655
13130 676
13196 701
13263 738
13329 775
13395 833
13462 890
13528 959
13594 1031
13661 1112
13727 1203
13794 1290
13860 1388
13926 1493
14001 1617
14067 1728
14133 1848
14200 1966
14266 2089
14332 2212
14399 2337
14465 2460
14532 2584
14598 2704
14664 2823
14731 2938
14797 3046
14864 3153
14930 3254
15006 3359
15073 3440
15139 3514
15206 3578
15272 3629
15338 3674
15405 3696
15471 3733
15538 3752
15604 3760
15670 3763
15737 3758
15803 3750
15870 3733
15936 3714
16004 3686
16070 3654
16136 3616
16203 3573
16269 3524
16335 3473
16402 3415
16468 3352
16535 3288
16601 3215
16667 3141
16734 3054
16800 2981
16867 2895
16933 2806
17011 2701
17078 2606
17144 2511
17211 2416
17277 2318
17343 2225
17410 2121
17476 2025
17543 1918
17609 1829
17675 1736
17742 1636
17808 1548
17875 1459
17941 1375
18009 1291
18075 1211
18141 1138
18208 1066
18274 1001
18340 940
18407 885
18473 835
18540 795
18606 759
18672 729
18739 704
18805 694
18872 682
18938 683
19020 693
19086 703
19153 734
19219 757
19285 804
19352 851
19418 908
19485 967
19551 1038
19617 1105
19684 1197
19750 1284
19817 1380
19883 1478
19949 1583
20039 1731
20105 1843
20171 1961
20238 2079
20304 2203
20371 2318
20437 2441
20503 2560
20570 2683
20636 2797
20703 2909
20769 3016
20835 3118
20902 3217
20968 3300
21036 3393
21102 3466
21168 3532
21235 3588
21301 3630
21368 3673
21434 3701
21500 3722
21567 3735
21633 3741
21700 3740
21766 3728
21832 3720
21899 3685
21965 3675
22065 3629
22131 3592
22198 3550
22264 3495
22331 3442
22397 3384
22463 3321
22530 3252
22596 3180
22663 3105
22729 3022
22795 2940
22862 2854
22928 2766
22996 2673
23062 2578
23128 2483
23195 2386
23261 2288
23328 2176
23394 2090
23460 1993
23527 1891
23593 1796
23660 1698
23726 1606
23792 1508
23859 1423
23925 1333
23998 1239
24065 1162
24131 1088
24198 1009
24264 951
24330 892
24397 837
24463 788
24530 744
24596 710
24662 681
24729 661
24795 642
24862 637
24928 636
24995 645
25062 662
25128 685
25195 723
25261 753
25327 805
25394 855
25460 921
25527 990
25593 1070
25659 1146
25726 1237
25792 1330
25859 1433
25925 1538
25998 1658
26064 1773
26131 1889
26197 2008
26264 2128
26330 2254
26396 2374
26463 2499
26529 2616
26596 2736
26662 2853
26728 2964
26795 3073
26861 3173
26928 3268
26995 3357
27062 3435
27128 3506
27194 3568
27261 3619
27327 3662
27393 3683
27460 3717
27526 3732
27593 3751
27659 3741
27725 3737
27792 3725
27858 3710
27925 3685
27997 3656
28064 3617
28130 3580
28197 3532
28263 3484
28329 3431
28396 3366
28462 3305
28529 3235
28595 3163
28661 3084
28728 3003
28794 2919
28861 2831
28927 2740
28995 2644
29061 2549
29127 2456
29194 2357
29260 2256
29326 2188
29393 2057
29459 1957
29526 1859
29592 1764
29658 1665
29725 1568
29791 1478
29858 1387
29924 1302
29996 1212
30063 1131
30129 1057
30196 990
30262 925
30328 844
30395 811
30461 765
30528 723
30594 691
30660 663
30727 643
30793 633
30860 624
30926 631
30994 639
31060 657
31126 684
31193 717
31259 760
31325 811
31392 869
31458 918
31525 1005
31591 1086
31657 1171
31724 1261
31790 1362
31857 1464
31923 1571
31995 1693
32061 1811
32128 1929
32194 2047
32260 2174
32327 2300
32393 2423
32460 2546
32526 2669
32592 2788
32659 2905
32725 3016
32792 3126
32858 3225
32924 3319
32997 3414
33063 3489
33130 3556
33196 3613
33263 3660
33329 3698
33395 3726
33462 3745
33528 3757
33594 3763
33661 3763
33727 3753
33794 3739
33860 3720
33926 3695
34001 3662
34067 3618
34133 3580
34200 3535
34266 3485
34332 3425
34399 3365
34465 3294
34532 3228
34598 3153
34664 3076
34731 2995
34797 2910
34864 2820
34930 2732
35006 2624
35073 2529
35139 2433
35206 2335
35272 2241
35338 2141
35405 2040
35471 1943
35538 1845
35604 1752
35670 1656
35737 1562
35803 1472
35870 1386
35936 1302
36004 1221
36070 1144
36136 1076
36203 1005
36269 946
36335 887
36402 838
36468 813
36535 757
36601 726
36667 712
36734 686
36800 676
36867 669
36933 679
37011 698
37078 720
37144 753
37211 788
37277 834
37343 870
37410 949
37476 1016
37543 1092
37609 1170
37675 1263
37742 1355
37808 1454
37875 1558
37941 1668
38009 1781
38075 1897
38141 2018
38208 2137
38274 2256
38340 2382
38407 2500
38473 2622
38540 2741
38606 2857
38672 2968
38739 3076
38805 3175
38872 3274
38938 3361
39020 3457
39086 3525
39153 3583
39219 3634
39285 3676
39352 3700
39418 3730
39485 3746
39551 3750
39617 3750
39684 3744
39750 3731
39817 3716
39883 3691
39949 3662
40039 3613
40105 3573
40171 3528
40238 3477
40304 3416
40371 3359
40437 3293
40503 3224
40570 3147
40636 3070
40703 2993
40769 2892
40835 2816
40902 2726
40968 2634
41036 2539
41102 2442
41168 2347
41235 2247
41301 2149
41368 2051
41434 1951
41500 1853
41567 1760
41633 1663
41700 1573
41766 1480
41832 1395
41899 1297
41965 1229
42065 1115
42131 1045
42198 970
42264 916
42331 864
42397 813
42463 771
42530 736
42596 707
42663 683
42729 669
42795 662
42862 662
42928 666
42996 682
43062 705
43128 735
43195 776
43261 820
43328 873
43394 932
43460 1002
43527 1078
43593 1136
43660 1245
43726 1335
43792 1446
43859 1542
43925 1649
43998 1771
44065 1886
44131 2006
44198 2127
44264 2252
44330 2368
44397 2490
44463 2609
44530 2729
44596 2844
44662 2956
44729 3060
44795 3160
44862 3257
44928 3345
44995 3425
45062 3497
45128 3554
45195 3607
45261 3650
45327 3684
45394 3708
45460 3727
45527 3734
45593 3795
45659 3733
45726 3719
45792 3699
45859 3682
45925 3655
45998 3616
46064 3579
46131 3533
46197 3484
46264 3427
46330 3368
46396 3305
46463 3236
46529 3162
46596 3087
46662 3006
46728 2921
46795 2825
46861 2744
46928 2651
46995 2554
47062 2454
47128 2361
47194 2259
47261 2160
47327 2067
47393 1962
47460 1865
47526 1765
47593 1669
47659 1573
47725 1481
47792 1391
47858 1306
47925 1213
47997 1136
48064 1057
48130 990
48197 916
48263 865
48329 811
48396 762
48462 720
48529 686
48595 658
48661 640
48728 623
48794 593
48861 618
48927 626
48995 645
49061 670
49127 704
49194 742
49260 794
49326 845
49393 914
49459 987
49526 1065
49592 1149
49658 1242
49725 1338
49791 1441
49858 1548
49924 1666
49996 1789
50063 1906
50129 2037
50196 2150
50262 2277
50328 2399
50395 2525
50461 2647
50528 2768
50594 2883
50660 2999
50727 3107
50793 3209
50860 3304
50926 3391
50994 3470
51060 3543
51126 3599
51193 3650
51259 3686
51325 3716
51392 3742
51458 3754
51525 3757
51591 3746
51657 3754
51724 3738
51790 3718
51857 3696
51923 3666
51995 3629
52061 3587
52128 3542
52194 3490
52260 3434
52327 3374
52393 3317
52460 3237
52526 3165
52592 3079
52659 3006
52725 2921
52792 2830
52858 2742
52924 2652
52997 2549
53063 2453
53130 2353
53196 2256
53263 2159
53329 2058
53395 1960
53462 1861
53528 1766
53594 1664
53661 1577
53727 1485
53794 1399
53860 1312
53926 1232
54001 1146
54067 1062
54133 1006
54200 940
54266 878
54332 836
54399 788
54465 749
54532 719
54598 694
54664 675
54731 662
54797 659
54864 664
54930 677
55006 701
55073 727
55139 767
55206 812
55272 866
55338 921
55405 976
55471 1064
55538 1148
55604 1232
55670 1328
55737 1418
55803 1530
55870 1637
55936 1751
56004 1867
56070 1987
56136 2108
56203 2229
56269 2357
56335 2477
56402 2598
56468 2718
56535 2866
56601 2949
56667 3058
56734 3160
56800 3259
56867 3348
56933 3431
57011 3516
57078 3579
57144 3629
57211 3673
57277 3705
57343 3730
57410 3746
57476 3755
57543 3759
57609 3753
57675 3746
57742 3727
57808 3705
57875 3677
57941 3645
58009 3608
58075 3562
58141 3514
58208 3463
58274 3389
58340 3336
58407 3272
58473 3201
58540 3128
58606 3046
58672 2965
58739 2880
58805 2793
58872 2699
58938 2610
59020 2493
59086 2394
59153 2298
59219 2199
59285 2103
59352 2004
59418 1904
59485 1809
59551 1715
59617 1618
59684 1515
59750 1442
59817 1356
59883 1286
59949 1194
60039 1097
60105 1027
60171 965
60238 910
60304 854
60371 806
60437 769
60503 733
60570 710
60636 690
60703 678
60769 673
60835 678
60902 687
60968 704
61036 735
61102 764
61168 807
61235 857
61301 912
61368 943
61434 1047
61500 1125
61567 1209
61633 1300
61700 1396
61766 1495
61832 1602
61899 1712
61965 1826
62065 2004
62131 2122
62198 2243
62264 2362
62331 2486
62397 2605
62463 2722
62530 2837
62596 2949
62663 3054
62729 3157
62795 3250
62862 3339
62928 3419
62996 3491
63062 3552
63128 3604
63195 3647
63261 3681
63328 3708
63394 3725
63460 3734
63527 3737
63593 3734
63660 3724
63726 3708
63792 3687
63859 3663
63925 3624
63998 3582
64065 3538
64131 3490
64198 3497
64264 3375
64330 3313
64397 3244
64463 3172
64530 3093
64596 3014
64662 2931
64729 2846
64795 2750
64862 2666
64928 2569
64995 2473
65062 2377
65128 2276
65195 2179
65261 2079
65327 1985
65394 1881
65460 1784
65527 1686
65593 1588
65659 1499
65726 1410
65792 1322
65859 1239
65925 1164
65998 1075
66064 1008
66131 938
66197 877
66264 824
66330 776
66396 733
66463 697
66529 669
66596 648
66662 629
66728 625
66795 613
66861 636
66928 652
66995 675
67062 708
67128 745
67194 797
67261 849
67327 907
67393 982
67460 1059
67526 1141
67593 1231
67659 1328
67725 1429
67792 1536
67858 1645
67925 1755
67997 1887
68064 2008
68130 2131
68197 2275
68263 2377
68329 2500
68396 2615
68462 2742
68529 2860
68595 2970
68661 3079
68728 3179
68794 3277
68861 3364
68927 3445
68995 3516
69061 3575
69127 3628
69194 3670
69260 3700
69326 3723
69393 3744
69459 3746
69526 3750
69592 3743
69658 3732
69725 3712
69791 3691
69858 3662
69924 3629
69996 3586
70063 3541
70129 3492
70196 3435
70262 3375
70328 3309
70395 3241
70461 3168
70528 3092
70594 3009
70660 2925
70727 2838
70793 2749
70860 2656
70926 2561
70994 2464
71060 2366
71126 2267
71193 2169
71259 2069
71325 1970
71392 1874
71458 1772
71525 1678
71591 1581
71657 1490
71724 1399
71790 1313
71857 1231
71923 1150
71995 1070
72061 997
72128 938
72194 873
72260 823
72327 768
72393 736
72460 700
72526 674
72592 653
72659 641
72725 637
72792 640
72858 650
72924 697
72997 699
73063 731
73130 779
73196 827
73263 883
73329 949
73395 1021
73462 1099
73528 1189
73594 1281
73661 1381
73727 1483
73794 1585
73860 1702
73926 1823
74001 1955
74067 2096
74133 2199
74200 2323
74266 2448
74332 2571
74399 2693
74465 2812
74532 2926
74598 3038
74664 3157
74731 3244
74797 3336
74864 3420
74930 3496
75006 3571
75073 3627
75139 3670
75206 3705
75272 3732
75338 3749
75405 3751
75471 3763
75538 3759
75604 3751
75670 3737
75737 3714
75803 3690
75870 3658
75936 3620
76004 3579
76070 3531
76136 3474
76203 3419
76269 3357
76335 3290
76402 3221
76468 3147
76535 3071
76601 2984
76667 2903
76734 2814
76800 2723
76867 2633
76933 2541
77011 2424
77078 2332
77144 2229
77211 2129
77277 2031
77343 1936
77410 1838
77476 1743
77543 1647
77609 1557
77675 1467
77742 1379
77808 1300
77875 1221
77941 1149
78009 1072
78075 1005
78141 956
78208 888
78274 839
78340 800
78407 760
78473 736
78540 707
78606 692
78672 684
78739 682
78805 688
78872 702
78938 727
79020 763
79086 800
79153 848
79219 902
79285 964
79352 1032
79418 1105
79485 1189
79551 1281
79617 1385
79684 1474
79750 1577
79817 1691
79883 1795
79949 1912
80039 2070
80105 2191
80171 2313
80238 2427
80304 2551
80371 2674
80437 2789
80503 2900
80570 3010
80636 3114
80703 3211
80769 3305
80835 3383
80902 3459
80968 3528
81036 3586
81102 3630
81168 3670
81235 3700
81301 3717
81368 3735
81434 3741
81500 3742
81567 3734
81633 3721
81700 3702
81766 3679
81832 3649
81899 3606
81965 3574
82065 3500
82131 3447
82198 3387
82264 3326
82331 3259
82397 3186
82463 3110
82530 3031
82596 2947
82663 2862
82729 2774
82795 2663
82862 2589
82928 2494
82996 2395
83062 2295
83128 2198
83195 2101
83261 2000
83328 1902
83394 1804
83460 1708
83527 1613
83593 1521
83660 1428
83726 1345
83792 1260
83859 1180
83925 1096
83998 1025
84065 959
84131 895
84198 837
84264 792
84330 750
84397 714
84463 685
84530 662
84596 646
84662 637
84729 639
84795 632
84862 661
84928 684
84995 716
85062 754
85128 799
85195 855
85261 915
85327 980
85394 1060
85460 1139
85527 1230
85593 1326
85659 1424
85726 1531
85792 1636
85859 1753
85925 1862
85998 1998
86064 2118
86131 2242
86197 2364
86264 2486
86330 2609
86396 2728
86463 2845
86529 2956
86596 3067
86662 3165
86728 3261
86795 3349
86861 3430
86928 3500
86995 3564
87062 3616
87128 3655
87194 3690
87261 3717
87327 3732
87393 3741
87460 3744
87526 3737
87593 3730
87659 3711
87725 3690
87792 3655
87858 3628
87925 3588
87997 3541
88064 3486
88130 3435
88197 3373
88263 3310
88329 3241
88396 3167
88462 3089
88529 3012
88595 2924
88661 2837
88728 2745
88794 2655
88861 2559
88927 2464
88995 2366
89061 2265
89127 2165
89194 2064
89260 1964
89326 1869
89393 1772
89459 1670
89526 1579
89592 1486
89658 1395
89725 1306
89791 1224
89858 1144
89924 1069
89996 992
90063 927
90129 866
90196 815
90262 766
90328 724
90395 689
90461 662
90528 645
90594 629
90660 622
90727 624
90793 637
90860 652
90926 679
90994 714
91060 754
91126 804
91193 858
91259 926
91325 994
91392 1078
91458 1161
91525 1254
91591 1350
91657 1453
91724 1561
91790 1673
91857 1789
91923 1907
91995 2039
92061 2161
92128 2286
92194 2412
92260 2536
92327 2670
92393 2777
92460 2893
92526 3008
92592 3118
92659 3217
92725 3312
92792 3396
92858 3476
92924 3550
92997 3609
93063 3658
93130 3695
93196 3711
93263 3744
93329 3757
93395 3761
93462 3762
93528 3754
93594 3741
93661 3723
93727 3697
93794 3671
93860 3632
93926 3592
94001 3539
94067 3452
94133 3431
94200 3374
94266 3296
94332 3235
94399 3160
94465 3068
94532 3002
94598 2917
94664 2829
94731 2740
94797 2645
94864 2550
94930 2456
95006 2344
95073 2246
95139 2148
95206 2049
95272 1951
95338 1853
95405 1755
95471 1662
95538 1572
95604 1480
95670 1392
95737 1307
95803 1227
95870 1151
95936 1078
96004 1012
96070 948
96136 889
96203 842
96269 796
96335 759
96402 728
96468 702
96535 686
96601 674
96667 674
96734 678
96800 691
96867 740
96933 740
97011 784
97078 829
97144 880
97211 941
97277 1011
97343 1084
97410 1165
97476 1251
97543 1347
97609 1445
97675 1549
97742 1673
97808 1770
97875 1885
97941 2005
98009 2126
98075 2246
98141 2371
98208 2487
98274 2645
98340 2730
98407 2846
98473 2960
98540 3067
98606 3170
98672 3267
98739 3355
98805 3434
98872 3538
98938 3569
99020 3631
99086 3673
99153 3703
99219 3726
99285 3743
99352 3745
99418 3751
99485 3745
99551 3735
99617 3716
99684 3695
99750 3667
99817 3634
99883 3594
99949 3551
100039 3479
100105 3425
100171 3363
100238 3301
100304 3231
100371 3154
100437 3080
100503 2997
100570 2912
100636 2827
100703 2736
100769 2658
100835 2550
100902 2453
100968 2358
101036 2259
101102 2159
101168 2062
101235 1962
101301 1868
101368 1767
101434 1675
101500 1581
101567 1491
101633 1401
101700 1317
101766 1237
101832 1159
101899 1086
101965 1018
102065 969
102131 871
102198 821
102264 778
102331 741
102397 711
102463 688
102530 672
102596 664
102663 659
102729 669
102795 684
102862 707
102928 736
102996 772
103062 817
103128 869
103195 931
103261 998
103328 1072
103394 1152
103460 1241
103527 1331
103593 1432
103660 1534
103726 1642
103792 1754
103859 1865
103925 1985
103998 2115
104065 2226
104131 2358
104198 2479
104264 2599
104330 2719
104397 2833
104463 2945
104530 3053
104596 3154
104662 3250
104729 3336
104795 3415
104862 3490
104928 3550
104995 3604
105062 3646
105128 3681
105195 3710
105261 3724
105327 3733
105394 3737
105460 3733
105527 3723
105593 3708
105659 3688
105726 3658
105792 3622
105859 3584
105925 3542
105998 3487
106064 3433
106131 3370
106197 3310
106264 3240
106330 3170
106396 3092
106463 3010
106529 2928
106596 2868
106662 2751
106728 2659
106795 2564
106861 2466
106928 2371
106995 2270
107062 2169
107128 2071
107194 1972
107261 1875
107327 1778
107393 1677
107460 1584
107526 1490
107593 1402
107659 1312
107725 1228
107792 1145
107858 1072
107925 998
107997 930
108064 865
108130 815
108197 768
108263 726
108329 688
108396 661
108462 638
108529 627
108595 619
108661 618
108728 626
108794 648
108861 668
108927 701
108995 740
109061 789
109127 846
109194 910
109260 980
109326 1060
109393 1141
109459 1232
109526 1329
109592 1434
109658 1541
109725 1651
109791 1767
109858 1884
109924 2020
109996 2141
110063 2265
110129 2389
110196 2516
110262 2636
110328 2755
110395 2875
110461 2986
110528 3096
110594 3199
110660 3298
110727 3380
110793 3465
110860 3530
110926 3588
110994 3642
111060 3680
111126 3712
111193 3735
111259 3751
111325 3757
111392 3758
111458 3752
111525 3741
111591 3721
111657 3699
111724 3669
111790 3634
111857 3593
111923 3548
111995 3494
112061 3438
112128 3378
112194 3313
112260 3243
112327 3171
112393 3093
112460 3011
112526 2929
112592 2839
112659 2752
112725 2658
112792 2557
112858 2468
112924 2367
112997 2263
113063 2163
113130 2066
113196 1967
113263 1867
113329 1771
113395 1675
113462 1581
113528 1490
113594 1408
113661 1319
113727 1233
113794 1157
113860 1083
113926 1016
114001 947
114067 887
114133 836
114200 789
114266 758
114332 717
114399 691
114465 660
114532 661
114598 659
114664 661
114731 674
114797 694
114864 721
114930 756
115006 802
115073 856
115139 915
115206 982
115272 1057
115338 1138
115405 1224
115471 1318
115538 1417
115604 1519
115670 1629
115737 1740
115803 1857
115870 1974
115936 2096
116004 2220
116070 2341
116136 2466
116203 2587
116269 2709
116335 2826
116402 2940
116468 3051
116535 3154
116601 3253
116667 3342
116734 3415
116800 3500
116867 3570
116933 3617
117011 3668
117078 3705
117144 3728
117211 3745
117277 3756
117343 3756
117410 3756
117476 3744
117543 3729
117609 3709
117675 3683
117742 3645
117808 3611
117875 3567
117941 3521
118009 3466
118075 3406
118141 3346
118208 3278
118274 3214
118340 3132
118407 3053
118473 2971
118540 2887
118606 2798
118672 2712
118739 2616
118805 2519
118872 2431
118938 2328
119020 2209
119086 2108
119153 2011
119219 1913
119285 1819
119352 1730
119418 1629
119485 1537
119551 1447
119617 1363
119684 1279
119750 1202
119817 1126
119883 1053
119949 991
120039 911
120105 859
120171 813
120238 775
120304 739
120371 712
120437 690
120503 679
120570 676
120636 676
120703 686
120769 703
120835 729
120902 762
120968 804
121036 853
121102 908
121168 971
121235 1043
121301 1120
121368 1201
121434 1294
121500 1389
121567 1487
121633 1596
121700 1705
121766 1822
121832 1937
121899 2051
121965 2163
122065 2356
122131 2475
122198 2597
122264 2713
122331 2830
122397 2940
122463 3049
122530 3149
122596 3245
122663 3335
122729 3415
122795 3490
122862 3551
122928 3602
122996 3646
123062 3680
123128 3706
123195 3725
123261 3734
123328 3739
123394 3736
123460 3724
123527 3711
123593 3688
123660 3665
123726 3631
123792 3595
123859 3548
123925 3500
123998 3439
124065 3383
124131 3317
124198 3251
124264 3176
124330 3102
124397 3021
124463 2939
124530 2852
124596 2763
124662 2670
124729 2578
124795 2481
124862 2385
124928 2289
124995 2185
125062 2088
125128 1987
125195 1903
125261 1790
125327 1694
125394 1599
125460 1507
125527 1415
125593 1331
125659 1244
125726 1167
125792 1090
125859 1018
125925 953
125998 883
126064 838
126131 780
126197 739
126264 700
126330 673
126396 650
126463 636
126529 624
126596 629
126662 635
126728 649
126795 670
126861 706
126928 743
126995 791
127062 845
127128 906
127194 978
127261 1052
127327 1136
127393 1224
127460 1321
127526 1421
127593 1527
127659 1635
127725 1752
127792 1868
127858 1987
127925 2114
127997 2246
128064 2369
128130 2492
128197 2617
128263 2734
128329 2849
128396 2962
128462 3071
128529 3177
128595 3268
128661 3357
128728 3438
128794 3507
128861 3570
128927 3622
128995 3664
129061 3697
129127 3721
129194 3738
129260 3747
129326 3751
129393 3743
129459 3732
129526 3717
129592 3694
129658 3665
129725 3631
129791 3574
129858 3548
129924 3500
129996 3439
130063 3380
130129 3316
130196 3245
130262 3173
130328 3096
130395 3016
130461 2933
130528 2844
130594 2754
130660 2662
130727 2569
130793 2472
130860 2375
130926 2277
130994 2176
131060 2074
131126 1975
131193 1876
131259 1780
131325 1682
131392 1587
131458 1496
131525 1406
131591 1304
131657 1237
131724 1155
131790 1096
131857 1011
131923 945
131995 886
132061 826
132128 777
132194 737
132260 702
132327 674
132393 657
132460 640
132526 635
132592 636
132659 646
132725 665
132792 689
132858 723
132924 765
132997 821
133063 876
133130 942
133196 1007
133263 1095
133329 1179
133395 1271
133462 1369
133528 1473
133594 1579
133661 1692
133727 1807
133794 1951
133860 2048
133926 2174
134001 2312
134067 2436
134133 2562
134200 2680
134266 2801
134332 2917
134399 3028
134465 3136
134532 3233
134598 3329
134664 3418
134731 3489
134797 3556
134864 3613
134930 3660
135006 3702
135073 3730
135139 3748
135206 3759
135272 3762
135338 3761
135405 3753
135471 3738
135538 3719
135604 3691
135670 3661
135737 3623
135803 3582
135870 3536
135936 3484
136004 3427
136070 3360
136136 3300
136203 3228
136269 3154
136335 3077
136402 2997
136468 2911
136535 2823
136601 2731
136667 2640
136734 2546
136800 2450
136867 2354
136933 2252
