2 233
105 232
172 231
238 232
305 229
371 237
437 234
504 225
570 232
637 233
703 232
769 231
836 232
902 231
969 231
1036 236
1102 231
1169 234
1235 232
1302 233
1368 233
1434 232
1501 230
1567 232
1634 232
1700 233
1766 233
1833 234
1899 235
1966 232
2065 234
2131 233
2198 232
2264 232
2331 231
2397 232
2463 230
2530 232
2596 231
2663 232
2729 230
2795 232
2862 231
2928 232
3003 232
3069 232
3135 234
3202 233
3268 233
3335 232
3401 235
3467 234
3534 233
3600 235
3667 234
3733 233
3799 240
3866 233
3932 234
4000 233
4066 233
4132 236
4199 235
4265 235
4332 234
4398 235
4464 234
4531 235
4597 233
4664 236
4730 234
4796 234
4863 232
4929 234
5004 232
5071 229
5137 231
5204 231
5270 231
5336 231
5403 230
5469 234
5536 232
5602 233
5668 232
5735 232
5801 232
5868 235
5934 234
6001 235
6068 235
6134 237
6201 236
6267 239
6333 235
6400 233
6466 235
6533 235
6599 239
6665 243
6732 237
6798 237
6865 236
6931 239
7007 233
7074 238
7140 253
7207 237
7273 239
7339 239
7406 233
7472 239
7539 232
7605 234
7671 237
7738 238
7804 236
7871 238
7937 233
8004 234
8071 234
8137 233
8204 234
8270 255
8336 232
8403 234
8469 235
8536 233
8602 231
8668 234
8735 235
8801 235
8868 236
8934 235
9012 235
9079 238
9145 235
9212 237
9278 237
9344 238
9411 236
9477 237
9544 239
9610 239
9676 237
9743 238
9809 238
9876 237
9942 237
10009 248
10076 240
10142 238
10209 237
10275 240
10341 237
10408 238
10474 236
10541 236
10607 239
10673 237
10740 236
10806 235
10873 237
10939 236
11021 233
11087 235
11154 235
11220 236
11286 236
11353 235
11419 236
11485 235
11552 236
11618 237
11685 238
11751 236
11817 236
11884 236
11950 234
12018 238
12084 236
12151 238
12217 236
12283 236
12350 220
12416 237
12483 238
12549 263
12615 237
12682 237
12748 237
12814 238
12881 236
12947 237
13035 235
13101 237
13167 235
13234 236
13300 228
13367 236
13433 235
13499 235
13566 235
13632 236
13698 227
13765 235
13831 237
13898 235
13964 234
14032 234
14098 233
14164 233
14231 220
14297 233
14364 234
14430 233
14496 235
14563 233
14629 234
14696 228
14762 236
14828 224
14895 236
14961 235
15058 237
15124 234
15190 238
15257 235
15323 229
15390 230
15456 237
15522 236
15589 238
15655 235
15722 235
15788 236
15854 243
15921 234
15990 234
16057 233
16123 238
16190 231
16256 232
16322 236
16389 234
16455 234
16521 231
16588 232
16654 233
16721 224
16787 230
16853 248
16920 231
16987 233
17054 231
17120 231
17187 234
17253 231
17319 231
17386 231
17452 213
17519 233
17585 233
17651 232
17718 234
17784 232
17850 234
17917 234
17985 240
18051 233
18118 234
18184 236
18251 235
18317 230
18383 237
18450 243
18516 234
18583 239
18649 234
18715 232
18782 233
18848 233
18915 233
18981 234
19048 235
19115 232
19181 233
19248 231
19314 230
19380 232
19447 232
19513 231
19580 229
19646 231
19712 231
19779 231
19845 231
19912 232
19978 231
20045 230
20112 230
20178 229
20245 232
20311 231
20377 232
20444 231
20510 233
20577 224
20643 233
20709 232
20776 239
20842 233
20909 236
20975 232
21042 232
21109 233
21175 231
21242 233
21308 231
21374 228
21441 231
21507 232
21574 231
21640 233
21706 236
21773 235
21839 231
21906 234
21972 231
22076 232
22142 231
22209 231
22275 238
22341 232
22408 232
22474 236
22540 233
22607 231
22673 232
22740 231
22806 231
22872 232
22939 232
23006 231
23073 233
23139 250
23206 233
23272 232
23338 232
23405 232
23471 233
23538 234
23604 232
23670 232
23737 234
23803 233
23869 234
23936 233
24016 235
24082 236
24148 233
24215 237
24281 234
24348 237
24414 236
24480 235
24547 234
24613 235
24680 233
24746 235
24812 233
24879 234
24945 233
25013 235
25079 233
25145 235
25212 232
25278 234
25345 228
25411 232
25477 230
25544 234
25610 230
25677 233
25743 235
25809 234
25876 232
25942 236
26026 233
26092 236
26159 235
26225 235
26292 234
26358 236
26424 237
26491 236
26557 244
26624 238
26690 237
26756 234
26823 235
26889 240
26955 237
27023 235
27089 236
27156 249
27222 238
27289 236
27355 237
27421 234
27488 236
27554 235
27621 239
27687 236
27753 236
27820 235
27886 236
27953 236
28043 235
28110 232
28176 235
28243 233
28309 234
28375 238
28442 231
28508 234
28574 233
28641 236
28707 236
28774 229
28840 235
28906 235
28973 237
29077 237
29144 238
29210 238
29276 238
29343 238
29409 237
29476 239
29542 238
29608 239
29675 239
29741 238
29807 238
29874 245
29940 237
30023 235
30089 239
30156 236
30222 238
30288 236
30355 238
30421 236
30488 240
30554 237
30620 241
30687 236
30753 236
30820 236
30886 236
30952 235
31043 235
31110 236
31176 237
31242 234
31309 243
31375 237
31441 236
31508 235
31574 235
31641 236
31707 235
31773 234
31840 236
31906 247
31973 235
32040 236
32107 237
32173 237
32239 238
32306 236
32372 241
32439 237
32505 218
32571 236
32638 234
32704 236
32770 240
32837 236
32903 236
32970 236
33072 237
33138 234
33205 236
33271 244
33337 237
33404 237
33470 236
33537 233
33603 235
33669 233
33736 241
33802 235
33869 236
33935 234
34014 235
34081 233
34147 234
34213 233
34280 234
34346 230
34413 235
34479 238
34545 233
34612 234
34678 233
34744 231
34811 236
34877 235
34944 236
35011 242
35078 234
35144 237
35210 236
35277 236
35343 236
35410 240
35476 236
35542 237
35609 227
35675 236
35742 236
35808 235
35874 230
35941 235
36024 237
36090 235
36156 234
36223 231
36289 234
36356 232
36422 233
36488 234
36555 232
36621 233
36688 231
36754 233
36820 229
36887 232
36953 232
37044 232
37111 230
37177 232
37243 232
37310 231
37376 232
37443 232
37509 232
37575 235
37642 233
37708 234
37775 230
37841 233
37907 235
37974 241
38041 232
38108 233
38174 232
38241 234
38307 234
38373 226
38440 234
38506 236
38572 232
38639 233
38705 234
38772 229
38838 233
38904 230
38971 232
39074 253
39140 233
39207 231
39273 236
39339 231
39406 231
39472 231
39539 231
39605 240
39671 231
39738 230
39804 232
39871 229
39937 231
40004 232
40071 231
40137 229
40204 233
40270 234
40336 232
40403 232
40469 227
40536 233
40602 232
40668 234
40735 231
40801 237
40868 232
40934 232
41012 232
41079 237
41145 233
41212 231
41278 233
41344 228
41411 232
41477 229
41544 232
41610 231
41676 235
41743 233
41809 232
41876 233
41942 231
42009 222
42076 232
42142 232
42209 242
42275 230
42341 231
42408 232
42474 230
42541 232
42607 237
42673 232
42740 236
42806 232
42873 232
42939 231
43021 234
43087 234
43154 234
43220 233
43286 243
43353 233
43419 237
43485 234
43552 234
43618 235
43685 234
43751 237
43817 235
43884 233
43950 233
44018 234
44084 234
44151 235
44217 243
44283 235
44350 236
44416 233
44483 234
44549 235
44615 233
44682 236
44748 229
44814 235
44881 230
44947 241
45035 234
45101 232
45167 233
45234 230
45300 234
45367 232
45433 232
45499 243
45566 233
45632 232
45698 240
45765 234
45831 232
45898 248
45964 235
46032 236
46098 229
46164 235
46231 235
46297 233
46364 236
46430 237
46496 234
46563 237
46629 240
46696 236
46762 245
46828 238
46895 239
46961 237
47058 236
47124 241
47190 234
47257 237
47323 247
47390 236
47456 237
47522 236
47589 236
47655 235
47722 235
47788 234
47854 236
47921 231
47990 236
48057 237
48123 228
48190 237
48256 234
48322 235
48389 234
48455 235
48521 231
48588 235
48654 233
48721 236
48787 238
48853 235
48920 235
48987 235
49054 237
49120 236
49187 235
49253 237
49319 238
49386 249
49452 237
49519 237
49585 242
49651 238
49718 238
49784 245
49850 241
49917 238
49985 236
50051 238
50118 238
50184 239
50251 238
50317 237
50383 236
50450 237
50516 236
50583 265
50649 237
50715 240
50782 235
50848 236
50915 240
50981 230
51048 236
51115 239
51181 236
51248 235
51314 236
51380 239
51447 236
51513 230
51580 238
51646 234
51712 238
51779 236
51845 236
51912 237
51978 239
52045 237
52112 236
52178 235
52245 249
52311 237
52377 238
52444 236
52510 237
52577 236
52643 240
52709 236
52776 239
52842 238
52909 238
52975 230
53042 236
53109 237
53175 234
53242 236
53308 233
53374 235
53441 235
53507 236
53574 235
53640 235
53706 233
53773 243
53839 234
53906 234
53972 236
54076 237
54142 232
54209 234
54275 232
54341 234
54408 234
54474 239
54540 234
54607 234
54673 233
54740 234
54806 234
54872 273
54939 235
55006 234
55073 234
55139 235
55206 237
55272 234
55338 235
55405 236
55471 236
55538 237
55604 237
55670 237
55737 237
55803 237
55869 236
55936 236
56016 234
56082 234
56148 212
56215 234
56281 232
56348 218
56414 230
56480 234
56547 231
56613 231
56680 234
56746 229
56812 231
56879 221
56945 231
57013 232
57079 229
57145 231
57212 231
57278 232
57345 226
57411 231
57477 242
57544 232
57610 232
57677 234
57743 230
57809 234
57876 239
57942 233
58026 233
58092 234
58159 234
58225 236
58292 236
58358 233
58424 236
58491 231
58557 234
58624 235
58690 234
58756 235
58823 233
58889 235
58955 231
59023 232
59089 234
59156 232
59222 233
59289 232
59355 231
59421 231
59488 232
59554 231
59621 231
59687 233
59753 231
59820 236
59886 232
59953 230
60043 232
60110 232
60176 232
60243 211
60309 234
60375 229
60442 233
60508 231
60574 232
60641 230
60707 233
60774 232
60840 233
60906 218
60973 235
61077 232
61144 232
61210 232
61276 233
61343 231
61409 234
61476 232
61542 231
61608 231
61675 232
61741 232
61807 232
61874 220
61940 232
62023 215
62089 235
62156 233
62222 232
62288 231
62355 228
62421 232
62488 231
62554 231
62620 232
62687 232
62753 232
62820 236
62886 231
62952 232
63043 231
63110 233
63176 232
63242 232
63309 234
63375 232
63441 232
63508 235
63574 236
63641 235
63707 233
63773 231
63840 233
63906 235
63973 228
64040 234
64107 234
64173 213
64239 234
64306 235
64372 236
64439 233
64505 234
64571 239
64638 235
64704 231
64770 236
64837 233
64903 235
64970 233
65072 231
65138 233
65205 233
65271 232
65337 230
65404 231
65470 227
65537 231
65603 233
65669 233
65736 233
65802 241
65869 235
65935 233
66014 234
66081 233
66147 235
66213 235
66280 236
66346 232
66413 237
66479 233
66545 236
66612 235
66678 237
66744 238
66811 237
66877 238
66944 238
67011 238
67078 236
67144 236
67210 238
67277 239
67343 238
67410 238
67476 237
67542 237
67609 236
67675 238
67742 237
67808 238
67874 235
67941 236
68024 235
68090 238
68156 236
68223 235
68289 236
68356 236
68422 239
68488 235
68555 223
68621 234
68688 235
68754 234
68820 233
68887 237
68953 238
69044 237
69111 236
69177 236
69243 233
69310 238
69376 237
69443 238
69509 238
69575 238
69642 237
69708 239
69775 236
69841 240
69907 239
69974 240
70041 239
70108 238
70174 248
70241 234
70307 238
70373 222
70440 238
70506 236
70572 233
70639 238
70705 238
70772 235
70838 239
70904 234
70971 236
71074 232
71140 235
71207 236
71273 254
71339 237
71406 238
71472 240
71539 235
71605 233
71671 240
71738 234
71804 236
71871 237
71937 237
72004 236
72071 235
72137 237
72204 238
72270 239
72336 236
72403 236
72469 237
72536 237
72602 237
72668 237
72735 235
72801 239
72868 236
72934 236
73012 238
73079 237
73145 236
73212 238
73278 235
73344 232
73411 236
73477 235
73544 238
73610 235
73676 233
73743 231
73809 234
73876 236
73942 235
74009 233
74076 236
74142 234
74209 233
74275 233
74341 235
74408 231
74474 235
74541 241
74607 235
74673 234
74740 234
74806 237
74873 235
74939 235
75021 238
75087 218
75154 235
75220 237
75286 236
75353 238
75419 238
75485 236
75552 237
75618 237
75685 238
75751 237
75817 235
75884 237
75950 239
76018 235
76084 230
76151 236
76217 241
76283 234
76350 234
76416 234
76483 232
76549 232
76615 229
76682 232
76748 233
76814 234
76881 231
76947 232
77035 227
77101 231
77167 232
77234 232
77300 232
77367 230
77433 231
77499 239
77566 230
77632 231
77698 233
77765 233
77831 234
77898 233
77964 236
78032 233
78098 236
78164 233
78231 235
78297 236
78364 236
78430 234
78496 237
78563 238
78629 235
78696 229
78762 238
78828 233
78895 237
78961 232
79058 234
79124 229
79190 232
79257 231
79323 243
79390 231
79456 233
79522 232
79589 232
79655 232
79722 233
79788 232
79854 231
79921 233
79990 231
80057 232
80123 232
80190 234
80256 231
80322 236
80389 233
80455 232
80521 226
80588 233
80654 229
80721 232
80787 232
80853 235
80920 233
80987 227
81054 232
81120 234
81187 234
81253 232
81319 233
81386 233
81452 232
81519 231
81585 232
81651 233
81718 234
81784 231
81850 233
81917 232
81985 235
82051 231
82118 229
82184 228
82251 236
82317 233
82383 232
82450 232
82516 233
82583 233
82649 231
82715 232
82782 231
82848 232
82915 229
82981 215
83048 232
83115 233
83181 233
83248 236
83314 234
83380 235
83447 233
83513 235
83580 237
83646 235
83712 234
83779 233
83845 234
83912 235
83978 232
84045 234
84112 243
84178 235
84245 236
84311 236
84377 234
84444 234
84510 235
84577 234
84643 236
84709 234
84776 248
84842 234
84909 228
84975 233
85042 234
85109 234
85175 232
85242 233
85308 232
85374 233
85441 232
85507 233
85574 234
85640 236
85706 231
85773 234
85839 233
85906 236
85972 235
86076 237
86142 235
86209 236
86275 232
86341 236
86408 237
86474 238
86540 236
86607 236
86673 237
86740 238
86806 236
86872 219
86939 237
87006 237
87073 238
87139 238
87206 240
87272 250
87338 240
87405 237
87471 238
87538 237
87604 237
87670 235
87737 235
87803 235
87869 236
87936 235
88016 236
88082 233
88148 231
88215 232
88281 233
88348 243
88414 234
88480 233
88547 223
88613 233
88680 235
88746 236
88812 233
88879 237
88945 236
89013 238
89079 237
89145 240
89212 236
89278 236
89345 236
89411 239
89477 237
89544 237
89610 239
89677 239
89743 237
89809 243
89876 236
89942 239
90026 237
90092 243
90159 238
90225 239
90292 237
90358 239
90424 241
90491 238
90557 238
90624 238
90690 237
90756 237
90823 237
90889 236
90955 236
91023 236
91089 236
91156 238
91222 238
91289 236
91355 236
91421 235
91488 238
91554 236
91621 236
91687 236
91753 237
91820 236
91886 236
91953 236
92043 237
92110 236
92176 238
92243 242
92309 237
92375 233
92442 239
92508 237
92574 237
92641 236
92707 238
92774 222
92840 238
92906 236
92973 238
93077 237
93144 237
93210 235
93276 236
93343 232
93409 237
93476 239
93542 236
93608 233
93675 235
93741 235
93807 236
93874 234
93940 234
94023 232
94089 234
94156 237
94222 234
94288 236
94355 235
94421 231
94488 231
94554 230
94620 235
94687 235
94753 235
94820 234
94886 238
94952 233
95043 235
95110 236
95176 234
95242 238
95309 236
95375 234
95441 235
95508 236
95574 234
95641 238
95707 236
95773 228
95840 235
95906 235
95973 217
96040 233
96107 234
96173 226
96239 233
96306 233
96372 236
96439 234
96505 231
96571 231
96638 231
96704 229
96770 236
96837 231
96903 232
96970 235
97072 229
97138 230
97205 232
97271 226
97337 231
97404 231
97470 231
97537 236
97603 233
97669 228
97736 236
97802 233
97869 232
97935 233
98014 239
98081 236
98147 231
98213 234
98280 235
98346 234
98413 234
98479 233
98545 230
98612 235
98678 234
98744 234
98811 233
98877 230
98944 233
99011 231
99078 238
99144 235
99210 232
99277 231
99343 231
99410 232
99476 230
99542 232
99609 231
99675 232
99742 232
99808 231
99874 233
99941 231
100024 232
100090 231
100156 222
100223 231
100289 232
100356 231
100422 233
100488 233
100555 233
100621 233
100688 233
100754 234
100820 235
100887 233
100953 232
101044 233
101111 235
101177 236
101243 219
101310 233
101376 234
101443 233
101509 233
101575 231
101642 233
101708 234
101775 232
101841 233
101907 232
101974 233
102041 232
102108 231
102174 233
102241 232
102307 233
102373 206
102440 233
102506 233
102572 233
102639 231
102705 233
102772 235
102838 229
102904 229
102971 236
103074 232
103140 233
103207 233
103273 233
103339 233
103406 233
103472 235
103539 235
103605 235
103671 233
103738 234
103804 238
103871 234
103937 235
104004 236
104071 239
104137 235
104204 234
104270 236
104336 235
104403 236
104469 235
104536 235
104602 234
104668 235
104735 234
104801 234
104868 233
104934 235
105012 233
105079 234
105145 229
105212 233
105278 232
105344 234
105411 234
105477 233
105544 234
105610 232
105676 234
105743 233
105809 233
105876 233
105942 231
106009 235
106076 234
106142 235
106209 238
106275 232
106341 236
106408 234
106474 236
106541 236
106607 235
106673 234
106740 238
106806 237
106873 226
106939 238
107021 238
107087 238
107154 238
107220 235
107286 239
107353 241
107419 238
107485 237
107552 238
107618 237
107685 236
107751 235
107817 237
107884 235
107950 237
108018 236
108084 233
108151 236
108217 235
108283 239
108350 233
108416 237
108483 232
108549 233
108615 235
108682 234
108748 241
108814 235
108881 231
108947 236
109035 227
109101 236
109167 236
109234 235
109300 237
109367 238
109433 238
109499 238
109566 246
109632 240
109698 238
109765 239
109831 238
109898 238
109964 239
110032 236
110098 239
110164 245
110231 238
110297 238
110364 239
110430 237
110496 238
110563 237
110629 238
110696 236
110762 237
110828 235
110895 235
110961 234
111058 236
111124 238
111190 229
111257 234
111323 236
111390 234
111456 236
111522 235
111589 237
111655 235
111722 237
111788 235
111854 236
111921 236
111990 237
112057 239
112123 237
112190 238
112256 236
112322 238
112389 238
112455 234
112521 238
112588 237
112654 238
112721 239
112787 237
112853 238
112920 236
112987 237
113054 237
113120 234
113187 235
113253 234
113319 239
113386 236
113452 238
113519 233
113585 236
113651 235
113718 236
113784 233
113850 235
113917 234
113985 236
114051 238
114118 232
114184 232
114251 231
114317 235
114383 233
114450 233
114516 232
114583 236
114649 237
114715 236
114782 234
114848 206
114915 236
114981 234
115048 238
115115 238
115181 236
115248 233
115314 236
115380 237
115447 238
115513 235
115580 236
115646 238
115712 237
115779 237
115845 236
115912 236
115978 240
116045 232
116112 231
116178 233
116245 237
116311 233
116377 233
116444 231
116510 231
116577 232
116643 233
116709 233
116776 232
116842 231
116909 232
116975 231
117042 231
117109 234
117175 232
117242 233
117308 232
117374 232
117441 232
117507 234
117574 232
117640 232
117706 232
117773 233
117839 233
117906 235
117972 232
118076 233
118142 232
118209 233
118275 235
118341 233
118408 233
118474 238
118540 234
118607 231
118673 234
118740 233
118806 233
118872 233
118939 233
119006 233
119073 235
119139 233
119206 231
119272 233
119338 232
119405 231
119471 231
119538 232
119604 232
119670 230
119737 231
119803 232
119869 232
119936 231
120016 234
120082 230
120148 230
120215 229
120281 232
120348 233
120414 231
120480 228
120547 232
120613 230
120680 232
120746 233
120812 232
120879 231
120945 234
121013 233
121079 232
121145 233
121212 232
121278 235
121345 232
121411 228
121477 233
121544 230
121610 232
121677 234
121743 232
121809 233
121876 232
121942 232
122026 232
122092 233
122159 232
122225 232
122292 234
122358 232
122424 230
122491 232
122557 231
122624 233
122690 229
122756 232
122823 232
122889 234
122955 232
123023 224
123089 233
123156 233
123222 229
123289 233
123355 233
123421 236
123488 235
123554 235
123621 229
123687 233
123753 233
123820 228
123886 235
123953 234
124043 241
124110 235
124176 234
124243 234
124309 235
124375 234
124442 234
124508 236
124574 236
124641 234
124707 236
124774 256
124840 235
124906 234
124973 234
125077 234
125144 234
125210 233
125276 232
125343 232
125409 230
125476 240
125542 233
125608 232
125675 235
125741 232
125807 231
125874 234
125940 234
126023 236
126089 234
126156 234
126222 236
126288 240
126355 233
126421 234
126488 236
126554 243
126620 237
126687 238
126753 238
126820 239
126886 237
126952 242
127043 236
127110 239
127176 235
127242 225
127309 238
127375 238
127441 236
127508 237
127574 239
127641 236
127707 237
127773 234
127840 236
127906 235
127973 234
128040 234
128107 234
128173 235
128239 234
128306 233
128372 249
128439 234
128505 234
128571 235
128638 238
128704 235
128770 235
128837 234
128903 237
128970 234
129072 245
129138 238
129205 245
129271 237
129337 236
129404 204
129470 238
129537 237
129603 242
129669 235
129736 239
129802 238
129869 239
129935 236
130014 236
130081 239
130147 238
130213 235
130280 237
130346 242
130413 238
130479 235
130545 237
130612 236
130678 236
130744 233
130811 234
130877 235
130944 236
131011 237
131078 236
131144 241
131210 237
131277 237
131343 230
131410 238
131476 236
131542 236
131609 236
131675 238
131742 236
131808 239
131874 236
131941 236
132024 237
132090 237
132156 237
132223 220
132289 234
132356 238
132422 240
132488 238
132555 239
132621 244
132688 237
132754 238
132820 236
132887 240
132953 238
133044 238
133111 240
133177 234
133243 232
133310 236
133376 236
133443 235
133509 235
133575 236
133642 234
133708 236
133775 241
133841 236
133907 234
133974 232
134041 232
134108 235
134174 237
134241 234
134307 236
134373 234
134440 237
134506 233
134572 235
134639 233
134705 232
134772 234
134838 236
134904 232
134971 237
135074 235
135140 237
135207 236
135273 236
135339 235
135406 240
135472 238
135539 235
135605 221
135671 234
135738 237
135804 235
135871 235
135937 235
136004 234
136071 234
136137 230
136204 236
136270 235
136336 232
136403 233
136469 234
136536 232
136602 229
136668 232
136735 232
136801 233
136868 230
136934 231
137012 232
137079 227
137145 231
137212 231
137278 232
137344 233
137411 232
137477 233
137544 234
137610 234
