2 519
105 535
172 562
238 595
305 645
371 690
437 750
504 817
570 889
637 973
703 1062
769 1157
836 1260
902 1366
969 1479
1036 1598
1102 1719
1169 1844
1235 1970
1302 2101
1368 2229
1434 2363
1501 2519
1567 2624
1634 2749
1700 2873
1766 2991
1833 3103
1899 3213
1966 3311
2065 3445
2131 3524
2198 3590
2264 3645
2331 3694
2397 3728
2463 3746
2530 3768
2596 3779
2663 3783
2729 3778
2795 3768
2862 3751
2928 3732
3003 3700
3069 3666
3135 3627
3202 3581
3268 3532
3335 3476
3401 3416
3467 3350
3534 3280
3600 3230
3667 3127
3733 3045
3799 2962
3866 2870
3932 2777
4000 2679
4066 2584
4132 2484
4199 2379
4265 2283
4332 2177
4398 2075
4464 1972
4531 1868
4597 1765
4664 1665
4730 1565
4796 1466
4863 1371
4929 1279
5004 1180
5071 1094
5137 1015
5204 939
5270 866
5336 803
5403 745
5469 693
5536 645
5602 603
5668 573
5735 546
5801 529
5868 517
5934 516
6001 523
6068 535
6134 558
6201 585
6267 627
6333 670
6400 730
6466 795
6533 862
6599 938
6665 1024
6732 1116
6798 1215
6865 1319
6931 1428
7007 1558
7074 1680
7140 1797
7207 1925
7273 2050
7339 2177
7406 2308
7472 2438
7539 2567
7605 2694
7671 2814
7738 2935
7804 3048
7871 3158
7937 3257
8004 3353
8071 3440
8137 3513
8204 3577
8270 3633
8336 3678
8403 3711
8469 3738
8536 3755
8602 3764
8668 3768
8735 3760
8801 3749
8868 3734
8934 3709
9012 3677
9079 3642
9145 3599
9212 3554
9278 3503
9344 3444
9411 3381
9477 3332
9544 3243
9610 3168
9676 3086
9743 3003
9809 2914
9876 2826
9942 2729
10009 2631
10076 2534
10142 2433
10209 2329
10275 2226
10341 2121
10408 2015
10474 1909
10541 1805
10607 1702
10673 1602
10740 1501
10806 1403
10873 1307
10939 1216
11021 1108
11087 1022
11154 943
11220 867
11286 799
11353 735
11419 678
11485 625
11552 587
11618 543
11685 516
11751 472
11817 475
11884 469
11950 455
12018 479
12084 495
12151 517
12217 557
12283 600
12350 650
12416 710
12483 777
12549 854
12615 932
12682 1024
12748 1117
12814 1220
12881 1326
12947 1436
13035 1597
13101 1715
13167 1844
13234 1974
13300 2071
13367 2236
13433 2367
13499 2499
13566 2628
13632 2763
13698 2877
13765 2997
13831 3111
13898 3218
13964 3317
14032 3410
14098 3490
14164 3562
14231 3619
14297 3673
14364 3711
14430 3739
14496 3757
14563 3772
14629 3779
14696 3777
14762 3766
14828 3751
14895 3734
14961 3706
15058 3660
15124 3621
15190 3575
15257 3511
15323 3468
15390 3407
15456 3339
15522 3269
15589 3195
15655 3113
15722 3033
15788 2946
15854 2852
15921 2763
15990 2661
16057 2562
16123 2462
16190 2358
16256 2284
16322 2150
16389 2044
16455 1940
16521 1833
16588 1730
16654 1632
16721 1531
16787 1422
16853 1334
16920 1238
16987 1151
17054 1063
17120 984
17187 913
17253 834
17319 770
17386 711
17452 659
17519 611
17585 568
17651 538
17718 513
17784 493
17850 483
17917 488
17985 488
18051 506
18118 528
18184 558
18251 603
18317 651
18383 706
18450 778
18516 844
18583 924
18649 1009
18715 1107
18782 1205
18848 1314
18915 1423
18981 1544
19048 1664
19115 1790
19181 1918
19248 2048
19314 2179
19380 2312
19447 2446
19513 2575
19580 2703
19646 2830
19712 2950
19779 3067
19845 3178
19912 3282
19978 3377
20045 3464
20112 3542
20178 3606
20245 3660
20311 3704
20377 3736
20444 3763
20510 3777
20577 3780
20643 3788
20709 3787
20776 3794
20842 3754
20909 3732
20975 3712
21042 3668
21109 3627
21175 3584
21242 3533
21308 3478
21374 3418
21441 3351
21507 3282
21574 3206
21640 3128
21706 3046
21773 2959
21839 2869
21906 2779
21972 2682
22076 2561
22142 2429
22209 2324
22275 2223
22341 2121
22408 2017
22474 1913
22540 1810
22607 1710
22673 1610
22740 1511
22806 1415
22872 1321
22939 1229
23006 1144
23073 1062
23139 984
23206 913
23272 843
23338 782
23405 726
23471 678
23538 634
23604 594
23670 566
23737 552
23803 533
23869 527
23936 527
24016 539
24082 562
24148 592
24215 625
24281 668
24348 720
24414 777
24480 848
24547 923
24613 1007
24680 1095
24746 1191
24812 1295
24879 1399
24945 1512
25013 1632
25079 1749
25145 1877
25212 2002
25278 2132
25345 2257
25411 2387
25477 2514
25544 2642
25610 2765
25677 2887
25743 3002
25809 3113
25876 3218
25942 3317
26026 3426
26092 3498
26159 3569
26225 3626
26292 3671
26358 3708
26424 3735
26491 3754
26557 3764
26624 3767
26690 3764
26756 3757
26823 3739
26889 3719
26955 3691
27023 3657
27089 3619
27156 3574
27222 3525
27289 3469
27355 3411
27421 3345
27488 3276
27554 3202
27621 3122
27687 3040
27753 2957
27820 2864
27886 2773
27953 2675
28043 2545
28110 2430
28176 2339
28243 2235
28309 2133
28375 2026
28442 1923
28508 1819
28574 1715
28641 1612
28707 1514
28774 1416
28840 1320
28906 1228
28973 1142
29077 1010
29144 930
29210 857
29276 790
29343 729
29409 673
29476 630
29542 582
29608 545
29675 527
29741 499
29807 485
29874 481
29940 491
30023 500
30089 523
30156 551
30222 591
30288 638
30355 692
30421 753
30488 828
30554 904
30620 988
30687 1083
30753 1180
30820 1282
30886 1393
30952 1507
31043 1671
31110 1798
31176 1919
31242 2053
31309 2182
31375 2335
31441 2442
31508 2573
31574 2699
31641 2825
31707 2942
31773 3055
31840 3166
31906 3269
31973 3362
32040 3448
32107 3523
32173 3593
32239 3637
32306 3686
32372 3723
32439 3744
32505 3761
32571 3769
32638 3770
32704 3766
32770 3754
32837 3735
32903 3712
32970 3692
33072 3625
33138 3583
33205 3535
33271 3479
33337 3420
33404 3355
33470 3290
33537 3210
33603 3134
33669 3048
33736 2963
33802 2875
33869 2782
33935 2684
34014 2568
34081 2466
34147 2366
34213 2259
34280 2157
34346 2049
34413 1945
34479 1838
34545 1736
34612 1633
34678 1533
34744 1432
34811 1337
34877 1243
34944 1146
35011 1066
35078 984
35144 910
35210 832
35277 768
35343 708
35410 653
35476 614
35542 563
35609 530
35675 503
35742 484
35808 474
35874 467
35941 477
36024 500
36090 518
36156 553
36223 587
36289 639
36356 698
36422 764
36488 836
36555 915
36621 1005
36688 1100
36754 1203
36820 1307
36887 1419
36953 1536
37044 1704
37111 1829
37177 1958
37243 2090
37310 2224
37376 2355
37443 2485
37509 2617
37575 2777
37642 2871
37708 2990
37775 3086
37841 3214
37907 3315
37974 3405
38041 3492
38108 3565
38174 3628
38241 3676
38307 3717
38373 3743
38440 3769
38506 3781
38572 3789
38639 3785
38705 3779
38772 3760
38838 3746
38904 3719
38971 3693
39074 3636
39140 3588
39207 3539
39273 3482
39339 3420
39406 3356
39472 3289
39539 3213
39605 3154
39671 3052
39738 2964
39804 2876
39871 2783
39937 2688
40004 2589
40071 2488
40137 2388
40204 2289
40270 2180
40336 2077
40403 1973
40469 1869
40536 1769
40602 1669
40668 1565
40735 1468
40801 1374
40868 1278
40934 1194
41012 1089
41079 1013
41145 935
41212 865
41278 801
41344 746
41411 690
41477 645
41544 602
41610 574
41676 548
41743 531
41809 519
41876 520
41942 526
42009 543
42076 564
42142 595
42209 637
42275 683
42341 739
42408 803
42474 875
42541 953
42607 1038
42673 1131
42740 1231
42806 1335
42873 1445
42939 1558
43021 1708
43087 1831
43154 1956
43220 2088
43286 2216
43353 2344
43419 2474
43485 2602
43552 2731
43618 2851
43685 2974
43751 3084
43817 3192
43884 3293
43950 3384
44018 3471
44084 3540
44151 3611
44217 3655
44283 3698
44350 3732
44416 3755
44483 3766
44549 3774
44615 3776
44682 3769
44748 3755
44814 3735
44881 3715
44947 3687
45035 3638
45101 3601
45167 3547
45234 3494
45300 3436
45367 3372
45433 3302
45499 3213
45566 3153
45632 3072
45698 2989
45765 2899
45831 2809
45898 2716
45964 2617
46032 2518
46098 2416
46164 2312
46231 2211
46297 2107
46364 2004
46430 1898
46496 1797
46563 1693
46629 1593
46696 1495
46762 1400
46828 1304
46895 1215
46961 1128
47058 1009
47124 932
47190 863
47257 796
47323 737
47390 684
47456 637
47522 599
47589 564
47655 535
47722 515
47788 508
47854 504
47921 508
47990 523
48057 545
48123 573
48190 613
48256 658
48322 714
48389 775
48455 846
48521 924
48588 1006
48654 1099
48721 1195
48787 1281
48853 1408
48920 1521
48987 1641
49054 1763
49120 1887
49187 2015
49253 2143
49319 2274
49386 2402
49452 2532
49519 2658
49585 2783
49651 2903
49718 3019
49784 3130
49850 3232
49917 3326
49985 3419
50051 3495
50118 3564
50184 3621
50251 3666
50317 3705
50383 3735
50450 3742
50516 3759
50583 3767
50649 3752
50715 3752
50782 3737
50848 3715
50915 3689
50981 3657
51048 3618
51115 3580
51181 3522
51248 3466
51314 3406
51380 3339
51447 3269
51513 3198
51580 3121
51646 3036
51712 2951
51779 2858
51845 2765
51912 2669
51978 2570
52045 2467
52112 2366
52178 2284
52245 2156
52311 2051
52377 1946
52444 1842
52510 1743
52577 1635
52643 1533
52709 1437
52776 1336
52842 1241
52909 1152
52975 1066
53042 983
53109 905
53175 832
53242 766
53308 702
53374 647
53441 596
53507 557
53574 519
53640 496
53706 478
53773 461
53839 459
53906 466
53972 475
54076 527
54142 548
54209 592
54275 642
54341 703
54408 770
54474 861
54540 926
54607 1016
54673 1112
54740 1215
54806 1322
54872 1439
54939 1556
55006 1680
55073 1808
55139 1936
55206 2066
55272 2201
55338 2332
55405 2466
55471 2595
55538 2725
55604 2853
55670 2971
55737 3086
55803 3198
55869 3301
55936 3396
56016 3493
56082 3564
56148 3628
56215 3674
56281 3717
56348 3742
56414 3770
56480 3780
56547 3785
56613 3783
56680 3777
56746 3762
56812 3742
56879 3715
56945 3685
57013 3648
57079 3606
57145 3560
57212 3504
57278 3448
57345 3383
57411 3315
57477 3242
57544 3169
57610 3082
57677 2999
57743 2909
57809 2819
57876 2726
57942 2630
58026 2502
58092 2400
58159 2298
58225 2196
58292 2091
58358 2024
58424 1882
58491 1778
58557 1677
58624 1575
58690 1477
58756 1382
58823 1287
58889 1198
58955 1111
59023 1030
59089 953
59156 879
59222 815
59289 754
59355 697
59421 647
59488 606
59554 567
59621 544
59687 521
59753 508
59820 503
59886 510
59953 520
60043 553
60110 582
60176 686
60243 669
60309 726
60375 790
60442 860
60508 939
60574 1029
60641 1121
60707 1219
60774 1324
60840 1431
60906 1550
60973 1671
61077 1867
61144 1994
61210 2126
61276 2255
61343 2386
61409 2516
61476 2646
61542 2771
61608 2894
61675 3010
61741 3123
61807 3231
61874 3348
61940 3419
62023 3515
62089 3587
62156 3644
62222 3686
62288 3725
62355 3752
62421 3771
62488 3778
62554 3777
62620 3780
62687 3769
62753 3754
62820 3731
62886 3704
62952 3671
63043 3619
63110 3573
63176 3546
63242 3466
63309 3403
63375 3338
63441 3267
63508 3195
63574 3117
63641 3034
63707 2945
63773 2853
63840 2761
63906 2667
63973 2567
64040 2469
64107 2369
64173 2264
64239 2162
64306 2058
64372 1954
64439 1852
64505 1749
64571 1649
64638 1550
64704 1451
64770 1358
64837 1265
64903 1179
64970 1094
65072 974
65138 899
65205 833
65271 771
65337 716
65404 665
65470 624
65537 587
65603 561
65669 536
65736 539
65802 518
65869 519
65935 531
66014 552
66081 580
66147 617
66213 663
66280 712
66346 776
66413 842
66479 919
66545 1002
66612 1092
66678 1189
66744 1289
66811 1401
66877 1511
66944 1618
67011 1752
67078 1876
67144 2001
67210 2130
67277 2261
67343 2389
67410 2519
67476 2634
67542 2767
67609 2888
67675 3004
67742 3115
67808 3218
67874 3315
67941 3401
68024 3501
68090 3567
68156 3625
68223 3670
68289 3705
68356 3735
68422 3753
68488 3764
68555 3767
68621 3762
68688 3753
68754 3736
68820 3717
68887 3688
68953 3653
69044 3597
69111 3550
69177 3494
69243 3441
69310 3383
69376 3311
69443 3239
69509 3166
69575 3085
69642 2997
69708 2911
69775 2819
69841 2727
69907 2630
69974 2531
70041 2430
70108 2326
70174 2209
70241 2117
70307 2013
70373 1899
70440 1803
70506 1698
70572 1596
70639 1498
70705 1400
70772 1304
70838 1214
70904 1126
70971 1041
71074 917
71140 846
71207 777
71273 714
71339 661
71406 612
71472 569
71539 533
71605 505
71671 485
71738 473
71804 468
71871 473
71937 482
72004 505
72071 536
72137 574
72204 617
72270 671
72336 732
72403 803
72469 881
72536 963
72602 1054
72668 1155
72735 1254
72801 1366
72868 1480
72934 1601
73012 1745
73079 1875
73145 2002
73212 2134
73278 2269
73344 2396
73411 2527
73477 2656
73544 2782
73610 2904
73676 3022
73743 3135
73809 3239
73876 3337
73942 3426
74009 3506
74076 3575
74142 3632
74209 3677
74275 3716
74341 3746
74408 3762
74474 3773
74541 3777
74607 3774
74673 3760
74740 3748
74806 3728
74873 3700
74939 3668
75021 3606
75087 3574
75154 3524
75220 3467
75286 3407
75353 3344
75419 3270
75485 3195
75552 3113
75618 3031
75685 2945
75751 2855
75817 2761
75884 2665
75950 2566
76018 2466
76084 2361
76151 2240
76217 2152
76283 2048
76350 1943
76416 1839
76483 1734
76549 1643
76615 1531
76682 1439
76748 1336
76814 1243
76881 1153
76947 1070
77035 963
77101 887
77167 816
77234 755
77300 694
77367 644
77433 598
77499 561
77566 528
77632 506
77698 489
77765 483
77831 483
77898 492
77964 512
78032 535
78098 572
78164 610
78231 667
78297 722
78364 789
78430 862
78496 947
78563 1035
78629 1132
78696 1235
78762 1340
78828 1456
78895 1572
78961 1693
79058 1875
79124 2010
79190 2138
79257 2270
79323 2403
79390 2533
79456 2664
79522 2789
79589 2913
79655 3034
79722 3145
79788 3251
79854 3348
79921 3436
79990 3518
80057 3589
80123 3647
80190 3693
80256 3728
80322 3760
80389 3774
80455 3785
80521 3788
80588 3784
80654 3773
80721 3760
80787 3738
80853 3711
80920 3679
80987 3638
81054 3596
81120 3548
81187 3492
81253 3432
81319 3369
81386 3300
81452 3228
81519 3149
81585 3068
81651 2982
81718 2893
81784 2803
81850 2694
81917 2610
81985 2510
82051 2410
82118 2307
82184 2206
82251 2107
82317 1998
82383 1889
82450 1797
82516 1692
82583 1591
82649 1492
82715 1397
82782 1305
82848 1214
82915 1129
82981 1050
83048 974
83115 898
83181 831
83248 785
83314 715
83380 668
83447 625
83513 591
83580 551
83646 543
83712 531
83779 528
83845 530
83912 543
83978 562
84045 588
84112 626
84178 671
84245 721
84311 783
84377 852
84444 925
84510 1008
84577 1098
84643 1196
84709 1283
84776 1403
84842 1516
84909 1632
84975 1752
85042 1876
85109 2004
85175 2133
85242 2262
85308 2391
85374 2520
85441 2646
85507 2770
85574 2889
85640 3007
85706 3120
85773 3220
85839 3312
85906 3407
85972 3483
86076 3589
86142 3641
86209 3687
86275 3721
86341 3745
86408 3759
86474 3763
86540 3767
86607 3764
86673 3750
86740 3735
86806 3710
86872 3681
86939 3647
87006 3606
87073 3559
87139 3507
87206 3452
87272 3390
87338 3324
87405 3251
87471 3179
87538 3097
87604 3014
87670 2927
87737 2836
87803 2744
87869 2646
87936 2547
88016 2428
88082 2322
88148 2213
88215 2114
88281 2011
88348 1908
88414 1804
88480 1699
88547 1595
88613 1499
88680 1401
88746 1306
88812 1215
88879 1127
88945 1043
89013 961
89079 886
89145 817
89212 751
89278 698
89345 644
89411 599
89477 560
89544 530
89610 504
89677 490
89743 480
89809 481
89876 489
89942 507
90026 538
90092 573
90159 616
90225 654
90292 731
90358 798
90424 873
90491 955
90557 1043
90624 1144
90690 1242
90756 1349
90823 1464
90889 1580
90955 1700
91023 1828
91089 1957
91156 2086
91222 2212
91289 2348
91355 2479
91421 2606
91488 2735
91554 2857
91621 2974
91687 3091
91753 3197
91820 3297
91886 3389
91953 3472
92043 3566
92110 3626
92176 3662
92243 3709
92309 3738
92375 3757
92442 3767
92508 3772
92574 3766
92641 3759
92707 3750
92774 3721
92840 3696
92906 3662
92973 3624
93077 3551
93144 3499
93210 3441
93276 3379
93343 3310
93409 3238
93476 3162
93542 3079
93608 2994
93675 2908
93741 2815
93807 2720
93874 2621
93940 2524
94023 2396
94089 2291
94156 2187
94222 2085
94288 1977
94355 1868
94421 1768
94488 1666
94554 1561
94620 1463
94687 1365
94753 1267
94820 1179
94886 1092
94952 1008
95043 897
95110 830
95176 769
95242 703
95309 647
95375 601
95441 561
95508 527
95574 500
95641 481
95707 472
95773 469
95840 472
95906 490
95973 514
96040 541
96107 580
96173 617
96239 685
96306 749
96372 851
96439 903
96505 987
96571 1079
96638 1179
96704 1284
96770 1406
96837 1513
96903 1633
96970 1757
97072 1954
97138 2084
97205 2217
97271 2351
97337 2483
97404 2615
97470 2742
97537 2867
97603 2988
97669 3102
97736 3211
97802 3314
97869 3406
97935 3488
98014 3579
98081 3635
98147 3685
98213 3721
98280 3751
98346 3769
98413 3783
98479 3787
98545 3786
98612 3778
98678 3762
98744 3743
98811 3716
98877 3685
98944 3646
99011 3607
99078 3556
99144 3505
99210 3447
99277 3384
99343 3315
99410 3244
99476 3164
99542 3086
99609 2999
99675 2948
99742 2818
99808 2725
99874 2627
99941 2533
100024 2404
100090 2301
100156 2196
100223 2094
100289 1981
100356 1886
100422 1782
100488 1681
100555 1579
100621 1483
100688 1387
100754 1292
100820 1205
100887 1120
100953 1037
101044 933
101111 863
101177 812
101243 739
101310 688
101376 640
101443 601
101509 572
101575 547
101642 529
101708 522
101775 519
101841 527
101907 542
101974 563
102041 597
102108 635
102174 682
102241 741
102307 800
102373 870
102440 955
102506 1042
102572 1132
102639 1233
102705 1340
102772 1448
102838 1555
102904 1682
102971 1808
103074 2002
103140 2130
103207 2261
103273 2391
103339 2519
103406 2647
103472 2775
103539 2891
103605 3005
103671 3124
103738 3229
103804 3327
103871 3416
103937 3495
104004 3567
104071 3635
104137 3674
104204 3710
104270 3742
104336 3759
104403 3773
104469 3776
104536 3776
104602 3765
104668 3751
104735 3762
104801 3706
104868 3673
104934 3637
105012 3587
105079 3537
105145 3481
105212 3412
105278 3357
105344 3288
105411 3216
105477 3139
105544 3055
105610 2970
105676 2881
105743 2791
105809 2694
105876 2596
105942 2500
106009 2393
106076 2293
106142 2188
106209 2084
106275 1990
106341 1878
106408 1773
106474 1674
106541 1572
106607 1482
106673 1375
106740 1286
106806 1198
106873 1112
106939 1030
107021 934
107087 866
107154 799
107220 738
107286 684
107353 641
107419 600
107485 564
107552 538
107618 517
107685 509
107751 505
107817 511
107884 523
107950 546
108018 572
108084 612
108151 658
108217 713
108283 775
108350 820
108416 921
108483 1008
108549 1092
108615 1195
108682 1297
108748 1387
108814 1518
108881 1637
108947 1759
109035 1921
109101 2050
109167 2177
109234 2306
109300 2438
109367 2565
109433 2692
109499 2819
109566 2933
109632 3048
109698 3151
109765 3255
109831 3352
109898 3438
109964 3512
110032 3576
110098 3633
110164 3667
110231 3711
110297 3735
110364 3752
110430 3762
110496 3766
110563 3761
110629 3750
110696 3732
110762 3711
110828 3680
110895 3645
110961 3606
111058 3538
111124 3472
111190 3425
111257 3362
111323 3292
111390 3220
111456 3143
111522 3060
111589 2975
111655 2884
111722 2793
111788 2700
111854 2601
111921 2499
111990 2394
112057 2292
112123 2191
112190 2082
112256 1976
112322 1871
112389 1769
112455 1664
112521 1561
112588 1463
112654 1362
112721 1268
112787 1176
112853 1089
112920 1006
112987 926
113054 851
113120 780
113187 721
113253 724
113319 614
113386 569
113452 532
113519 503
113585 482
113651 467
113718 462
113784 463
113850 483
113917 493
113985 520
114051 558
114118 600
114184 654
114251 703
114317 784
114383 857
114450 925
114516 1034
114583 1132
114649 1257
114715 1345
114782 1459
114848 1581
114915 1703
114981 1829
115048 1963
115115 2091
115181 2221
115248 2357
115314 2486
115380 2618
115447 2746
115513 2872
115580 2992
115646 3107
115712 3214
115779 3318
115845 3407
115912 3491
115978 3566
116045 3622
116112 3675
116178 3715
116245 3746
116311 3767
116377 3778
116444 3783
116510 3784
116577 3776
116643 3760
116709 3742
116776 3720
116842 3684
116909 3649
116975 3607
117042 3557
117109 3505
117175 3445
117242 3383
117308 3312
117374 3245
117441 3164
117507 3084
117574 2999
117640 2912
117706 2817
117773 2726
117839 2626
117906 2529
117972 2427
118076 2269
118142 2162
118209 2058
118275 1954
118341 1851
118408 1746
118474 1647
118540 1547
118607 1450
118673 1352
118740 1260
118806 1170
118872 1085
118939 1012
119006 930
119073 835
119139 793
119206 734
119272 678
119338 635
119405 594
119471 558
119538 534
119604 513
119670 506
119737 506
119803 510
119869 527
119936 548
120016 585
120082 626
120148 676
120215 732
120281 798
120348 869
120414 951
120480 1039
120547 1134
120613 1233
120680 1340
120746 1447
120812 1555
120879 1687
120945 1811
121013 1941
121079 2070
121145 2201
121212 2332
121278 2464
121345 2590
121411 2720
121477 2838
121544 2962
121610 3079
121677 3188
121743 3290
121809 3384
121876 3467
121942 3550
122026 3622
122092 3673
122159 3710
122225 3742
122292 3763
122358 3771
122424 3783
122491 3781
122557 3774
122624 3788
122690 3742
122756 3716
122823 3687
122889 3651
122955 3613
123023 3556
123089 3516
123156 3452
123222 3389
123289 3323
123355 3250
123421 3177
123488 3093
123554 3010
123621 2924
123687 2834
123753 2739
123820 2643
123886 2549
123953 2447
124043 2310
124110 2205
124176 2100
124243 2000
124309 1896
124375 1789
124442 1693
124508 1588
124574 1462
124641 1392
124707 1303
124774 1208
124840 1128
124906 1046
124973 964
125077 858
125144 794
125210 735
125276 685
125343 639
125409 601
125476 573
125542 545
125608 528
125675 530
125741 521
125807 527
125874 569
125940 566
126023 606
126089 650
126156 695
126222 756
126288 822
126355 896
126421 976
126488 1065
126554 1158
126620 1260
126687 1367
126753 1477
126820 1592
126886 1713
126952 1835
127043 2007
127110 2137
127176 2260
127242 2393
127309 2532
127375 2649
127441 2770
127508 2893
127574 3009
127641 3120
127707 3225
127773 3320
127840 3409
127906 3487
127973 3556
128040 3615
128107 3662
128173 3701
128239 3728
128306 3745
128372 3763
128439 3766
128505 3765
128571 3755
128638 3742
128704 3722
128770 3691
128837 3660
128903 3623
128970 3577
129072 3490
129138 3443
129205 3381
129271 3313
129337 3243
129404 3164
129470 3085
129537 3002
129603 2932
129669 2822
129736 2730
129802 2632
129869 2534
129935 2431
130014 2310
130081 2206
130147 2101
130213 1996
130280 1902
130346 1794
130413 1683
130479 1582
130545 1484
130612 1384
130678 1283
130744 1199
130811 1113
130877 1028
130944 945
131011 872
131078 800
131144 739
131210 680
131277 627
131343 585
131410 547
131476 515
131542 495
131609 478
131675 470
131742 469
131808 480
131874 514
131941 523
132024 549
132090 609
132156 661
132223 720
132289 790
132356 866
132422 950
132488 1041
132555 1136
132621 1240
132688 1349
132754 1462
132820 1580
132887 1706
132953 1830
133044 2007
133111 2138
133177 2270
133243 2400
133310 2530
133376 2659
133443 2787
133509 2909
133575 3026
133642 3137
133708 3243
133775 3341
133841 3430
133907 3508
133974 3572
134041 3634
134108 3679
134174 3712
134241 3743
134307 3763
134373 3760
134440 3778
134506 3773
134572 3764
134639 3748
134705 3727
134772 3697
134838 3664
134904 3628
134971 3584
135074 3503
135140 3441
135207 3383
135273 3314
135339 3243
135406 3166
135472 3085
135539 3001
135605 2911
135671 2821
135738 2727
135804 2628
135871 2528
135937 2429
136004 2324
136071 2226
136137 2121
136204 2008
136270 1905
136336 1800
136403 1698
136469 1596
136536 1495
136602 1398
136668 1303
136735 1206
136801 1123
136868 1037
136934 959
137012 870
137079 802
137145 740
137212 682
137278 632
137344 590
137411 552
137477 524
137544 500
137610 487
