2 188
105 1282
172 1378
238 1476
305 1571
371 1670
437 1763
504 1844
570 1949
637 2037
703 2123
769 2206
836 2285
902 2358
969 2428
1036 2487
1102 2546
1169 2600
1235 2642
1302 2680
1368 2712
1434 2734
1501 2755
1567 2759
1634 2767
1700 2753
1766 2740
1833 2720
1899 2690
1966 2653
2065 2587
2131 2532
2198 2470
2264 2404
2331 2328
2397 2247
2463 2159
2530 2068
2596 1967
2663 1850
2729 1757
2795 1646
2862 1540
2928 1411
3003 1273
3069 1144
3135 1050
3202 889
3268 759
3335 632
3401 500
3467 374
3534 245
3600 143
3667 107
3733 102
3799 109
3866 119
3932 133
4000 150
4066 169
4132 194
4199 221
4265 255
4332 292
4398 337
4464 386
4531 441
4597 501
4664 568
4730 638
4796 714
4863 791
4929 876
5004 965
5071 1062
5137 1149
5204 1246
5270 1340
5336 1449
5403 1532
5469 1628
5536 1694
5602 1816
5668 1905
5735 1995
5801 2081
5868 2157
5934 2241
6001 2316
6068 2388
6134 2450
6201 2507
6267 2560
6333 2604
6400 2645
6466 2676
6533 2703
6599 2719
6665 2730
6732 2731
6798 2731
6865 2717
6931 2701
7007 2669
7074 2632
7140 2584
7207 2540
7273 2485
7339 2424
7406 2351
7472 2277
7539 2191
7605 2100
7671 2009
7738 1912
7804 1806
7871 1699
7937 1591
8004 1467
8071 1352
8137 1224
8204 1107
8270 1006
8336 848
8403 719
8469 592
8536 467
8602 339
8668 216
8735 127
8801 101
8868 55
8934 112
9012 119
9079 141
9145 161
9212 179
9278 206
9344 237
9411 269
9477 311
9544 356
9610 410
9676 470
9743 531
9809 599
9876 672
9942 748
10009 831
10076 916
10142 1004
10209 1095
10275 1187
10341 1280
10408 1378
10474 1470
10541 1565
10607 1662
10673 1756
10740 1851
10806 1939
10873 2027
10939 2111
11021 2212
11087 2275
11154 2359
11220 2426
11286 2490
11353 2542
11419 2591
11485 2674
11552 2671
11618 2698
11685 2721
11751 2735
11817 2742
11884 2743
11950 2734
12018 2720
12084 2697
12151 2667
12217 2630
12283 2587
12350 2535
12416 2477
12483 2411
12549 2342
12615 2262
12682 2179
12748 2088
12814 1995
12881 1894
12947 1790
13035 1646
13101 1533
13167 1416
13234 1295
13300 1175
13367 1045
13433 920
13499 795
13566 667
13632 542
13698 412
13765 289
13831 174
13898 114
13964 100
14032 107
14098 119
14164 130
14231 147
14297 163
14364 188
14430 208
14496 246
14563 284
14629 325
14696 373
14762 428
14828 487
14895 553
14961 622
15058 733
15124 812
15190 900
15257 984
15323 1040
15390 1166
15456 1264
15522 1356
15589 1456
15655 1552
15722 1649
15788 1750
15854 1838
15921 1931
15990 2028
16057 2113
16123 2194
16190 2278
16256 2350
16322 2408
16389 2485
16455 2542
16521 2595
16588 2642
16654 2680
16721 2714
16787 2739
16853 2758
16920 2764
16987 2770
17054 2769
17120 2755
17187 2736
17253 2710
17319 2680
17386 2633
17452 2569
17519 2530
17585 2467
17651 2396
17718 2324
17784 2239
17850 2152
17917 2060
17985 1957
18051 1853
18118 1744
18184 1633
18251 1514
18317 1398
18383 1275
18450 1150
18516 1023
18583 891
18649 760
18715 635
18782 506
18848 379
18915 254
18981 148
19048 104
19115 100
19181 109
19248 121
19314 128
19380 151
19447 171
19513 193
19580 222
19646 247
19712 293
19779 336
19845 386
19912 443
19978 503
20045 568
20112 645
20178 717
20245 798
20311 879
20377 967
20444 1056
20510 1151
20577 1242
20643 1340
20709 1433
20776 1531
20842 1629
20909 1725
20975 1818
21042 1913
21109 2004
21175 2093
21242 2178
21308 2255
21374 2330
21441 2399
21507 2464
21574 2526
21640 2580
21706 2627
21773 2666
21839 2699
21906 2724
21972 2743
22076 2759
22142 2759
22209 2748
22275 2736
22341 2713
22408 2681
22474 2645
22540 2600
22607 2549
22673 2488
22740 2424
22806 2352
22872 2272
22939 2186
23006 2093
23073 1997
23139 1895
23206 1790
23272 1678
23338 1566
23405 1445
23471 1324
23538 1201
23604 1073
23670 944
23737 805
23803 685
23869 557
23936 423
24016 273
24082 161
24148 109
24215 102
24281 107
24348 117
24414 131
24480 148
24547 166
24613 193
24680 212
24746 240
24812 283
24879 328
24945 372
25013 429
25079 486
25145 555
25212 623
25278 695
25345 773
25411 859
25477 937
25544 1032
25610 1121
25677 1215
25743 1302
25809 1404
25876 1496
25942 1594
26026 1713
26092 1809
26159 1897
26225 1989
26292 2075
26358 2156
26424 2234
26491 2308
26557 2398
26624 2442
26690 2500
26756 2553
26823 2605
26889 2640
26955 2673
27023 2698
27089 2713
27156 2728
27222 2730
27289 2731
27355 2718
27421 2699
27488 2674
27554 2641
27621 2600
27687 2575
27753 2498
27820 2439
27886 2371
27953 2293
28043 2184
28110 2091
28176 1999
28243 1906
28309 1795
28375 1687
28442 1568
28508 1457
28574 1339
28641 1216
28707 1092
28774 963
28840 838
28906 710
28973 582
29077 382
29144 257
29210 159
29276 109
29343 100
29409 106
29476 119
29542 134
29608 150
29675 170
29741 189
29807 221
29874 250
29940 291
30023 344
30089 395
30156 458
30222 514
30288 580
30355 649
30421 725
30488 805
30554 890
30620 976
30687 1083
30753 1155
30820 1247
30886 1340
30952 1440
31043 1572
31110 1665
31176 1758
31242 1852
31309 1939
31375 2031
31441 2117
31508 2198
31574 2274
31641 2349
31707 2413
31773 2477
31840 2533
31906 2585
31973 2626
32040 2665
32107 2697
32173 2720
32239 2735
32306 2745
32372 2743
32439 2738
32505 2726
32571 2705
32638 2675
32704 2641
32770 2598
32837 2550
32903 2492
32970 2429
33072 2317
33138 2235
33205 2151
33271 2064
33337 1963
33404 1862
33470 1758
33537 1645
33603 1533
33669 1414
33736 1296
33802 1172
33869 1047
33935 919
34014 768
34081 639
34147 513
34213 385
34280 261
34346 156
34413 105
34479 46
34545 109
34612 117
34678 133
34744 147
34811 167
34877 191
34944 220
35011 254
35078 292
35144 335
35210 382
35277 437
35343 499
35410 567
35476 637
35542 713
35609 761
35675 876
35742 962
35808 1053
35874 1144
35941 1237
36024 1359
36090 1456
36156 1553
36223 1649
36289 1744
36356 1840
36422 1931
36488 2023
36555 2099
36621 2194
36688 2272
36754 2347
36820 2418
36887 2483
36953 2541
37044 2613
37111 2659
37177 2694
37243 2724
37310 2715
37376 2766
37443 2771
37509 2774
37575 2766
37642 2753
37708 2731
37775 2702
37841 2667
37907 2621
37974 2571
38041 2513
38108 2446
38174 2375
38241 2296
38307 2214
38373 2123
38440 2028
38506 1927
38572 1820
38639 1712
38705 1597
38772 1479
38838 1362
38904 1234
38971 1111
39074 908
39140 782
39207 652
39273 524
39339 395
39406 268
39472 156
39539 106
39605 99
39671 108
39738 117
39804 132
39871 147
39937 165
40004 190
40071 218
40137 250
40204 287
40270 337
40336 415
40403 435
40469 494
40536 573
40602 633
40668 705
40735 762
40801 871
40868 958
40934 1048
41012 1153
41079 1253
41145 1346
41212 1444
41278 1539
41344 1634
41411 1730
41477 1824
41544 1918
41610 2009
41676 2093
41743 2180
41809 2257
41876 2333
41942 2402
42009 2468
42076 2527
42142 2579
42209 2626
42275 2665
42341 2695
42408 2725
42474 2743
42541 2752
42607 2758
42673 2753
42740 2741
42806 2721
42873 2699
42939 2662
43021 2611
43087 2562
43154 2506
43220 2439
43286 2366
43353 2290
43419 2206
43485 2117
43552 2019
43618 1921
43685 1814
43751 1709
43817 1593
43884 1477
43950 1357
44018 1231
44084 1102
44151 978
44217 849
44283 720
44350 589
44416 460
44483 330
44549 208
44615 123
44682 104
44748 101
44814 114
44881 125
44947 141
45035 164
45101 185
45167 212
45234 241
45300 278
45367 317
45433 368
45499 424
45566 478
45632 544
45698 611
45765 686
45831 762
45898 842
45964 928
46032 1018
46098 1108
46164 1200
46231 1295
46297 1388
46364 1484
46430 1580
46496 1675
46563 1770
46629 1860
46696 1949
46762 2035
46828 2122
46895 2203
46961 2277
47058 2375
47124 2443
47190 2503
47257 2552
47323 2601
47390 2639
47456 2672
47522 2697
47589 2716
47655 2726
47722 2732
47788 2726
47854 2715
47921 2699
47990 2670
48057 2638
48123 2597
48190 2549
48256 2493
48322 2431
48389 2364
48455 2289
48521 2206
48588 2119
48654 2034
48721 1931
48787 1828
48853 1720
48920 1611
48987 1492
49054 1373
49120 1252
49187 1111
49253 1003
49319 878
49386 761
49452 622
49519 494
49585 368
49651 244
49718 144
49784 104
49850 100
49917 109
49985 122
50051 136
50118 151
50184 172
50251 191
50317 222
50383 256
50450 295
50516 338
50583 394
50649 443
50715 506
50782 573
50848 643
50915 747
50981 798
51048 880
51115 971
51181 1055
51248 1150
51314 1241
51380 1337
51447 1431
51513 1528
51580 1625
51646 1719
51712 1780
51779 1908
51845 1993
51912 2080
51978 2162
52045 2243
52112 2318
52178 2387
52245 2451
52311 2514
52377 2568
52444 2612
52510 2653
52577 2687
52643 2715
52709 2729
52776 2747
52842 2751
52909 2747
52975 2737
53042 2721
53109 2696
53175 2663
53242 2626
53308 2578
53374 2545
53441 2462
53507 2395
53574 2320
53640 2241
53706 2156
53773 2064
53839 1966
53906 1864
53972 1758
54076 1584
54142 1467
54209 1350
54275 1225
54341 1101
54408 974
54474 846
54540 722
54607 593
54673 464
54740 339
54806 216
54872 131
54939 100
55006 105
55073 112
55139 124
55206 138
55272 157
55338 178
55405 197
55471 233
55538 267
55604 306
55670 354
55737 408
55803 462
55869 525
55936 591
56016 683
56082 760
56148 843
56215 926
56281 1015
56348 1106
56414 1201
56480 1294
56547 1393
56613 1489
56680 1586
56746 1681
56812 1781
56879 1872
56945 1964
57013 2056
57079 2141
57145 2224
57212 2299
57278 2375
57345 2444
57411 2504
57477 2561
57544 2614
57610 2688
57677 2696
57743 2725
57809 2770
57876 2765
57942 2773
58026 2774
58092 2765
58159 2749
58225 2727
58292 2694
58358 2656
58424 2610
58491 2559
58557 2498
58624 2432
58690 2358
58756 2279
58823 2193
58889 2102
58955 2008
59023 1901
59089 1793
59156 1683
59222 1567
59289 1449
59355 1332
59421 1203
59488 1078
59554 947
59621 817
59687 691
59753 556
59820 428
59886 301
59953 183
60043 105
60110 99
60176 105
60243 138
60309 133
60375 151
60442 170
60508 192
60574 220
60641 250
60707 292
60774 334
60840 385
60906 437
60973 502
61077 608
61144 682
61210 762
61276 813
61343 928
61409 1005
61476 1107
61542 1199
61608 1294
61675 1391
61741 1486
61807 1583
61874 1677
61940 1776
62023 1887
62089 1978
62156 2066
62222 2152
62288 2232
62355 2308
62421 2379
62488 2443
62554 2505
62620 2560
62687 2606
62753 2652
62820 2684
62886 2712
62952 2732
63043 2749
63110 2749
63176 2746
63242 2723
63309 2714
63375 2688
63441 2661
63508 2613
63574 2563
63641 2510
63707 2444
63773 2377
63840 2301
63906 2218
63973 2130
64040 2035
64107 1939
64173 1830
64239 1724
64306 1612
64372 1496
64439 1374
64505 1251
64571 1124
64638 998
64704 868
64770 742
64837 610
64903 481
64970 353
65072 170
65138 108
65205 101
65271 102
65337 117
65404 129
65470 147
65537 164
65603 186
65669 210
65736 245
65802 279
65869 322
65935 361
66014 432
66081 493
66147 555
66213 627
66280 702
66346 780
66413 853
66479 947
66545 1035
66612 1127
66678 1220
66744 1313
66811 1440
66877 1503
66944 1600
67011 1706
67078 1790
67144 1881
67210 1971
67277 2057
67343 2139
67410 2220
67476 2295
67542 2364
67609 2429
67675 2489
67742 2543
67808 2590
67874 2629
67941 2666
68024 2698
68090 2715
68156 2726
68223 2731
68289 2727
68356 2714
68422 2697
68488 2672
68555 2627
68621 2598
68688 2549
68754 2495
68820 2433
68887 2363
68953 2290
69044 2177
69111 2091
69177 1996
69243 1897
69310 1791
69376 1681
69443 1571
69509 1452
69575 1332
69642 1213
69708 1089
69775 963
69841 835
69907 707
69974 582
70041 453
70108 328
70174 207
70241 123
70307 100
70373 103
70440 113
70506 124
70572 140
70639 157
70705 178
70772 202
70838 232
70904 267
70971 308
71074 380
71140 432
71207 495
71273 562
71339 634
71406 707
71472 786
71539 869
71605 955
71671 1045
71738 1141
71804 1229
71871 1323
71937 1418
72004 1518
72071 1611
72137 1709
72204 1801
72270 1901
72336 1987
72403 2073
72469 2155
72536 2235
72602 2313
72668 2385
72735 2450
72801 2510
72868 2564
72934 2615
73012 2661
73079 2694
73145 2722
73212 2744
73278 2751
73344 2758
73411 2783
73477 2744
73544 2726
73610 2702
73676 2663
73743 2628
73809 2551
73876 2526
73942 2466
74009 2393
74076 2321
74142 2241
74209 2155
74275 2064
74341 1965
74408 1864
74474 1758
74541 1644
74607 1532
74673 1416
74740 1290
74806 1168
74873 1044
74939 917
75021 763
75087 631
75154 502
75220 375
75286 255
75353 147
75419 106
75485 100
75552 110
75618 122
75685 139
75751 149
75817 170
75884 190
75950 220
76018 254
76084 290
76151 338
76217 393
76283 445
76350 510
76416 568
76483 644
76549 719
76615 799
76682 886
76748 972
76814 1060
76881 1149
76947 1250
77035 1374
77101 1478
77167 1572
77234 1667
77300 1764
77367 1860
77433 1949
77499 2040
77566 2125
77632 2223
77698 2288
77765 2362
77831 2432
77898 2496
77964 2554
78032 2600
78098 2650
78164 2686
78231 2722
78297 2744
78364 2765
78430 2774
78496 2776
78563 2771
78629 2758
78696 2735
78762 2721
78828 2674
78895 2632
78961 2580
79058 2496
79124 2428
79190 2360
79257 2277
79323 2191
79390 2100
79456 2003
79522 1896
79589 1792
79655 1677
79722 1566
79788 1443
79854 1325
79921 1199
79990 1066
80057 941
80123 807
80190 679
80256 548
80322 421
80389 293
80455 176
80521 110
80588 100
80654 103
80721 114
80787 132
80853 146
80920 163
80987 184
81054 214
81120 242
81187 278
81253 322
81319 371
81386 429
81452 483
81519 546
81585 621
81651 691
81718 769
81784 851
81850 938
81917 1025
81985 1119
82051 1214
82118 1308
82184 1406
82251 1498
82317 1595
82383 1692
82450 1786
82516 1876
82583 1972
82649 2061
82715 2139
82782 2221
82848 2298
82915 2369
82981 2436
83048 2498
83115 2553
83181 2600
83248 2643
83314 2676
83380 2707
83447 2727
83513 2742
83580 2747
83646 2746
83712 2738
83779 2723
83845 2698
83912 2669
83978 2630
84045 2584
84112 2531
84178 2471
84245 2406
84311 2335
84377 2252
84444 2167
84510 2081
84577 1979
84643 1877
84709 1770
84776 1662
84842 1545
84909 1426
84975 1305
85042 1179
85109 1054
85175 925
85242 802
85308 670
85374 537
85441 410
85507 281
85574 169
85640 109
85706 99
85773 107
85839 122
85906 131
85972 145
86076 176
86142 200
86209 229
86275 263
86341 304
86408 349
86474 400
86540 453
86607 524
86673 583
86740 657
86806 733
86872 813
86939 896
87006 982
87073 1073
87139 1166
87206 1259
87272 1354
87338 1449
87405 1544
87471 1639
87538 1734
87604 1829
87670 1918
87737 1984
87803 2091
87869 2173
87936 2250
88016 2337
88082 2404
88148 2467
88215 2523
88281 2573
88348 2600
88414 2656
88480 2685
88547 2708
88613 2721
88680 2730
88746 2732
88812 2726
88879 2712
88945 2691
89013 2662
89079 2625
89145 2583
89212 2533
89278 2478
89345 2412
89411 2340
89477 2259
89544 2182
89610 2097
89677 1998
89743 1901
89809 1798
89876 1690
89942 1575
90026 1428
90092 1311
90159 1160
90225 1064
90292 937
90358 810
90424 682
90491 554
90557 426
90624 302
90690 179
90756 116
90823 100
90889 105
90955 114
91023 123
91089 149
91156 162
91222 185
91289 210
91355 242
91421 278
91488 318
91554 369
91621 421
91687 478
91753 540
91820 611
91886 686
91953 763
92043 878
92110 944
92176 1051
92243 1144
92309 1235
92375 1332
92442 1429
92508 1528
92574 1622
92641 1717
92707 1813
92774 1904
92840 1995
92906 2082
92973 2164
93077 2290
93144 2364
93210 2435
93276 2490
93343 2549
93409 2597
93476 2645
93542 2685
93608 2713
93675 2737
93741 2753
93807 2760
93874 2759
93940 2755
94023 2738
94089 2715
94156 2684
94222 2646
94288 2601
94355 2548
94421 2486
94488 2423
94554 2350
94620 2273
94687 2189
94753 2099
94820 2003
94886 1902
94952 1796
95043 1644
95110 1530
95176 1412
95242 1302
95309 1167
95375 1042
95441 913
95508 786
95574 657
95641 529
95707 396
95773 277
95840 171
95906 111
95973 99
96040 106
96107 119
96173 132
96239 149
96306 165
96372 188
96439 216
96505 250
96571 285
96638 333
96704 375
96770 433
96837 493
96903 561
96970 629
97072 748
97138 824
97205 915
97271 1001
97337 1094
97404 1187
97470 1283
97537 1378
97603 1478
97669 1568
97736 1671
97802 1765
97869 1860
97935 1952
98014 2059
98081 2148
98147 2228
98213 2302
98280 2379
98346 2447
98413 2511
98479 2567
98545 2622
98612 2661
98678 2698
98744 2729
98811 2751
98877 2767
98944 2775
99011 2776
99078 2772
99144 2755
99210 2712
99277 2704
99343 2667
99410 2611
99476 2572
99542 2512
99609 2446
99675 2374
99742 2295
99808 2212
99874 2118
99941 2024
100024 1897
100090 1789
100156 1676
100223 1561
100289 1442
100356 1320
100422 1196
100488 1070
100555 940
100621 813
100688 681
100754 557
100820 421
100887 295
100953 179
101044 103
101111 104
101177 108
101243 119
101310 131
101376 151
101443 169
101509 195
101575 220
101642 252
101708 295
101775 337
101841 387
101907 444
101974 503
102041 570
102108 637
102174 717
102241 796
102307 880
102373 966
102440 1050
102506 1145
102572 1242
102639 1335
102705 1430
102772 1528
102838 1622
102904 1716
102971 1809
103074 1953
103140 2041
103207 2126
103273 2207
103339 2284
103406 2357
103472 2424
103539 2486
103605 2542
103671 2591
103738 2637
103804 2670
103871 2701
103937 2718
104004 2738
104071 2744
104137 2748
104204 2738
104270 2724
104336 2701
104403 2673
104469 2635
104536 2590
104602 2538
104668 2480
104735 2413
104801 2343
104868 2264
104934 2180
105012 2073
105079 1976
105145 1875
105212 1767
105278 1657
105344 1543
105411 1425
105477 1261
105544 1177
105610 1052
105676 924
105743 796
105809 664
105876 537
105942 407
106009 280
106076 168
106142 110
106209 102
106275 106
106341 114
106408 129
106474 151
106541 165
106607 177
106673 214
106740 247
106806 280
106873 324
106939 372
107021 441
107087 544
107154 564
107220 635
107286 724
107353 787
107419 872
107485 966
107552 1046
107618 1136
107685 1230
107751 1325
107817 1424
107884 1513
107950 1611
108018 1706
108084 1780
108151 1886
108217 1978
108283 2072
108350 2148
108416 2227
108483 2301
108549 2372
108615 2434
108682 2494
108748 2548
108814 2595
108881 2634
108947 2671
109035 2705
109101 2722
109167 2732
109234 2733
109300 2729
109367 2715
109433 2698
109499 2674
109566 2638
109632 2598
109698 2547
109765 2489
109831 2425
109898 2361
109964 2284
110032 2204
110098 2117
110164 2020
110231 1921
110297 1822
110364 1714
110430 1601
110496 1487
110563 1368
110629 1248
110696 1121
110762 998
110828 869
110895 743
110961 614
111058 428
111124 305
111190 189
111257 117
111323 100
111390 104
111456 116
111522 128
111589 144
111655 164
111722 183
111788 232
111854 239
111921 278
111990 318
112057 369
112123 420
112190 481
112256 544
112322 614
112389 688
112455 766
112521 847
112588 935
112654 1022
112721 1113
112787 1207
112853 1300
112920 1398
112987 1496
113054 1593
113120 1688
113187 1786
113253 1879
113319 1966
113386 2055
113452 2142
113519 2223
113585 2302
113651 2373
113718 2441
113784 2503
113850 2559
113917 2606
113985 2653
114051 2689
114118 2719
114184 2742
114251 2757
114317 2765
114383 2765
114450 2760
114516 2742
114583 2721
114649 2691
114715 2652
114782 2613
114848 2558
114915 2499
114981 2434
115048 2362
115115 2284
115181 2198
115248 2109
115314 2013
115380 1914
115447 1807
115513 1700
115580 1589
115646 1469
115712 1346
115779 1225
115845 1099
115912 974
115978 845
116045 715
116112 586
116178 458
116245 331
116311 212
116377 126
116444 102
116510 114
116577 114
116643 124
116709 135
116776 157
116842 178
116909 189
116975 232
117042 269
117109 287
117175 358
117242 410
117308 506
117374 531
117441 596
117507 672
117574 747
117640 831
117706 915
117773 1005
117839 1094
117906 1189
117972 1285
118076 1436
118142 1532
118209 1658
118275 1726
118341 1821
118408 1916
118474 2005
118540 2094
118607 2175
118673 2257
118740 2334
118806 2405
118872 2471
118939 2532
119006 2586
119073 2633
119139 2675
119206 2710
119272 2737
119338 2756
119405 2768
119471 2774
119538 2765
119604 2762
119670 2744
119737 2719
119803 2685
119869 2646
119936 2598
120016 2532
120082 2470
120148 2400
120215 2324
120281 2241
120348 2152
120414 2060
120480 1963
120547 1856
120613 1748
120680 1636
120746 1517
120812 1398
120879 1273
120945 1150
121013 1021
121079 896
121145 764
121212 631
121278 502
121345 369
121411 247
121477 143
121544 104
121610 99
121677 109
121743 121
121809 131
121876 150
121942 171
122026 201
122092 229
122159 263
122225 303
122292 350
122358 402
122424 473
122491 520
122557 588
122624 658
122690 736
122756 821
122823 898
122889 989
122955 1074
123023 1171
123089 1264
123156 1360
123222 1457
123289 1550
123355 1645
123421 1740
123488 1834
123554 1919
123621 2012
123687 2099
123753 2181
123820 2260
123886 2333
123953 2402
124043 2488
124110 2539
124176 2591
124243 2641
124309 2669
124375 2699
124442 2725
124508 2733
124574 2742
124641 2741
124707 2733
124774 2719
124840 2696
124906 2667
124973 2626
125077 2555
125144 2499
125210 2416
125276 2366
125343 2290
125409 2216
125476 2119
125542 2027
125608 1928
125675 1826
125741 1715
125807 1604
125874 1486
125940 1364
126023 1212
126089 1088
126156 959
126222 835
126288 703
126355 573
126421 443
126488 317
126554 197
126620 120
126687 99
126753 105
126820 109
126886 127
126952 140
127043 166
127110 181
127176 215
127242 247
127309 284
127375 325
127441 374
127508 439
127574 488
127641 552
127707 622
127773 695
127840 773
127906 855
127973 939
128040 1030
128107 1122
128173 1214
128239 1305
128306 1403
128372 1498
128439 1593
128505 1689
128571 1780
128638 1874
128704 1965
128770 2051
128837 2134
128903 2212
128970 2288
129072 2397
129138 2459
129205 2514
129271 2567
129337 2613
129404 2652
129470 2682
129537 2705
129603 2726
129669 2734
129736 2735
129802 2730
129869 2718
129935 2697
130014 2665
130081 2629
130147 2589
130213 2537
130280 2479
130346 2413
130413 2343
130479 2268
130545 2187
130612 2094
130678 2002
130744 1901
130811 1795
130877 1689
130944 1577
131011 1459
131078 1337
131144 1218
131210 1093
131277 967
131343 840
131410 715
131476 614
131542 457
131609 331
131675 212
131742 129
131808 103
131874 102
131941 115
132024 129
132090 145
132156 161
132223 184
132289 209
132356 240
132422 276
132488 319
132555 398
132621 419
132688 477
132754 543
132820 611
132887 684
132953 762
133044 877
133111 906
133177 1053
133243 1144
133310 1240
133376 1334
133443 1428
133509 1524
133575 1619
133642 1718
133708 1813
133775 1906
133841 1998
133907 2083
133974 2170
134041 2251
134108 2335
134174 2400
134241 2463
134307 2523
134373 2577
134440 2625
134506 2666
134572 2697
134639 2730
134705 2748
134772 2761
134838 2767
134904 2765
134971 2754
135074 2726
135140 2698
135207 2662
135273 2617
135339 2567
135406 2509
135472 2444
135539 2382
135605 2299
135671 2214
135738 2126
135804 2033
135871 1931
135937 1827
136004 1732
136071 1602
136137 1486
136204 1366
136270 1245
136336 1118
136403 992
136469 863
136536 736
136602 605
136668 481
136735 354
136801 231
136868 134
136934 136
137012 105
137079 114
137145 126
137212 140
137278 159
137344 183
137411 205
137477 234
137544 269
137610 310
