2 3372
105 3342
171 3300
238 3261
304 3209
371 3138
437 3076
503 3004
570 2921
636 2832
703 2737
769 2636
835 2528
902 2411
968 2299
1036 2173
1102 2044
1168 1916
1235 1780
1301 1644
1368 1505
1434 1364
1500 1222
1567 1080
1633 935
1700 792
1766 652
1832 513
1899 374
1965 244
2065 114
2131 100
2198 104
2264 117
2331 129
2397 146
2463 169
2530 195
2596 227
2663 262
2729 312
2795 365
2862 429
2928 498
2996 575
3062 657
3128 749
3195 845
3261 947
3328 1056
3394 1166
3460 1277
3527 1399
3593 1523
3660 1642
3726 1768
3792 1897
3859 2021
3925 2138
3998 2277
4065 2398
4131 2513
4198 2628
4264 2733
4330 2836
4397 2929
4463 3019
4530 3099
4596 3172
4662 3234
4729 3292
4795 3337
4862 3374
4928 3401
4995 3420
5062 3431
5128 3431
5195 3423
5261 3408
5327 3384
5394 3351
5460 3311
5527 3262
5593 3206
5659 3141
5726 3071
5792 2994
5859 2909
5925 2815
5998 2674
6064 2605
6131 2492
6197 2376
6264 2257
6330 2130
6396 2001
6463 1869
6529 1734
6596 1596
6662 1425
6728 1315
6795 1173
6861 1031
6928 881
6995 743
7062 605
7128 463
7194 330
7261 202
7327 121
7393 104
7460 104
7526 113
7593 130
7659 146
7725 166
7792 191
7858 221
7925 261
7997 311
8064 364
8130 426
8197 495
8263 573
8329 654
8396 750
8462 841
8529 943
8595 1044
8661 1161
8728 1277
8794 1395
8861 1519
8927 1641
8995 1766
9061 1891
9127 2017
9194 2143
9260 2268
9326 2387
9393 2504
9459 2618
9526 2725
9592 2826
9658 2925
9725 3019
9791 3094
9858 3172
9924 3235
9996 3289
10063 3341
10129 3378
10196 3406
10262 3428
10328 3437
10395 3440
10461 3428
10528 3410
10594 3388
10660 3356
10727 3287
10793 3267
10860 3210
10926 3149
10994 3073
11060 2994
11126 2908
11193 2816
11259 2715
11325 2613
11392 2502
11458 2386
11525 2266
11591 2138
11657 2012
11724 1876
11790 1743
11857 1607
11923 1464
11995 1307
12061 1163
12128 1020
12194 877
12260 732
12327 592
12393 453
12460 316
12526 189
12592 114
12659 100
12725 102
12792 118
12858 131
12924 148
12997 168
13063 192
13130 211
13196 264
13263 314
13329 366
13395 430
13462 499
13528 574
13594 659
13661 739
13727 842
13794 949
13860 1049
13926 1163
14001 1290
14067 1408
14133 1528
14200 1658
14266 1776
14332 1900
14399 2025
14465 2148
14532 2237
14598 2387
14664 2501
14731 2613
14797 2722
14864 2821
14930 2916
15006 3016
15073 3095
15139 3166
15206 3231
15272 3278
15338 3324
15405 3361
15471 3388
15538 3405
15604 3414
15670 3411
15737 3406
15803 3385
15870 3357
15936 3326
16004 3283
16070 3232
16136 3175
16203 3106
16269 3037
16335 2956
16402 2868
16468 2781
16535 2677
16601 2568
16667 2456
16734 2341
16800 2221
16867 2092
16933 1961
17011 1803
17078 1665
17144 1527
17211 1385
17277 1242
17343 1096
17410 953
17476 808
17543 666
17609 526
17675 389
17742 251
17808 143
17875 101
17941 101
18009 109
18075 119
18141 137
18208 155
18274 179
18340 205
18407 240
18473 284
18540 334
18606 389
18672 455
18739 526
18805 606
18872 689
18938 781
19020 888
19086 1004
19153 1115
19219 1230
19285 1345
19352 1466
19418 1588
19485 1711
19551 1834
19617 1958
19684 2085
19750 2203
19817 2320
19883 2441
19949 2554
20039 2700
20105 2802
20171 2899
20238 2987
20304 3067
20371 3140
20437 3207
20503 3263
20570 3311
20636 3348
20703 3379
20769 3397
20835 3410
20902 3412
20968 3407
21036 3393
21102 3372
21168 3339
21235 3300
21301 3253
21368 3195
21434 3133
21500 3064
21567 2988
21633 2903
21700 2811
21766 2712
21832 2611
21899 2502
21965 2388
22065 2206
22131 2081
22198 1951
22264 1815
22331 1681
22397 1545
22463 1400
22530 1253
22596 1113
22663 973
22729 832
22795 689
22862 550
22928 412
22996 273
23062 161
23128 86
23195 99
23261 106
23328 125
23394 133
23460 153
23527 174
23593 203
23660 235
23726 275
23792 326
23859 382
23925 454
23998 527
24065 604
24131 689
24198 779
24264 880
24330 983
24397 1092
24463 1205
24530 1321
24596 1436
24662 1561
24729 1687
24795 1809
24862 1936
24928 2060
24995 2184
25062 2309
25128 2428
25195 2543
25261 2653
25327 2760
25394 2861
25460 2953
25527 3040
25593 3119
25659 3188
25726 3252
25792 3304
25859 3349
25925 3383
25998 3411
26064 3427
26131 3433
26197 3433
26264 3420
26330 3403
26396 3397
26463 3341
26529 3297
26596 3247
26662 3187
26728 3122
26795 3049
26861 2967
26928 2879
26995 2781
27062 2684
27128 2578
27194 2466
27261 2350
27327 2229
27393 2105
27460 1974
27526 1839
27593 1702
27659 1565
27725 1430
27792 1282
27858 1138
27925 993
27997 841
28064 714
28130 561
28197 421
28263 287
28329 170
28396 108
28462 99
28529 108
28595 118
28661 135
28728 152
28794 173
28861 201
28927 232
28995 276
29061 322
29127 376
29194 442
29260 512
29326 589
29393 676
29459 767
29526 864
29592 966
29658 1077
29725 1189
29791 1308
29858 1422
29924 1544
29996 1684
30063 1805
30129 1920
30196 2056
30262 2180
30328 2302
30395 2419
30461 2537
30528 2645
30594 2753
30660 2847
30727 2947
30793 3034
30860 3113
30926 3186
30994 3248
31060 3300
31126 3343
31193 3379
31259 3405
31325 3421
31392 3430
31458 3431
31525 3419
31591 3401
31657 3378
31724 3339
31790 3311
31857 3250
31923 3192
31995 3122
32061 3045
32128 2948
32194 2878
32260 2785
32327 2683
32393 2578
32460 2466
32526 2349
32592 2224
32659 2100
32725 1967
32792 1833
32858 1698
32924 1559
32997 1402
33063 1260
33130 1116
33196 972
33263 829
33329 685
33395 565
33462 405
33528 271
33594 194
33661 101
33727 99
33794 107
33860 122
33926 137
34001 158
34067 178
34133 206
34200 242
34266 285
34332 332
34399 385
34465 452
34532 525
34598 602
34664 691
34731 783
34797 880
34864 983
34930 1094
35006 1224
35073 1338
35139 1457
35206 1578
35272 1702
35338 1828
35405 1951
35471 2074
35538 2198
35604 2317
35670 2425
35737 2548
35803 2660
35870 2766
35936 2861
36004 2954
36070 3035
36136 3115
36203 3181
36269 3241
36335 3293
36402 3335
36468 3366
36535 3393
36601 3405
36667 3411
36734 3406
36800 3398
36867 3379
36933 3349
37011 3305
37078 3260
37144 3206
37211 3144
37277 3074
37343 2998
37410 2915
37476 2824
37543 2727
37609 2627
37675 2518
37742 2404
37808 2285
37875 2159
37941 2033
38009 1898
38075 1761
38141 1625
38208 1483
38274 1343
38340 1200
38407 1056
38473 912
38540 769
38606 623
38672 489
38739 348
38805 217
38872 123
38938 101
39020 107
39086 116
39153 129
39219 147
39285 168
39352 191
39418 225
39485 262
39551 311
39617 361
39684 423
39750 491
39817 563
39883 649
39949 739
40039 866
40105 969
40171 1078
40238 1187
40304 1309
40371 1422
40437 1544
40503 1644
40570 1790
40636 1914
40703 2038
40769 2161
40835 2284
40902 2402
40968 2505
41036 2628
41102 2735
41168 2842
41235 2927
41301 3020
41368 3095
41434 3167
41500 3228
41567 3283
41633 3327
41700 3363
41766 3388
41832 3407
41899 3415
41965 3416
42065 3399
42131 3378
42198 3350
42264 3312
42331 3266
42397 3213
42463 3152
42530 3083
42596 3026
42663 2924
42729 2835
42795 2732
42862 2636
42928 2529
42996 2412
43062 2294
43128 2172
43195 2047
43261 1914
43328 1782
43394 1645
43460 1506
43527 1364
43593 1223
43660 1079
43726 939
43792 792
43859 658
43925 516
43998 367
44065 233
44131 135
44198 101
44264 100
44330 110
44397 125
44463 139
44530 158
44596 177
44662 210
44729 249
44795 293
44862 342
44928 401
44995 469
45062 537
45128 621
45195 710
45261 805
45327 908
45394 1008
45460 1117
45527 1227
45593 1349
45659 1466
45726 1593
45792 1716
45859 1841
45925 1966
45998 2095
46064 2227
46131 2347
46197 2466
46264 2582
46330 2689
46396 2796
46463 2895
46529 3036
46596 3069
46662 3147
46728 3214
46795 3271
46861 3321
46928 3362
46995 3396
47062 3419
47128 3431
47194 3438
47261 3435
47327 3421
47393 3398
47460 3371
47526 3337
47593 3291
47659 3247
47725 3177
47792 3107
47858 3033
47925 2949
47997 2856
48064 2756
48130 2654
48197 2543
48263 2432
48329 2313
48396 2192
48462 2065
48529 1931
48595 1796
48661 1657
48728 1518
48794 1380
48861 1236
48927 1095
48995 953
49061 804
49127 675
49194 523
49260 390
49326 256
49393 147
49459 103
49526 101
49592 109
49658 121
49725 136
49791 155
49858 178
49924 208
49996 286
50063 288
50129 340
50196 397
50262 463
50328 537
50395 605
50461 706
50528 797
50594 906
50660 1000
50727 1108
50793 1222
50860 1338
50926 1458
50994 1583
51060 1708
51126 1831
51193 1956
51259 2082
51325 2207
51392 2326
51458 2444
51525 2558
51591 2673
51657 2774
51724 2868
51790 2965
51857 3051
51923 3127
51995 3206
52061 3261
52128 3312
52194 3353
52260 3386
52327 3410
52393 3424
52460 3427
52526 3425
52592 3414
52659 3393
52725 3362
52792 3329
52858 3281
52924 3230
52997 3162
53063 3094
53130 3018
53196 2934
53263 2847
53329 2748
53395 2645
53462 2537
53528 2426
53594 2304
53661 2152
53727 2054
53794 1918
53860 1783
53926 1645
54001 1490
54067 1347
54133 1204
54200 1058
54266 915
54332 769
54399 658
54465 486
54532 349
54598 216
54664 126
54731 95
54797 102
54864 106
54930 126
55006 145
55073 166
55139 191
55206 222
55272 258
55338 304
55405 358
55471 417
55538 484
55604 558
55670 643
55737 730
55803 823
55870 923
55936 1028
56004 1139
56070 1253
56136 1372
56203 1492
56269 1629
56335 1736
56402 1860
56468 1984
56535 2107
56601 2229
56667 2349
56734 2464
56800 2577
56867 2684
56933 2788
57011 2901
57078 2990
57144 3070
57211 3143
57277 3209
57343 3261
57410 3309
57476 3344
57543 3376
57609 3390
57675 3405
57742 3408
57808 3400
57875 3385
57941 3361
58009 3329
58075 3290
58141 3240
58208 3186
58274 3123
58340 3051
58407 2974
58473 2887
58540 2797
58606 2698
58672 2594
58739 2484
58805 2369
58872 2249
58938 2125
59020 1969
59086 1829
59153 1696
59219 1555
59285 1416
59352 1272
59418 1130
59485 984
59551 842
59617 700
59684 560
59750 420
59817 282
59883 165
59949 103
60039 100
60105 110
60171 122
60238 137
60304 156
60371 183
60437 211
60503 245
60570 304
60636 337
60703 397
60769 438
60835 533
60902 616
60968 697
61036 797
61102 892
61168 995
61235 1106
61301 1219
61368 1334
61434 1454
61500 1579
61567 1701
61633 1824
61700 1948
61766 2074
61832 2196
61899 2316
61965 2434
62065 2603
62131 2711
62198 2813
62264 2905
62331 2997
62397 3078
62463 3152
62530 3248
62596 3271
62663 3318
62729 3357
62795 3384
62862 3405
62928 3415
62996 3418
63062 3413
63128 3393
63195 3374
63261 3343
63328 3304
63394 3257
63460 3203
63527 3142
63593 3072
63660 2984
63726 2908
63792 2817
63859 2722
63925 2616
63998 2489
64065 2381
64131 2261
64198 2135
64264 2011
64330 1878
64397 1742
64463 1605
64530 1468
64596 1325
64662 1183
64729 1041
64795 898
64862 760
64928 615
64995 473
65062 341
65128 216
65195 125
65261 101
65327 107
65394 114
65460 127
65527 142
65593 167
65659 196
65726 218
65792 260
65859 302
65925 354
65998 408
66064 488
66131 565
66197 648
66264 741
66330 833
66396 934
66463 1039
66529 1155
66596 1265
66662 1387
66728 1506
66795 1632
66861 1753
66928 1880
66995 2007
67062 2133
67128 2255
67194 2376
67261 2493
67327 2608
67393 2717
67460 2819
67526 2914
67593 3004
67659 3088
67725 3163
67792 3229
67858 3285
67925 3335
67997 3379
68064 3407
68130 3427
68197 3437
68263 3439
68329 3429
68396 3415
68462 3393
68529 3364
68595 3330
68661 3276
68728 3220
68794 3153
68861 3088
68927 3010
68995 2923
69061 2833
69127 2735
69194 2631
69260 2520
69326 2404
69393 2286
69459 2160
69526 2030
69592 1900
69658 1766
69725 1628
69791 1488
69858 1344
69924 1201
69996 1047
70063 904
70129 761
70196 615
70262 477
70328 344
70395 210
70461 124
70528 100
70594 102
70660 80
70727 126
70793 141
70860 162
70926 189
70994 219
71060 257
71126 302
71193 354
71259 415
71325 481
71392 556
71458 638
71525 727
71591 822
71657 925
71724 1028
71790 1127
71857 1252
71923 1370
71995 1502
72061 1625
72128 1756
72194 1875
72260 2000
72327 2124
72393 2247
72460 2367
72526 2483
72592 2597
72659 2720
72725 2807
72792 2904
72858 2993
72924 3077
72997 3154
73063 3222
73130 3278
73196 3325
73263 3362
73329 3390
73395 3412
73462 3423
73528 3424
73594 3418
73661 3404
73727 3380
73794 3346
73860 3308
73926 3261
74001 3197
74067 3133
74133 3061
74200 2980
74266 2893
74332 2798
74399 2703
74465 2598
74532 2488
74598 2370
74664 2250
74731 2123
74797 1994
74864 1861
74930 1726
75006 1565
75073 1422
75139 1282
75206 1137
75272 993
75338 848
75405 706
75471 564
75538 424
75604 287
75670 211
75737 107
75803 99
75870 115
75936 119
76004 133
76070 150
76136 172
76203 199
76269 228
76335 272
76402 319
76468 376
76535 435
76601 506
76667 583
76734 667
76800 756
76867 853
76933 956
77011 1081
77078 1194
77144 1304
77211 1427
77277 1549
77343 1685
77410 1795
77476 1919
77543 2044
77609 2166
77675 2285
77742 2403
77808 2518
77875 2632
77941 2732
78009 2835
78075 2927
78141 3013
78208 3090
78274 3161
78340 3222
78407 3276
78473 3320
78540 3355
78606 3380
78672 3399
78739 3405
78805 3406
78872 3395
78938 3380
79020 3345
79086 3303
79153 3265
79219 3216
79285 3156
79352 3085
79418 3011
79485 2931
79551 2841
79617 2746
79684 2645
79750 2539
79817 2411
79883 2308
79949 2186
80039 2018
80105 1884
80171 1748
80238 1614
80304 1471
80371 1328
80437 1188
80503 1038
80570 905
80636 759
80703 616
80769 479
80835 343
80902 212
80968 127
81036 112
81102 96
81168 112
81235 125
81301 143
81368 163
81434 189
81500 215
81567 258
81633 321
81700 350
81766 410
81832 476
81899 554
81965 634
82065 767
82131 866
82198 969
82264 1071
82331 1188
82397 1303
82463 1422
82530 1541
82596 1667
82663 1791
82729 1917
82795 2039
82862 2163
82928 2283
82996 2406
83062 2520
83128 2629
83195 2739
83261 2839
83328 2933
83394 3017
83460 3102
83527 3171
83593 3235
83660 3287
83726 3334
83792 3370
83859 3396
83925 3396
83998 3417
84065 3427
84131 3414
84198 3400
84264 3371
84330 3337
84397 3297
84463 3247
84530 3188
84596 3124
84662 3051
84729 2972
84795 2878
84862 2793
84928 2691
84995 2583
85062 2474
85128 2356
85195 2239
85261 2112
85327 1979
85394 1850
85460 1717
85527 1575
85593 1435
85659 1294
85726 1152
85792 1011
85859 867
85925 724
85998 570
86064 435
86131 300
86197 180
86264 111
86330 99
86396 105
86463 117
86529 129
86596 151
86662 169
86728 200
86795 219
86861 270
86928 317
86995 365
87062 438
87128 503
87194 585
87261 669
87327 759
87393 855
87460 962
87526 1067
87593 1181
87659 1295
87725 1414
87792 1537
87858 1661
87925 1784
87997 1922
88064 2048
88130 2173
88197 2294
88263 2415
88329 2532
88396 2636
88462 2749
88529 2852
88595 2945
88661 3034
88728 3113
88794 3187
88861 3248
88927 3304
88995 3351
89061 3385
89127 3401
89194 3432
89260 3439
89326 3436
89393 3430
89459 3412
89526 3386
89592 3353
89658 3314
89725 3263
89791 3205
89858 3141
89924 3069
89996 2982
90063 2894
90129 2800
90196 2699
90262 2594
90328 2482
90395 2367
90461 2245
90528 2119
90594 1987
90660 1853
90727 1721
90793 1579
90860 1435
90926 1294
90994 1142
91060 1004
91126 858
91193 716
91259 576
91325 438
91392 302
91458 177
91525 108
91591 98
91657 107
91724 116
91790 136
91857 150
91923 170
91995 200
92061 234
92128 270
92194 318
92260 375
92327 437
92393 511
92460 584
92526 670
92592 759
92659 858
92725 959
92792 1066
92858 1177
92924 1293
92997 1423
93063 1543
93130 1668
93196 1789
93263 1917
93329 2040
93395 2165
93462 2285
93528 2404
93594 2510
93661 2631
93727 2735
93794 2864
93860 2930
93926 3015
94001 3103
94067 3170
94133 3237
94200 3287
94266 3332
94332 3364
94399 3390
94465 3409
94532 3415
94598 3413
94664 3406
94731 3387
94797 3361
94864 3323
94930 3284
95006 3227
95073 3166
95139 3099
95206 3023
95272 2942
95338 2853
95405 2759
95471 2655
95538 2549
95604 2436
95670 2316
95737 2195
95803 2069
95870 1940
95936 1804
96004 1665
96070 1542
96136 1382
96203 1239
96269 1109
96335 952
96402 808
96468 662
96535 524
96601 385
96667 252
96734 143
96800 102
96867 98
96933 110
97011 124
97078 139
97144 161
97211 187
97277 209
97343 252
97410 291
97476 326
97543 401
97609 466
97675 540
97742 621
97808 707
97875 799
97941 898
98009 1001
98075 1116
98141 1223
98208 1342
98274 1461
98340 1582
98407 1705
98473 1828
98540 1955
98606 2037
98672 2199
98739 2319
98805 2437
98872 2549
98938 2656
99020 2784
99086 2880
99153 2962
99219 3052
99285 3127
99352 3195
99418 3251
99485 3299
99551 3338
99617 3367
99684 3391
99750 3402
99817 3409
99883 3402
99949 3389
100039 3358
100105 3327
100171 3286
100238 3236
100304 3175
100371 3115
100437 3046
100503 2962
100570 2881
100636 2790
100703 2691
100769 2585
100835 2476
100902 2364
100968 2240
101036 2114
101102 1982
101168 1854
101235 1718
101301 1579
101368 1436
101434 1298
101500 1156
101567 1015
101633 869
101700 729
101766 591
101832 451
101899 313
101965 189
102065 101
102131 100
102198 114
102264 120
102331 138
102397 162
102463 180
102530 209
102596 243
102663 282
102729 337
102795 394
102862 459
102928 532
102996 613
103062 700
103128 792
103195 891
103261 996
103328 1105
103394 1212
103460 1335
103527 1455
103593 1574
103660 1701
103726 1825
103792 1953
103859 2077
103925 2199
103998 2332
104065 2449
104131 2564
104198 2676
104264 2779
104330 2879
104397 2969
104463 3054
104530 3125
104596 3200
104662 3260
104729 3308
104795 3353
104862 3387
104928 3410
104995 3424
105062 3432
105128 3429
105195 3417
105261 3396
105327 3369
105394 3333
105460 3289
105527 3240
105593 3178
105659 3107
105726 3035
105792 2954
105859 2865
105925 2771
105998 2659
106064 2550
106131 2439
106197 2321
106264 2198
106330 2071
106396 1938
106463 1807
106529 1661
106596 1531
106662 1389
106728 1249
106795 1107
106861 964
106928 820
106995 673
107062 538
107128 412
107194 267
107261 154
107327 106
107393 99
107460 109
107526 121
107593 142
107659 151
107725 177
107792 205
107858 240
107925 281
107997 329
108064 392
108130 460
108197 531
108263 611
108329 697
108396 794
108462 892
108529 982
108595 1101
108661 1215
108728 1332
108794 1454
108861 1576
108927 1700
108995 1822
109061 1957
109127 2079
109194 2201
109260 2325
109326 2444
109393 2614
109459 2669
109526 2776
109592 2873
109658 2968
109725 3054
109791 3131
109858 3200
109924 3262
109996 3319
110063 3361
110129 3393
110196 3415
110262 3428
110328 3438
110395 3430
110461 3423
110528 3404
110594 3374
110660 3337
110727 3294
110793 3239
110860 3182
110926 3113
110994 3040
111060 2954
111126 2865
111193 2769
111259 2668
111325 2560
111392 2449
111458 2329
111525 2207
111591 2079
111657 1949
111724 1813
111790 1672
111857 1536
111923 1396
111995 1250
112061 1096
112128 954
112194 808
112260 668
112327 527
112393 382
112460 255
112526 146
112592 105
112659 100
112725 106
112792 120
112858 136
112924 151
112997 182
113063 210
113130 244
113196 288
113263 337
113329 396
113395 460
113462 534
113528 617
113594 699
113661 791
113727 891
113794 996
113860 1102
113926 1213
114001 1345
114067 1464
114133 1586
114200 1707
114266 1834
114332 1958
114399 2076
114465 2207
114532 2324
114598 2447
114664 2554
114731 2661
114797 2768
114864 2863
114930 2958
115006 3054
115073 3128
115139 3194
115206 3254
115272 3303
115338 3345
115405 3379
115471 3397
115538 3410
115604 3413
115670 3408
115737 3396
115803 3376
115870 3346
115936 3310
116004 3264
116070 3206
116136 3142
116203 3075
116269 2991
116335 2915
116402 2825
116468 2728
116535 2626
116601 2518
116667 2404
116734 2278
116800 2161
116867 2019
116933 1901
117011 1741
117078 1598
117144 1463
117211 1317
117277 1176
117343 1029
117410 888
117476 745
117543 601
117609 462
117675 333
117742 195
117808 117
117875 81
117941 102
118009 115
118075 131
118141 145
118208 165
118274 192
118340 221
118407 260
118473 304
118540 360
118606 419
118672 488
118739 561
118805 642
118872 732
118938 837
119020 950
119086 1056
119153 1168
119219 1282
119285 1401
119352 1519
119418 1643
119485 1767
119551 1890
119617 2014
119684 2137
119750 2259
119817 2380
119883 2492
119949 2605
120039 2747
120105 2845
120171 2939
120238 3021
120304 3102
120371 3171
120437 3232
120503 3284
120570 3330
120636 3362
120703 3388
120769 3397
120835 3411
120902 3410
120968 3434
121036 3382
121102 3354
121168 3313
121235 3278
121301 3227
121368 3167
121434 3103
121500 3031
121567 2947
121633 2861
121700 2768
121766 2667
121832 2562
121899 2450
121965 2336
122065 2150
122131 2021
122198 1888
122264 1755
122331 1618
122397 1480
122463 1335
122530 1195
122596 1051
122663 908
122729 766
122795 624
122862 483
122928 351
122996 217
123062 121
123128 99
123195 101
123261 112
123328 132
123394 144
123460 161
123527 188
123593 218
123660 254
123726 297
123792 351
123859 410
123925 475
123998 560
124065 643
124131 728
124198 826
124264 926
124330 1032
124397 1147
124463 1258
124530 1381
124596 1497
124662 1619
124729 1744
124795 1868
124862 1993
124928 2118
124995 2204
125062 2366
125128 2481
125195 2596
125261 2702
125327 2806
125394 2903
125460 2995
125527 3074
125593 3152
125659 3195
125726 3276
125792 3324
125859 3365
125925 3395
125998 3420
126064 3431
126131 3433
126197 3426
126264 3413
126330 3392
126396 3361
126463 3321
126529 3273
126596 3220
126662 3158
126728 3089
126795 3011
126861 2927
126928 2837
126995 2737
127062 2633
127128 2527
127194 2413
127261 2289
127327 2171
127393 2068
127460 1911
127526 1775
127593 1640
127659 1499
127725 1359
127792 1214
127858 1073
127925 930
127997 775
128064 633
128130 494
128197 358
128263 229
128329 132
128396 102
128462 102
128529 112
128595 125
128661 142
128728 160
128794 194
128861 211
128927 253
128995 299
129061 350
129127 408
129194 473
129260 549
129326 637
129393 720
129459 812
129526 911
129592 1017
129658 1129
129725 1242
129791 1358
129858 1480
129924 1603
129996 1741
130063 1864
130129 1989
130196 2113
130262 2238
130328 2359
130395 2476
130461 2589
130528 2698
130594 2799
130660 2899
130727 2990
130793 3064
130860 3147
130926 3215
130994 3274
131060 3322
131126 3408
131193 3392
131259 3415
131325 3427
131392 3431
131458 3427
131525 3412
131591 3392
131657 3363
131724 3322
131790 3278
131857 3223
131923 3160
131995 3086
132061 3008
132128 2929
132194 2835
132260 2737
132327 2633
132393 2527
132460 2411
132526 2287
132592 2167
132659 2026
132725 1906
132792 1771
132858 1627
132924 1495
132997 1339
133063 1191
133130 1047
133196 904
133263 761
133329 621
133395 479
133462 340
133528 214
133594 122
133661 99
133727 101
133794 113
133860 124
133926 144
134001 167
134067 187
134133 219
134200 259
134266 308
134332 369
134399 423
134465 485
134532 560
134598 642
134664 732
134731 819
134797 927
134864 1032
134930 1177
135006 1274
135073 1390
135139 1513
135206 1631
135272 1758
135338 1884
135405 2010
135471 2133
135538 2254
135604 2373
135670 2488
135737 2597
135803 2707
135870 2809
135936 2903
136004 2994
136070 3069
136136 3148
136203 3210
136269 3276
136335 3312
136402 3351
136468 3378
136535 3399
136601 3409
136667 3413
136734 3404
136800 3389
136867 3365
136933 3332
