2 3539
105 3579
171 3618
238 3635
304 3648
371 3653
437 3649
503 3637
570 3617
636 3596
703 3554
769 3513
835 3460
902 3402
968 3334
1036 3264
1102 3185
1168 3100
1235 3007
1301 2911
1368 2806
1434 2697
1500 2585
1567 2468
1633 2343
1700 2221
1766 2089
1832 1956
1899 1821
1965 1686
2065 1478
2131 1339
2198 1203
2264 1062
2331 926
2397 790
2463 659
2530 522
2596 403
2663 282
2729 175
2795 116
2862 105
2928 113
2996 124
3062 140
3128 162
3195 186
3261 216
3328 256
3394 301
3460 357
3527 419
3593 498
3660 571
3726 659
3792 754
3859 858
3925 964
3998 1092
4065 1210
4131 1335
4198 1467
4264 1599
4330 1733
4397 1871
4463 2006
4530 2147
4596 2285
4662 2418
4729 2552
4795 2681
4862 2807
4928 2925
4995 3039
5062 3148
5128 3242
5195 3329
5261 3407
5327 3476
5394 3534
5460 3578
5527 3615
5593 3642
5659 3659
5726 3668
5792 3661
5859 3659
5925 3638
5998 3615
6064 3581
6131 3540
6197 3492
6264 3437
6330 3372
6396 3306
6463 3229
6529 3146
6596 3058
6662 2963
6728 2861
6795 2755
6861 2644
6928 2528
6995 2405
7062 2281
7128 2152
7194 2013
7261 1886
7327 1754
7393 1616
7460 1477
7526 1337
7593 1200
7659 1067
7725 926
7792 794
7858 658
7925 530
7997 392
8064 272
8130 169
8197 115
8263 106
8329 114
8396 127
8462 141
8529 165
8595 188
8661 220
8728 257
8794 309
8861 362
8927 427
8995 502
9061 579
9127 665
9194 727
9260 866
9326 976
9393 1092
9459 1213
9526 1336
9592 1466
9658 1598
9725 1732
9791 1869
9858 2008
9924 2143
9996 2294
10063 2428
10129 2561
10196 2703
10262 2813
10328 2931
10395 3042
10461 3144
10528 3243
10594 3330
10660 3408
10727 3473
10793 3521
10860 3577
10926 3614
10994 3638
11060 3653
11126 3661
11193 3661
11259 3651
11325 3656
11392 3608
11458 3574
11525 3532
11591 3484
11657 3428
11724 3365
11790 3295
11857 3218
11923 3134
11995 3036
12061 2940
12128 2840
12194 2730
12260 2616
12327 2499
12393 2377
12460 2251
12526 2122
12592 1986
12659 1857
12725 1716
12792 1561
12858 1438
12924 1299
12997 1148
13063 1005
13130 870
13196 732
13263 601
13329 469
13395 344
13462 225
13528 136
13594 107
13661 108
13727 117
13794 130
13860 150
13926 171
14001 201
14067 235
14133 277
14200 329
14266 395
14332 456
14399 533
14465 616
14532 708
14598 805
14664 913
14731 1022
14797 1141
14864 1260
14930 1388
15006 1538
15073 1669
15139 1804
15206 1941
15272 2078
15338 2214
15405 2350
15471 2482
15538 2613
15604 2737
15670 2859
15737 2976
15803 3081
15870 3178
15936 3272
16004 3355
16070 3427
16136 3488
16203 3538
16269 3581
16335 3610
16402 3634
16468 3642
16535 3645
16601 3641
16667 3628
16734 3607
16800 3579
16867 3540
16933 3495
17011 3434
17078 3373
17144 3305
17211 3229
17277 3150
17343 3061
17410 2969
17476 2868
17543 2761
17609 2650
17675 2538
17742 2413
17808 2290
17875 2161
17941 2030
18009 1895
18075 1759
18141 1621
18208 1484
18274 1344
18340 1200
18407 1064
18473 923
18540 790
18606 652
18672 523
18739 394
18805 274
18872 165
18938 114
19020 105
19086 112
19153 125
19219 144
19285 165
19352 190
19418 225
19485 264
19551 316
19617 370
19684 436
19750 510
19817 590
19883 680
19949 796
20039 920
20105 1030
20171 1147
20238 1271
20304 1397
20371 1527
20437 1663
20503 1790
20570 1933
20636 2071
20703 2214
20769 2343
20835 2476
20902 2603
20968 2734
21036 2856
21102 2971
21168 3079
21235 3181
21301 3275
21368 3353
21434 3428
21500 3490
21567 3550
21633 3583
21700 3619
21766 3628
21832 3654
21899 3657
21965 3652
22065 3633
22131 3608
22198 3575
22264 3534
22331 3489
22397 3433
22463 3373
22530 3305
22596 3230
22663 3148
22729 3060
22795 2962
22862 2866
22928 2759
22996 2644
23062 2532
23128 2412
23195 2287
23261 2159
23328 2029
23394 1895
23460 1761
23527 1621
23593 1486
23660 1346
23726 1208
23792 1068
23859 934
23925 797
23998 646
24065 522
24131 396
24198 277
24264 170
24330 116
24397 106
24463 110
24530 123
24596 140
24662 160
24729 185
24795 217
24862 257
24928 303
24995 359
25062 423
25128 496
25195 566
25261 664
25327 758
25394 862
25460 974
25527 1086
25593 1208
25659 1333
25726 1463
25792 1590
25859 1730
25925 1867
25998 2016
26064 2157
26131 2294
26197 2430
26264 2563
26330 2692
26396 2815
26463 2932
26529 3048
26596 3153
26662 3247
26728 3335
26795 3413
26861 3482
26928 3537
26995 3584
27062 3621
27128 3646
27194 3666
27261 3668
27327 3668
27393 3658
27460 3641
27526 3616
27593 3583
27659 3542
27725 3495
27792 3438
27858 3375
27925 3310
27997 3225
28064 3139
28130 3052
28197 2956
28263 2854
28329 2747
28396 2635
28462 2519
28529 2396
28595 2272
28661 2144
28728 2013
28794 1879
28861 1738
28927 1606
28995 1465
29061 1328
29127 1187
29194 1049
29260 912
29326 775
29393 640
29459 513
29526 389
29592 257
29658 158
29725 113
29791 103
29858 112
29924 128
29996 145
30063 166
30129 192
30196 224
30262 265
30328 311
30395 369
30461 434
30528 509
30594 589
30660 680
30727 774
30793 881
30860 988
30926 1106
30994 1226
31060 1352
31126 1482
31193 1614
31259 1750
31325 1887
31392 2013
31458 2164
31525 2297
31591 2432
31657 2564
31724 2692
31790 2861
31857 2933
31923 3043
31995 3156
32061 3250
32128 3336
32194 3411
32260 3478
32327 3530
32393 3576
32460 3609
32526 3636
32592 3651
32659 3656
32725 3652
32792 3634
32858 3623
32924 3597
32997 3560
33063 3516
33130 3468
33196 3409
33263 3344
33329 3271
33395 3194
33462 3107
33528 3018
33594 2919
33661 2818
33727 2708
33794 2594
33860 2475
33926 2353
34001 2214
34067 2082
34133 1950
34200 1814
34266 1675
34332 1538
34399 1399
34465 1257
34532 1117
34598 978
34664 841
34731 706
34797 573
34864 443
34930 318
35006 187
35073 118
35139 104
35206 111
35272 99
35338 137
35405 157
35471 181
35538 210
35604 245
35670 291
35737 341
35803 404
35870 478
35936 553
36004 641
36070 731
36136 832
36203 937
36269 1051
36335 1168
36402 1296
36468 1419
36535 1549
36601 1681
36667 1818
36734 1952
36800 2094
36867 2228
36933 2362
37011 2516
37078 2648
37144 2772
37211 2890
37277 3002
37343 3109
37410 3206
37476 3293
37543 3374
37609 3437
37675 3500
37742 3549
37808 3589
37875 3615
37941 3645
38009 3645
38075 3647
38141 3628
38208 3622
38274 3600
38340 3562
38407 3529
38473 3482
38540 3431
38606 3367
38672 3300
38739 3224
38805 3144
38872 3055
38938 2961
39020 2837
39086 2730
39153 2617
39219 2498
39285 2379
39352 2253
39418 2126
39485 1992
39551 1858
39617 1721
39684 1587
39750 1446
39817 1299
39883 1170
39949 1031
40039 846
40105 712
40171 581
40238 451
40304 328
40371 212
40437 131
40503 106
40570 109
40636 119
40703 136
40769 150
40835 174
40902 202
40968 239
41036 283
41102 332
41168 392
41235 461
41301 537
41368 621
41434 715
41500 813
41567 902
41633 1032
41700 1151
41766 1272
41832 1399
41899 1526
41965 1665
42065 1867
42131 2006
42198 2144
42264 2281
42331 2415
42397 2549
42463 2679
42530 2805
42596 2922
42663 3032
42729 3139
42795 3237
42862 3321
42928 3403
42996 3471
43062 3529
43128 3577
43195 3635
43261 3639
43328 3655
43394 3663
43460 3664
43527 3654
43593 3639
43660 3611
43726 3580
43792 3535
43859 3494
43925 3439
43998 3369
44065 3300
44131 3224
44198 3142
44264 3051
44330 2956
44397 2856
44463 2749
44530 2632
44596 2522
44662 2401
44729 2277
44795 2148
44862 2016
44928 1884
44995 1748
45062 1611
45128 1471
45195 1323
45261 1195
45327 1059
45394 920
45460 787
45527 651
45593 526
45659 399
45726 280
45792 171
45859 119
45925 105
45998 114
46064 125
46131 140
46197 166
46264 188
46330 221
46396 261
46463 310
46529 364
46596 428
46662 501
46728 581
46795 672
46861 769
46928 870
46995 983
47062 1098
47128 1218
47194 1344
47261 1475
47327 1606
47393 1742
47460 1880
47526 2018
47593 2158
47659 2293
47725 2427
47792 2573
47858 2689
47925 2814
47997 2945
48064 3056
48130 3161
48197 3257
48263 3342
48329 3420
48396 3486
48462 3541
48529 3588
48595 3621
48661 3646
48728 3661
48794 3669
48861 3666
48927 3655
48995 3632
49061 3611
49127 3577
49194 3535
49260 3486
49326 3433
49393 3369
49459 3297
49526 3223
49592 3139
49658 3047
49725 2949
49791 2846
49858 2743
49924 2629
49996 2503
50063 2379
50129 2254
50196 2124
50262 2001
50328 1858
50395 1705
50461 1583
50528 1442
50594 1304
50660 1166
50727 1027
50793 891
50860 756
50926 622
50994 491
51060 365
51126 248
51193 149
51259 112
51325 105
51392 117
51458 129
51525 146
51591 171
51657 194
51724 232
51790 268
51857 307
51923 372
51995 445
52061 519
52128 599
52194 685
52260 785
52327 893
52393 1003
52460 1117
52526 1237
52592 1366
52659 1496
52725 1624
52792 1763
52858 1896
52924 2033
52997 2187
53063 2318
53130 2451
53196 2580
53263 2708
53329 2830
53395 2947
53462 3057
53528 3158
53594 3252
53661 3334
53727 3411
53794 3477
53860 3529
53926 3571
54001 3616
54067 3632
54133 3648
54200 3649
54266 3646
54332 3633
54399 3614
54465 3585
54532 3585
54598 3507
54664 3459
54731 3396
54797 3332
54864 3259
54930 3180
55006 3081
55073 2988
55139 2890
55206 2785
55272 2674
55338 2565
55405 2439
55471 2313
55538 2187
55604 2057
55670 1922
55737 1785
55803 1650
55870 1511
55936 1371
56004 1227
56070 1087
56136 948
56203 812
56269 679
56335 544
56402 415
56468 293
56535 183
56601 114
56667 107
56734 111
56800 124
56867 156
56933 159
57011 189
57078 217
57144 257
57211 302
57277 358
57343 422
57410 494
57476 571
57543 660
57609 753
57675 856
57742 961
57808 1082
57875 1201
57941 1325
58009 1452
58075 1582
58141 1714
58208 1853
58274 1989
58340 2137
58407 2262
58473 2396
58540 2525
58606 2657
58672 2781
58739 2898
58805 3010
58872 3117
58938 3214
59020 3323
59086 3373
59153 3465
59219 3520
59285 3565
59352 3601
59418 3627
59485 3643
59551 3651
59617 3648
59684 3639
59750 3622
59817 3584
59883 3564
59949 3522
60039 3456
60105 3397
60171 3332
60238 3258
60304 3181
60371 3095
60437 3004
60503 2906
60570 2801
60636 2693
60703 2580
60769 2459
60835 2340
60902 2213
60968 2082
61036 1946
61102 1809
61168 1668
61235 1534
61301 1396
61368 1260
61434 1120
61500 982
61567 847
61633 714
61700 580
61766 450
61832 328
61899 212
61965 132
62065 106
62131 112
62198 128
62264 145
62331 163
62397 188
62463 223
62530 256
62596 304
62663 376
62729 426
62795 500
62862 582
62928 669
62996 762
63062 869
63128 978
63195 1093
63261 1215
63328 1342
63394 1470
63460 1603
63527 1738
63593 1876
63660 2011
63726 2149
63792 2286
63859 2417
63925 2554
63998 2697
64065 2820
64131 2938
64198 3050
64264 3154
64330 3246
64397 3335
64463 3414
64530 3479
64596 3538
64662 3582
64729 3618
64795 3644
64862 3660
64928 3666
64995 3665
65062 3656
65128 3637
65195 3612
65261 3578
65327 3539
65394 3489
65460 3434
65527 3371
65593 3305
65659 3224
65726 3144
65792 3053
65859 2959
65925 2857
65998 2739
66064 2628
66131 2511
66197 2389
66264 2263
66330 2137
66396 2005
66463 1875
66529 1737
66596 1600
66662 1467
66728 1322
66795 1189
66861 1045
66928 911
66995 775
67062 643
67128 513
67194 390
67261 268
67327 168
67393 116
67460 107
67526 113
67593 126
67659 141
67725 151
67792 187
67858 216
67925 259
67997 313
68064 371
68130 439
68197 509
68263 588
68329 677
68396 777
68462 878
68529 987
68595 1105
68661 1220
68728 1348
68794 1481
68861 1616
68927 1748
68995 1887
69061 2025
69127 2155
69194 2308
69260 2435
69326 2566
69393 2696
69459 2819
69526 2938
69592 3049
69658 3155
69725 3248
69791 3333
69858 3410
69924 3476
69996 3538
70063 3582
70129 3617
70196 3641
70262 3656
70328 3663
70395 3660
70461 3648
70528 3630
70594 3603
70660 3573
70727 3529
70793 3481
70860 3423
70926 3361
70994 3289
71060 3211
71126 3128
71193 3035
71259 2935
71325 2838
71392 2730
71458 2616
71525 2500
71591 2379
71657 2253
71724 2122
71790 1989
71857 1857
71923 1719
71995 1569
72061 1429
72128 1289
72194 1144
72260 1010
72327 873
72393 740
72460 602
72526 475
72592 348
72659 231
72725 138
72792 108
72858 109
72924 116
72997 138
73063 148
73130 171
73196 199
73263 235
73329 275
73395 330
73462 383
73528 455
73594 529
73661 613
73727 704
73794 801
73860 907
73926 1020
74001 1149
74067 1271
74133 1399
74200 1527
74266 1678
74332 1795
74399 1932
74465 2073
74532 2207
74598 2343
74664 2477
74731 2604
74797 2731
74864 2847
74930 2966
75006 3091
75073 3190
75139 3270
75206 3360
75272 3433
75338 3492
75405 3544
75471 3583
75538 3614
75604 3633
75670 3646
75737 3646
75803 3646
75870 3628
75936 3608
76004 3576
76070 3537
76136 3493
76203 3437
76269 3398
76335 3314
76402 3240
76468 3156
76535 3072
76601 2976
76667 2878
76734 2771
76800 2661
76867 2538
76933 2427
77011 2281
77078 2152
77144 2020
77211 1885
77277 1749
77343 1613
77410 1471
77476 1331
77543 1193
77609 1046
77675 916
77742 779
77808 644
77875 512
77941 385
78009 260
78075 158
78141 108
78208 106
78274 114
78340 127
78407 143
78473 163
78540 192
78606 220
78672 265
78739 302
78805 365
78872 427
78938 501
79020 600
79086 691
79153 787
79219 897
79285 1003
79352 1117
79418 1239
79485 1361
79551 1495
79617 1627
79684 1766
79750 1898
79817 2039
79883 2174
79949 2309
80039 2490
80105 2620
80171 2748
80238 2866
80304 2982
80371 3089
80437 3188
80503 3281
80570 3363
80636 3439
80703 3495
80769 3547
80835 3589
80902 3618
80968 3640
81036 3652
81102 3657
81168 3647
81235 3638
81301 3616
81368 3585
81434 3550
81500 3505
81567 3452
81633 3394
81700 3327
81766 3238
81832 3177
81899 3089
81965 2994
82065 2849
82131 2742
82198 2630
82264 2510
82331 2395
82397 2268
82463 2142
82530 2009
82596 1876
82663 1741
82729 1604
82795 1464
82862 1331
82928 1188
82996 1047
83062 906
83128 776
83195 645
83261 511
83328 390
83394 272
83460 168
83527 114
83593 105
83660 115
83726 128
83792 142
83859 163
83925 186
83998 222
84065 264
84131 313
84198 368
84264 433
84330 508
84397 592
84463 678
84530 774
84596 878
84662 988
84729 1103
84795 1225
84862 1352
84928 1480
84995 1613
85062 1751
85128 1887
85195 2026
85261 2163
85327 2300
85394 2436
85460 2567
85527 2698
85593 2822
85659 2940
85726 3052
85792 3155
85859 3253
85925 3339
85998 3426
86064 3489
86131 3547
86197 3589
86264 3623
86330 3649
86396 3663
86463 3669
86529 3664
86596 3657
86662 3651
86728 3612
86795 3577
86861 3537
86928 3487
86995 3428
87062 3367
87128 3297
87194 3221
87261 3136
87327 3047
87393 2950
87460 2851
87526 2743
87593 2630
87659 2514
87725 2392
87792 2258
87858 2137
87925 2008
87997 1861
88064 1722
88130 1584
88197 1447
88263 1310
88329 1170
88396 1033
88462 894
88529 761
88595 629
88661 500
88728 376
88794 258
88861 157
88927 113
88995 106
89061 114
89127 130
89194 109
89260 169
89326 191
89393 225
89459 262
89526 314
89592 367
89658 434
89725 505
89791 590
89858 678
89924 775
89996 889
90063 998
90129 1115
90196 1235
90262 1364
90328 1492
90395 1621
90461 1761
90528 1898
90594 2032
90660 2174
90727 2308
90793 2445
90860 2575
90926 2703
90994 2830
91060 2949
91126 3055
91193 3160
91259 3256
91325 3340
91392 3416
91458 3480
91525 3539
91591 3582
91657 3615
91724 3639
91790 3651
91857 3659
91923 3657
91995 3645
92061 3626
92128 3598
92194 3563
92260 3519
92327 3471
92393 3415
92460 3347
92526 3277
92592 3198
92659 3112
92725 3023
92792 2924
92858 2820
92924 2710
92997 2588
93063 2469
93130 2346
93196 2218
93263 2088
93329 1953
93395 1818
93462 1680
93528 1544
93594 1403
93661 1255
93727 1123
93794 985
93860 848
93926 714
94001 564
94067 435
94133 313
94200 197
94266 123
94332 106
94399 109
94465 119
94532 131
94598 154
94664 178
94731 205
94797 243
94864 284
94930 339
95006 409
95073 475
95139 557
95206 642
95272 736
95338 838
95405 949
95471 1058
95538 1178
95604 1298
95670 1426
95737 1556
95803 1692
95870 1828
95936 1962
96004 2102
96070 2238
96136 2373
96203 2505
96269 2636
96335 2758
96402 2885
96468 2991
96535 3096
96601 3195
96667 3285
96734 3365
96800 3435
96867 3500
96933 3545
97011 3591
97078 3619
97144 3637
97211 3645
97277 3647
97343 3638
97410 3621
97476 3598
97543 3565
97609 3521
97675 3478
97742 3425
97808 3363
97875 3295
97941 3218
98009 3135
98075 3045
98141 2977
98208 2848
98274 2743
98340 2632
98407 2516
98473 2394
98540 2273
98606 2138
98672 2010
98739 1875
98805 1741
98872 1602
98938 1464
99020 1290
99086 1154
99153 1013
99219 875
99285 741
99352 606
99418 478
99485 351
99551 233
99617 139
99684 108
99750 106
99817 114
99883 130
99949 147
100039 178
100105 206
100171 243
100238 283
100304 337
100371 402
100437 469
100503 545
100570 630
100636 725
100703 824
100769 929
100835 1044
100902 1159
100968 1284
101036 1412
101102 1542
101168 1678
101235 1813
101301 1951
101368 2093
101434 2221
101500 2361
101567 2493
101633 2622
101700 2751
101766 2871
101832 2985
101899 3098
101965 3196
102065 3328
102131 3404
102198 3471
102264 3528
102331 3577
102397 3609
102463 3635
102530 3643
102596 3659
102663 3658
102729 3654
102795 3632
102862 3606
102928 3575
102996 3536
103062 3488
103128 3428
103195 3368
103261 3298
103328 3223
103394 3139
103460 3050
103527 2954
103593 2854
103660 2710
103726 2637
103792 2518
103859 2398
103925 2274
103998 2122
104065 2002
104131 1868
104198 1733
104264 1594
104330 1457
104397 1326
104463 1181
104530 1057
104596 906
104662 771
104729 639
104795 510
104862 386
104928 263
104995 162
105062 114
105128 105
105195 115
105261 125
105327 142
105394 163
105460 191
105527 219
105593 258
105659 345
105726 365
105792 431
105859 506
105925 584
105998 678
106064 781
106131 885
106197 996
106264 1117
106330 1232
106396 1359
106463 1489
106529 1619
106596 1759
106662 1893
106728 2032
106795 2171
106861 2308
106928 2444
106995 2571
107062 2707
107128 2831
107194 2949
107261 3063
107327 3166
107393 3260
107460 3347
107526 3423
107593 3490
107659 3544
107725 3589
107792 3624
107858 3649
107925 3663
107997 3670
108064 3668
108130 3656
108197 3638
108263 3612
108329 3576
108396 3534
108462 3484
108529 3429
108595 3367
108661 3292
108728 3217
108794 3132
108861 3041
108927 2943
108995 2840
109061 2734
109127 2620
109194 2501
109260 2380
109326 2253
109393 2125
109459 1992
109526 1859
109592 1722
109658 1585
109725 1444
109791 1305
109858 1171
109924 1028
109996 879
110063 742
110129 611
110196 480
110262 357
110328 238
110395 147
110461 111
110528 107
110594 117
110660 131
110727 148
110793 170
110860 196
110926 233
110994 272
111060 321
111126 379
111193 443
111259 520
111325 603
111392 693
111458 790
111525 893
111591 1006
111657 1123
111724 1242
111790 1370
111857 1498
111923 1632
111995 1777
112061 1913
112128 2053
112194 2186
112260 2325
112327 2457
112393 2589
112460 2713
112526 2835
112592 2953
112659 3063
112725 3164
112792 3266
112858 3342
112924 3415
112997 3483
113063 3537
113130 3581
113196 3610
113263 3635
113329 3650
113395 3652
113462 3647
113528 3635
113594 3616
113661 3592
113727 3550
113794 3507
113860 3457
113926 3400
114001 3325
114067 3252
114133 3173
114200 3083
114266 2994
114332 2893
114399 2790
114465 2680
114532 2569
114598 2447
114664 2322
114731 2193
114797 2063
114864 1929
114930 1795
115006 1637
115073 1497
115139 1372
115206 1217
115272 1078
115338 939
115405 803
115471 667
115538 536
115604 407
115670 284
115737 171
115803 112
115870 105
115936 111
116004 123
116070 138
116136 152
116203 182
116269 215
116335 248
116402 298
116468 350
116535 415
116601 484
116667 564
116734 647
116800 745
116867 850
116933 953
117011 1091
117078 1208
117144 1333
117211 1459
117277 1592
117343 1725
117410 1862
117476 1998
117543 2135
117609 2271
117675 2405
117742 2536
117808 2666
117875 2788
117941 2905
118009 3018
118075 3121
118141 3218
118208 3307
118274 3382
118340 3456
118407 3513
118473 3557
118540 3589
118606 3623
118672 3636
118739 3646
118805 3647
118872 3641
118938 3624
119020 3590
119086 3558
119153 3514
119219 3463
119285 3410
119352 3343
119418 3275
119485 3197
119551 3114
119617 3023
119684 2927
119750 2826
119817 2718
119883 2604
119949 2488
120039 2324
120105 2197
120171 2069
120238 1933
120304 1799
120371 1662
120437 1526
120503 1385
120570 1245
120636 1108
120703 970
120769 834
120835 698
120902 565
120968 439
121036 312
121102 199
121168 126
121235 99
121301 109
121368 119
121434 135
121500 148
121567 177
121633 211
121700 246
121766 287
121832 340
121899 399
121965 468
122065 590
122131 678
122198 775
122264 879
122331 990
122397 1107
122463 1228
122530 1352
122596 1493
122663 1614
122729 1749
122795 1886
122862 2025
122928 2163
122996 2301
123062 2440
123128 2569
123195 2698
123261 2821
123328 2941
123394 3051
123460 3157
123527 3252
123593 3338
123660 3418
123726 3481
123792 3536
123859 3583
123925 3620
123998 3637
124065 3662
124131 3665
124198 3662
124264 3653
124330 3635
124397 3608
124463 3574
124530 3533
124596 3483
124662 3427
124729 3364
124795 3294
124862 3217
124928 3133
124995 3042
125062 2945
125128 2843
125195 2737
125261 2624
125327 2510
125394 2386
125460 2263
125527 2133
125593 2002
125659 1869
125726 1733
125792 1594
125859 1457
125925 1318
125998 1165
126064 1030
126131 892
126197 758
126264 610
126330 500
126396 371
126463 255
126529 157
126596 113
126662 108
126728 115
126795 127
126861 143
126928 165
126995 192
127062 226
127128 267
127194 314
127261 370
127327 438
127393 512
127460 593
127526 686
127593 780
127659 884
127725 994
127792 1110
127858 1235
127925 1357
127997 1503
128064 1634
128130 1771
128197 1907
128263 2046
128329 2185
128396 2321
128462 2455
128529 2588
128595 2713
128661 2838
128728 2955
128794 3068
128861 3172
128927 3265
128995 3352
129061 3424
129127 3493
129194 3545
129260 3590
129326 3624
129393 3646
129459 3661
129526 3665
129592 3661
129658 3652
129725 3631
129791 3609
129858 3571
129924 3530
129996 3472
130063 3416
130129 3353
130196 3280
130262 3202
130328 3117
130395 3026
130461 2929
130528 2824
130594 2717
130660 2598
130727 2485
130793 2363
130860 2235
130926 2111
130994 1973
131060 1837
131126 1701
131193 1557
131259 1425
131325 1283
131392 1145
131458 1005
131525 869
131591 734
131657 604
131724 472
131790 348
131857 231
131923 138
131995 107
132061 108
132128 117
132194 133
132260 150
132327 171
132393 200
132460 235
132526 274
132592 326
132659 386
132725 453
132792 530
132858 611
132924 704
132997 810
133063 916
133130 1027
133196 1144
133263 1271
133329 1392
133395 1522
133462 1656
133528 1792
133594 1926
133661 2066
133727 2201
133794 2337
133860 2470
133926 2603
134001 2740
134067 2859
134133 2976
134200 3082
134266 3185
134332 3277
134399 3358
134465 3429
134532 3489
134598 3537
134664 3574
134731 3612
134797 3634
134864 3634
134930 3649
135006 3643
135073 3629
135139 3599
135206 3572
135272 3538
135338 3517
135405 3438
135471 3379
135538 3311
135604 3236
135670 3154
135737 3066
135803 2973
135870 2872
135936 2767
136004 2653
136070 2537
136136 2418
136203 2292
136269 2165
136335 2034
136402 1899
136468 1764
136535 1628
136601 1486
136667 1347
136734 1206
136800 1067
136867 929
136933 792
