2 0
55 0
71 0
88 0
104 0
120 0
137 0
153 0
169 0
186 0
202 0
218 0
235 0
251 0
267 0
284 0
300 0
316 0
333 0
349 0
365 0
382 0
398 0
414 0
431 0
447 0
463 0
480 0
496 0
512 0
529 0
545 0
561 0
578 0
594 0
610 0
627 0
643 0
659 0
676 0
692 0
708 0
725 0
741 0
757 0
774 0
790 0
806 0
823 0
839 0
855 0
872 0
888 0
904 0
921 0
937 0
953 0
970 0
987 0
1004 0
1020 0
1036 0
1053 0
1069 0
1085 0
1102 0
1118 0
1134 0
1151 22
1167 0
1183 0
1200 0
1216 0
1232 0
1249 0
1265 0
1281 0
1298 0
1314 0
1330 0
1347 0
1363 0
1379 0
1396 0
1412 0
1428 0
1445 0
1461 0
1477 0
1494 0
1510 0
1526 0
1543 0
1559 0
1575 0
1592 0
1608 0
1624 0
1641 0
1657 0
1673 0
1690 0
1706 0
1722 0
1739 0
1755 0
1771 0
1788 0
1804 0
1820 0
1837 0
1853 0
1869 0
1886 0
1902 0
1918 0
1935 0
1951 0
1967 0
1985 0
2001 0
2017 0
2034 0
2050 0
2066 0
2083 0
2099 12
2115 0
2132 0
2148 0
2164 0
2181 0
2197 0
2213 0
2230 0
2246 0
2262 0
2279 0
2295 0
2311 0
2328 0
2344 0
2360 0
2377 0
2393 0
2409 0
2426 0
2442 0
2458 0
2475 0
2491 0
2507 0
2524 0
2540 7
2556 0
2573 0
2589 0
2605 0
2622 0
2638 0
2654 0
2671 0
2687 0
2703 0
2720 0
2736 0
2752 0
2769 0
2785 0
2801 24
2818 0
2834 0
2850 0
2867 0
2883 0
2899 0
2916 0
2932 0
2948 0
2965 0
2981 0
2998 0
3015 0
3031 0
3047 0
3064 0
3080 0
3096 0
3113 0
3129 0
3145 0
3162 0
3178 0
3194 0
3211 0
3227 3718
3243 3714
3260 3713
3276 3713
3292 3708
3309 3714
3325 3708
3341 3712
3358 3712
3374 3712
3390 3715
3407 3715
3423 3712
3439 3712
3456 3712
3472 3712
3488 3690
3505 3711
3521 3711
3537 3708
3554 3710
3570 3713
3586 3715
3603 3714
3619 3707
3635 3712
3652 3711
3668 3712
3684 3713
3701 3711
3717 3714
3733 3713
3750 3709
3766 3714
3782 3707
3799 3711
3815 3712
3831 3712
3848 3711
3864 3712
3880 3712
3897 3709
3913 3711
3929 3708
3946 3713
3962 3712
3978 3713
3996 3710
4012 3713
4029 3715
4045 3710
4061 3717
4078 3714
4094 3712
4110 3712
4127 3714
4143 3714
4159 3712
4176 3688
4192 3713
4208 3712
4225 3715
4241 3713
4257 3711
4274 3713
4290 3713
4306 3710
4323 3715
4339 3713
4355 3715
4372 3712
4388 3712
4404 3711
4421 3715
4437 3713
4453 3711
4470 3712
4486 3712
4502 3712
4519 3713
4535 3710
4551 3713
4568 3714
4584 3712
4600 3711
4617 3710
4633 3711
4649 3710
4666 3712
4682 3712
4698 3714
4715 3711
4731 3711
4747 3719
4764 3713
4780 3711
4796 3713
4813 3712
4829 3713
4845 3710
4862 3713
4878 3712
4894 3712
4911 3711
4927 3713
4943 3713
4960 3710
4976 3712
4993 3715
5010 3710
5026 3712
5042 3714
5059 3712
5075 3713
5091 3716
5108 3716
5124 3718
5140 3712
5157 3710
5173 3711
5189 3713
5206 3715
5222 3712
5238 3714
5255 3717
5271 3712
5287 3712
5304 3707
5320 3712
5336 3711
5353 3713
5369 3715
5385 3703
5402 3714
5418 3713
5434 3721
5451 3713
5467 3712
5483 3714
5500 3711
5516 3713
5532 3716
5549 3715
5565 3716
5581 3714
5598 3712
5614 3713
5630 3716
5647 3715
5663 3714
5679 3714
5696 3714
5712 3711
5728 3712
5745 3720
5761 3715
5777 3713
5794 3712
5810 3714
5826 3721
5843 3716
5859 3712
5875 3708
5892 3711
5908 3713
5924 3715
5941 3712
5957 3705
5973 3712
5991 3713
6007 3711
6023 3712
6040 3712
6056 3711
6072 3711
6089 3715
6105 3714
6121 3714
6138 3711
6154 3714
6170 3713
6187 3716
6203 3715
6219 3713
6236 3713
6252 3708
6268 3714
6285 3713
6301 3712
6317 3716
6334 3712
6350 3732
6366 3714
6383 3710
6399 3737
6415 3712
6432 3712
6448 3716
6464 3712
6481 3711
6497 3711
6513 3713
6530 3712
6546 3712
6562 3713
6579 3707
6595 3711
6611 3714
6628 3711
6644 3714
6660 3714
6677 3709
6693 3715
6709 3713
6726 3710
6742 3712
6758 3711
6775 3713
6791 3710
6807 3711
6824 3727
6840 3712
6856 3713
6873 3718
6889 3712
6905 3711
6922 3713
6938 3716
6954 3713
6971 3719
6988 3713
7005 3714
7021 3708
7037 3708
7054 3714
7070 3712
7086 3712
7103 3711
7119 3712
7135 3712
7152 3710
7168 3713
7184 3713
7201 3711
7217 3711
7233 3712
7250 3714
7266 3704
7282 3715
7299 3693
7315 3710
7331 3712
7348 3712
7364 3710
7380 3710
7397 3709
7413 3709
7429 3711
7446 3710
7462 3708
7478 3711
7495 3711
7511 3711
7527 3710
7544 3711
7560 3709
7576 3711
7593 3711
7609 3710
7625 3713
7642 3711
7658 3712
7674 3738
7691 3710
7707 3710
7723 3751
7740 3712
7756 3710
7772 3709
7789 3710
7805 3709
7821 3707
7838 3709
7854 3711
7870 3710
7887 3710
7903 3710
7919 3712
7936 3713
7952 3711
7968 3711
7986 3708
8002 3710
8018 3711
8035 3711
8051 3711
8067 3712
8084 3713
8100 3737
8116 3710
8133 3713
8149 3717
8165 3709
8182 3710
8198 3711
8214 3710
8231 3713
8247 3712
8263 3711
8280 3715
8296 3710
8312 3713
8329 3712
8345 3711
8361 3710
8378 3712
8394 3714
8410 3714
8427 3712
8443 3712
8459 3711
8476 3712
8492 3715
8508 3711
8525 3718
8541 3715
8557 3708
8574 3716
8590 3710
8606 3712
8623 3715
8639 3712
8655 3708
8672 3711
8688 3712
8704 3712
8721 3714
8737 3713
8753 3712
8770 3709
8786 3711
8802 3711
8819 3708
8835 3714
8851 3711
8868 3710
8884 3709
8900 3721
8917 3713
8933 3708
8949 3720
8966 3713
8982 3712
8999 3702
9016 3714
9032 3713
9048 3712
9065 3715
9081 3711
9097 0
9114 0
9130 0
9146 0
9163 0
9179 0
9195 0
9212 0
9228 0
9244 0
9261 0
9277 0
9293 0
9310 0
9326 0
9342 0
9359 0
9375 0
9391 0
9408 0
9424 0
9440 0
9457 0
9473 0
9489 0
9506 0
9522 0
9538 0
9555 0
9571 0
9587 0
9604 0
9620 0
9636 0
9653 0
9669 0
9685 0
9702 0
9718 0
9734 0
9751 0
9767 0
9783 0
9800 0
9816 0
9832 0
9849 0
9865 0
9881 0
9898 0
9914 0
9930 0
9947 0
9963 0
9979 0
9996 0
10013 0
10029 0
10045 0
10062 0
10078 0
10094 0
10111 0
10127 0
10143 0
10160 0
10176 0
10192 0
10209 0
10225 0
10241 0
10258 0
10274 0
10290 0
10307 0
10323 0
10339 0
10356 0
10372 0
10388 0
10405 0
10421 0
10437 0
10454 0
10470 0
10486 0
10503 0
10519 0
10535 0
10552 0
10568 0
10584 0
10601 0
10617 0
10633 0
10650 0
10666 0
10682 0
10699 0
10715 0
10731 0
10748 0
10764 0
10780 0
10797 0
10813 0
10829 0
10846 0
10862 0
10878 0
10895 0
10911 0
10927 0
10944 0
10960 0
10976 0
10994 0
11010 0
11027 0
11043 0
11059 0
11076 0
11092 0
11108 0
11125 0
11141 0
11157 0
11174 0
11190 0
11206 0
11223 0
11239 0
11255 0
11272 0
11288 0
11304 0
11321 0
11337 0
11353 0
11370 0
11386 0
11402 0
11419 0
11435 0
11451 0
11468 0
11484 0
11500 0
11517 0
11533 0
11549 0
11566 0
11582 0
11598 0
11615 0
11631 0
11647 0
11664 0
11680 0
11696 0
11713 0
11729 0
11745 0
11762 0
11778 0
11794 0
11811 0
11827 0
11843 0
11860 0
11876 0
11892 0
11909 0
11925 0
11941 0
11958 0
11974 0
11991 0
12008 0
12024 0
12040 0
12057 0
12073 0
12089 0
12106 0
12122 0
12138 0
12155 0
12171 0
12187 0
12204 0
12220 0
12236 0
12253 0
12269 0
12285 0
12302 0
12318 0
12334 0
12351 0
12367 0
12383 12
12400 0
12416 0
12432 0
12449 0
12465 0
12481 0
12498 0
12514 0
12530 0
12547 0
12563 0
12579 0
12596 0
12612 0
12628 0
12645 8
12661 0
12677 0
12694 0
12710 0
12726 0
12743 0
12759 0
12775 0
12792 0
12808 0
12824 0
12841 0
12857 0
12873 0
12890 0
12906 0
12922 0
12939 0
12955 0
12971 0
12989 0
13005 0
13021 0
13038 0
13054 0
13070 0
13087 0
13103 0
13119 0
13136 0
13152 0
13168 0
13185 0
13201 20
13217 0
13234 0
13250 9
13266 0
13283 0
13299 0
13315 0
13332 0
13348 0
13364 0
13381 0
13397 0
13413 0
13430 0
13446 0
13462 0
13479 0
13495 0
13511 0
13528 0
13544 0
13560 0
13577 0
13593 0
13609 0
13626 12
13642 0
13658 0
13675 2
13691 0
13707 0
13724 0
13740 0
13756 0
13773 0
13789 0
13805 0
13822 0
13838 0
13854 0
13871 0
13887 0
13903 0
13920 0
13936 0
13952 0
13969 0
13986 0
14003 0
14019 0
14035 0
14052 0
14068 0
14084 0
14101 0
14117 0
14133 0
14150 0
14166 0
14182 0
14199 0
14215 0
14231 0
14248 0
14264 0
14280 0
14297 0
14313 0
14329 0
14346 0
14362 0
14378 0
14395 0
14411 0
14427 0
14444 0
14460 0
14476 0
14493 0
14509 0
14525 0
14542 0
14558 0
14574 9
14591 0
14607 0
14623 0
14640 0
14656 0
14672 0
14689 0
14705 0
14721 0
14738 0
14754 0
14770 0
14787 0
14803 0
14819 0
14836 0
14852 0
14868 0
14885 0
14901 0
14917 0
14934 0
14950 0
14966 0
14983 0
15000 11
15016 0
15033 0
15049 0
15065 0
15082 0
15098 0
15114 3717
15131 3714
15147 3714
15163 3712
15180 3709
15196 3711
15212 3710
15229 3710
15245 3710
15261 3711
15278 3710
15294 3708
15310 3711
15327 3710
15343 3712
15359 3710
15376 3711
15392 3711
15408 3710
15425 3707
15441 3710
15457 3710
15474 3700
15490 3712
15506 3704
15523 3714
15539 3710
15555 3711
15572 3721
15588 3710
15604 3710
15621 3716
15637 3708
15653 3708
15670 3715
15686 3713
15702 3710
15719 3715
15735 3712
15751 3706
15768 3712
15784 3712
15800 3711
15817 3713
15833 3712
15849 3736
15866 3712
15882 3713
15898 3746
15915 3711
15931 3712
15947 3713
15964 3709
15980 3715
15996 3714
16013 3711
16029 3713
16045 3720
16062 3711
16078 3713
16094 3714
16111 3711
16127 3713
16143 3713
16160 3713
16176 3711
16192 3712
16209 3711
16225 3693
16241 3714
16258 3712
16274 3701
16290 3714
16307 3711
16323 3710
16339 3710
16356 3713
16372 3717
16388 3714
16405 3713
16421 3713
16437 3712
16454 3713
16470 3711
16486 3712
16503 3711
16519 3710
16535 3713
16552 3678
16568 3715
16584 3713
16601 3710
16617 3712
16633 3714
16650 3711
16666 3712
16682 3714
16699 3710
16715 3712
16731 3712
16748 3710
16764 3717
16780 3712
16797 3712
16813 3711
16829 3711
16846 3712
16862 3734
16878 3711
16895 3713
16911 3713
16927 3712
16944 3712
16960 3710
16976 3710
16994 3713
17010 3712
17027 3707
17043 3712
17059 3713
17076 3711
17092 3713
17108 3712
17125 3723
17141 3708
17157 3712
17174 3705
17190 3713
17206 3711
17223 3713
17239 3710
17255 3713
17272 3710
17288 3712
17304 3714
17321 3710
17337 3711
17353 3711
17370 3709
17386 3711
17402 3711
17419 3709
17435 3710
17451 3712
17468 3706
17484 3709
17500 3711
17517 3709
17533 3711
17549 3710
17566 3709
17582 3710
17598 3710
17615 3707
17631 3711
17647 3705
17664 3713
17680 3711
17696 3699
17713 3711
17729 3710
17745 3711
17762 3710
17778 3710
17794 3710
17811 3712
17827 3713
17843 3711
17860 3712
17876 3711
17892 3711
17909 3714
17925 3712
17941 3713
17958 3711
17974 3712
17991 3709
18008 3701
18024 3713
18040 3713
18057 3711
18073 3709
18089 3713
18106 3711
18122 3716
18138 3712
18155 3712
18171 3712
18187 3715
18204 3712
18220 3711
18236 3712
18253 3711
18269 3713
18285 3713
18302 3715
18318 3717
18334 3711
18351 3716
18367 3713
18383 3728
18400 3714
18416 3712
18432 3710
18449 3711
18465 3711
18481 3709
18498 3713
18514 3689
18530 3712
18547 3713
18563 3711
18579 3712
18596 3714
18612 3709
18628 3713
18645 3711
18661 3713
18677 3714
18694 3721
18710 3710
18726 3712
18743 3714
18759 3713
18775 3708
18792 3711
18808 3711
18824 3713
18841 3712
18857 3711
18873 3713
18890 3713
18906 3709
18922 3712
18939 3714
18955 3715
18971 3714
18989 3711
19005 3713
19021 3710
19038 3712
19054 3710
19070 3712
19087 3713
19103 3712
19119 3712
19136 3711
19152 3711
19168 3713
19185 3712
19201 3723
19217 3710
19234 3713
19250 3713
19266 3711
19283 3711
19299 3710
19315 3709
19332 3710
19348 3711
19364 3711
19381 3707
19397 3712
19413 3710
19430 3711
19446 3710
19462 3709
19479 3712
19495 3711
19511 3709
19528 3710
19544 3707
19560 3711
19577 3711
19593 3713
19609 3716
19626 3712
19642 3715
19658 3712
19675 3709
19691 3711
19707 3711
19724 3713
19740 3712
19756 3712
19773 3712
19789 3710
19805 3710
19822 3711
19838 3711
19854 3704
19871 3713
19887 3712
19903 3707
19920 3712
19936 3715
19952 3708
19969 3711
19986 3713
20003 3712
20019 3713
20035 3712
20052 3711
20068 3710
20084 3711
20101 3710
20117 3712
20133 3707
20150 3713
20166 3713
20182 3710
20199 3708
20215 3712
20231 3711
20248 3712
20264 3710
20280 3711
20297 3714
20313 3712
20329 3711
20346 3713
20362 3710
20378 3708
20395 3717
20411 3711
20427 3712
20444 3714
20460 3709
20476 3711
20493 3712
20509 3712
20525 3710
20542 3714
20558 3699
20574 3711
20591 3712
20607 3715
20623 3708
20640 3711
20656 3713
20672 3711
20689 3713
20705 3715
20721 3711
20738 3713
20754 3716
20770 3711
20787 3712
20803 3712
20819 3712
20836 3713
20852 3715
20868 3710
20885 3710
20901 3710
20917 3715
20934 3711
20950 3711
20966 3711
20983 0
21000 0
21016 0
21033 0
21049 0
21065 0
21082 0
21098 25
21114 0
21131 0
21147 0
21163 0
21180 0
21196 0
21212 0
21229 0
21245 0
21261 0
21278 0
21294 0
21310 0
21327 0
21343 0
21359 0
21376 0
21392 0
21408 0
21425 0
21441 0
21457 0
21474 0
21490 0
21506 0
21523 0
21539 0
21555 0
21572 0
21588 0
21604 0
21621 0
21637 0
21653 0
21670 0
21686 0
21702 0
21719 0
21735 0
21751 0
21768 0
21784 0
21800 0
21817 0
21833 0
21849 0
21866 0
21882 0
21898 0
21915 0
21931 0
21947 0
21964 0
21980 0
21996 0
22013 0
22029 0
22045 0
22062 0
22078 0
22094 0
22111 0
22127 0
22143 0
22160 0
22176 0
22192 0
22209 0
22225 0
22241 0
22258 0
22274 0
22290 0
22307 0
22323 101
22339 0
22356 0
22372 0
22388 0
22405 0
22421 0
22437 0
22454 0
22470 0
22486 0
22503 0
22519 0
22535 0
22552 0
22568 0
22584 0
22601 0
22617 0
22633 0
22650 0
22666 0
22682 0
22699 0
22715 0
22731 0
22748 0
22764 0
22780 0
22797 0
22813 0
22829 0
22846 0
22862 0
22878 0
22895 0
22911 0
22927 0
22944 0
22960 0
22976 0
22994 0
23010 0
23027 0
23043 0
23059 0
23076 0
23092 0
23108 0
23125 0
23141 0
23157 0
23174 0
23190 0
23206 0
23223 0
23239 0
23255 0
23272 0
23288 0
23304 0
23321 0
23337 0
23353 0
23370 0
23386 0
23402 0
23419 0
23435 0
23451 0
23468 0
23484 0
23500 0
23517 0
23533 0
23549 0
23566 0
23582 0
23598 0
23615 0
23631 0
23647 0
23664 0
23680 0
23696 0
23713 0
23729 0
23745 0
23762 0
23778 0
23794 0
23811 0
23827 0
23843 0
23860 0
23876 0
23892 0
23909 0
23925 0
23941 0
23958 0
23974 16
23991 0
24008 0
24024 0
24040 0
24057 0
24073 0
24089 0
24106 0
24122 0
24138 0
24155 0
24171 0
24187 0
24204 0
24220 0
24236 0
24253 0
24269 0
24285 0
24302 0
24318 0
24334 0
24351 0
24367 0
24383 0
24400 0
24416 0
24432 0
24449 0
24465 0
24481 0
24498 0
24514 0
24530 0
24547 0
24563 0
24579 0
24596 0
24612 0
24628 0
24645 0
24661 0
24677 0
24694 0
24710 0
24726 0
24743 0
24759 0
24775 0
24792 0
24808 0
24824 0
24841 0
24857 0
24873 0
24890 0
24906 0
24922 0
24939 0
24955 0
24971 0
24989 0
25005 0
25021 0
25038 0
25054 0
25070 0
25087 0
25103 0
25119 0
25136 0
25152 0
25168 0
25185 0
25201 24
25217 0
25234 0
25250 0
25266 0
25283 0
25299 0
25315 0
25332 11
25348 0
25364 0
25381 0
25397 0
25413 0
25430 0
25446 0
25462 0
25479 0
25495 0
25511 0
25528 0
25544 0
25560 0
25577 0
25593 0
25609 0
25626 0
25642 0
25658 0
25675 0
25691 0
25707 0
25724 0
25740 0
25756 0
25773 0
25789 0
25805 0
25822 0
25838 0
25854 0
25871 0
25887 0
25903 0
25920 0
25936 0
25952 0
25969 0
25986 0
26003 0
26019 0
26035 0
26052 0
26068 0
26084 0
26101 0
26117 0
26133 0
26150 2
26166 0
26182 0
26199 0
26215 0
26231 0
26248 0
26264 0
26280 0
26297 0
26313 0
26329 0
26346 0
26362 0
26378 0
26395 0
26411 0
26427 0
26444 0
26460 0
26476 0
26493 0
26509 0
26525 0
26542 0
26558 0
26574 0
26591 0
26607 0
26623 0
26640 0
26656 0
26672 0
26689 0
26705 0
26721 0
26738 0
26754 0
26770 0
26787 0
26803 0
26819 0
26836 0
26852 0
26868 0
26885 0
26901 0
26917 0
26934 0
26950 0
26966 0
26983 0
27000 3723
27016 3718
27033 3713
27049 3713
27065 3715
27082 3711
27098 3715
27114 3712
27131 3711
27147 3712
27163 3711
27180 3711
27196 3707
27212 3713
27229 3745
27245 3712
27261 3711
27278 3711
27294 3713
27310 3710
27327 3711
27343 3710
27359 3713
27376 3712
27392 3714
27408 3710
27425 3702
27441 3713
27457 3711
27474 3713
27490 3713
27506 3712
27523 3710
27539 3709
27555 3713
27572 3711
27588 3707
27604 3713
27621 3710
27637 3712
27653 3710
27670 3708
27686 3709
27702 3710
27719 3710
27735 3713
27751 3712
27768 3727
27784 3712
27800 3713
27817 3704
27833 3711
27849 3710
27866 3706
27882 3712
27898 3709
27915 3708
27931 3713
27947 3711
27964 3709
27980 3712
27996 3712
28013 3711
28029 3710
28045 3712
28062 3712
28078 3710
28094 3674
28111 3712
28127 3710
28143 3710
28160 3713
28176 3712
28192 3710
28209 3712
28225 3711
28241 3711
28258 3710
28274 3716
28290 3712
28307 3711
28323 3721
28339 3712
28356 3713
28372 3712
28388 3710
28405 3710
28421 3711
28437 3713
28454 3710
28470 3721
28486 3712
28503 3712
28519 3715
28535 3711
28552 3713
28568 3712
28584 3711
28601 3711
28617 3712
28633 3709
28650 3704
28666 3711
28682 3709
28699 3712
28715 3711
28731 3710
28748 3739
28764 3709
28780 3710
28797 3707
28813 3709
28829 3710
28846 3713
28862 3707
28878 3708
28895 3711
28911 3712
28927 3709
28944 3711
28960 3711
28976 3711
28994 3712
29010 3710
29027 3710
29043 3711
29059 3710
29076 3705
29092 3706
29108 3709
29125 3734
29141 3703
29157 3707
29174 3737
29190 3711
29206 3709
29223 3712
29239 3711
29255 3710
29272 3709
29288 3710
29304 3713
29321 3708
29337 3710
29353 3709
29370 3710
29386 3712
29402 3712
29419 3713
29435 3711
29451 3710
29468 3710
29484 3711
29500 3711
29517 3710
29533 3712
29549 3712
29566 3712
29582 3712
29598 3718
29615 3713
29631 3712
29647 3710
29664 3711
29680 3712
29696 3721
29713 3712
29729 3713
29745 3711
29762 3712
29778 3712
29794 3710
29811 3708
29827 3711
29843 3708
29860 3710
29876 3712
29892 3712
29909 3713
29925 3719
29941 3711
29958 3711
29974 3705
29991 3706
30008 3708
30024 3720
30040 3710
30057 3712
30073 3710
30089 3712
30106 3711
30122 3713
30138 3709
30155 3710
30171 3711
30187 3709
30204 3711
30220 3706
30236 3710
30253 3715
30269 3712
30285 3712
30302 3712
30318 3711
30334 3713
30351 3718
30367 3712
30383 3710
30400 3691
30416 3711
30432 3710
30449 3700
30465 3712
30481 3713
30498 3726
30514 3711
30530 3713
30547 3712
30563 3709
30579 3711
30596 3712
30612 3710
30628 3713
30645 3713
30661 3710
30677 3711
30694 3719
30710 3710
30726 3712
30743 3712
30759 3712
30775 3711
30792 3713
30808 3711
30824 3681
30841 3713
30857 3710
30873 3686
30890 3713
30906 3707
30922 3708
30939 3712
30955 3711
30971 3709
30989 3713
31005 3711
31021 3712
31038 3713
31054 3712
31070 3712
31087 3712
31103 3713
31119 3710
31136 3710
31152 3713
31168 3713
31185 3712
31201 3711
31217 3708
31234 3711
31250 3712
31266 3713
31283 3709
31299 3723
31315 3712
31332 3711
31348 3714
31364 3712
31381 3710
31397 3712
31413 3713
31430 3710
31446 3713
31462 3710
31479 3726
31495 3711
31511 3707
31528 3711
31544 3712
31560 3708
31577 3711
31593 3711
31609 3711
31626 3713
31642 3711
31658 3707
31675 3712
31691 3710
31707 3710
31724 3711
31740 3710
31756 3708
31773 3724
31789 3714
31805 3710
31822 3714
31838 3705
31854 3710
31871 3736
31887 3711
31903 3709
31920 3714
31936 3710
31952 3710
31969 3711
31986 3711
32003 3697
32019 3706
32035 3709
32052 3711
32068 3711
32084 3711
32101 3705
32117 3714
32133 3711
32150 3701
32166 3713
32182 3711
32199 3711
32215 3711
32231 3711
32248 3718
32264 3713
32280 3712
32297 3712
32313 3712
32329 3712
32346 3714
32362 3714
32378 3713
32395 3714
32411 3724
32427 3711
32444 3713
32460 3714
32476 3713
32493 3714
32509 3716
32525 3710
32542 3712
32558 3715
32574 3713
32591 3717
32607 3714
32623 3712
32640 3714
32656 3714
32672 3712
32689 3715
32705 3713
32721 3713
32738 3713
32754 3714
32770 3714
32787 3714
32803 3713
32819 3712
32836 3714
32852 3715
32868 0
32885 0
32901 0
32917 0
32934 0
32950 0
32966 0
32983 0
33000 0
33016 0
33033 0
33049 0
33065 0
33082 0
33098 0
33114 0
33131 0
33147 0
33163 0
33180 0
33196 0
33212 0
33229 0
33245 0
33261 0
33278 0
33294 0
33310 0
33327 0
33343 0
33359 0
33376 0
33392 0
33408 0
33425 0
33441 0
33457 0
33474 0
33490 0
33506 0
33523 0
33539 0
33555 0
33572 0
33588 0
33604 0
33621 0
33637 0
33653 0
33670 0
33686 0
33702 0
33719 0
33735 0
33751 0
33768 0
33784 0
33800 8
33817 0
33833 0
33849 0
33866 0
33882 0
33898 0
33915 0
33931 0
33947 0
33964 0
33980 0
33996 0
34013 0
34029 0
34045 0
34062 0
34078 0
34094 72
34111 0
34127 0
34143 0
34160 0
34176 0
34192 0
34209 0
34225 0
34241 0
34258 0
34274 0
34290 0
34307 0
34323 0
34339 0
34356 0
34372 0
34388 0
34405 0
34421 0
34437 0
34454 0
34470 0
34486 0
34503 0
34519 0
34535 0
34552 0
34568 0
34584 0
34601 0
34617 0
34633 0
34650 0
34666 0
34682 0
34699 0
34715 0
34731 0
34748 0
34764 0
34780 0
34797 44
34813 0
34829 0
34846 0
34862 0
34878 0
34895 0
34911 0
34927 0
34944 0
34960 0
34976 0
34994 0
35010 0
35027 0
35043 0
35059 0
35076 0
35092 0
35108 0
35125 0
35141 0
35157 0
35174 0
35190 0
35206 0
35223 0
35239 0
35255 0
35272 0
35288 0
35304 0
35321 0
35337 0
35353 0
35370 0
35386 0
35402 0
35419 0
35435 0
35451 0
35468 0
35484 0
35500 0
35517 0
35533 0
35549 0
35566 0
35582 0
35598 0
35615 0
35631 0
35647 0
35664 0
35680 0
35696 0
35713 0
35729 0
35745 0
35762 0
35778 0
35794 0
35811 0
35827 0
35843 0
35860 0
35876 0
35892 0
35909 0
35925 0
35941 0
35958 0
35974 0
35991 0
36008 0
36024 10
36040 0
36057 0
36073 0
36089 0
36106 0
36122 0
36138 0
36155 0
36171 0
36187 0
36204 0
36220 0
36236 0
36253 0
36269 0
36285 0
36302 0
36318 0
36334 0
36351 0
36367 0
36383 0
36400 25
36416 0
36432 0
36449 0
36465 0
36481 0
36498 0
36514 0
36530 0
36547 0
36563 0
36579 0
36596 0
36612 0
36628 0
36645 0
36661 0
36677 0
36694 0
36710 0
36726 0
36743 0
36759 0
36775 0
36792 0
36808 0
36824 0
36841 0
36857 0
36873 0
36890 0
36906 0
36922 0
36939 0
36955 0
36971 0
36989 0
37005 0
37021 0
37038 0
37054 0
37070 0
37087 0
37103 0
37119 0
37136 0
37152 0
37168 0
37185 0
37201 0
37217 0
37234 0
37250 0
37266 0
37283 0
37299 0
37315 0
37332 0
37348 0
37364 0
37381 0
37397 0
37413 0
37430 0
37446 0
37462 0
37479 0
37495 0
37511 0
37528 0
37544 0
37560 0
37577 0
37593 0
37609 0
37626 0
37642 0
37658 0
37675 0
37691 0
37707 0
37724 0
37740 0
37756 0
37773 0
37789 0
37805 0
37822 0
37838 0
37854 0
37871 0
37887 0
37903 0
37920 0
37936 0
37952 0
37969 0
37986 0
38003 0
38019 0
38035 0
38052 0
38068 0
38084 0
38101 0
38117 0
38133 0
38150 7
38166 0
38182 0
38199 0
38215 0
38231 0
38248 44
38264 0
38280 0
38297 0
38313 0
38329 0
38346 0
38362 0
38378 0
38395 0
38411 0
38427 0
38444 0
38460 0
38476 0
38493 0
38509 0
38525 0
38542 0
38558 0
38574 0
38591 0
38607 0
38623 0
38640 0
38656 0
38672 0
38689 0
38705 0
38721 0
38738 0
38754 0
38770 0
38787 0
38803 0
38819 0
38836 12
38852 0
38868 0
38885 3718
38901 3716
38917 3710
38934 3711
38950 3712
38966 3681
38983 3711
39000 3707
39016 3710
39033 3709
39049 3711
39065 3712
39082 3709
39098 3721
39114 3711
39131 3710
39147 3711
39163 3711
39180 3711
39196 3714
39212 3706
39229 3719
39245 3708
39261 3711
39278 3704
39294 3713
39310 3712
39327 3711
39343 3715
39359 3712
39376 3710
39392 3713
39408 3710
39425 3711
39441 3712
39457 3711
39474 3709
39490 3714
39506 3714
39523 3710
39539 3707
39555 3708
39572 3711
39588 3709
39604 3711
39621 3712
39637 3712
39653 3711
39670 3716
39686 3711
39702 3711
39719 3711
39735 3712
39751 3711
39768 3710
39784 3710
39800 3720
39817 3713
39833 3714
39849 3718
39866 3713
39882 3711
39898 3712
39915 3714
39931 3710
39947 3712
39964 3710
39980 3716
39996 3713
40013 3713
40029 3712
40045 3711
40062 3710
40078 3717
40094 3714
40111 3714
40127 3713
40143 3710
40160 3712
40176 3716
40192 3710
40209 3712
40225 3711
40241 3712
40258 3712
40274 3714
40290 3712
40307 3715
40323 3710
40339 3710
40356 3712
40372 3713
40388 3712
40405 3711
40421 3711
40437 3710
40454 3711
40470 3712
40486 3713
40503 3712
40519 3710
40535 3711
40552 3712
40568 3709
40584 3711
40601 3714
40617 3702
40633 3710
40650 3713
40666 3709
40682 3713
40699 3711
40715 3712
40731 3713
40748 3733
40764 3710
40780 3710
40797 3711
40813 3712
40829 3708
40846 3710
40862 3711
40878 3655
40895 3712
40911 3711
40927 3708
40944 3711
40960 3711
40976 3707
40994 3706
41010 3709
41027 3711
41043 3710
41059 3712
41076 3711
41092 3712
41108 3710
41125 3673
41141 3712
41157 3708
41174 3711
41190 3710
41206 3707
41223 3712
41239 3713
41255 3708
41272 3708
41288 3712
41304 3711
41321 3709
41337 3710
41353 3711
41370 3709
41386 3709
41402 3710
41419 3709
41435 3719
41451 3710
41468 3713
41484 3709
41500 3709
41517 3709
41533 3716
41549 3711
41566 3719
41582 3711
41598 3708
41615 3715
41631 3713
41647 3711
41664 3711
41680 3712
41696 3720
41713 3711
41729 3711
41745 3706
41762 3713
41778 3708
41794 3711
41811 3707
41827 3710
41843 3711
41860 3710
41876 3711
41892 3710
41909 3708
41925 3709
41941 3713
41958 3709
41974 3710
41991 3711
42008 3713
42024 3710
42040 3711
42057 3707
42073 3713
42089 3713
42106 3712
42122 3716
42138 3712
42155 3710
42171 3711
42187 3711
42204 3711
42220 3717
42236 3712
42253 3711
42269 3712
42285 3710
42302 3714
42318 3713
42334 3712
42351 3712
42367 3712
42383 3711
42400 3713
42416 3714
42432 3714
42449 3706
42465 3712
42481 3713
42498 3652
42514 3713
42530 3714
42547 3706
42563 3712
42579 3712
42596 3706
42612 3715
42628 3712
42645 3712
42661 3710
42677 3713
42694 3713
42710 3711
42726 3709
42743 3717
42759 3713
42775 3710
42792 3710
42808 3714
42824 3711
42841 3713
42857 3713
42873 3710
42890 3712
42906 3712
42922 3708
42939 3712
42955 3710
42971 3705
42989 3713
43005 3709
43021 3711
43038 3712
43054 3714
43070 3711
43087 3713
43103 3714
43119 3713
43136 3716
43152 3710
43168 3712
43185 3711
43201 3713
43217 3712
43234 3712
43250 3713
43266 3713
43283 3712
43299 3677
43315 3710
43332 3713
43348 3681
43364 3713
43381 3711
43397 3711
43413 3712
43430 3713
43446 3715
43462 3711
43479 3714
43495 3711
43511 3712
43528 3714
43544 3714
43560 3704
43577 3712
43593 3712
43609 3713
43626 3712
43642 3711
43658 3711
43675 3712
43691 3716
43707 3708
43724 3711
43740 3712
43756 3710
43773 3709
43789 3714
43805 3712
43822 3710
43838 3712
43854 3711
43871 3708
43887 3714
43903 3710
43920 3712
43936 3714
43952 3712
43969 3711
43986 3710
44003 3712
44019 3713
44035 3709
44052 3713
44068 3712
44084 3713
44101 3714
44117 3713
44133 3710
44150 3717
44166 3714
44182 3710
44199 3714
44215 3720
44231 3711
44248 3710
44264 3710
44280 3713
44297 3707
44313 3713
44329 3712
44346 3707
44362 3713
44378 3710
44395 3712
44411 3711
44427 3712
44444 3712
44460 3711
44476 3713
44493 3714
44509 3712
44525 3713
44542 3712
44558 3712
44574 3682
44591 3716
44607 3715
44623 3686
44640 3713
44656 3713
44672 3714
44689 3712
44705 3710
44721 3712
44738 3712
44754 0
44770 0
44787 0
44803 0
44819 0
44836 0
44852 0
44868 0
44885 0
44901 0
44917 0
44934 0
44950 0
44966 0
44983 0
45000 0
45016 0
45033 0
45049 0
45065 0
45082 0
45098 0
45114 0
45131 0
45147 0
45163 0
45180 0
45196 0
45212 0
45229 0
45245 0
45261 0
45278 0
45294 0
45310 0
45327 0
45343 0
45359 0
45376 0
45392 0
45408 0
45425 0
45441 0
45457 0
45474 0
45490 0
45506 0
45523 0
45539 0
45555 0
45572 0
45588 0
45604 0
45621 0
45637 0
45653 0
45670 0
45686 0
45702 0
45719 0
45735 0
45751 0
45768 0
45784 0
45800 0
45817 0
45833 0
45849 0
45866 0
45882 0
45898 0
45915 0
45931 0
45947 0
45964 0
45980 0
45996 0
46013 0
46029 0
46045 0
46062 0
46078 0
46094 0
46111 0
46127 0
46143 0
46160 0
46176 13
46192 0
46209 0
46225 0
46241 0
46258 0
46274 0
46290 0
46307 0
46323 0
46339 0
46356 0
46372 0
46388 0
46405 0
46421 0
46437 0
46454 0
46470 0
46486 0
46503 0
46519 0
46535 0
46552 0
46568 0
46584 0
46601 0
46617 0
46633 0
46650 0
46666 0
46682 0
46699 0
46715 0
46731 0
46748 0
46764 0
46780 0
46797 0
46813 0
46829 0
46846 0
46862 0
46878 0
46895 0
46911 0
46927 0
46944 0
46960 0
46976 0
46994 0
47010 0
47027 0
47043 0
47059 0
47076 0
47092 0
47108 0
47125 0
47141 0
47157 0
47174 0
47190 0
47206 0
47223 0
47239 0
47255 0
47272 0
47288 0
47304 0
47321 0
47337 0
47353 0
47370 0
47386 0
47402 0
47419 0
47435 0
47451 0
47468 0
47484 0
47500 0
47517 0
47533 0
47549 0
47566 0
47582 0
47598 0
47615 0
47631 0
47647 0
47664 0
47680 0
47696 4
47713 0
47729 0
47745 0
47762 0
47778 0
47794 0
47811 0
47827 0
47843 0
47860 0
47876 0
47892 0
47909 0
47925 0
47941 0
47958 0
47974 0
47991 0
48008 0
48024 0
48040 0
48057 0
48073 0
48089 0
48106 0
48122 0
48138 0
48155 0
48171 0
48187 0
48204 0
48220 0
48236 0
48253 0
48269 0
48285 0
48302 0
48318 0
48334 0
48351 0
48367 0
48383 0
48400 0
48416 0
48432 0
48449 0
48465 0
48481 0
48498 0
48514 0
48530 0
48547 0
48563 0
48579 0
48596 0
48612 0
48628 0
48645 0
48661 0
48677 0
48694 0
48710 0
48726 0
48743 0
48759 0
48775 0
48792 0
48808 0
48824 0
48841 0
48857 0
48873 0
48890 0
48906 0
48922 0
48939 0
48955 0
48971 0
48989 0
49005 0
49021 0
49038 0
49054 0
49070 0
49087 0
49103 0
49119 0
49136 0
49152 0
49168 0
49185 0
49201 0
49217 0
49234 0
49250 0
49266 0
49283 0
49299 0
49315 0
49332 0
49348 0
49364 0
49381 0
49397 0
49413 0
49430 0
49446 0
49462 0
49479 0
49495 0
49511 0
49528 0
49544 0
49560 0
49577 0
49593 0
49609 0
49626 0
49642 0
49658 0
49675 0
49691 0
49707 0
49724 0
49740 0
49756 0
49773 0
49789 0
49805 0
49822 0
49838 0
49854 0
49871 0
49887 0
49903 0
49920 0
49936 0
49952 0
49969 0
49986 0
50003 0
50019 0
50035 0
50052 0
50068 0
50084 0
50101 0
50117 0
50133 0
50150 0
50166 0
50182 0
50199 0
50215 0
50231 0
50248 0
50264 0
50280 0
50297 0
50313 0
50329 0
50346 0
50362 0
50378 0
50395 0
50411 0
50427 0
50444 0
50460 0
50476 0
50493 0
50509 0
50525 0
50542 0
50558 0
50574 0
50591 0
50607 0
50623 0
50640 0
50656 0
50672 0
50689 0
50705 0
50721 0
50738 0
50754 0
50770 0
50787 3721
50803 3715
50819 3710
50836 3713
50852 3712
50868 3709
50885 3712
50901 3713
50917 3708
50934 3709
50950 3711
50966 3710
50983 3710
51000 3713
51016 3710
51033 3709
51049 3710
51065 3711
51082 3710
51098 3728
51114 3710
51131 3711
51147 3712
51163 3712
51180 3711
51196 3716
51212 3711
51229 3710
51245 3714
51261 3712
51278 3710
51294 3712
51310 3712
51327 3709
51343 3712
51359 3710
51376 3712
51392 3712
51408 3714
51425 3711
51441 3710
51457 3709
51474 3702
51490 3712
51506 3711
51523 3709
51539 3714
51555 3710
51572 3715
51588 3710
51604 3712
51621 3715
51637 3713
51653 3711
51670 3710
51686 3712
51702 3711
51719 3711
51735 3719
51751 3715
51768 3711
51784 3712
51800 3711
51817 3708
51833 3712
51849 3699
51866 3709
51882 3711
51898 3711
51915 3710
51931 3716
51947 3707
51964 3713
51980 3710
51996 3703
52013 3712
52029 3712
52045 3709
52062 3713
52078 3715
52094 3706
52111 3713
52127 3713
52143 3710
52160 3712
52176 3713
52192 3709
52209 3711
52225 3712
52241 3710
52258 3712
52274 3732
52290 3714
52307 3715
52323 3721
52339 3711
52356 3711
52372 3710
52388 3708
52405 3715
52421 3712
52437 3712
52454 3711
52470 3712
52486 3713
52503 3715
52519 3714
52535 3708
52552 3712
52568 3711
52584 3742
52601 3712
52617 3713
52633 3710
52650 3714
52666 3713
52682 3714
52699 3714
52715 3691
52731 3714
52748 3716
52764 3715
52780 3711
52797 3715
52813 3714
52829 3712
52846 3712
52862 3711
52878 3709
52895 3715
52911 3712
52927 3711
52944 3712
52960 3710
52976 3707
52994 3714
53010 3715
53027 3715
53043 3712
53059 3714
53076 3712
53092 3712
53108 3711
53125 3710
53141 3712
53157 3711
53174 3712
53190 3710
53206 3712
53223 3712
53239 3711
53255 3710
53272 3711
53288 3712
53304 3609
53321 3713
53337 3713
53353 3713
53370 3711
53386 3712
53402 3711
53419 3712
53435 3717
53451 3711
53468 3710
53484 3714
53500 3712
53517 3711
53533 3713
53549 3711
53566 3714
53582 3713
53598 3709
53615 3712
53631 3716
53647 3710
53664 3710
53680 3713
53696 3700
53713 3711
53729 3713
53745 3717
53762 3707
53778 3713
53794 3713
53811 3712
53827 3712
53843 3714
53860 3712
53876 3713
53892 3712
53909 3713
53925 3711
53941 3710
53958 3713
53974 3711
53991 3710
54008 3708
54024 3711
54040 3713
54057 3708
54073 3709
54089 3711
54106 3712
54122 3713
54138 3712
54155 3712
54171 3713
54187 3713
54204 3712
54220 3712
54236 3713
54253 3713
54269 3710
54285 3710
54302 3708
54318 3711
54334 3711
54351 3710
54367 3711
54383 3705
54400 3711
54416 3712
54432 3719
54449 3710
54465 3713
54481 3712
54498 3709
54514 3707
54530 3713
54547 3711
54563 3710
54579 3712
54596 3712
54612 3711
54628 3711
54645 3712
54661 3711
54677 3710
54694 3714
54710 3711
54726 3710
54743 3712
54759 3709
54775 3713
54792 3714
54808 3711
54824 3708
54841 3713
54857 3705
54873 3707
54890 3709
54906 3709
54922 3711
54939 3714
54955 3707
54971 3712
54989 3709
55005 3712
55021 3710
55038 3711
55054 3711
55070 3710
55087 3712
55103 3710
55119 3712
55136 3711
55152 3708
55168 3714
55185 3711
55201 3719
55217 3711
55234 3709
55250 3710
55266 3713
55283 3713
55299 3710
55315 3711
55332 3711
55348 3712
55364 3711
55381 3716
55397 3710
55413 3711
55430 3711
55446 3711
55462 3711
55479 3712
55495 3712
55511 3708
55528 3711
55544 3718
55560 3711
55577 3710
55593 3711
55609 3708
55626 3711
55642 3705
55658 3710
55675 3711
55691 3716
55707 3707
55724 3713
55740 3712
55756 3711
55773 3734
55789 3714
55805 3711
55822 3714
55838 3713
55854 3710
55871 3714
55887 3713
55903 3683
55920 3711
55936 3713
55952 3717
55969 3712
55986 3710
56003 3710
56019 3713
56035 3712
56052 3710
56068 3712
56084 3709
56101 3711
56117 3712
56133 3710
56150 3724
56166 3712
56182 3714
56199 3713
56215 3712
56231 3711
56248 3711
56264 3713
56280 3713
56297 3717
56313 3711
56329 3713
56346 3711
56362 3712
56378 3710
56395 3712
56411 3711
56427 3711
56444 3711
56460 3713
56476 3710
56493 3713
56509 3713
56525 3716
56542 3710
56558 3710
56574 3683
56591 3712
56607 3710
56623 3709
56640 3712
56656 0
56672 0
56689 0
56705 0
56721 0
56738 0
56754 0
56770 0
56787 0
56803 0
56819 0
56836 0
56852 0
56868 0
56885 0
56901 0
56917 0
56934 0
56950 0
56966 0
56983 0
57000 0
57016 0
57033 0
57049 0
57065 0
57082 0
57098 0
57114 0
57131 0
57147 0
57163 0
57180 0
57196 0
57212 0
57229 0
57245 0
57261 0
57278 0
57294 0
57310 0
57327 0
57343 0
57359 0
57376 0
57392 0
57408 0
57425 0
57441 0
57457 0
57474 0
57490 0
57506 0
57523 0
57539 0
57555 0
57572 0
57588 0
57604 0
57621 0
57637 0
57653 0
57670 0
57686 0
57702 0
57719 0
57735 0
57751 0
57768 0
57784 0
57800 0
57817 0
57833 0
57849 0
57866 0
57882 0
57898 0
57915 0
57931 0
57947 0
57964 0
57980 0
57996 0
58013 0
58029 0
58045 0
58062 0
58078 0
58094 0
58111 0
58127 0
58143 0
58160 0
58176 0
58192 0
58209 0
58225 0
58241 0
58258 0
58274 0
58290 0
58307 0
58323 0
58339 0
58356 0
58372 0
58388 0
58405 0
58421 0
58437 0
58454 0
58470 0
58486 0
58503 0
58519 0
58535 0
58552 0
58568 0
58584 0
58601 0
58617 0
58633 0
58650 0
58666 0
58682 0
58699 0
58715 0
58731 0
58748 0
58764 0
58780 0
58797 0
58813 0
58829 0
58846 0
58862 0
58878 0
58895 0
58911 0
58927 0
58944 0
58960 0
58976 0
58994 0
59010 0
59027 0
59043 0
59059 0
59076 0
59092 0
59108 0
59125 0
59141 0
59157 0
59174 0
59190 0
59206 0
59223 0
59239 0
59255 0
59272 0
59288 0
59304 0
59321 0
59337 0
59353 0
59370 0
59386 0
59402 0
59419 0
59435 0
59451 0
59468 0
59484 0
59500 0
59517 0
59533 0
59549 0
59566 0
59582 0
59598 0
59615 0
59631 0
59647 0
59664 0
59680 0
59696 0
59713 0
59729 0
59745 0
59762 0
59778 0
59794 0
59811 0
59827 0
59843 0
59860 0
59876 0
59892 0
59909 0
59925 0
59941 0
59958 0
59974 0
59991 0
60008 0
60024 0
60040 0
60057 0
60073 0
60089 0
60106 0
60122 0
60138 0
60155 0
60171 0
60187 0
60204 0
60220 0
60236 0
60253 13
60269 0
60285 0
60302 0
60318 0
60334 0
60351 0
60367 0
60383 0
60400 0
60416 0
60432 0
60449 0
60465 0
60481 0
60498 0
60514 15
60530 0
60547 0
60563 0
60579 0
60596 0
60612 0
60628 0
60645 0
60661 0
60677 0
60694 0
60710 0
60726 0
60743 0
60759 0
60775 0
60792 0
60808 0
60824 0
60841 0
60857 0
60873 0
60890 0
60906 0
60922 0
60939 0
60955 1
60971 0
60989 0
61005 0
61021 0
61038 0
61054 0
61070 0
61087 0
61103 0
61119 0
61136 0
61152 0
61168 0
61185 0
61201 12
61217 0
61234 0
61250 0
61266 0
61283 0
61299 0
61315 0
61332 0
61348 0
61364 0
61381 0
61397 0
61413 0
61430 0
61446 0
61462 0
61479 0
61495 0
61511 0
61528 0
61544 0
61560 0
61577 0
61593 0
61609 0
61626 0
61642 0
61658 0
61675 0
61691 0
61707 0
61724 0
61740 0
61756 0
61773 0
61789 0
61805 0
61822 0
61838 0
61854 0
61871 0
61887 0
61903 0
61920 0
61936 0
61952 0
61969 0
61986 0
62003 0
62019 0
62035 0
62052 0
62068 0
62084 0
62101 0
62117 0
62133 0
62150 0
62166 0
62182 0
62199 0
62215 0
62231 0
62248 0
62264 0
62280 0
62297 0
62313 0
62329 0
62346 0
62362 0
62378 0
62395 0
62411 0
62427 0
62444 0
62460 0
62476 0
62493 0
62509 0
62525 0
62542 0
62558 0
62574 0
62591 0
62607 0
62623 0
62640 0
62656 0
62672 0
62689 3720
62705 3716
62721 3716
62738 3713
62754 3715
62770 3710
62787 3713
62803 3711
62819 3710
62836 3711
62852 3682
62868 3710
62885 3711
62901 3706
62917 3711
62934 3714
62950 3712
62966 3708
62983 3712
63000 3716
63016 3713
63033 3712
63049 3718
63065 3711
63082 3711
63098 3737
63114 3708
63131 3710
63147 3708
63163 3711
63180 3709
63196 3711
63212 3712
63229 3710
63245 3712
63261 3710
63278 3711
63294 3711
63310 3712
63327 3712
63343 3705
63359 3712
63376 3711
63392 3711
63408 3714
63425 3712
63441 3711
63457 3725
63474 3710
63490 3711
63506 3714
63523 3711
63539 3709
63555 3710
63572 3710
63588 3711
63604 3715
63621 3712
63637 3713
63653 3716
63670 3713
63686 3715
63702 3713
63719 3712
63735 3713
63751 3713
63768 3712
63784 3713
63800 3714
63817 3711
63833 3703
63849 3713
63866 3712
63882 3718
63898 3712
63915 3714
63931 3736
63947 3712
63964 3711
63980 3718
63996 3713
64013 3710
64029 3714
64045 3713
64062 3711
64078 3715
64094 3715
64111 3713
64127 3713
64143 3716
64160 3712
64176 3713
64192 3712
64209 3711
64225 3712
64241 3712
64258 3711
64274 3692
64290 3710
64307 3712
64323 3716
64339 3709
64356 3714
64372 3715
64388 3712
64405 3714
64421 3710
64437 3710
64454 3712
64470 3709
64486 3713
64503 3713
64519 3714
64535 3707
64552 3713
64568 3711
64584 3710
64601 3714
64617 3710
64633 3711
64650 3714
64666 3713
64682 3711
64699 3715
64715 3712
64731 3711
64748 3714
64764 3713
64780 3710
64797 3714
64813 3712
64829 3711
64846 3712
64862 3716
64878 3714
64895 3713
64911 3715
64927 3712
64944 3714
64960 3713
64976 3714
64994 3713
65010 3710
65027 3714
65043 3714
65059 3711
65076 3713
65092 3715
65108 3715
65125 3710
65141 3714
65157 3715
65174 3738
65190 3715
65206 3712
65223 3728
65239 3714
65255 3712
65272 3715
65288 3714
65304 3709
65321 3716
65337 3713
65353 3713
65370 3717
65386 3713
65402 3713
65419 3714
65435 3713
65451 3711
65468 3714
65484 3714
65500 3713
65517 3715
65533 3715
65549 3726
65566 3714
65582 3715
65598 3722
65615 3714
65631 3713
65647 3708
65664 3710
65680 3714
65696 3712
65713 3712
65729 3712
65745 3712
65762 3711
65778 3716
65794 3712
65811 3712
65827 3713
65843 3715
65860 3712
65876 3713
65892 3713
65909 3712
65925 3713
65941 3710
65958 3711
65974 3699
65991 3714
66008 3713
66024 3697
66040 3713
66057 3714
66073 3711
66089 3712
66106 3712
66122 3683
66138 3714
66155 3713
66171 3699
66187 3712
66204 3713
66220 3706
66236 3711
66253 3714
66269 3709
66285 3711
66302 3713
66318 3712
66334 3714
66351 3714
66367 3711
66383 3711
66400 3711
66416 3707
66432 3711
66449 3710
66465 3712
66481 3713
66498 3716
66514 3710
66530 3713
66547 3712
66563 3712
66579 3712
66596 3711
66612 3710
66628 3712
66645 3714
66661 3711
66677 3715
66694 3715
66710 3713
66726 3709
66743 3711
66759 3712
66775 3711
66792 3711
66808 3722
66824 3715
66841 3712
66857 3715
66873 3713
66890 3712
66906 3711
66922 3713
66939 3722
66955 3713
66971 3711
66989 3710
67005 3712
67022 3712
67038 3711
67055 3714
67071 3711
67087 3711
67104 3709
67120 3714
67137 3715
67153 3714
67170 3715
67186 3709
67202 3711
67219 3715
67235 3710
67252 3711
67268 3711
67285 3709
67301 3712
67317 3711
67334 3711
67350 3711
67367 3711
67383 3713
67400 3710
67416 3711
67432 3709
67449 3710
67465 3713
67482 3710
67498 3711
67515 3714
67531 3709
67547 3711
67564 3708
67580 3711
67597 3709
67613 3708
67630 3714
67646 3711
67662 3710
67679 3713
67695 3715
67712 3710
67728 3711
67745 3711
67761 3709
67777 3711
67794 3706
67810 3709
67827 3711
67843 3711
67860 3710
67876 3710
67892 3713
67909 3712
67925 3712
67942 3710
67958 3710
67975 3711
67992 3714
68009 3710
68025 3710
68041 3710
68058 3711
68074 3713
68091 3711
68107 3711
68124 3680
68140 3710
68156 3705
68173 3715
68189 3711
68206 3711
68222 3711
68239 3713
68255 3711
68271 3711
68288 3711
68304 3705
68321 3710
68337 3712
68354 3707
68370 3707
68386 3708
68403 3711
68419 3709
68436 3734
68452 3711
68469 3714
68485 3710
68501 3710
68518 3711
68534 3711
68551 0
68567 0
68584 0
68600 0
68616 0
68633 0
68649 0
68666 0
68682 0
68699 0
68715 0
68731 0
68748 11
68764 0
68781 0
68797 0
68814 0
68830 0
68846 0
68863 0
68879 0
68896 0
68912 0
68929 11
68945 0
68961 0
68978 0
68995 0
69012 0
69028 0
69045 0
69061 0
69078 0
69094 0
69110 0
69127 0
69143 0
69160 0
69176 0
69193 0
69209 0
69225 0
69242 0
69258 0
69275 0
69291 0
69308 0
69324 0
69340 0
69357 0
69373 0
69390 0
69406 0
69423 0
69439 0
69455 0
69472 0
69488 0
69505 0
69521 0
69538 0
69554 0
69570 0
69587 0
69603 0
69620 0
69636 0
69653 0
69669 0
69685 0
69702 0
69718 0
69735 0
69751 0
69768 0
69784 0
69800 0
69817 0
69833 0
69850 0
69866 0
69883 0
69899 0
69915 0
69932 0
69948 0
69965 0
69981 0
69999 0
70015 0
70032 0
70048 0
70064 0
70081 0
70097 0
70114 0
70130 0
70147 0
70163 0
70179 0
70196 0
70212 0
70229 0
70245 0
70262 0
70278 95
70294 0
70311 0
70327 0
70344 0
70360 0
70377 0
70393 0
70409 0
70426 0
70442 0
70459 0
70475 0
70492 0
70508 0
70524 0
70541 0
70557 0
70574 0
70590 0
70607 0
70623 0
70639 0
70656 0
70672 0
70689 0
70705 0
70722 0
70738 0
70754 0
70771 0
70787 0
70804 0
70820 0
70837 0
70853 0
70869 0
70886 0
70902 0
70919 0
70935 0
70952 0
70968 0
70986 0
71002 0
71018 0
71035 0
71051 0
71068 0
71084 0
71101 0
71117 0
71133 0
71150 0
71166 0
71183 0
71199 0
71216 0
71232 0
71248 16
71265 0
71281 0
71298 3
71314 0
71331 0
71347 0
71363 0
71380 0
71396 0
71413 0
71429 0
71446 0
71462 0
71478 0
71495 0
71511 0
71528 0
71544 0
71561 0
71577 0
71593 0
71610 0
71626 0
71643 0
71659 0
71676 0
71692 0
71708 0
71725 0
71741 0
71758 0
71774 0
71791 0
71807 0
71823 0
71840 0
71856 0
71873 0
71889 0
71906 0
71922 28
71938 0
71955 0
71971 0
71989 0
72005 0
72022 0
72038 0
72055 0
72071 0
72087 0
72104 0
72120 0
72137 0
72153 0
72170 0
72186 0
72202 0
72219 0
72235 0
72252 0
72268 0
72285 0
72301 0
72317 0
72334 0
72350 0
72367 0
72383 0
72400 0
72416 0
72432 0
72449 0
72465 0
72482 0
72498 0
72515 0
72531 0
72547 0
72564 0
72580 0
72597 0
72613 0
72630 0
72646 0
72662 0
72679 0
72695 0
72712 0
72728 0
72745 0
72761 0
72777 0
72794 0
72810 0
72827 0
72843 0
72860 0
72876 0
72892 0
72909 0
72925 0
72942 0
72958 0
72975 0
72992 0
73008 0
73025 0
73041 0
73058 0
73074 0
73091 0
73107 0
73123 0
73140 0
73156 0
73173 0
73189 0
73206 0
73222 0
73238 0
73255 0
73271 0
73288 0
73304 0
73321 0
73337 0
73353 0
73370 0
73386 0
73403 0
73419 0
73436 0
73452 0
73468 0
73485 0
73501 0
73518 0
73534 0
73551 0
73567 0
73583 0
73600 0
73616 0
73633 0
73649 0
73666 0
73682 0
73698 0
73715 0
73731 0
73748 7
73764 0
73781 0
73797 0
73813 0
73830 0
73846 0
73863 0
73879 0
73896 0
73912 0
73928 0
73945 0
73961 0
73978 0
73995 0
74012 0
74028 0
74045 0
74061 0
74077 0
74094 0
74110 0
74127 0
74143 0
74160 0
74176 0
74192 0
74209 0
74225 0
74242 0
74258 0
74275 0
74291 0
74307 0
74324 0
74340 0
74357 0
74373 0
74390 0
74406 0
74422 0
74439 0
74455 0
74472 0
74488 0
74505 0
74521 0
74537 0
74554 0
74570 3718
74587 3715
74603 3712
74620 3706
74636 3710
74652 3710
74669 3713
74685 3710
74702 3712
74718 3713
74735 3711
74751 3713
74767 3712
74784 3713
74800 3711
74817 3711
74833 3711
74850 3703
74866 3713
74882 3711
74899 3713
74915 3709
74932 3709
74948 3712
74965 3709
74981 3710
74999 3710
75015 3711
75031 3711
75048 3709
75064 3711
75081 3707
75097 3722
75114 3708
75130 3711
75146 3711
75163 3712
75179 3710
75196 3711
75212 3712
75229 3709
75245 3713
75261 3713
75278 3739
75294 3710
75311 3707
75327 3707
75344 3712
75360 3708
75376 3711
75393 3712
75409 3711
75426 3711
75442 3710
75459 3710
75475 3710
75491 3710
75508 3709
75524 3708
75541 3708
75557 3706
75574 3712
75590 3704
75606 3708
75623 3710
75639 3712
75656 3712
75672 3710
75689 3712
75705 3711
75721 3715
75738 3710
75754 3710
75771 3711
75787 3709
75804 3713
75820 3712
75836 3711
75853 3710
75869 3712
75886 3712
75902 3709
75919 3711
75935 3711
75951 3714
75968 3712
75985 3712
76002 3706
76018 3715
76035 3709
76051 3712
76068 3713
76084 3709
76100 3707
76117 3712
76133 3712
76150 3698
76166 3710
76183 3709
76199 3711
76215 3711
76232 3711
76248 3709
76265 3711
76281 3713
76298 3709
76314 3709
76330 3705
76347 3713
76363 3711
76380 3712
76396 3704
76413 3713
76429 3711
76445 3710
76462 3693
76478 3711
76495 3711
76511 3706
76528 3710
76544 3712
76560 3710
76577 3712
76593 3711
76610 3713
76626 3712
76643 3730
76659 3712
76675 3710
76692 3711
76708 3710
76725 3714
76741 3712
76758 3713
76774 3710
76790 3709
76807 3712
76823 3715
76840 3709
76856 3710
76873 3712
76889 3712
76905 3709
76922 3710
76938 3712
76955 3684
76971 3712
76989 3712
77005 3714
77022 3710
77038 3713
77054 3713
77071 3712
77087 3711
77104 3711
77120 3710
77137 3712
77153 3710
77169 3711
77186 3709
77202 3713
77219 3711
77235 3715
77252 3716
77268 3712
77284 3711
77301 3710
77317 3711
77334 3711
77350 3715
77367 3711
77383 3720
77399 3712
77416 3713
77432 3708
77449 3712
77465 3711
77482 3710
77498 3708
77514 3712
77531 3711
77547 3711
77564 3694
77580 3710
77597 3710
77613 3702
77629 3710
77646 3712
77662 3709
77679 3712
77695 3717
77712 3712
77728 3710
77744 3713
77761 3711
77777 3710
77794 3708
77810 3710
77827 3711
77843 3706
77859 3712
77876 3714
77892 3711
77909 3712
77925 3714
77942 3711
77958 3711
77974 3712
77992 3711
78008 3712
78025 3712
78041 3711
78058 3710
78074 3709
78091 3710
78107 3709
78123 3700
78140 3715
78156 3709
78173 3738
78189 3712
78206 3713
78222 3700
78238 3711
78255 3708
78271 3711
78288 3711
78304 3713
78321 3718
78337 3710
78353 3711
78370 3714
78386 3708
78403 3710
78419 3706
78436 3711
78452 3710
78468 3710
78485 3713
78501 3710
78518 3712
78534 3713
78551 3713
78567 3713
78583 3710
78600 3711
78616 3710
78633 3714
78649 3712
78666 3712
78682 3712
78698 3707
78715 3710
78731 3709
78748 3700
78764 3710
78781 3709
78797 3708
78813 3713
78830 3708
78846 3710
78863 3713
78879 3712
78896 3697
78912 3714
78928 3712
78945 3710
78961 3710
78978 3711
78995 3706
79012 3709
79028 3712
79044 3709
79061 3710
79077 3713
79094 3713
79110 3710
79127 3711
79143 3712
79159 3711
79176 3715
79192 3712
79209 3714
79225 3710
79242 3712
79258 3710
79274 3712
79291 3711
79307 3714
79324 3704
79340 3709
79357 3711
79373 3720
79389 3711
79406 3711
79422 3697
79439 3712
79455 3715
79472 3741
79488 3713
79504 3713
79521 3711
79537 3712
79554 3711
79570 3714
79587 3711
79603 3712
79619 3716
79636 3713
79652 3711
79669 3710
79685 3711
79702 3710
79718 3713
79734 3711
79751 3711
79767 3713
79784 3712
79800 3712
79817 3712
79833 3706
79849 3712
79866 3710
79882 3712
79899 3706
79915 3713
79932 3712
79948 3706
79964 3709
79981 3712
79999 3698
80015 3716
80031 3709
80048 3714
80064 3712
80081 3713
80097 3739
80114 3712
80130 3711
80146 3711
80163 3712
80179 3710
80196 3710
80212 3711
80229 3709
80245 3713
80261 3711
80278 3713
80294 3713
80311 3711
80327 3708
80344 3719
80360 3713
80376 3712
80393 3709
80409 3710
80426 3711
80442 0
80459 0
80475 0
80491 0
80508 0
80524 0
80541 0
80557 0
80574 0
80590 0
80606 0
80623 0
80639 0
80656 0
80672 0
80689 0
80705 0
80721 0
80738 0
80754 0
80771 0
80787 0
80804 0
80820 0
80836 0
80853 0
80869 0
80886 0
80902 0
80919 0
80935 0
80951 0
80968 0
80985 0
81002 0
81018 0
81035 0
81051 0
81067 0
81084 0
81100 0
81117 0
81133 0
81150 0
81166 0
81182 0
81199 0
81215 0
81232 0
81248 0
81265 0
81281 0
81297 0
81314 0
81330 0
81347 0
81363 0
81380 0
81396 0
81412 0
81429 0
81445 0
81462 0
81478 0
81495 0
81511 0
81527 0
81544 0
81560 0
81577 0
81593 0
81610 0
81626 0
81642 0
81659 0
81675 0
81692 0
81708 0
81725 0
81741 0
81757 0
81774 0
81790 0
81807 0
81823 0
81840 0
81856 0
81872 0
81889 0
81905 0
81922 0
81938 0
81955 0
81971 0
81989 0
82005 0
82021 0
82038 0
82054 0
82071 0
82087 0
82104 0
82120 0
82136 0
82153 0
82169 0
82186 0
82202 0
82219 0
82235 0
82251 0
82268 0
82284 0
82301 0
82317 0
82334 0
82350 0
82366 0
82383 0
82399 0
82416 0
82432 0
82449 0
82465 0
82481 0
82498 0
82514 0
82531 0
82547 0
82564 0
82580 0
82596 0
82613 0
82629 0
82646 0
82662 0
82679 0
82695 0
82711 0
82728 0
82744 0
82761 0
82777 0
82794 0
82810 0
82826 0
82843 0
82859 0
82876 28
82892 0
82909 0
82925 0
82941 0
82958 0
82974 0
82992 0
83008 0
83025 0
83041 0
83058 0
83074 0
83090 0
83107 0
83123 0
83140 0
83156 0
83173 0
83189 0
83205 0
83222 0
83238 0
83255 0
83271 0
83288 0
83304 0
83320 0
83337 0
83353 0
83370 0
83386 0
83403 0
83419 0
83435 0
83452 0
83468 0
83485 0
83501 0
83518 0
83534 0
83550 0
83567 0
83583 0
83600 0
83616 0
83633 0
83649 0
83665 0
83682 0
83698 0
83715 0
83731 0
83748 0
83764 0
83780 0
83797 0
83813 0
83830 0
83846 0
83863 0
83879 0
83895 0
83912 0
83928 3
83945 0
83961 0
83978 0
83995 0
84012 0
84028 0
84044 0
84061 0
84077 0
84094 0
84110 0
84127 0
84143 0
84159 0
84176 0
84192 0
84209 0
84225 0
84242 0
84258 0
84274 0
84291 0
84307 0
84324 0
84340 0
84357 0
84373 0
84389 0
84406 0
84422 0
84439 0
84455 0
84472 0
84488 0
84504 0
84521 0
84537 0
84554 0
84570 0
84587 0
84603 0
84619 0
84636 0
84652 0
84669 7
84685 0
84702 0
84718 0
84734 0
84751 0
84767 0
84784 0
84800 0
84817 0
84833 0
84849 0
84866 0
84882 0
84899 0
84915 0
84932 0
84948 0
84964 0
84981 0
84998 0
85015 0
85031 0
85048 0
85064 0
85080 0
85097 0
85113 0
85130 0
85146 0
85163 0
85179 0
85195 0
85212 0
85228 0
85245 0
85261 0
85278 0
85294 0
85310 0
85327 0
85343 0
85360 0
85376 0
85393 0
85409 0
85425 0
85442 0
85458 0
85475 0
85491 0
85508 0
85524 0
85540 0
85557 0
85573 34
85590 0
85606 0
85623 0
85639 0
85655 0
85672 0
85688 0
85705 0
85721 0
85738 0
85754 0
85770 0
85787 0
85803 0
85820 0
85836 0
85853 0
85869 0
85885 0
85902 0
85918 0
85935 0
85951 0
85968 0
85985 0
86002 0
86018 0
86034 0
86051 0
86067 0
86084 0
86100 0
86117 0
86133 0
86149 0
86166 0
86182 0
86199 0
86215 0
86232 0
86248 0
86264 0
86281 0
86297 0
86314 0
86330 0
86347 10
86363 0
86379 0
86396 0
86412 0
86429 0
86445 0
86462 3720
86478 3718
86494 3713
86511 3711
86527 3712
86544 3709
86560 3711
86577 3709
86593 3711
86609 3711
86626 3709
86642 3710
86659 3711
86675 3712
86692 3713
86708 3713
86724 3709
86741 3709
86757 3712
86774 3707
86790 3712
86807 3714
86823 3711
86839 3712
86856 3712
86872 3737
86889 3710
86905 3716
86922 3711
86938 3710
86954 3712
86971 3712
86988 3712
87005 3711
87021 3713
87038 3711
87054 3706
87071 3711
87087 3711
87103 3711
87120 3707
87136 3713
87153 3711
87169 3708
87186 3710
87202 3711
87218 3712
87235 3712
87251 3710
87268 3713
87284 3710
87301 3711
87317 3711
87333 3712
87350 3713
87366 3709
87383 3709
87399 3712
87416 3712
87432 3710
87448 3709
87465 3710
87481 3711
87498 3709
87514 3717
87531 3711
87547 3696
87563 3709
87580 3711
87596 3710
87613 3712
87629 3712
87646 3713
87662 3715
87678 3712
87695 3713
87711 3707
87728 3708
87744 3712
87761 3710
87777 3712
87793 3710
87810 3712
87826 3710
87843 3708
87859 3710
87876 3708
87892 3708
87908 3711
87925 3711
87941 3712
87958 3710
87974 3711
87992 3708
88008 3708
88025 3711
88041 3711
88057 3713
88074 3711
88090 3711
88107 3711
88123 3707
88140 3709
88156 3710
88172 3711
88189 3709
88205 3714
88222 3712
88238 3712
88255 3711
88271 3709
88287 3707
88304 3711
88320 3710
88337 3712
88353 3712
88370 3707
88386 3710
88402 3709
88419 3707
88435 3713
88452 3708
88468 3711
88485 3708
88501 3709
88517 3711
88534 3712
88550 3710
88567 3712
88583 3710
88600 3710
88616 3706
88632 3711
88649 3711
88665 3709
88682 3709
88698 3710
88715 3707
88731 3711
88747 3655
88764 3709
88780 3710
88797 3707
88813 3714
88830 3709
88846 3711
88862 3709
88879 3709
88895 3706
88912 3710
88928 3710
88945 3710
88961 3710
88977 3708
88995 3711
89011 3712
89028 3710
89044 3712
89061 3711
89077 3707
89093 3710
89110 3711
89126 3712
89143 3712
89159 3712
89176 3708
89192 3710
89208 3712
89225 3707
89241 3712
89258 3712
89274 3712
89291 3713
89307 3712
89323 3711
89340 3711
89356 3724
89373 3711
89389 3718
89406 3711
89422 3709
89438 3710
89455 3708
89471 3711
89488 3711
89504 3711
89521 3709
89537 3711
89553 3713
89570 3713
89586 3708
89603 3712
89619 3711
89636 3711
89652 3710
89668 3702
89685 3710
89701 3710
89718 3713
89734 3711
89751 3710
89767 3710
89783 3711
89800 3711
89816 3712
89833 3707
89849 3711
89866 3710
89882 3712
89898 3715
89915 3711
89931 3713
89948 3712
89964 3712
89981 3711
89998 3711
90015 3710
90031 3707
90048 3709
90064 3710
90080 3715
90097 3716
90113 3711
90130 3710
90146 3708
90163 3712
90179 3707
90195 3720
90212 3711
90228 3712
90245 3711
90261 3711
90278 3657
90294 3711
90310 3713
90327 3710
90343 3710
90360 3711
90376 3713
90393 3712
90409 3713
90425 3712
90442 3709
90458 3714
90475 3711
90491 3712
90508 3710
90524 3714
90540 3712
90557 3714
90573 3710
90590 3699
90606 3712
90623 3712
90639 3707
90655 3711
90672 3713
90688 3712
90705 3710
90721 3708
90738 3713
90754 3708
90770 3711
90787 3712
90803 3712
90820 3713
90836 3713
90853 3710
90869 3708
90885 3711
90902 3710
90918 3712
90935 3708
90951 3715
90968 3710
90985 3711
91002 3710
91018 3712
91034 3712
91051 3711
91067 3712
91084 3712
91100 3711
91117 3708
91133 3712
91149 3720
91166 3711
91182 3714
91199 3711
91215 3709
91232 3712
91248 3712
91264 3711
91281 3709
91297 3710
91314 3710
91330 3682
91347 3709
91363 3712
91379 3711
91396 3711
91412 3711
91429 3710
91445 3716
91462 3710
91478 3712
91494 3713
91511 3705
91527 3713
91544 3712
91560 3709
91577 3712
91593 3711
91609 3709
91626 3706
91642 3726
91659 3710
91675 3711
91692 3711
91708 3713
91724 3712
91741 3711
91757 3711
91774 3712
91790 3713
91807 3709
91823 3710
91839 3711
91856 3712
91872 3711
91889 3711
91905 3709
91922 3709
91938 3709
91954 3711
91971 3711
91988 3712
92005 3723
92021 3712
92038 3713
92054 3710
92071 3710
92087 3711
92103 3714
92120 3714
92136 3712
92153 3709
92169 3716
92186 3713
92202 3710
92218 3713
92235 3708
92251 3712
92268 3711
92284 3714
92301 3713
92317 3709
92333 0
92350 0
92366 0
92383 0
92399 0
92416 0
92432 0
92448 0
92465 0
92481 0
92498 0
92514 0
92531 0
92547 0
92563 0
92580 0
92596 0
92613 0
92629 0
92646 0
92662 0
92678 0
92695 0
92711 0
92728 0
92744 0
92761 0
92777 0
92793 0
92810 0
92826 0
92843 0
92859 0
92876 0
92892 0
92908 0
92925 0
92941 0
92958 0
92974 0
92992 0
93008 0
93025 0
93041 0
93057 0
93074 0
93090 0
93107 0
93123 0
93140 0
93156 0
93172 0
93189 0
93205 0
93222 0
93238 0
93255 0
93271 0
93287 0
93304 0
93320 0
93337 0
93353 0
93370 0
93386 0
93402 0
93419 0
93435 0
93452 0
93468 0
93485 0
93501 0
93517 0
93534 0
93550 0
93567 0
93583 0
93600 0
93616 0
93632 0
93649 0
93665 0
93682 0
93698 0
93715 0
93731 0
93747 0
93764 0
93780 0
93797 0
93813 0
93830 0
93846 0
93862 0
93879 0
93895 0
93912 0
93928 0
93945 0
93961 0
93977 0
93995 0
94011 0
94028 0
94044 0
94061 0
94077 0
94093 0
94110 0
94126 0
94143 0
94159 0
94176 0
94192 0
94208 0
94225 0
94241 0
94258 0
94274 0
94291 0
94307 0
94323 0
94340 0
94356 0
94373 0
94389 0
94406 0
94422 0
94438 0
94455 0
94471 0
94488 0
94504 0
94521 0
94537 0
94553 0
94570 0
94586 0
94603 0
94619 0
94636 0
94652 0
94668 0
94685 0
94701 0
94718 0
94734 0
94751 0
94767 0
94783 0
94800 0
94816 0
94833 0
94849 0
94866 0
94882 0
94898 0
94915 0
94931 0
94948 0
94964 0
94981 0
94998 0
95015 0
95031 0
95048 0
95064 0
95080 0
95097 10
95113 0
95130 0
95146 0
95163 0
95179 0
95195 0
95212 0
95228 0
95245 0
95261 0
95278 0
95294 0
95310 0
95327 0
95343 0
95360 0
95376 13
95393 0
95409 0
95425 0
95442 0
95458 0
95475 0
95491 0
95508 0
95524 0
95540 0
95557 0
95573 0
95590 0
95606 0
95623 0
95639 0
95655 0
95672 0
95688 0
95705 0
95721 0
95738 0
95754 0
95770 0
95787 0
95803 0
95820 0
95836 0
95853 0
95869 0
95885 0
95902 0
95918 0
95935 0
95951 0
95968 0
95985 0
96002 0
96018 0
96034 0
96051 0
96067 0
96084 0
96100 0
96117 0
96133 0
96149 0
96166 0
96182 0
96199 0
96215 0
96232 0
96248 0
96264 0
96281 0
96297 0
96314 0
96330 0
96347 0
96363 0
96379 0
96396 0
96412 0
96429 0
96445 0
96462 0
96478 0
96494 0
96511 0
96527 0
96544 0
96560 0
96577 0
96593 0
96609 0
96626 0
96642 12
96659 0
96675 0
96692 0
96708 0
96724 0
96741 0
96757 0
96774 0
96790 0
96807 0
96823 0
96839 0
96856 0
96872 0
96889 0
96905 0
96922 0
96938 0
96954 0
96971 0
96988 0
97005 0
97021 0
97038 0
97054 0
97071 0
97087 0
97103 0
97120 0
97136 0
97153 0
97169 0
97186 0
97202 0
97218 0
97235 0
97251 16
97268 0
97284 0
97301 0
97317 0
97333 0
97350 0
97366 0
97383 0
97399 0
97416 0
97432 0
97448 0
97465 0
97481 0
97498 0
97514 0
97531 0
97547 0
97563 23
97580 0
97596 0
97613 0
97629 0
97646 0
97662 0
97678 0
97695 0
97711 0
97728 0
97744 0
97761 0
97777 0
97793 0
97810 0
97826 0
97843 0
97859 0
97876 0
97892 0
97908 0
97925 0
97941 0
97958 0
97974 0
97992 0
98008 0
98025 0
98041 0
98057 0
98074 0
98090 0
98107 0
98123 0
98140 0
98156 0
98172 0
98189 0
98205 0
98222 0
98238 0
98255 0
98271 0
98287 0
98304 0
98320 0
98337 0
98353 3713
98370 3712
98386 3712
98402 3712
98419 3713
98435 3703
98452 3712
98468 3710
98485 3708
98501 3707
98517 3712
98534 3709
98550 3711
98567 3713
98583 3712
98600 3711
98616 3695
98632 3709
98649 3711
98665 3709
98682 3715
98698 3709
98715 3710
98731 3709
98747 3696
98764 3712
98780 3711
98797 3706
98813 3709
98830 3711
98846 3711
98862 3711
98879 3711
98895 3711
98912 3710
98928 3734
98945 3709
98961 3713
98977 3705
98995 3712
99011 3711
99028 3712
99044 3710
99061 3712
99077 3721
99093 3711
99110 3711
99126 3708
99143 3709
99159 3710
99176 3709
99192 3711
99208 3713
99225 3712
99241 3710
99258 3712
99274 3718
99291 3713
99307 3710
99323 3722
99340 3712
99356 3711
99373 3717
99389 3713
99406 3712
99422 3709
99438 3709
99455 3709
99471 3719
99488 3711
99504 3711
99521 3715
99537 3711
99553 3710
99570 3715
99586 3704
99603 3709
99619 3713
99636 3708
99652 3713
99668 3711
99685 3713
99701 3712
99718 3709
99734 3710
99751 3711
99767 3709
99783 3712
99800 3709
99816 3711
99833 3710
99849 3723
99866 3711
99882 3713
99898 3711
99915 3712
99931 3711
99948 3708
99964 3710
99981 3710
99998 3706
100015 3712
100031 3712
100048 3709
100064 3710
100080 3710
100097 3710
100113 3712
100130 3711
100146 3721
100163 3711
100179 3711
100195 3712
100212 3702
100228 3712
100245 3708
100261 3712
100278 3711
100294 3712
100310 3709
100327 3711
100343 3711
100360 3709
100376 3713
100393 3710
100409 3718
100425 3709
100442 3709
100458 3712
100475 3710
100491 3711
100508 3713
100524 3712
100540 3712
100557 3710
100573 3722
100590 3710
100606 3711
100623 3711
100639 3710
100655 3712
100672 3725
100689 3711
100705 3712
100721 3707
100737 3711
100754 3709
100770 3708
100786 3709
100803 3711
100819 3715
100835 3711
100851 3712
100868 3711
100884 3712
100900 3709
100917 3713
100933 3709
100949 3711
100965 3713
100982 3710
100999 3711
101015 3712
101032 3711
101048 3710
101064 3711
101080 3710
101097 3729
101113 3715
101129 3709
101146 3713
101162 3714
101178 3707
101194 3711
101211 3712
101227 3709
101243 3711
101260 3709
101276 3711
101292 3713
101308 3711
101325 3710
101341 3705
101357 3711
101374 3709
101390 3710
101406 3711
101422 3707
101439 3710
101455 3710
101471 3656
101488 3710
101504 3711
101520 3717
101536 3709
101553 3708
101569 3709
101585 3710
101602 3709
101618 3710
101634 3711
101650 3711
101667 3709
101683 3713
101699 3708
101716 3711
101732 3712
101748 3721
101764 3710
101781 3709
101797 3721
101813 3711
101830 3709
101846 3715
101862 3709
101878 3712
101895 3705
101911 3710
101927 3711
101944 3708
101960 3711
101976 3711
101994 3709
102010 3710
102026 3711
102042 3710
102059 3714
102075 3709
102091 3714
102108 3710
102124 3710
102140 3712
102156 3712
102173 3711
102189 3712
102205 3713
102222 3714
102238 3709
102254 3710
102270 3708
102287 3713
102303 3711
102319 3715
102336 3712
102352 3712
102368 3710
102384 3716
102401 3713
102417 3713
102433 3712
102450 3713
102466 3712
102482 3712
102498 3712
102515 3712
102531 3712
102547 3819
102564 3713
102580 3711
102596 3710
102612 3711
102629 3713
102645 3713
102661 3712
102678 3712
102694 3713
102710 3710
102726 3712
102743 3713
102759 3711
102775 3712
102792 3711
102808 3725
102824 3714
102840 3714
102857 3709
102873 3713
102889 3711
102906 3710
102922 3714
102938 3739
102954 3715
102971 3709
102988 3713
103004 3713
103021 3711
103037 3712
103053 3712
103070 3712
103086 3713
103102 3711
103118 3712
103135 3712
103151 3705
103167 3713
103184 3712
103200 3681
103216 3718
103232 3710
103249 3716
103265 3712
103281 3711
103298 3713
103314 3713
103330 3706
103346 3715
103363 3712
103379 3709
103395 3711
103412 3713
103428 3711
103444 3712
103460 3711
103477 3711
103493 3713
103509 3710
103526 3710
103542 3716
103558 3713
103574 3713
103591 3712
103607 3713
103623 3712
103640 3714
103656 3711
103672 3715
103688 3714
103705 3711
103721 3733
103737 3711
103754 3711
103770 3710
103786 3709
103802 3713
103819 3713
103835 3713
103851 3709
103868 3711
103884 3713
103900 3710
103916 3713
103933 3712
103949 3712
103965 3712
103982 3712
103999 3711
104015 3711
104032 3711
104048 3712
104064 3711
104080 3709
104097 3710
104113 3711
104129 3710
104146 3713
104162 3712
104178 3717
104194 3714
104211 0
104227 40
104243 0
104260 0
104276 0
104292 0
104308 0
104325 0
104341 0
104357 0
104374 0
104390 0
104406 0
104422 0
104439 0
104455 0
104471 0
104488 0
104504 0
104520 0
104536 0
104553 0
104569 0
104585 0
104602 0
104618 0
104634 0
104650 0
104667 0
104683 0
104699 0
104716 0
104732 0
104748 0
104764 0
104781 0
104797 0
104813 0
104830 0
104846 0
104862 0
104878 0
104895 0
104911 0
104927 0
104944 0
104960 0
104976 0
104994 0
105010 0
105026 0
105042 0
105059 0
105075 0
105091 0
105108 0
105124 0
105140 0
105156 0
105173 0
105189 0
105205 0
105222 0
105238 0
105254 0
105270 0
105287 0
105303 0
105319 0
105336 0
105352 0
105368 0
105384 0
105401 0
105417 0
105433 59
105450 0
105466 0
105482 0
105498 0
105515 0
105531 0
105547 0
105564 0
105580 0
105596 0
105612 0
105629 0
105645 0
105661 0
105678 0
105694 0
105710 0
105726 0
105743 0
105759 0
105775 0
105792 0
105808 0
105824 0
105840 0
105857 0
105873 0
105889 0
105906 0
105922 0
105938 0
105954 0
105971 0
105988 0
106004 0
106021 0
106037 0
106053 0
106070 0
106086 0
106102 0
106118 0
106135 0
106151 0
106167 0
106184 0
106200 0
106216 0
106232 0
106249 0
106265 0
106281 0
106298 0
106314 0
106330 0
106346 0
106363 0
106379 0
106395 0
106412 0
106428 0
106444 0
106460 0
106477 0
106493 0
106509 0
106526 0
106542 0
106558 0
106574 0
106591 0
106607 0
106623 0
106640 0
106656 0
106672 0
106688 0
106705 4
106721 0
106737 0
106754 0
106770 0
106786 0
106802 0
106819 0
106835 0
106851 0
106868 0
106884 0
106900 0
106916 0
106933 0
106949 0
106965 0
106982 0
106999 0
107015 0
107032 0
107048 0
107064 0
107080 0
107097 0
107113 0
107129 0
107146 0
107162 0
107178 0
107194 0
107211 0
107227 0
107243 0
107260 0
107276 0
107292 0
107308 0
107325 0
107341 0
107357 0
107374 0
107390 0
107406 0
107422 0
107439 0
107455 0
107471 0
107488 0
107504 0
107520 0
107536 0
107553 0
107569 0
107585 0
107602 0
107618 0
107634 0
107650 0
107667 0
107683 0
107699 0
107716 0
107732 0
107748 0
107764 0
107781 0
107797 0
107813 0
107830 0
107846 0
107862 0
107878 0
107895 0
107911 0
107927 0
107944 0
107960 0
107976 0
107994 0
108010 0
108026 0
108042 0
108059 0
108075 0
108091 0
108108 0
108124 0
108140 0
108156 0
108173 11
108189 0
108205 0
108222 0
108238 0
108254 0
108270 0
108287 0
108303 0
108319 0
108336 0
108352 0
108368 0
108384 0
108401 0
108417 0
108433 0
108450 0
108466 0
108482 0
108498 0
108515 0
108531 0
108547 0
108564 0
108580 0
108596 10
108612 0
108629 0
108645 0
108661 0
108678 0
108694 0
108710 0
108726 0
108743 0
108759 0
108775 0
108792 0
108808 0
108824 0
108840 0
108857 0
108873 0
108889 0
108906 0
108922 0
108938 0
108954 0
108971 0
108988 0
109004 0
109021 0
109037 0
109053 0
109070 0
109086 0
109102 0
109118 0
109135 0
109151 0
109167 0
109184 0
109200 0
109216 0
109232 0
109249 0
109265 0
109281 0
109298 0
109314 0
109330 0
109346 0
109363 0
109379 0
109395 0
109412 0
109428 0
109444 0
109460 0
109477 0
109493 0
109509 0
109526 0
109542 0
109558 0
109574 0
109591 0
109607 0
109623 0
109640 0
109656 0
109672 0
109688 0
109705 0
109721 0
109737 0
109754 0
109770 0
109786 0
109802 0
109819 0
109835 0
109851 0
109868 0
109884 0
109900 0
109916 0
109933 0
109949 0
109965 0
109982 0
109999 0
110015 0
110032 0
110048 0
110064 0
110080 0
110097 1
110113 0
110129 0
110146 0
110162 0
110178 0
110194 0
110211 0
110227 18
110243 3718
110260 3715
110276 3715
110292 3711
110308 3712
110325 3712
110341 3710
110357 3710
110374 3711
110390 3711
110406 3713
110422 3711
110439 3712
110455 3711
110471 3712
110488 3711
110504 3713
110520 3709
110536 3712
110553 3711
110569 3709
110585 3711
110602 3711
110618 3712
110634 3711
110650 3709
110667 3713
110683 3713
110699 3712
110716 3711
110732 3712
110748 3711
110764 3713
110781 3710
110797 3720
110813 3711
110830 3711
110846 3712
110862 3712
110878 3712
110895 3709
110911 3709
110927 3693
110944 3710
110960 3711
110976 3712
110993 3712
111010 3710
111026 3713
111042 3712
111059 3710
111075 3712
111091 3711
111107 3704
111124 3712
111140 3713
111156 3711
111173 3711
111189 3712
111205 3712
111221 3710
111238 3712
111254 3712
111270 3712
111287 3710
111303 3704
111319 3710
111335 3711
111352 3712
111368 3713
111384 3713
111401 3714
111417 3709
111433 3700
111449 3717
111466 3712
111482 3708
111498 3709
111515 3711
111531 3710
111547 3711
111563 3715
111580 3710
111596 3713
111612 3719
111629 3710
111645 3712
111661 3710
111677 3711
111694 3707
111710 3711
111726 3711
111743 3706
111759 3712
111775 3712
111791 3712
111808 3714
111824 3727
111840 3714
111857 3710
111873 3713
111889 3707
111905 3712
111922 3710
111938 3712
111954 3718
111971 3714
111988 3712
112004 3718
112021 3710
112037 3711
112053 3713
112069 3710
112086 3712
112102 3714
112118 3722
112135 3713
112151 3710
112167 3712
112183 3711
112200 3712
112216 3705
112232 3716
112249 3716
112265 3713
112281 3697
112297 3714
112314 3716
112330 3699
112346 3713
112363 3713
112379 3711
112395 3714
112411 3713
112428 3713
112444 3713
112460 3719
112477 3710
112493 3712
112509 3720
112525 3712
112542 3714
112558 3714
112574 3712
112591 3710
112607 3713
112623 3712
112639 3715
112656 3714
112672 3715
112688 3714
112705 3714
112721 3700
112737 3713
112753 3711
112770 3714
112786 3711
112802 3710
112819 3712
112835 3712
112851 3721
112867 3712
112884 3713
112900 3716
112916 3713
112933 3712
112949 3712
112965 3710
112981 3712
112999 3712
113015 3712
113031 3708
113048 3714
113064 3711
113080 3711
113097 3737
113113 3712
113129 3710
113145 3713
113162 3712
113178 3709
113194 3704
113211 3713
113227 3691
113243 3713
113259 3713
113276 3720
113292 3712
113308 3712
113325 3713
113341 3712
113357 3714
113373 3713
113390 3712
113406 3716
113422 3711
113439 3713
113455 3711
113471 3710
113487 3711
113504 3713
113520 3713
113536 3703
113553 3713
113569 3712
113585 3712
113601 3710
113618 3711
113634 3714
113650 3714
113667 3712
113683 3712
113699 3711
113715 3712
113732 3708
113748 3717
113764 3714
113781 3711
113797 3711
113813 3710
113829 3714
113846 3713
113862 3715
113878 3713
113895 3712
113911 3683
113927 3712
113943 3711
113960 3705
113976 3714
113993 3714
114010 3708
114026 3717
114042 3712
114059 3713
114075 3715
114091 3713
114107 3712
114124 3714
114140 3713
114156 3711
114173 3717
114189 3711
114205 3713
114221 3708
114238 3712
114254 3711
114270 3713
114287 3714
114303 3713
114319 3711
114335 3711
114352 3710
114368 3711
114384 3712
114401 3712
114417 3711
114433 3714
114449 3712
114466 3712
114482 3711
114498 3712
114515 3715
114531 3713
114547 3687
114563 3713
114580 3712
114596 3706
114612 3713
114629 3713
114645 3712
114661 3713
114677 3712
114694 3712
114710 3712
114726 3711
114743 3712
114759 3714
114775 3712
114791 3710
114808 3711
114824 3711
114840 3712
114857 3711
114873 3718
114889 3713
114905 3710
114922 3680
114938 3710
114954 3713
114971 3711
114988 3712
115004 3712
115021 3713
115037 3712
115053 3710
115069 3710
115086 3713
115102 3711
115118 3714
115135 3711
115151 3711
115167 3712
115183 3712
115200 3711
115216 3713
115232 3710
115249 3714
115265 3712
115281 3709
115297 3711
115314 3708
115330 3713
115346 3719
115363 3713
115379 3710
115395 3712
115411 3711
115428 3708
115444 3715
115460 3710
115477 3710
115493 3713
115509 3708
115525 3713
115542 3712
115558 3712
115574 3711
115591 3709
115607 3713
115623 3707
115639 3710
115656 3713
115672 3721
115688 3714
115705 3709
115721 3715
115737 3712
115753 3714
115770 3711
115786 3710
115802 3715
115819 3713
115835 3711
115851 3713
115867 3712
115884 3711
115900 3716
115916 3712
115933 3713
115949 3711
115965 3712
115981 3713
115999 3719
116015 3708
116031 3711
116048 3714
116064 3710
116080 3712
116097 3716
116113 0
116129 0
116145 0
116162 0
116178 0
116194 0
116211 0
116227 0
116243 0
116259 0
116276 0
116292 0
116308 0
116325 0
116341 0
116357 0
116373 0
116390 0
116406 0
116422 0
116439 0
116455 0
116471 0
116487 0
116504 0
116520 0
116536 0
116553 0
116569 0
116585 0
116601 0
116618 0
116634 0
116650 0
116667 0
116683 0
116699 0
116715 0
116732 0
116748 0
116764 0
116781 0
116797 0
116813 0
116829 0
116846 0
116862 0
116878 0
116895 0
116911 0
116927 0
116943 0
116960 0
116976 0
116993 0
117010 0
117026 0
117042 0
117059 0
117075 0
117091 0
117107 0
117124 0
117140 0
117156 0
117173 0
117189 0
117205 0
117221 0
117238 0
117254 0
117270 0
117287 0
117303 0
117319 0
117335 0
117352 0
117368 0
117384 0
117401 0
117417 0
117433 0
117449 0
117466 0
117482 0
117498 0
117515 0
117531 0
117547 0
117563 0
117580 0
117596 0
117612 0
117629 0
117645 0
117661 0
117677 0
117694 9
117710 0
117726 0
117743 0
117759 0
117775 0
117791 0
117808 0
117824 0
117840 0
117857 0
117873 0
117889 0
117905 0
117922 0
117938 0
117954 0
117971 0
117988 0
118004 0
118021 0
118037 0
118053 0
118069 0
118086 0
118102 0
118118 0
118135 0
118151 0
118167 0
118183 0
118200 0
118216 0
118232 0
118249 0
118265 0
118281 0
118297 0
118314 0
118330 0
118346 0
118363 0
118379 0
118395 0
118411 0
118428 0
118444 0
118460 0
118477 0
118493 0
118509 0
118525 0
118542 0
118558 0
118574 0
118591 11
118607 0
118623 0
118639 0
118656 0
118672 0
118688 0
118705 0
118721 18
118737 0
118753 0
118770 0
118786 0
118802 0
118819 0
118835 0
118851 0
118867 0
118884 0
118900 0
118916 0
118933 0
118949 0
118965 0
118981 0
118999 0
119015 0
119031 0
119048 0
119064 0
119080 0
119097 10
119113 0
119129 0
119145 0
119162 0
119178 0
119194 0
119211 0
119227 0
119243 0
119259 0
119276 0
119292 0
119308 0
119325 0
119341 0
119357 0
119373 0
119390 0
119406 0
119422 0
119439 0
119455 0
119471 0
119487 0
119504 0
119520 0
119536 0
119553 0
119569 0
119585 0
119601 0
119618 0
119634 0
119650 0
119667 0
119683 0
119699 0
119715 0
119732 0
119748 0
119764 0
119781 0
119797 39
119813 0
119829 0
119846 0
119862 0
119878 0
119895 0
119911 0
119927 0
119943 0
119960 0
119976 0
119993 0
120010 0
120026 0
120042 0
120058 0
120075 0
120091 0
120107 0
120124 0
120140 0
120156 0
120172 0
120189 0
120205 0
120221 0
120238 0
120254 0
120270 0
120286 0
120303 0
120319 0
120335 0
120352 0
120368 0
120384 0
120400 0
120417 0
120433 0
120449 0
120466 0
120482 0
120498 0
120514 0
120531 0
120547 0
120563 0
120580 0
120596 0
120612 0
120628 0
120645 0
120661 0
120677 0
120694 21
120710 0
120726 0
120742 0
120759 0
120775 0
120791 0
120808 0
120824 0
120840 0
120856 0
120873 0
120889 0
120905 0
120922 0
120938 0
120954 0
120970 0
120988 0
121004 0
121020 6
121037 0
121053 0
121069 0
121086 0
121102 0
121118 0
121134 0
121151 0
121167 0
121183 0
121200 0
121216 0
121232 0
121248 0
121265 0
121281 0
121297 0
121314 0
121330 0
121346 0
121362 0
121379 0
121395 0
121411 0
121428 0
121444 0
121460 0
121476 0
121493 0
121509 0
121525 0
121542 0
121558 0
121574 0
121590 0
121607 0
121623 0
121639 0
121656 0
121672 0
121688 0
121704 0
121721 0
121737 0
121753 0
121770 0
121786 0
121802 0
121818 0
121835 0
121851 0
121867 0
121884 0
121900 0
121916 0
121932 0
121949 0
121965 0
121981 0
121999 0
122015 0
122031 0
122048 0
122064 0
122080 0
122097 12
122113 0
122129 3716
122145 3715
122162 3713
122178 3712
122194 3711
122211 3711
122227 3710
122243 3706
122259 3707
122276 3714
122292 3712
122308 3712
122325 3711
122341 3712
122357 3716
122373 3710
122390 3711
122406 3709
122422 3713
122439 3718
122455 3713
122471 3714
122487 3711
122504 3709
122520 3712
122536 3711
122553 3713
122569 3707
122585 3715
122601 3713
122618 3712
122634 3711
122650 3711
122667 3711
122683 3711
122699 3715
122715 3714
122732 3712
122748 3708
122764 3712
122781 3714
122797 3705
122813 3712
122829 3710
122846 3749
122862 3711
122878 3712
122895 3719
122911 3714
122927 3713
122943 3710
122960 3713
122976 3712
122993 3708
123010 3712
123026 3711
123042 3711
123059 3712
123075 3712
123091 3713
123107 3712
123124 3713
123140 3711
123156 3715
123173 3699
123189 3708
123205 3711
123221 3723
123238 3711
123254 3710
123270 3713
123287 3714
123303 3712
123319 3714
123335 3711
123352 3712
123368 3711
123384 3712
123401 3712
123417 3713
123433 3711
123449 3713
123466 3711
123482 3712
123498 3710
123515 3710
123531 3712
123547 3703
123563 3712
123580 3713
123596 3709
123612 3712
123629 3715
123645 3712
123661 3711
123677 3714
123694 3712
123710 3714
123726 3714
123743 3709
123759 3705
123775 3710
123791 3713
123808 3712
123824 3713
123840 3711
123857 3713
123873 3702
123889 3710
123905 3712
123922 3728
123938 3716
123954 3712
123971 3720
123988 3712
124004 3713
124021 3713
124037 3713
124053 3714
124069 3715
124086 3714
124102 3711
124118 3720
124135 3713
124151 3708
124167 3711
124183 3712
124200 3692
124216 3713
124232 3709
124249 3718
124265 3714
124281 3712
124297 3711
124314 3716
124330 3718
124346 3714
124363 3714
124379 3708
124395 3713
124411 3711
124428 3711
124444 3713
124460 3711
124477 3713
124493 3709
124509 3708
124525 3712
124542 3711
124558 3713
124574 3714
124591 3714
124607 3711
124623 3715
124639 3715
124656 3713
124672 3717
124688 3714
124705 3710
124721 3697
124737 3711
124753 3714
124770 3705
124786 3714
124802 3713
124819 3713
124835 3716
124851 3713
124867 3711
124884 3711
124900 3714
124916 3712
124933 3712
124949 3713
124965 3713
124981 3712
124999 3713
125015 3714
125031 3714
125048 3716
125064 3715
125080 3718
125097 3736
125113 3712
125129 3717
125145 3714
125162 3713
125178 3713
125194 3712
125211 3716
125227 3748
125243 3711
125259 3712
125276 3718
125292 3713
125308 3713
125325 3714
125341 3714
125357 3713
125373 3714
125390 3714
125406 3714
125422 3711
125439 3714
125455 3713
125471 3715
125487 3714
125504 3715
125520 3717
125536 3718
125553 3716
125569 3713
125585 3713
125601 3714
125618 3710
125634 3713
125650 3710
125667 3713
125683 3713
125699 3712
125715 3711
125732 3716
125748 3713
125764 3714
125781 3713
125797 3711
125813 3713
125829 3711
125846 3713
125862 3714
125878 3712
125895 3713
125911 3716
125927 3709
125943 3713
125960 3712
125976 3713
125993 3710
126010 3713
126026 3713
126042 3715
126058 3711
126075 3713
126091 3713
126107 3711
126124 3714
126140 3713
126156 3717
126172 3714
126189 3713
126205 3715
126221 3714
126238 3712
126254 3714
126270 3715
126286 3713
126303 3708
126319 3713
126335 3713
126352 3714
126368 3712
126384 3709
126400 3715
126417 3711
126433 3705
126449 3713
126466 3707
126482 3708
126498 3712
126514 3714
126531 3714
126547 3713
126563 3737
126580 3710
126596 3715
126612 3716
126628 3716
126645 3714
126661 3712
126677 3711
126694 3709
126710 3709
126726 3710
126742 3712
126759 3712
126775 3711
126791 3713
126808 3711
126824 3698
126840 3712
126856 3715
126873 3718
126889 3712
126905 3712
126922 3712
126938 3713
126954 3713
126970 3714
126988 3715
127004 3712
127020 3713
127037 3709
127053 3715
127069 3712
127086 3713
127102 3713
127118 3717
127134 3712
127151 3712
127167 3711
127183 3712
127200 3713
127216 3709
127232 3711
127248 3706
127265 3712
127281 3711
127297 3712
127314 3712
127330 3715
127346 3707
127362 3712
127379 3705
127395 3711
127411 3711
127428 3712
127444 3712
127460 3703
127476 3712
127493 3710
127509 3706
127525 3714
127542 3714
127558 3706
127574 3709
127590 3710
127607 3712
127623 3712
127639 3714
127656 3712
127672 3709
127688 3710
127704 3708
127721 3685
127737 3710
127753 3710
127770 3708
127786 3712
127802 3706
127818 3713
127835 3711
127851 3711
127867 3706
127884 3713
127900 3731
127916 3712
127932 3710
127949 3735
127965 3711
127981 3718
127999 3750
128015 0
128031 0
128048 0
128064 0
128080 0
128097 0
128113 0
128129 0
128145 0
128162 0
128178 0
128194 0
128211 0
128227 0
128243 0
128259 0
128276 0
128292 0
128308 0
128325 0
128341 0
128357 0
128373 0
128390 0
128406 0
128422 0
128439 0
128455 0
128471 15
128487 0
128504 0
128520 0
128536 0
128553 0
128569 0
128585 0
128601 0
128618 0
128634 0
128650 0
128667 0
128683 0
128699 0
128715 0
128732 0
128748 0
128764 0
128781 0
128797 0
128813 0
128829 0
128846 0
128862 0
128878 0
128895 0
128911 0
128927 0
128943 0
128960 0
128976 0
128993 0
129010 0
129026 0
129042 0
129059 0
129075 0
129091 0
129107 0
129124 0
129140 0
129156 0
129173 0
129189 0
129205 0
129221 0
129238 0
129254 0
129270 0
129287 0
129303 0
129319 0
129335 0
129352 0
129368 0
129384 0
129401 0
129417 0
129433 0
129449 0
129466 0
129482 0
129498 0
129515 0
129531 0
129547 0
129563 0
129580 0
129596 0
129612 0
129629 0
129645 0
129661 0
129677 0
129694 0
129710 0
129726 0
129743 0
129759 0
129775 0
129791 0
129808 0
129824 0
129840 0
129857 0
129873 0
129889 0
129905 0
129922 0
129938 0
129954 0
129971 0
129988 0
130004 0
130021 0
130037 0
130053 0
130069 0
130086 0
130102 0
130118 0
130135 0
130151 0
130167 0
130183 0
130200 0
130216 0
130232 0
130249 0
130265 0
130281 0
130297 11
130314 0
130330 0
130346 0
130363 0
130379 0
130395 0
130411 0
130428 0
130444 0
130460 0
130477 0
130493 0
130509 0
130525 0
130542 0
130558 0
130574 0
130591 0
130607 0
130623 0
130639 0
130656 0
130672 0
130688 0
130705 0
130721 0
130737 0
130753 0
130770 0
130786 0
130802 0
130819 0
130835 0
130851 0
130867 0
130884 0
130900 0
130916 0
130933 0
130949 0
130965 0
130981 0
130999 0
131015 0
131031 0
131048 0
131064 0
131080 0
131097 0
131113 0
131129 0
131145 0
131162 0
131178 0
131194 0
131211 0
131227 0
131243 0
131259 0
131276 8
131292 0
131308 0
131325 0
131341 0
131357 0
131373 0
131390 0
131406 0
131422 0
131439 0
131455 0
131471 0
131487 0
131504 0
131520 0
131536 0
131553 0
131569 0
131585 0
131601 0
131618 0
131634 0
131650 0
131667 0
131683 0
131699 0
131715 0
131732 0
131748 0
131764 0
131781 0
131797 10
131813 0
131829 0
131846 0
131862 0
131878 0
131895 0
131911 0
131927 0
131943 0
131960 0
131976 0
131993 0
132010 0
132026 0
132042 0
132058 0
132075 0
132091 0
132107 0
132124 0
132140 0
132156 0
132172 0
132189 0
132205 0
132221 0
132238 0
132254 0
132270 0
132286 0
132303 0
132319 0
132335 0
132352 0
132368 0
132384 0
132400 0
132417 0
132433 0
132449 0
132466 0
132482 0
132498 0
132514 0
132531 0
132547 0
132563 4
132580 0
132596 0
132612 0
132628 0
132645 0
132661 0
132677 0
132694 0
132710 0
132726 0
132742 0
132759 0
132775 0
132791 0
132808 0
132824 2
132840 0
132856 0
132873 0
132889 0
132905 0
132922 0
132938 0
132954 13
132970 0
132988 0
133004 0
133020 0
133037 0
133053 0
133069 0
133086 0
133102 0
133118 0
133134 0
133151 0
133167 0
133183 0
133200 0
133216 0
133232 0
133248 0
133265 0
133281 0
133297 0
133314 0
133330 0
133346 0
133362 0
133379 0
133395 0
133411 0
133428 0
133444 0
133460 0
133476 0
133493 0
133509 0
133525 0
133542 0
133558 0
133574 0
133590 0
133607 0
133623 0
133639 0
133656 0
133672 0
133688 0
133704 0
133721 0
133737 0
133753 0
133770 0
133786 0
133802 0
133818 0
133835 0
133851 0
133867 0
133884 0
133900 0
133916 0
133932 0
133949 0
133965 0
133981 0
133999 0
134015 0
134031 3719
134048 3714
134064 3711
