2 902
55 914
71 927
87 936
104 952
120 960
136 975
153 987
169 974
185 1008
202 1025
218 1038
234 1049
251 1063
267 1070
283 1088
300 1127
316 1113
332 1129
349 1139
365 1152
381 1166
398 1179
414 1193
430 1205
447 1218
463 1234
479 1246
496 1262
512 1259
528 1287
545 1304
561 1315
577 1327
594 1342
610 1357
626 1370
643 1385
659 1398
675 1410
692 1426
708 1438
724 1450
741 1469
757 1480
773 1496
790 1508
806 1523
822 1536
839 1550
855 1564
871 1583
888 1594
904 1611
920 1622
937 1637
953 1656
969 1661
987 1681
1003 1693
1019 1709
1036 1727
1052 1741
1068 1756
1085 1772
1101 1785
1117 1799
1134 1817
1150 1829
1166 1843
1183 1858
1199 1874
1215 1884
1232 1904
1248 1915
1264 1939
1281 1951
1297 1960
1313 1978
1330 1993
1346 2006
1362 2009
1379 2039
1395 2053
1411 2064
1428 2084
1444 2090
1460 2107
1477 2125
1493 2138
1509 2156
1526 2168
1542 2181
1558 2195
1575 2210
1591 2223
1607 2238
1624 2253
1640 2290
1656 2275
1673 2295
1689 2306
1705 2319
1722 2334
1738 2345
1754 2363
1771 2385
1787 2391
1803 2403
1820 2419
1836 2431
1852 2444
1869 2460
1885 2470
1901 2484
1918 2497
1934 2512
1950 2519
1967 2538
1984 2553
2001 2571
2017 2574
2033 2592
2050 2611
2066 2621
2082 2631
2099 2647
2115 2660
2131 2670
2148 2685
2164 2697
2180 2706
2197 2729
2213 2756
2229 2744
2246 2760
2262 2769
2278 2782
2295 2796
2311 2809
2327 2821
2344 2830
2360 2844
2376 2855
2393 2869
2409 2877
2425 2889
2442 2906
2458 2931
2474 2926
2491 2941
2507 2951
2523 2961
2540 2973
2556 2982
2572 2989
2589 3004
2605 3016
2621 3023
2638 3038
2654 3046
2670 3057
2687 3071
2703 3075
2719 3077
2736 3096
2752 3107
2768 3116
2785 3127
2801 3137
2817 3146
2834 3156
2850 3171
2866 3170
2883 3184
2899 3190
2915 3200
2932 3209
2948 3215
2964 3224
2981 3234
2998 3241
3014 3259
3031 3264
3047 3267
3063 3274
3080 3283
3096 3291
3112 3297
3129 3303
3145 3314
3161 3318
3178 3327
3194 3334
3210 3343
3227 3346
3243 3353
3259 3361
3276 3362
3292 3373
3308 3377
3325 3384
3341 3390
3357 3396
3374 3404
3390 3409
3406 3413
3423 3421
3439 3429
3455 3431
3472 3436
3488 3441
3504 3444
3521 3450
3537 3454
3553 3458
3570 3462
3586 3466
3602 3471
3619 3474
3635 3478
3651 3484
3668 3525
3684 3489
3700 3492
3717 3497
3733 3499
3749 3502
3766 3504
3782 3508
3798 3506
3815 3510
3831 3514
3847 3516
3864 3518
3880 3520
3896 3518
3913 3525
3929 3529
3945 3528
3962 3532
3978 3534
3995 3542
4012 3537
4028 3539
4044 3540
4061 3543
4077 3544
4093 3546
4110 3541
4126 3547
4142 3553
4159 3544
4175 3540
4191 3541
4208 3544
4224 3540
4240 3539
4257 3537
4273 3552
4289 3535
4306 3530
4322 3529
4338 3530
4355 3525
4371 3522
4387 3523
4404 3518
4420 3515
4436 3515
4453 3514
4469 3508
4485 3507
4502 3509
4518 3501
4534 3500
4551 3491
4567 3491
4583 3489
4600 3484
4616 3484
4632 3476
4649 3477
4665 3472
4681 3477
4698 3467
4714 3460
4730 3451
4747 3450
4763 3448
4779 3443
4796 3437
4812 3436
4828 3421
4845 3422
4861 3419
4877 3413
4894 3409
4910 3400
4926 3398
4943 3400
4959 3384
4975 3380
4993 3375
5009 3367
5025 3361
5042 3352
5058 3345
5074 3339
5091 3333
5107 3315
5123 3320
5140 3316
5156 3306
5172 3301
5189 3294
5205 3284
5221 3280
5238 3274
5254 3265
5270 3256
5287 3245
5303 3240
5319 3225
5336 3224
5352 3217
5368 3204
5385 3198
5401 3190
5417 3176
5434 3172
5450 3161
5466 3153
5483 3142
5499 3139
5515 3128
5532 3091
5548 3108
5564 3099
5581 3100
5597 3080
5613 3069
5630 3060
5646 3048
5662 3041
5679 3029
5695 3019
5711 3007
5728 2995
5744 2989
5760 2975
5777 2964
5793 2954
5809 2941
5826 2934
5842 2920
5858 2906
5875 2897
5891 2886
5907 2900
5924 2863
5940 2843
5956 2853
5973 2824
5990 2813
6007 2804
6023 2795
6039 2779
6056 2770
6072 2758
6088 2744
6105 2731
6121 2725
6137 2708
6154 2696
6170 2684
6186 2671
6203 2660
6219 2648
6235 2635
6252 2623
6268 2608
6284 2595
6301 2584
6317 2571
6333 2557
6350 2545
6366 2531
6382 2517
6399 2504
6415 2492
6431 2473
6448 2465
6464 2451
6480 2437
6497 2424
6513 2409
6529 2391
6546 2385
6562 2371
6578 2358
6595 2346
6611 2331
6627 2318
6644 2310
6660 2288
6676 2277
6693 2260
6709 2249
6725 2237
6742 2224
6758 2194
6774 2193
6791 2183
6807 2170
6823 2153
6840 2140
6856 2103
6872 2110
6889 2097
6905 2083
6921 2068
6938 2056
6954 2038
6970 2027
6988 2012
7004 1994
7020 1984
7037 1967
7053 1953
7069 1942
7086 1926
7102 1910
7118 1898
7135 1910
7151 1866
7167 1851
7184 1842
7200 1823
7216 1809
7233 1796
7249 1780
7265 1767
7282 1755
7298 1740
7314 1723
7331 1709
7347 1691
7363 1679
7380 1670
7396 1655
7412 1637
7429 1623
7445 1609
7461 1596
7478 1582
7494 1565
7510 1569
7527 1539
7543 1523
7559 1512
7576 1497
7592 1482
7608 1467
7625 1458
7641 1430
7657 1429
7674 1418
7690 1406
7706 1390
7723 1379
7739 1362
7755 1349
7772 1324
7788 1322
7804 1311
7821 1294
7837 1282
7853 1266
7870 1256
7886 1242
7902 1228
7919 1216
7935 1201
7951 1193
7968 1178
7985 1164
8001 1156
8018 1135
8034 1127
8050 1112
8067 1098
8083 1081
8099 1074
8116 1059
8132 1049
8148 1038
8165 1022
8181 1012
8197 1000
8214 991
8230 975
8246 964
8263 951
8279 938
8295 927
8312 914
8328 904
8344 895
8361 879
8377 870
8393 859
8410 847
8426 835
8442 823
8459 838
8475 801
8491 790
8508 779
8524 766
8540 767
8557 746
8573 735
8589 696
8606 712
8622 705
8638 694
8655 686
8671 669
8687 666
8704 658
8720 645
8736 636
8753 628
8769 615
8785 608
8802 599
8818 589
8834 582
8851 570
8867 562
8883 551
8900 572
8916 535
8932 528
8949 519
8965 510
8981 502
8999 495
9015 483
9032 505
9048 470
9064 461
9081 467
9097 448
9113 437
9130 435
9146 428
9162 420
9179 414
9195 406
9211 396
9228 393
9244 387
9260 380
9277 376
9293 368
9309 360
9326 358
9342 352
9358 343
9375 341
9391 336
9407 337
9424 329
9440 316
9456 314
9473 309
9489 303
9505 290
9522 295
9538 299
9554 285
9571 281
9587 279
9603 272
9620 271
9636 266
9652 260
9669 258
9685 256
9701 251
9718 246
9734 244
9750 242
9767 239
9783 239
9799 234
9816 232
9832 225
9848 223
9865 225
9881 221
9897 219
9914 216
9930 213
9946 215
9963 209
9979 197
9995 208
10012 206
10028 203
10044 201
10061 202
10077 199
10093 196
10110 217
10126 195
10142 195
10159 200
10175 196
10191 201
10208 201
10224 202
10240 203
10257 206
10273 210
10289 221
10306 216
10322 214
10338 218
10355 220
10371 221
10387 222
10404 226
10420 226
10436 231
10453 233
10469 238
10485 231
10502 243
10518 244
10534 247
10551 253
10567 254
10583 262
10600 265
10616 261
10632 271
10649 273
10665 276
10681 281
10698 290
10714 291
10730 296
10747 300
10763 304
10779 311
10796 318
10812 321
10828 326
10845 332
10861 337
10877 344
10894 347
10910 356
10926 358
10943 368
10959 373
10975 380
10993 384
11009 391
11025 397
11042 405
11058 414
11074 420
11091 427
11107 436
11123 442
11140 452
11156 456
11172 467
11189 473
11205 455
11221 487
11238 498
11254 513
11270 513
11287 523
11303 533
11319 540
11336 549
11352 558
11368 559
11385 578
11401 587
11417 594
11434 605
11450 614
11466 620
11483 621
11499 642
11515 651
11532 664
11548 675
11564 681
11581 693
11597 705
11613 714
11630 724
11646 738
11662 745
11679 757
11695 771
11711 779
11728 793
11744 803
11760 812
11777 824
11793 840
11809 847
11826 861
11842 876
11858 882
11875 896
11891 913
11907 922
11924 933
11940 946
11956 960
11973 971
11990 980
12007 1020
12023 1008
12039 1018
12056 1027
12072 1047
12088 1058
12105 1072
12121 1084
12137 1096
12154 1109
12170 1124
12186 1133
12203 1148
12219 1162
12235 1176
12252 1192
12268 1204
12284 1216
12301 1231
12317 1234
12333 1257
12350 1273
12366 1287
12382 1266
12399 1312
12415 1327
12431 1308
12448 1356
12464 1368
12480 1379
12497 1395
12513 1408
12529 1423
12546 1437
12562 1448
12578 1463
12595 1475
12611 1483
12627 1506
12644 1522
12660 1533
12676 1549
12693 1560
12709 1575
12725 1590
12742 1606
12758 1622
12774 1633
12791 1649
12807 1690
12823 1675
12840 1694
12856 1725
12872 1721
12889 1737
12905 1755
12921 1763
12938 1779
12954 1797
12970 1810
12988 1828
13004 1843
13020 1848
13037 1872
13053 1878
13069 1901
13086 1913
13102 1930
13118 1946
13135 1958
13151 1973
13167 1989
13184 2006
13200 2018
13216 2033
13233 2053
13249 2061
13265 2072
13282 2075
13298 2107
13314 2120
13331 2135
13347 2147
13363 2161
13380 2180
13396 2187
13412 2203
13429 2221
13445 2232
13461 2245
13478 2261
13494 2272
13510 2286
13527 2303
13543 2317
13559 2330
13576 2342
13592 2354
13608 2370
13625 2385
13641 2396
13657 2416
13674 2426
13690 2440
13706 2432
13723 2466
13739 2481
13755 2494
13772 2508
13788 2526
13804 2535
13821 2549
13837 2558
13853 2575
13870 2588
13886 2603
13902 2617
13919 2627
13935 2642
13951 2653
13968 2665
13985 2677
14001 2692
14018 2707
14034 2718
14050 2728
14067 2744
14083 2754
14099 2767
14116 2780
14132 2794
14148 2802
14165 2815
14181 2830
14197 2837
14214 2851
14230 2857
14246 2874
14263 2887
14279 2899
14295 2909
14312 2917
14328 2934
14344 2944
14361 2957
14377 2964
14393 2979
14410 2990
14426 3000
14442 3011
14459 3018
14475 3037
14491 3044
14508 3061
14524 3064
14540 3073
14557 3085
14573 3093
14589 3094
14606 3114
14622 3125
14638 3129
14655 3141
14671 3153
14687 3160
14704 3168
14720 3178
14736 3188
14753 3194
14769 3208
14785 3215
14802 3224
14818 3227
14834 3240
14851 3246
14867 3257
14883 3266
14900 3230
14916 3278
14932 3286
14949 3296
14965 3302
14981 3310
14999 3316
15015 3323
15032 3313
15048 3338
15064 3342
15081 3352
15097 3357
15113 3364
15130 3372
15146 3374
15162 3384
15179 3388
15195 3395
15211 3396
15228 3407
15244 3413
15260 3419
15277 3425
15293 3429
15309 3433
15326 3438
15342 3443
15358 3447
15375 3447
15391 3455
15407 3461
15424 3465
15440 3469
15456 3480
15473 3478
15489 3482
15505 3484
15522 3491
15538 3493
15554 3496
15571 3498
15587 3500
15603 3503
15620 3506
15636 3508
15652 3509
15669 3512
15685 3516
15701 3516
15718 3567
15734 3523
15750 3523
15767 3528
15783 3530
15799 3532
15816 3533
15832 3534
15848 3533
15865 3535
15881 3540
15897 3540
15914 3543
15930 3544
15946 3547
15963 3550
15979 3530
15995 3547
16012 3549
16028 3543
16044 3539
16061 3543
16077 3536
16093 3538
16110 3555
16126 3535
16142 3534
16159 3534
16175 3529
16191 3526
16208 3525
16224 3522
16240 3519
16257 3527
16273 3516
16289 3511
16306 3507
16322 3509
16338 3508
16355 3504
16371 3501
16387 3498
16404 3494
16420 3487
16436 3491
16453 3483
16469 3480
16485 3477
16502 3474
16518 3474
16534 3467
16551 3465
16567 3460
16583 3453
16600 3451
16616 3444
16632 3442
16649 3434
16665 3434
16681 3428
16698 3418
16714 3418
16730 3410
16747 3406
16763 3400
16779 3393
16796 3380
16812 3381
16828 3375
16845 3372
16861 3364
16877 3359
16894 3352
16910 3347
16926 3348
16943 3334
16959 3328
16975 3320
16993 3313
17009 3305
17025 3297
17042 3293
17058 3282
17074 3276
17091 3270
17107 3261
17123 3250
17140 3244
17156 3236
17172 3228
17189 3220
17205 3210
17221 3202
17238 3229
17254 3192
17270 3175
17287 3169
17303 3159
17319 3148
17336 3141
17352 3133
17368 3125
17385 3105
17401 3106
17417 3092
17434 3081
17450 3076
17466 3064
17483 3054
17499 3046
17515 3031
17532 3027
17548 3012
17564 3001
17581 2993
17597 2982
17613 2970
17630 2962
17646 2949
17662 2936
17679 2928
17695 2915
17711 2902
17728 2895
17744 2883
17760 2868
17777 2861
17793 2847
17809 2835
17826 2824
17842 2811
17858 2796
17875 2773
17891 2776
17907 2762
17924 2755
17940 2741
17956 2726
17973 2717
17990 2702
18007 2689
18023 2679
18039 2667
18056 2615
18072 2642
18088 2629
18105 2618
18121 2603
18137 2592
18154 2578
18170 2567
18186 2559
18203 2536
18219 2526
18235 2509
18252 2499
18268 2486
18284 2469
18301 2461
18317 2444
18333 2431
18350 2420
18366 2404
18382 2383
18399 2379
18415 2365
18431 2350
18448 2336
18464 2329
18480 2309
18497 2298
18513 2285
18529 2269
18546 2256
18562 2245
18578 2221
18595 2215
18611 2206
18627 2186
18644 2176
18660 2162
18676 2147
18693 2131
18709 2116
18725 2103
18742 2093
18758 2074
18774 2062
18791 2050
18807 2036
18823 2020
18840 2007
18856 1987
18872 1976
18889 1962
18905 1948
18921 1929
18938 1919
18954 1910
18970 1888
18988 1877
19004 1860
19020 1843
19037 1832
19053 1811
19069 1802
19086 1787
19102 1773
19118 1756
19135 1743
19151 1730
19167 1715
19184 1700
19200 1688
19216 1670
19233 1666
19249 1643
19265 1626
19282 1617
19298 1599
19314 1587
19331 1571
19347 1558
19363 1546
19380 1527
19396 1517
19412 1506
19429 1490
19445 1481
19461 1462
19478 1450
19494 1435
19510 1420
19527 1410
19543 1396
19559 1383
19576 1369
19592 1355
19608 1341
19625 1329
19641 1314
19657 1299
19674 1290
19690 1272
19706 1263
19723 1246
19739 1233
19755 1220
19772 1208
19788 1195
19804 1176
19821 1170
19837 1155
19853 1137
19870 1131
19886 1115
19902 1104
19919 1091
19935 1079
19951 1066
19968 1053
19985 1037
20001 1028
20018 1017
20034 1011
20050 994
20067 985
20083 970
20099 960
20116 942
20132 960
20148 915
20165 910
20181 923
20197 883
20214 874
20230 862
20246 851
20263 840
20279 827
20295 817
20312 802
20328 793
20344 782
20361 770
20377 764
20393 750
20410 740
20426 726
20442 719
20459 708
20475 696
20491 692
20508 678
20524 666
20540 664
20557 655
20573 637
20589 631
20606 630
20622 609
20638 599
20655 594
20671 579
20687 572
20704 563
20720 556
20736 545
20753 547
20769 532
20785 520
20802 515
20818 505
20834 499
20851 485
20867 480
20883 471
20900 458
20916 455
20932 432
20949 443
20965 439
20981 413
20999 422
21015 414
21032 418
21048 401
21064 392
21081 392
21097 384
21113 375
21130 369
21146 366
21162 356
21179 352
21195 344
21211 339
21228 338
21244 332
21260 320
21277 319
21293 316
21309 309
21326 305
21342 299
21358 292
21375 285
21391 285
21407 277
21424 274
21440 274
21456 267
21473 266
21489 262
21505 256
21522 254
21538 252
21554 248
21571 249
21587 238
21603 238
21620 239
21636 233
21652 232
21669 230
21685 226
21701 225
21718 244
21734 222
21750 215
21767 212
21783 212
21799 209
21816 207
21832 208
21848 206
21865 205
21881 202
21897 206
21914 200
21930 200
21946 191
21963 194
21979 192
21995 197
22012 201
22028 198
22044 203
22061 204
22077 209
22093 207
22110 206
22126 211
22142 212
22159 250
22175 215
22191 221
22208 227
22224 222
22240 228
22257 228
22273 231
22289 250
22306 236
22322 242
22338 247
22355 244
22371 251
22387 251
22404 259
22420 258
22436 262
22453 265
22469 269
22485 327
22502 277
22518 281
22534 287
22551 294
22567 302
22583 299
22600 307
22616 311
22632 315
22649 321
22665 325
22681 330
22698 342
22714 343
22730 348
22747 354
22763 361
22779 366
22796 344
22812 382
22828 385
22845 390
22861 398
22877 406
22894 414
22910 419
22926 406
22943 435
22959 440
22975 449
22993 458
23009 466
23025 473
23042 478
23058 489
23074 495
23091 506
23107 514
23123 522
23140 530
23156 539
23172 547
23189 559
23205 566
23221 576
23238 589
23254 596
23270 603
23287 622
23303 624
23319 633
23336 641
23352 654
23368 662
23385 674
23401 685
23417 694
23434 705
23450 713
23466 724
23483 736
23499 748
23515 758
23532 768
23548 780
23564 787
23581 803
23597 815
23613 917
23630 839
23646 852
23662 860
23679 869
23695 888
23711 897
23728 911
23744 926
23760 931
23777 948
23793 956
23809 969
23826 984
23842 993
23858 1007
23875 1018
23891 1031
23907 1045
23924 1059
23940 1070
23956 1085
23973 1098
23990 1111
24007 1128
24023 1136
24039 1144
24056 1265
24072 1179
24088 1189
24105 1207
24121 1220
24137 1231
24154 1246
24170 1259
24186 1279
24203 1289
24219 1299
24235 1311
24252 1328
24268 1341
24284 1355
24301 1369
24317 1383
24333 1395
24350 1412
24366 1421
24382 1428
24399 1455
24415 1467
24431 1479
24448 1495
24464 1507
24480 1522
24497 1535
24513 1549
24529 1564
24546 1579
24562 1593
24578 1608
24595 1626
24611 1635
24627 1649
24644 1665
24660 1680
24676 1697
24693 1709
24709 1723
24725 1735
24742 1749
24758 1777
24774 1786
24791 1801
24807 1815
24823 1821
24840 1843
24856 1857
24872 1871
24889 1883
24905 1904
24921 1917
24938 1930
24954 1947
24970 1958
24988 1975
25004 2000
25020 2007
25037 2023
25053 2038
25069 2053
25086 2066
25102 2079
25118 2093
25135 2124
25151 2117
25167 2138
25184 2151
25200 2162
25216 2180
25233 2194
25249 2209
25265 2217
25282 2236
25298 2252
25314 2263
25331 2278
25347 2284
25363 2302
25380 2319
25396 2333
25412 2347
25429 2362
25445 2374
25461 2387
25478 2402
25494 2415
25510 2429
25527 2446
25543 2459
25559 2470
25576 2486
25592 2497
25608 2511
25625 2525
25641 2539
25657 2553
25674 2558
25690 2576
25706 2583
25723 2603
25739 2620
25755 2595
25772 2644
25788 2656
25804 2667
25821 2682
25837 2692
25853 2709
25870 2720
25886 2734
25902 2745
25919 2756
25935 2766
25951 2780
25968 2793
25985 2804
26001 2816
26018 2828
26034 2839
26050 2852
26067 2864
26083 2876
26099 2892
26116 2900
26132 2928
26148 2925
26165 2933
26181 2957
26197 2957
26214 2969
26230 2981
26246 2990
26263 2999
26279 3014
26295 3024
26312 3033
26328 3045
26344 3056
26361 3065
26377 3092
26393 3082
26410 3093
26426 3101
26442 3114
26459 3123
26475 3136
26491 3144
26508 3151
26524 3159
26540 3172
26557 3181
26573 3190
26589 3198
26606 3206
26622 3217
26638 3224
26655 3222
26671 3240
26687 3251
26704 3253
26720 3263
26736 3272
26753 3276
26769 3288
26785 3294
26802 3302
26818 3310
26834 3315
26851 3324
26867 3331
26883 3338
26900 3343
26916 3351
26932 3362
26949 3360
26965 3372
26981 3376
26999 3382
27015 3387
27032 3419
27048 3398
27064 3408
27081 3447
27097 3415
27113 3422
27130 3431
27146 3434
27162 3439
27179 3440
27195 3447
27211 3449
27228 3457
27244 3459
27260 3465
27277 3470
27293 3470
27309 3478
27326 3479
27342 3482
27358 3488
27375 3494
27391 3494
27407 3439
27424 3503
27440 3503
27456 3478
27473 3510
27489 3508
27505 3516
27522 3517
27538 3519
27554 3520
27571 3522
27587 3523
27603 3524
27620 3529
27636 3531
27652 3530
27669 3535
27685 3534
27701 3537
27718 3540
27734 3540
27750 3542
27767 3542
27783 3546
27799 3546
27816 3547
27832 3549
27848 3546
27865 3544
27881 3561
27897 3541
27914 3540
27930 3541
27946 3537
27963 3535
27979 3535
27995 3531
28012 3529
28028 3521
28044 3525
28061 3524
28077 3522
28093 3519
28110 3518
28126 3516
28142 3514
28159 3504
28175 3507
28191 3505
28208 3502
28224 3498
28240 3495
28257 3487
28273 3491
28289 3485
28306 3478
28322 3479
28338 3476
28355 3473
28371 3467
28387 3466
28404 3462
28420 3455
28436 3452
28453 3460
28469 3440
28485 3436
28502 3431
28518 3426
28534 3423
28551 3418
28567 3411
28583 3409
28600 3404
28616 3397
28632 3395
28649 3383
28665 3380
28681 3376
28698 3368
28714 3361
28730 3354
28747 3347
28763 3361
28779 3338
28796 3331
28812 3319
28828 3315
28845 3307
28861 3298
28877 3293
28894 3284
28910 3278
28926 3270
28943 3263
28959 3256
28975 3248
28993 3235
29009 3229
29025 3223
29042 3216
29058 3205
29074 3192
29091 3190
29107 3182
29123 3171
29140 3164
29156 3154
29172 3145
29189 3136
29205 3126
29221 3115
29238 3108
29254 3096
29270 3086
29287 3078
29303 3066
29319 3060
29336 3049
29352 3040
29368 3029
29385 3018
29401 3008
29417 2999
29434 2988
29450 2971
29466 2966
29483 2961
29499 2942
29515 2931
29532 2921
29548 2910
29564 2897
29581 2886
29597 2875
29613 2815
29630 2851
29646 2839
29662 2828
29679 2819
29695 2805
29711 2795
29728 2782
29744 2762
29760 2759
29777 2747
29793 2737
29809 2723
29826 2713
29842 2695
29858 2684
29875 2674
29891 2661
29907 2649
29924 2635
29940 2623
29956 2611
29973 2596
29990 2583
30007 2568
30023 2558
30039 2545
30056 2541
30072 2518
30088 2507
30105 2500
30121 2480
30137 2465
30154 2455
30170 2441
30186 2444
30203 2412
30219 2399
30235 2385
30252 2375
30268 2357
30284 2344
30301 2326
30317 2318
30333 2305
30350 2293
30366 2279
30382 2275
30399 2251
30415 2238
30431 2226
30448 2209
30464 2195
30480 2184
30497 2172
30513 2155
30529 2145
30546 2126
30562 2085
30578 2100
30595 2084
30611 2074
30627 2053
30644 2041
30660 2028
30676 2013
30693 2004
30709 1984
30725 1969
30742 1957
30758 1942
30774 1927
30791 1912
30807 1899
30823 1884
30840 1872
30856 1853
30872 1841
30889 1827
30905 1813
30921 1797
30938 1784
30954 1767
30970 1754
30988 1733
31004 1741
31020 1708
31037 1695
31053 1683
31069 1666
31086 1653
31102 1638
31118 1622
31135 1611
31151 1599
31167 1578
31184 1569
31200 1551
31216 1540
31233 1527
31249 1513
31265 1501
31282 1484
31298 1473
31314 1458
31331 1445
31347 1427
31363 1417
31380 1401
31396 1389
31412 1379
31429 1360
31445 1349
31461 1335
31478 1324
31494 1310
31510 1320
31527 1286
31543 1268
31559 1259
31576 1244
31592 1228
31608 1215
31625 1206
31641 1187
31657 1182
31674 1166
31690 1151
31706 1137
31723 1127
31739 1112
31755 1100
31772 1090
31788 1075
31804 1060
31821 1046
31837 1038
31853 1028
31870 1013
31886 1000
31902 989
31919 976
31935 969
31951 942
31968 941
31985 928
32001 921
32018 904
32034 895
32050 881
32067 869
32083 893
32099 848
32116 831
32132 827
32148 817
32165 801
32181 788
32197 780
32214 767
32230 756
32246 747
32263 736
32279 722
32295 716
32312 705
32328 694
32344 685
32361 672
32377 678
32393 654
32410 639
32426 633
32442 625
32459 615
32475 609
32491 598
32508 593
32524 581
32540 537
32557 556
32573 553
32589 511
32606 535
32622 528
32638 518
32655 509
32671 506
32687 493
32704 486
32720 477
32736 472
32753 462
32769 451
32785 450
32802 438
32818 437
32834 431
32851 416
32867 415
32883 405
32900 400
32916 401
32932 383
32949 368
32965 375
32981 365
32999 365
33015 356
33032 351
33048 347
33064 399
33081 333
33097 330
33113 320
33130 318
33146 312
33162 306
33179 301
33195 294
33211 294
33228 289
33244 286
33260 279
33277 278
33293 276
33309 267
33326 267
33342 258
33358 257
33375 259
33391 257
33407 244
33424 244
33440 244
33456 236
33473 236
33489 231
33505 284
33522 230
33538 226
33554 218
33571 221
33587 212
33603 217
33620 214
33636 214
33652 210
33669 210
33685 210
33701 206
33718 206
33734 200
33750 195
33767 200
33783 197
33799 193
33816 193
33832 189
33848 195
33865 198
33881 199
33897 200
33914 204
33930 206
33946 205
33963 211
33979 210
33995 208
34012 215
34028 211
34044 217
34061 221
34077 224
34093 228
34110 229
34126 232
34142 237
34159 237
34175 237
34191 243
34208 245
34224 247
34240 254
34257 256
34273 261
34289 264
34306 270
34322 272
34338 274
34355 283
34371 285
34387 288
34404 290
34420 297
34436 302
34453 310
34469 311
34485 317
34502 323
34518 328
34534 329
34551 341
34567 344
34583 351
34600 359
34616 362
34632 372
34649 377
34665 380
34681 379
34698 397
34714 398
34730 393
34747 423
34763 426
34779 428
34796 439
34812 446
34828 450
34845 461
34861 468
34877 476
34894 482
34910 492
34926 497
34943 507
34959 515
34975 523
34993 535
35009 544
35025 552
35042 564
35058 569
35074 577
35091 586
35107 582
35123 608
35140 618
35156 616
35172 637
35189 647
35205 664
35221 665
35238 676
35254 687
35270 695
35287 710
35303 721
35319 727
35336 743
35352 749
35368 762
35385 776
35401 785
35417 795
35434 807
35450 818
35466 828
35483 844
35499 854
35515 865
35532 880
35548 891
35564 902
35581 917
35597 925
35613 937
35630 946
35646 964
35662 974
35679 984
35695 1001
35711 1012
35728 1028
35744 1039
35760 1051
35777 1063
35793 1072
35809 1084
35826 1101
35842 1111
35858 1127
35875 1141
35891 1154
35907 1167
35924 1181
35940 1195
35956 1205
35973 1225
35990 1250
36007 1249
36023 1265
36039 1273
36056 1290
36072 1305
36088 1316
36105 1335
36121 1348
36137 1359
36154 1377
36170 1388
36186 1404
36203 1417
36219 1429
36235 1442
36252 1455
36268 1472
36284 1479
36301 1496
36317 1510
36333 1523
36350 1541
36366 1552
36382 1561
36399 1585
36415 1596
36431 1632
36448 1626
36464 1640
36480 1654
36497 1669
36513 1685
36529 1698
36546 1712
36562 1728
36578 1740
36595 1760
36611 1770
36627 1785
36644 1804
36660 1818
36676 1827
36693 1870
36709 1861
36725 1872
36742 1892
36758 1906
36774 1922
36791 1933
36807 1950
36823 1985
36840 1980
36856 1992
36872 2012
36889 2023
36905 2036
36921 2049
36938 2069
36954 2080
36970 2093
36988 2111
37004 2110
37020 2142
37037 2155
37053 2164
37069 2183
37086 2197
37102 2210
37118 2226
37135 2242
37151 2254
37167 2267
37184 2283
37200 2300
37216 2307
37233 2322
37249 2338
37265 2355
37282 2363
37298 2376
37314 2390
37331 2406
37347 2417
37363 2434
37380 2445
37396 2457
37412 2473
37429 2487
37445 2498
37461 2515
37478 2525
37494 2540
37510 2579
37527 2563
37543 2578
37559 2592
37576 2606
37592 2620
37608 2631
37625 2644
37641 2644
37657 2671
37674 2683
37690 2694
37706 2707
37723 2723
37739 2731
37755 2745
37772 2757
37788 2768
37804 2780
37821 2794
37837 2806
37853 2818
37870 2829
37886 2844
37902 2854
37919 2865
37935 2875
37951 2875
37968 2900
37985 2919
38001 2924
38018 2936
38034 2945
38050 2959
38067 2968
38083 2988
38099 2992
38116 2997
38132 3012
38148 3023
38165 3033
38181 3044
38197 3056
38214 3064
38230 3077
38246 3088
38263 3093
38279 3105
38295 3113
38312 3123
38328 3134
38344 3143
38361 3151
38377 3163
38393 3172
38410 3179
38426 3194
38442 3197
38459 3227
38475 3213
38491 3223
38508 3227
38524 3242
38540 3249
38557 3255
38573 3262
38589 3269
38606 3278
38622 3287
38638 3292
38655 3299
38671 3309
38687 3316
38704 3324
38720 3330
38736 3336
38753 3343
38769 3318
38785 3358
38802 3362
38818 3371
38834 3374
38851 3380
38867 3385
38883 3395
38900 3406
38916 3402
38932 3409
38949 3415
38965 3423
38981 3429
38999 3430
39015 3436
39032 3442
39048 3447
39064 3456
39081 3466
39097 3460
39113 3459
39130 3467
39146 3471
39162 3474
39179 3479
39195 3482
39211 3435
39228 3490
39244 3494
39260 3495
39277 3500
39293 3503
39309 3505
39326 3509
39342 3513
39358 3512
39375 3515
39391 3517
39407 3509
39424 3522
39440 3527
39456 3523
39473 3530
39489 3531
39505 3524
39522 3536
39538 3538
39554 3536
39571 3540
39587 3539
39603 3544
39620 3546
39636 3548
39652 3549
39669 3550
39685 3547
39701 3547
39718 3545
39734 3543
39750 3543
39767 3541
39783 3540
39799 3537
39816 3538
39832 3531
39848 3533
39865 3526
39881 3528
39897 3523
39914 3534
39930 3521
39946 3520
39963 3512
39979 3515
39995 3513
40012 3516
40028 3509
40044 3506
40061 3509
40077 3500
40093 3498
40110 3493
40126 3491
40142 3489
40159 3484
40175 3481
40191 3477
40208 3475
40224 3469
40240 3465
40257 3462
40273 3456
40289 3452
40306 3453
40322 3445
40338 3438
40355 3433
40371 3431
40387 3425
40404 3414
40420 3413
40436 3409
40453 3403
40469 3396
40485 3391
40502 3386
40518 3379
40534 3375
40551 3366
40567 3361
40583 3356
40600 3348
40616 3341
40632 3334
40649 3329
40665 3322
40681 3317
40698 3310
40714 3299
40730 3287
40747 3286
40763 3279
40779 3271
40796 3264
40812 3255
40828 3243
40845 3242
40861 3231
40877 3218
40894 3216
40910 3205
40926 3197
40943 3189
40959 3181
40975 3171
40993 3164
41009 3158
41025 3144
41042 3134
41058 3124
41074 3119
41091 3107
41107 3128
41123 3087
41140 3082
41156 3047
41172 3056
41189 3047
41205 3062
41221 3027
41238 3018
41254 3007
41270 2996
41287 2988
41303 2976
41319 2964
41336 2952
41352 2943
41368 2928
41385 2921
41401 2908
41417 2895
41434 2887
41450 2875
41466 2863
41483 2852
41499 2840
41515 2827
41532 2816
41548 2806
41564 2791
41581 2781
41597 2765
41613 2753
41630 2748
41646 2732
41662 2720
41679 2705
41695 2697
41711 2682
41728 2670
41744 2661
41760 2646
41777 2636
41793 2622
41809 2608
41826 2599
41842 2585
41858 2570
41875 2559
41891 2546
41907 2533
41924 2522
41940 2508
41956 2486
41973 2478
41990 2464
42007 2452
42023 2438
42039 2428
42056 2432
42072 2399
42088 2385
42105 2371
42121 2358
42137 2344
42154 2327
42170 2318
42186 2303
42203 2289
42219 2276
42235 2265
42252 2254
42268 2240
42284 2222
42301 2209
42317 2198
42333 2190
42350 2168
42366 2165
42382 2138
42399 2126
42415 2118
42431 2068
42448 2084
42464 2071
42480 2045
42497 2043
42513 2028
42529 2010
42546 2001
42562 1985
42578 1969
42595 1960
42611 1940
42627 1928
42644 1916
42660 1899
42676 1886
42693 1871
42709 1856
42725 1839
42742 1826
42758 1813
42774 1794
42791 1785
42807 1771
42823 1754
42840 1740
42856 1723
42872 1710
42889 1696
42905 1687
42921 1668
42938 1655
42954 1642
42970 1623
42988 1611
43004 1596
43020 1583
43037 1588
43053 1553
43069 1542
43086 1528
43102 1512
43118 1496
43135 1490
43151 1471
43167 1457
43184 1445
43200 1431
43216 1420
43233 1404
43249 1393
43265 1375
43282 1364
43298 1352
43314 1337
43331 1326
43347 1309
43363 1298
43380 1286
43396 1271
43412 1257
43429 1253
43445 1230
43461 1216
43478 1203
43494 1191
43510 1175
43527 1168
43543 1151
43559 1136
43576 1128
43592 1113
43608 1101
43625 1088
43641 1078
43657 1063
43674 1053
43690 1045
43706 1026
43723 1013
43739 1004
43755 988
43772 978
43788 964
43804 954
43821 940
43837 930
43853 918
43870 906
43886 894
43902 881
43919 872
43935 862
43951 845
43968 840
43985 829
44001 813
44018 806
44034 791
44050 777
44067 768
44083 762
44099 749
44116 734
44132 717
44148 715
44165 705
44181 688
44197 685
44214 678
44230 666
44246 655
44263 647
44279 635
44295 625
44312 617
44328 607
44344 600
44361 589
44377 572
44393 570
44410 563
44426 555
44442 544
44459 560
44475 527
44491 518
44508 522
44524 502
44540 494
44557 487
44573 477
44589 471
44606 464
44622 458
44638 445
44655 444
44671 434
44687 428
44704 421
44720 414
44736 406
44753 401
44769 432
44785 385
44802 383
44818 376
44834 366
44851 361
44867 356
44883 350
44900 327
44916 337
44932 336
44949 331
44965 319
44981 320
44999 313
45015 306
45032 304
45048 299
45064 293
45081 289
45097 286
45113 282
45130 276
45146 271
45162 269
45179 265
45195 261
45211 260
45228 254
45244 251
45260 243
45277 248
45293 238
45309 241
45326 236
45342 235
45358 229
45375 230
45391 225
45407 220
45424 222
45440 222
45456 218
45473 215
45489 213
45505 209
45522 209
45538 207
45554 204
45571 203
45587 196
45603 198
45620 201
45636 199
45652 191
45669 194
45685 194
45701 190
45718 203
45734 203
45750 199
45767 199
45783 207
45799 205
45816 210
45832 212
45848 211
45865 215
45881 221
45897 216
45914 222
45930 223
45946 224
45963 229
45979 177
45995 236
46012 235
46028 246
46044 242
46061 242
46077 247
46093 251
46110 257
46126 258
46142 262
46159 269
46175 268
46191 270
46208 280
46224 284
46240 287
46257 292
46273 298
46289 300
46306 306
46322 318
46338 315
46355 317
46371 327
46387 334
46404 334
46420 340
46436 348
46453 357
46469 364
46485 366
46502 373
46518 381
46534 389
46551 394
46567 400
46583 407
46600 416
46616 425
46632 426
46649 433
46665 449
46681 447
46698 458
46714 467
46730 474
46747 478
46763 485
46779 497
46796 502
46812 515
46828 517
46845 524
46861 539
46877 548
46894 556
46910 565
46926 578
46943 584
46959 595
46975 603
46993 614
47009 622
47025 627
47042 645
47058 650
47074 659
47091 673
47107 685
47123 690
47140 705
47156 714
47172 726
47189 732
47205 745
47221 733
47238 770
47254 779
47270 788
47287 804
47303 812
47319 824
47336 837
47352 849
47368 856
47385 873
47401 882
47417 894
47434 911
47450 921
47466 932
47483 946
47499 953
47515 968
47532 988
47548 994
47564 1003
47581 1021
47597 1031
47613 1043
47630 1049
47646 1068
47662 1078
47679 1089
47695 1105
47711 1119
47728 1133
47744 1147
47760 1158
47777 1174
47793 1189
47809 1197
47826 1213
47842 1229
47858 1239
47875 1255
47891 1269
47907 1279
47924 1295
47940 1313
47956 1320
47973 1332
47990 1349
48007 1358
48023 1379
48039 1386
48056 1417
48072 1418
48088 1431
48105 1448
48121 1459
48137 1472
48154 1491
48170 1503
48186 1510
48203 1535
48219 1545
48235 1558
48252 1573
48268 1588
48284 1600
48301 1616
48317 1631
48333 1644
48350 1660
48366 1674
48382 1683
48399 1701
48415 1714
48431 1722
48448 1746
48464 1763
48480 1774
48497 1795
48513 1807
48529 1819
48546 1836
48562 1850
48578 1862
48595 1881
48611 1896
48627 1901
48644 1925
48660 1940
48676 1952
48693 1967
48709 1983
48725 1997
48742 2010
48758 2027
48774 2040
48791 2055
48807 2084
48823 2084
48840 2102
48856 2108
48872 2129
48889 2145
48905 2130
48921 2173
48938 2186
48954 2207
48970 2214
48988 2232
49004 2239
49020 2258
49037 2270
49053 2279
49069 2299
49086 2310
49102 2325
49118 2337
49135 2353
49151 2373
49167 2382
49184 2395
49200 2406
49216 2423
49233 2436
49249 2449
49265 2466
49282 2447
49298 2492
49314 2506
49331 2520
49347 2533
49363 2544
49380 2556
49396 2573
49412 2586
49429 2599
49445 2611
49461 2624
49478 2638
49494 2653
49510 2663
49527 2674
49543 2689
49559 2702
49576 2713
49592 2724
49608 2743
49625 2748
49641 2762
49657 2775
49674 2786
49690 2797
49706 2808
49723 2823
49739 2835
49755 2846
49772 2860
49788 2871
49804 2881
49821 2897
49837 2903
49853 2917
49870 2928
49886 2942
49902 2954
49919 2967
49935 2978
49951 2984
49968 2997
49985 3013
50001 3020
50018 3030
50034 3043
50050 3050
50067 3062
50083 3070
50099 3081
50116 3092
50132 3099
50148 3111
50165 3120
50181 3119
50197 3139
50214 3149
50230 3160
50246 3168
50263 3168
50279 3186
50295 3195
50312 3204
50328 3211
50344 3221
50361 3229
50377 3236
50393 3249
50410 3253
50426 3262
50442 3268
50459 3272
50475 3286
50491 3295
50508 3301
50524 3305
50540 3315
50557 3317
50573 3326
50589 3334
50606 3341
50622 3347
50638 3351
50655 3360
50671 3370
50687 3371
50704 3378
50720 3388
50736 3390
50753 3395
50769 3395
50785 3409
50802 3413
50818 3432
50834 3425
50851 3430
50867 3438
50883 3440
50900 3444
50916 3449
50932 3453
50949 3458
50965 3466
50981 3466
50999 3477
51015 3478
51032 3481
51048 3482
51064 3488
51081 3493
51097 3494
51113 3497
51130 3507
51146 3503
51162 3505
51179 3509
51195 3511
51211 3507
51228 3513
51244 3519
51260 3516
51277 3520
51293 3520
51309 3524
51326 3530
51342 3536
51358 3530
51375 3536
51391 3539
51407 3535
51424 3540
51440 3543
51456 3545
51473 3544
51489 3546
51505 3545
51522 3549
51538 3547
51554 3547
51571 3544
51587 3510
51603 3541
51620 3541
51636 3534
51652 3537
51669 3535
51685 3533
51701 3532
51718 3555
51734 3521
51750 3521
51767 3523
51783 3520
51799 3519
51816 3517
51832 3514
51848 3499
51865 3510
51881 3509
51897 3502
51914 3504
51930 3498
51946 3494
51963 3494
51979 3479
51995 3484
52012 3482
52028 3482
52044 3478
52061 3473
52077 3471
52093 3463
52110 3460
52126 3457
52142 3447
52159 3450
52175 3440
52191 3437
52208 3432
52224 3429
52240 3421
52257 3419
52273 3412
52289 3426
52306 3402
52322 3396
52338 3389
52355 3387
52371 3380
52387 3374
52404 3371
52420 3360
52436 3355
52453 3347
52469 3339
52485 3336
52502 3327
52518 3319
52534 3319
52551 3308
52567 3299
52583 3294
52600 3288
52616 3279
52632 3272
52649 3262
52665 3300
52681 3245
52698 3240
52714 3232
52730 3222
52747 3215
52763 3206
52779 3197
52796 3195
52812 3181
52828 3170
52845 3161
52861 3154
52877 3143
52894 3136
52910 3128
52926 3118
52943 3106
52959 3101
52975 3086
52993 3077
53009 3068
53025 3061
53042 3048
53058 3039
53074 3024
53091 3019
53107 3012
53123 2995
53140 2982
53156 2973
53172 2966
53189 2951
53205 2942
53221 2933
53238 2923
53254 2909
53270 2896
53287 2885
53303 2873
53319 2859
53336 2852
53352 2837
53368 2824
53385 2815
53401 2801
53417 2794
53434 2778
53450 2768
53466 2754
53483 2719
53499 2732
53515 2715
53532 2709
53548 2693
53564 2679
53581 2669
53597 2656
53613 2631
53630 2634
53646 2620
53662 2600
53679 2591
53695 2582
53711 2568
53728 2554
53744 2546
53760 2528
53777 2516
53793 2499
53809 2490
53826 2477
53842 2466
53858 2450
53875 2441
53891 2422
53907 2411
53924 2397
53940 2381
53956 2371
53973 2359
53990 2341
54007 2330
54023 2317
54039 2300
54056 2287
54072 2274
54088 2259
54105 2242
54121 2232
54137 2220
54154 2209
54170 2192
54186 2177
54203 2167
54219 2153
54235 2134
54252 2129
54268 2110
54284 2088
54301 2085
54317 2068
54333 2054
54350 2039
54366 2030
54382 2011
54399 1994
54415 1979
54431 1966
54448 1950
54464 1938
54480 1920
54497 1910
54513 1896
54529 1876
54546 1868
54562 1847
54578 1837
54595 1827
54611 1805
54627 1788
54644 1779
54660 1757
54676 1748
54693 1738
54709 1716
54725 1705
54742 1693
54758 1677
54774 1662
54791 1649
54807 1637
54823 1623
54840 1605
54856 1597
54872 1578
54889 1566
54905 1510
54921 1538
54938 1523
54954 1512
54970 1496
54988 1483
55004 1471
55020 1456
55037 1442
55053 1426
55069 1416
55086 1400
55102 1384
55118 1374
55135 1360
55151 1346
55167 1329
55184 1317
55200 1308
55216 1293
55233 1281
55249 1267
55265 1255
55282 1261
55298 1226
55314 1214
55331 1204
55347 1189
55363 1174
55380 1132
55396 1146
55412 1135
55429 1122
55445 1110
55461 1096
55478 1086
55494 1070
55510 1059
55527 1049
55543 1033
55559 1020
55576 1013
55592 1000
55608 983
55625 976
55641 965
55657 950
55674 941
55690 925
55706 914
55723 901
55739 892
55755 882
55772 867
55788 860
55804 847
55821 835
55837 825
55853 814
55870 798
55886 788
55902 778
55919 768
55935 755
55951 750
55968 735
55985 720
56001 716
56018 704
56034 696
56050 683
56067 680
56083 662
56099 654
56116 644
56132 634
56148 624
56165 616
56181 598
56197 593
56214 587
56230 577
56246 570
56263 560
56279 556
56295 542
56312 537
56328 528
56344 517
56361 510
56377 508
56393 492
56410 486
56426 476
56442 472
56459 466
56475 456
56491 449
56508 440
56524 434
56540 428
56557 398
56573 409
56589 406
56606 400
56622 392
56638 387
56655 373
56671 373
56687 371
56704 357
56720 356
56736 352
56753 339
56769 339
56785 348
56802 328
56818 325
56834 319
56851 307
56867 308
56883 305
56900 298
56916 293
56932 288
56949 281
56965 281
56981 280
56999 272
57015 269
57032 264
57048 261
57064 256
57081 256
57097 251
57113 247
57130 241
57146 246
57162 237
57179 232
57195 234
57211 232
57228 229
57244 223
57260 223
57277 220
57293 220
57309 215
57326 216
57342 212
57358 211
57375 211
57391 206
57407 204
57424 204
57440 205
57456 199
57473 200
57489 196
57505 191
57522 195
57538 197
57554 196
57571 199
57587 241
57603 201
57620 204
57636 204
57652 205
57669 208
57685 212
57701 212
57718 226
57734 219
57750 218
57767 215
57783 226
57799 226
57816 230
57832 236
57848 233
57865 235
57881 239
57897 242
57914 245
57930 247
57946 255
57963 255
57979 255
57995 261
58012 266
58028 271
58044 274
58061 281
58077 283
58093 289
58110 292
58126 296
58142 301
58159 192
58175 314
58191 312
58208 320
58224 325
58240 328
58257 343
58273 343
58289 333
58306 359
58322 360
58338 367
58355 373
58371 380
58387 385
58404 405
58420 400
58436 406
58453 414
58469 421
58485 428
58502 434
58518 442
58534 451
58551 458
58567 464
58583 472
58600 477
58616 487
58632 498
58649 505
58665 519
58681 520
58698 527
58714 547
58730 549
58747 556
58763 564
58779 577
58796 561
58812 593
58828 602
58845 612
58861 621
58877 624
58894 641
58910 649
58926 673
58943 672
58959 679
58975 693
58993 705
59009 712
59025 718
59042 733
59058 745
59074 752
59091 766
59107 779
59123 784
59140 801
59156 812
59172 821
59189 835
59205 848
59221 862
59238 862
59254 882
59270 894
59287 912
59303 919
59319 929
59336 942
59352 952
59368 965
59385 977
59401 991
59417 997
59434 1016
59450 1025
59466 1041
59483 1118
59499 1065
59515 1079
59532 1094
59548 1103
59564 1119
59581 1127
59597 1144
59613 1160
59630 1172
59646 1185
59662 1194
59679 1211
59695 1224
59711 1237
59728 1253
59744 1266
59760 1277
59777 1295
59793 1305
59809 1318
59826 1333
59842 1346
59858 1359
59875 1388
59891 1391
59907 1401
59924 1416
59940 1432
59956 1443
59973 1459
59990 1471
60007 1489
60023 1503
60039 1514
60056 1519
60072 1541
60088 1553
60105 1569
60121 1584
60137 1596
60154 1615
60170 1628
60186 1644
60203 1659
60219 1673
60235 1690
60252 1701
60268 1717
60284 1734
60301 1747
60317 1761
60333 1777
60350 1792
60366 1806
60382 1819
60399 1835
60415 1848
60431 1887
60448 1884
60464 1894
60480 1907
60497 1921
60513 1940
60529 1952
60546 1967
60562 1976
60578 1997
60595 2011
60611 2027
60627 2040
60644 2054
60660 2072
60676 2083
60693 2112
60709 2113
60725 2127
60742 2138
60758 2156
60774 2169
60791 2183
60807 2198
60823 2210
60840 2226
60856 2237
60872 2253
60889 2269
60905 2281
60921 2294
60938 2310
60954 2323
60970 2333
60988 2351
61004 2381
61020 2379
61037 2394
61053 2407
61069 2418
61086 2435
61102 2447
61118 2457
61135 2463
61151 2484
61167 2501
61184 2533
61200 2529
61216 2542
61233 2523
61249 2570
61265 2582
61282 2595
61298 2607
61314 2621
61331 2635
61347 2647
61363 2659
61380 2694
61396 2684
61412 2700
61429 2709
61445 2725
61461 2734
61478 2742
61494 2760
61510 2776
61527 2783
61543 2794
61559 2809
61576 2821
61592 2830
61608 2847
61625 2857
61641 2870
61657 2878
61674 2894
61690 2905
61706 2900
61723 2929
61739 2939
61755 2931
61772 2963
61788 2971
61804 2986
61821 2994
61837 3005
61853 3018
61870 3024
61886 3040
61902 3049
61919 3062
61935 3068
61951 3076
61968 3091
61985 3101
62001 3111
62018 3116
62034 3129
62050 3139
62067 3144
62083 3158
62099 3167
62116 3173
62132 3186
62148 3194
62165 3199
62181 3213
62197 3224
62214 3227
62230 3235
62246 3243
62263 3250
62279 3262
62295 3268
62312 3276
62328 3286
62344 3292
62361 3299
62377 3309
62393 3315
62410 3322
62426 3329
62442 3335
62459 3341
62475 3347
62491 3355
62508 3362
62524 3367
62540 3374
62557 3377
62573 3387
62589 3392
62606 3402
62622 3404
62638 3409
62655 3436
62671 3420
62687 3427
62704 3431
62720 3434
62736 3442
62753 3445
62769 3448
62785 3454
62802 3458
62818 3463
62834 3465
62851 3473
62867 3473
62883 3480
62900 3482
62916 3484
62932 3488
62949 3490
62965 3494
62981 3499
62999 3501
63015 3501
63032 3467
63048 3511
63064 3514
63081 3531
63097 3516
63113 3521
63130 3500
63146 3525
63162 3525
63179 3530
63195 3531
63211 3532
63228 3535
63244 3540
63260 3538
63277 3537
63293 3539
63309 3543
63326 3542
63342 3554
63358 3546
63375 3549
63391 3550
63407 3544
63424 3545
63440 3543
63456 3537
63473 3541
63489 3540
63505 3533
63522 3536
63538 3535
63554 3528
63571 3530
63587 3528
63603 3525
63620 3522
63636 3522
63652 3512
63669 3520
63685 3511
63701 3512
63718 3511
63734 3507
63750 3509
63767 3503
63783 3500
63799 3495
63816 3494
63832 3494
63848 3485
63865 3486
63881 3478
63897 3475
63914 3475
63930 3463
63946 3466
63963 3463
63979 3455
63995 3452
64012 3449
64028 3443
64044 3437
64061 3432
64077 3424
64093 3423
64110 3420
64126 3411
64142 3406
64159 3403
64175 3396
64191 3394
64208 3385
64224 3377
64240 3378
64257 3372
64273 3361
64289 3358
64306 3345
64322 3341
64338 3336
64355 3329
64371 3322
64387 3316
64404 3309
64420 3299
64436 3294
64453 3280
64469 3280
64485 3270
64502 3262
64518 3255
64534 3248
64551 3236
64567 3229
64583 3224
64600 3215
64616 3207
64632 3199
64649 3190
64665 3178
64681 3170
64698 3165
64714 3161
64730 3145
64747 3136
64763 3125
64779 3115
64796 3116
64812 3096
64828 3088
64845 3071
64861 3069
64877 3060
64894 3048
64910 3039
64926 3048
64943 3018
64959 3008
64975 2999
64993 2987
65009 2973
65025 2963
65042 2954
65058 2942
65074 2932
65091 2920
65107 2929
65123 2897
65140 2886
65156 2875
65172 2864
65189 2851
65205 2839
65221 2827
65238 2802
65254 2803
65270 2792
65287 2780
65303 2767
65319 2756
65336 2744
65352 2732
65368 2720
65385 2708
65401 2697
65417 2683
65434 2672
65450 2658
65466 2645
65483 2644
65499 2619
65515 2610
65532 2609
65548 2590
65564 2570
65581 2557
65597 2547
65613 2553
65630 2520
65646 2506
65662 2491
65679 2479
65695 2466
65711 2451
65728 2439
65744 2428
65760 2413
65777 2395
65793 2383
65809 2370
65826 2358
65842 2346
65858 2331
65875 2319
65891 2304
65907 2291
65924 2274
65940 2265
65956 2250
65973 2239
65990 2220
66007 2209
66023 2195
66039 2180
66056 2142
66072 2158
66088 2141
66105 2123
66121 2113
66137 2096
66154 2082
66170 2069
66186 2040
66203 2041
66219 2029
66235 2010
66252 1996
66268 1983
66284 1969
66301 1954
66317 1937
66333 1923
66350 1909
66366 1898
66382 1878
66399 1863
66415 1851
66431 1852
66448 1824
66464 1808
66480 1797
66497 1781
66513 1764
66529 1750
66546 1738
66562 1716
66578 1709
66595 1693
66611 1681
66627 1665
66644 1653
66660 1635
66676 1623
66693 1603
66709 1593
66725 1582
66742 1569
66758 1554
66774 1537
66791 1524
66807 1511
66823 1498
66840 1485
66856 1470
66872 1456
66889 1445
66905 1432
66921 1416
66938 1404
66954 1392
66970 1377
66988 1362
67004 1344
67021 1335
67037 1322
67053 1305
67070 1289
67086 1283
67103 1269
67119 1252
67136 1240
67152 1228
67168 1211
67185 1197
67201 1186
67218 1174
67234 1166
67251 1151
67267 1136
67283 1126
67300 1109
67316 1096
67333 1085
67349 1071
67366 1056
67382 1049
67398 1031
67415 1022
67431 1005
67448 1001
67464 986
67481 974
67497 959
67513 948
67530 937
67546 926
67563 915
67579 902
67596 892
67612 881
67628 868
67645 857
67661 840
67678 830
67694 819
67711 809
67727 801
67743 789
67760 778
67776 766
67793 763
67809 744
67826 729
67842 722
67858 711
67875 702
67891 694
67908 683
67924 672
67941 660
67957 651
67973 638
67991 628
68007 620
68024 613
68040 603
68057 590
68073 583
68089 575
68106 561
68122 552
68139 548
68155 540
68172 532
68188 521
68204 516
68221 504
68237 519
68254 491
68270 483
68287 473
68303 466
68319 458
68336 452
68352 442
68369 433
68385 428
68402 427
68418 415
68434 409
68451 401
68467 396
68484 388
68500 382
68517 375
68533 371
68549 364
68566 359
68582 354
68599 346
68615 335
68632 335
68648 330
68664 322
68681 317
68697 313
68714 312
68730 273
68747 300
68763 295
68779 406
68796 285
68812 280
68829 279
68845 265
68862 268
68878 268
68894 262
68911 256
68927 253
68944 250
68960 248
68977 248
68994 243
69011 240
69027 231
69043 234
69060 231
69076 227
69093 224
69109 225
69126 221
69142 218
69158 218
69175 215
69191 214
69208 207
69224 208
69241 208
69257 203
69273 201
69290 203
69306 156
69323 198
69339 198
69356 196
69372 193
69388 193
69405 198
69421 198
69438 199
69454 203
69471 204
69487 203
69503 209
69520 208
69536 211
69553 218
69569 215
69586 219
69602 218
69618 221
69635 222
69651 226
69668 228
69684 230
69701 235
69717 235
69733 241
69750 242
69766 244
69783 249
69799 253
69816 256
69832 259
69848 262
69865 267
69881 295
69898 273
69914 281
69931 281
69947 290
69963 295
69980 296
69997 302
70014 307
70030 281
70047 321
70063 322
70080 323
70096 336
70112 340
70129 350
70145 352
70162 356
70178 361
70195 368
70211 379
70227 388
70244 390
70260 396
70277 399
70293 410
70310 416
70326 422
70342 432
70359 438
70375 446
70392 455
70408 458
70425 467
70441 477
70457 485
70474 493
70490 501
70507 509
70523 519
70540 522
70556 531
70572 546
70589 551
70605 569
70622 571
70638 579
70655 585
70671 601
70687 608
70704 616
70720 627
70737 638
70753 654
70770 659
70786 668
70802 677
70819 692
70835 699
70852 710
70868 721
70885 732
70901 744
70917 753
70934 766
70950 774
70967 786
70984 798
71001 807
71017 822
71034 834
71050 846
71066 857
71083 871
71099 878
71116 895
71132 903
71149 916
71165 930
71181 946
71198 953
71214 966
71231 973
71247 989
71264 1004
71280 1006
71296 1027
71313 1040
71329 1062
71346 1067
71362 1080
71379 1094
71395 1103
71411 1117
71428 1129
71444 1149
71461 1163
71477 1171
71494 1188
71510 1199
71526 1212
71543 1227
71559 1239
71576 1255
71592 1268
71609 1282
71625 1294
71641 1305
71658 1331
71674 1336
71691 1352
71707 1359
71724 1380
71740 1393
71756 1403
71773 1419
71789 1433
71806 1446
71822 1460
71839 1481
71855 1489
71871 1503
71888 1516
71904 1531
71921 1544
71937 1563
71954 1573
71970 1589
71988 1603
72004 1616
72020 1755
72037 1652
72053 1662
72070 1676
72086 1698
72103 1705
72119 1722
72135 1735
72152 1756
72168 1765
72185 1781
72201 1793
72218 1809
72234 1824
72250 1839
72267 1853
72283 1892
72300 1887
72316 1899
72333 1912
72349 1930
72365 1945
72382 1959
72398 1974
72415 1988
72431 1999
72448 2019
72464 2033
72480 2055
72497 2061
72513 2078
72530 2092
72546 2104
72563 2120
72579 2135
72595 2152
72612 2160
72628 2176
72645 2191
72661 2208
72678 2222
72694 2233
72710 2248
72727 2260
72743 2295
72760 2290
72776 2305
72793 2311
72809 2332
72825 2346
72842 2358
72858 2373
72875 2383
72891 2403
72908 2414
72924 2429
72940 2443
72957 2454
72973 2469
72991 2484
73007 2502
73024 2513
73040 2526
73057 2542
73073 2552
73089 2565
73106 2577
73122 2591
73139 2607
73155 2619
73172 2631
73188 2643
73204 2657
73221 2675
73237 2672
73254 2695
73270 2706
73287 2721
73303 2733
73319 2742
73336 2759
73352 2770
73369 2782
73385 2792
73402 2817
73418 2820
73434 2830
73451 2844
73467 2858
73484 2874
73500 2877
73517 2892
73533 2902
73549 2913
73566 2925
73582 2938
73599 2950
73615 2956
73632 2976
73648 2982
73664 3023
73681 3002
73697 3015
73714 3019
73730 3036
73747 3045
73763 3059
73779 3066
73796 3076
73812 3086
73829 3097
73845 3110
73862 3116
73878 3128
73894 3137
73911 3150
73927 3155
73944 3164
73960 3174
73977 3180
73994 3192
74010 3201
74027 3211
74043 3219
74060 3226
74076 3235
74093 3244
74109 3253
74125 3255
74142 3267
74158 3238
74175 3282
74191 3288
74208 3302
74224 3306
74240 3313
74257 3320
74273 3329
74290 3334
74306 3338
74323 3351
74339 3354
74355 3360
74372 3367
74388 3376
74405 3369
74421 3382
74438 3391
74454 3396
74470 3402
74487 3406
74503 3414
74520 3417
74536 3413
74553 3432
74569 3436
74585 3438
74602 3452
74618 3451
74635 3453
74651 3459
74668 3463
74684 3468
74700 3472
74717 3464
74733 3476
74750 3484
74766 3486
74783 3490
74799 3493
74815 3495
74832 3499
74848 3488
74865 3501
74881 3509
74898 3506
74914 3514
74930 3514
74947 3518
74963 3522
74980 3522
74997 3522
75014 3528
75030 3520
75047 3528
75063 3530
75079 3533
75096 3537
75112 3536
75129 3538
75145 3543
75162 3543
75178 3542
75194 3547
75211 3554
75227 3549
75244 3547
75260 3543
75277 3541
75293 3540
75309 3541
75326 3539
75342 3534
75359 3536
75375 3527
75392 3531
75408 3528
75424 3528
75441 3526
75457 3526
75474 3524
75490 3521
75507 3520
75523 3515
75539 3515
75556 3511
75572 3507
75589 3507
75605 3504
75622 3499
75638 3496
75654 3494
75671 3490
75687 3487
75704 3484
75720 3483
75737 3474
75753 3472
75769 3472
75786 3468
75802 3461
75819 3458
75835 3455
75852 3450
75868 3444
75884 3440
75901 3434
75917 3431
75934 3425
75950 3421
75967 3414
75984 3407
76001 3405
76017 3398
76033 3391
76050 3387
76066 3383
76083 3378
76099 3368
76116 3363
76132 3344
76148 3349
76165 3351
76181 3327
76198 3322
76214 3323
76231 3315
76247 3310
76263 3303
76280 3297
76296 3285
76313 3281
76329 3273
76346 3268
76362 3257
76378 3250
76395 3242
76411 3234
76428 3224
76444 3218
76461 3211
76477 3207
76493 3190
76510 3183
76526 3174
76543 3164
76559 3159
76576 3147
76592 3138
76608 3124
76625 3116
76641 3106
76658 3099
76674 3088
76691 3079
76707 3070
76723 3060
76740 3049
76756 3050
76773 3028
76789 3017
76806 2997
76822 2998
76838 2987
76855 2992
76871 2967
76888 2954
76904 2959
76921 2932
76937 2921
76953 2909
76970 2901
76987 2883
77004 2875
77020 2858
77037 2850
77053 2835
77070 2826
77086 2817
77102 2805
77119 2791
77135 2781
77152 2769
77168 2754
77185 2743
77201 2728
77217 2720
77234 2707
77250 2693
77267 2682
77283 2669
77300 2656
77316 2645
77332 2633
77349 2622
77365 2605
77382 2593
77398 2582
77415 2567
77431 2543
77447 2541
77464 2527
77480 2516
77497 2502
77513 2488
77530 2478
77546 2461
77562 2448
77579 2430
77595 2419
77612 2407
77628 2404
77645 2378
77661 2366
77677 2353
77694 2340
77710 2324
77727 2310
77743 2298
77760 2285
77776 2270
77792 2258
77809 2247
77825 2231
77842 2218
77858 2203
77875 2189
77891 2176
77907 2162
77924 2148
77940 2134
77957 2119
77973 2106
77991 2093
78007 2077
78024 2063
78040 2049
78056 2031
78073 2020
78089 2006
78106 1990
78122 1980
78139 1961
78155 1962
78171 1931
78188 1913
78204 1963
78221 1888
78237 1874
78254 1859
78270 1846
78286 1833
78303 1812
78319 1797
78336 1787
78352 1774
78369 1761
78385 1743
78401 1739
78418 1718
78434 1703
78451 1685
78467 1671
78484 1658
78500 1643
78516 1627
78533 1613
78549 1598
78566 1595
78582 1570
78599 1557
78615 1543
78631 1532
78648 1520
78664 1503
78681 1487
78697 1473
78714 1460
78730 1443
78746 1432
78763 1420
78779 1415
78796 1398
78812 1379
78829 1365
78845 1351
78861 1341
78878 1326
78894 1313
78911 1296
78927 1285
78944 1279
78960 1259
78976 1247
78994 1229
79010 1218
79027 1205
79043 1199
79060 1177
79076 1163
79092 1152
79109 1137
79125 1124
79142 1113
79158 1097
79175 1085
79191 1077
79207 1063
79224 1055
79240 1033
79257 1022
79273 1010
79290 1000
79306 985
79322 974
79339 962
79355 952
79372 938
79388 925
79405 916
79421 902
79437 892
79454 880
79470 867
79487 856
79503 843
79520 833
79536 833
79552 812
79569 802
79585 787
79602 777
79618 765
79635 755
79651 747
79667 732
79684 722
79700 713
79717 717
79733 685
79750 682
79766 672
79782 661
79799 649
79815 641
79832 636
79848 628
79865 613
79881 605
79897 592
79914 584
79930 574
79947 566
79963 560
79980 549
79997 538
80014 531
80030 538
80047 516
80063 507
80079 495
80096 489
80112 482
80129 475
80145 468
80162 459
80178 453
80194 444
80211 434
80227 430
80244 425
80260 415
80277 410
80293 404
80309 394
80326 388
80342 382
80359 378
80375 367
80392 361
80408 358
80424 348
80441 346
80457 343
80474 335
80490 328
80507 322
80523 318
80539 314
80556 308
80572 306
80589 301
80605 294
80622 291
80638 290
80654 280
80671 276
80687 273
80704 269
80720 264
80737 262
80753 258
80769 255
80786 249
80802 247
80819 244
80835 247
80852 238
80868 237
80884 236
80901 228
80917 227
80934 224
80950 218
80967 221
80984 220
81001 211
81017 213
81033 212
81050 208
81066 210
81083 207
81099 203
81116 203
81132 196
81148 200
81165 199
81181 198
81198 196
81214 194
81231 196
81247 197
81263 196
81280 201
81296 203
81313 198
81329 204
81346 209
81362 209
81378 217
81395 211
81411 216
81428 213
81444 219
81461 223
81477 222
81493 224
81510 233
81526 233
81543 229
81559 241
81576 241
81592 243
81608 245
81625 248
81641 253
81658 255
81674 260
81691 270
81707 265
81723 275
81740 278
81756 275
81773 284
81789 291
81806 295
81822 340
81838 302
81855 311
81871 317
81888 325
81904 322
81921 330
81937 333
81953 339
81970 345
81987 349
82004 357
82020 361
82037 369
82053 381
82070 385
82086 391
82102 395
82119 402
82135 409
82152 415
82168 425
82185 428
82201 439
82217 447
82234 448
82250 457
82267 467
82283 474
82300 483
82316 490
82332 500
82349 511
82365 513
82382 528
82398 535
82415 544
82431 545
82447 563
82464 573
82480 579
82497 590
82513 599
82530 610
82546 617
82562 630
82579 636
82595 647
82612 659
82628 669
82645 678
82661 690
82677 700
82694 710
82710 720
82727 733
82743 744
82760 748
82776 766
82792 777
82809 787
82825 802
82842 813
82858 823
82875 835
82891 848
82907 855
82924 870
82940 880
82957 893
82973 906
82991 921
83007 931
83024 944
83040 959
83056 967
83073 983
83089 994
83106 1006
83122 1017
83139 1031
83155 1045
83171 1056
83188 1075
83204 1080
83221 1094
83237 1101
83254 1119
83270 1137
83286 1147
83303 1164
83319 1176
83336 1190
83352 1202
83369 1216
83385 1229
83401 1246
83418 1259
83434 1269
83451 1287
83467 1300
83484 1312
83500 1326
83516 1340
83533 1354
83549 1367
83566 1379
83582 1397
83599 1411
83615 1421
83631 1434
83648 1450
83664 1465
83681 1478
83697 1498
83714 1511
83730 1504
83746 1537
83763 1551
83779 1570
83796 1578
83812 1598
83829 1608
83845 1622
83861 1637
83878 1646
83894 1668
83911 1679
83927 1699
83944 1714
83960 1726
83976 1745
83994 1758
84010 1773
84027 1789
84043 1801
84060 1815
84076 1833
84092 1845
84109 1861
84125 1875
84142 1890
84158 1906
84175 1919
84191 1936
84207 1947
84224 1965
84240 1983
84257 1996
84273 2010
84290 2027
84306 2053
84322 2051
84339 2072
84355 2083
84372 2097
84388 2114
84405 2147
84421 2142
84437 2154
84454 2168
84470 2185
84487 2197
84503 2211
84520 2227
84536 2242
84552 2252
84569 2269
84585 2286
84602 2294
84618 2309
84635 2326
84651 2334
84667 2351
84684 2365
84700 2381
84717 2391
84733 2406
84750 2420
84766 2435
84782 2447
84799 2461
84815 2478
84832 2488
84848 2500
84865 2516
84881 2527
84897 2544
84914 2558
84930 2554
84947 2585
84963 2597
84980 2603
84997 2625
85014 2638
85030 2648
85047 2662
85063 2678
85079 2689
85096 2700
85112 2713
85129 2727
85145 2739
85162 2753
85178 2764
85194 2775
85211 2787
85227 2802
85244 2811
85260 2825
85277 2835
85293 2848
85309 2859
85326 2872
85342 2884
85359 2896
85375 2906
85392 2920
85408 2930
85424 2944
85441 2953
85457 2967
85474 2977
85490 2987
85507 2999
85523 3011
85539 3019
85556 3011
85572 3040
85589 3052
85605 3065
85622 3075
85638 3084
85654 3092
85671 3104
85687 3113
85704 3124
85720 3131
85737 3144
85753 3152
85769 3158
85786 3172
85802 3173
85819 3188
85835 3195
85852 3202
85868 3214
85884 3219
85901 3230
85917 3240
85934 3245
85950 3256
85967 3265
85984 3229
86001 3281
86017 3288
86033 3297
86050 3305
86066 3311
86083 3317
86099 3326
86116 3331
86132 3335
86148 3345
86165 3350
86181 3359
86198 3362
86214 3371
86231 3376
86247 3385
86263 3389
86280 3394
86296 3396
86313 3403
86329 3412
86346 3416
86362 3422
86378 3427
86395 3432
86411 3437
86428 3438
86444 3451
86461 3453
86477 3463
86493 3461
86510 3520
86526 3468
86543 3472
86559 3489
86576 3481
86592 3484
86608 3487
86625 3489
86641 3495
86658 3495
86674 3499
86691 3490
86707 3506
86723 3510
86740 3514
86756 3512
86773 3516
86789 3519
86806 3522
86822 3539
86838 3527
86855 3530
86871 3528
86888 3532
86904 3530
86921 3536
86937 3535
86953 3540
86970 3541
86987 3541
87004 3532
87020 3544
87037 3546
87053 3546
87070 3548
87086 3545
87102 3547
87119 3545
87135 3538
87152 3543
87168 3537
87185 3542
87201 3536
87217 3532
87234 3532
87250 3527
87267 3527
87283 3526
87300 3523
87316 3521
87332 3517
87349 3517
87365 3515
87382 3511
87398 3515
87415 3507
87431 3516
87447 3505
87464 3495
87480 3494
87497 3497
87513 3490
87530 3487
87546 3484
87562 3480
87579 3476
87595 3474
87612 3468
87628 3464
87645 3460
87661 3458
87677 3451
87694 3449
87710 3444
87727 3446
87743 3431
87760 3430
87776 3424
87792 3422
87809 3411
87825 3411
87842 3400
87858 3396
87875 3391
87891 3385
87907 3381
87924 3374
87940 3366
87957 3362
87973 3354
87991 3348
88007 3343
88024 3337
88040 3328
88056 3321
88073 3309
88089 3312
88106 3301
88122 3294
88139 3287
88155 3275
88171 3270
88188 3264
88204 3257
88221 3247
88237 3222
88254 3232
88270 3222
88286 3214
88303 3207
88319 3195
88336 3189
88352 3182
88369 3172
88385 3163
88401 3155
88418 3146
88434 3137
88451 3125
88467 3116
88484 3131
88500 3096
88516 3088
88533 3081
88549 3065
88566 3058
88582 3049
88599 3037
88615 3026
88631 3018
88648 3008
88664 2997
88681 2984
88697 2975
88714 2963
88730 2952
88746 2942
88763 2931
88779 2919
88796 2897
88812 2895
88829 2884
88845 2870
88861 2861
88878 2848
88894 2837
88911 2825
88927 2812
88944 2805
88960 2789
88976 2781
88994 2771
89010 2753
89027 2744
89043 2729
89060 2716
89076 2703
89092 2699
89109 2676
89125 2663
89142 2655
89158 2633
89175 2631
89191 2617
89207 2603
89224 2590
89240 2576
89257 2563
89273 2552
89290 2534
89306 2529
89322 2512
89339 2501
89355 2486
89372 2472
89388 2458
89405 2435
89421 2435
89437 2420
89454 2409
89470 2393
89487 2377
89503 2366
89520 2356
89536 2341
89552 2324
89569 2314
89585 2298
89602 2286
89618 2270
89635 2260
89651 2245
89667 2230
89684 2218
89700 2203
89717 2192
89733 2177
89750 2161
89766 2151
89782 2132
89799 2119
89815 2104
89832 2091
89848 2079
89865 2062
89881 2052
89897 2035
89914 2019
89930 2003
89947 1995
89963 1978
89980 1962
89997 1946
90014 1931
90030 1919
90047 1902
90063 1887
90079 1873
90096 1844
90112 1844
90129 1828
90145 1818
90162 1798
90178 1787
90194 1772
90211 1755
90227 1745
90244 1721
90260 1716
90277 1702
90293 1688
90309 1670
90326 1656
90342 1643
90359 1629
90375 1617
90392 1599
90408 1584
90424 1571
90441 1558
90457 1543
90474 1527
90490 1517
90507 1504
90523 1488
90539 1475
90556 1475
90572 1451
90589 1434
90605 1422
90622 1407
90638 1393
90654 1367
90671 1366
90687 1352
90704 1338
90720 1328
90737 1313
90753 1292
90769 1284
90786 1270
90802 1261
90819 1248
90835 1234
90852 1218
90868 1202
90884 1191
90901 1179
90917 1165
90934 1153
90950 1138
90967 1124
90984 1113
91001 1099
91017 1087
91033 1076
91050 1060
91066 1048
91083 1036
91099 1022
91116 1012
91132 1001
91148 987
91165 979
91181 963
91198 954
91214 939
91231 929
91247 917
91263 906
91280 893
91296 881
91313 872
91329 858
91346 844
91362 837
91378 825
91395 812
91411 800
91428 788
91444 777
91461 765
91477 766
91493 747
91510 736
91526 727
91543 714
91559 706
91576 695
91592 684
91608 677
91625 663
91641 655
91658 644
91674 634
91691 623
91707 617
91723 604
91740 595
91756 583
91773 573
91789 570
91806 559
91822 552
91838 541
91855 551
91871 529
91888 519
91904 505
91921 493
91937 495
91953 485
91970 475
91987 467
92004 433
92020 452
92037 444
92053 435
92070 433
92086 422
92102 416
92119 411
92135 403
92152 399
92168 390
92185 385
92201 380
92217 371
92234 368
92250 361
92267 353
92283 351
92300 344
92316 333
92332 331
92349 326
92365 321
92382 313
92398 310
92415 306
92431 301
92447 296
92464 293
92480 285
92497 281
92513 277
92530 282
92546 268
92562 266
92579 285
92595 256
92612 255
92628 252
92645 248
92661 242
92677 239
92694 245
92710 236
92727 236
92743 230
92760 231
92776 223
92792 222
92809 219
92825 220
92842 216
92858 216
92875 218
92891 209
92907 208
92924 200
92940 204
92957 201
92973 200
92991 198
93007 201
93024 195
93040 196
93056 193
93073 193
93089 197
93106 200
93122 200
93139 201
93155 204
93171 199
93188 205
93204 205
93221 209
93237 218
93254 212
93270 211
93286 217
93303 221
93319 224
93336 226
93352 228
93369 232
93385 233
93401 237
93418 238
93434 241
93451 246
93467 248
93484 251
93500 257
93516 260
93533 258
93549 268
93566 271
93582 274
93599 275
93615 281
93631 287
93648 290
93664 297
93681 304
93697 307
93714 317
93730 316
93746 322
93763 328
93779 334
93796 284
93812 346
93829 352
93845 355
93861 364
93878 367
93894 370
93911 381
93927 386
93944 396
93960 403
93976 405
93994 414
94010 421
94027 430
94043 436
94060 445
94076 445
94092 462
94109 465
94125 471
94142 480
94158 492
94175 499
94191 509
94207 517
94224 524
94240 533
94257 541
94273 551
94290 562
94306 567
94322 584
94339 586
94355 596
94372 607
94388 617
94405 621
94421 635
94437 646
94454 658
94470 664
94487 678
94503 686
94520 697
94536 707
94552 719
94569 728
94585 742
94602 752
94618 763
94635 774
94651 786
94667 798
94684 808
94700 818
94717 837
94733 844
94750 855
94766 868
94782 882
94799 891
94815 901
94832 917
94848 929
94865 934
94881 951
94897 963
94914 974
94930 989
94947 1002
94963 1016
94980 1030
94997 1040
95014 1053
95030 1065
95047 1080
95063 1090
95079 1105
95096 1118
95112 1134
95129 1143
95145 1156
95162 1173
95178 1181
95194 1199
95211 1203
95227 1227
95244 1239
95260 1252
95277 1271
95293 1281
95309 1295
95326 1312
95342 1320
95359 1337
95375 1351
95392 1366
95408 1379
95424 1392
95441 1407
95457 1416
95474 1432
95490 1447
95507 1463
95523 1473
95539 1490
95556 1500
95572 1518
95589 1533
95605 1548
95622 1559
95638 1556
95654 1589
95671 1604
95687 1614
95704 1635
95720 1652
95737 1660
95753 1677
95769 1674
95786 1706
95802 1722
95819 1735
95835 1751
95852 1764
95868 1791
95884 1797
95901 1812
95917 1824
95934 1838
95950 1849
95967 1870
95984 1888
96001 1911
96017 1918
96033 1933
96050 1945
96066 1965
96083 1978
96099 1992
96116 2005
96132 2012
96148 2035
96165 2050
96181 2069
96198 2081
96214 2095
96231 2108
96247 2128
96263 2162
96280 2151
96296 2169
96313 2182
96329 2197
96346 2207
96362 2225
96378 2239
96395 2252
96411 2263
96428 2280
96444 2291
96461 2302
96477 2318
96493 2334
96510 2362
96526 2361
96543 2376
96559 2395
96576 2405
96592 2424
96608 2431
96625 2446
96641 2460
96658 2472
96674 2487
96691 2471
96707 2514
96723 2526
96740 2540
96756 2554
96773 2566
96789 2581
96806 2594
96822 2610
96838 2618
96855 2640
96871 2642
96888 2660
96904 2669
96921 2685
96937 2698
96953 2709
96970 2722
96987 2734
97004 2749
97020 2759
97037 2771
97053 2785
97070 2795
97086 2810
97102 2824
97119 2833
97135 2846
97152 2863
97168 2873
97185 2881
97201 2891
97217 2904
97234 2916
97250 2931
97267 2938
97283 2950
97300 2962
97316 2973
97332 2983
97349 2994
97365 3004
97382 3013
97398 3026
97415 3037
97431 3049
97447 3056
97464 3067
97480 3079
97497 3089
97513 3098
97530 3093
97546 3118
97562 3130
97579 3224
97595 3147
97612 3154
97628 3159
97645 3174
97661 3183
97677 3190
97694 3201
97710 3207
97727 3217
97743 3232
97760 3234
97776 3249
97792 3253
97809 3260
97825 3275
97842 3276
97858 3281
97875 3291
97891 3298
97907 3304
97924 3311
97940 3321
97957 3326
97973 3337
97991 3339
98007 3347
98024 3354
98040 3362
98056 3366
98073 3374
98089 3379
98106 3344
98122 3393
98139 3399
98155 3403
98171 3410
98188 3415
98204 3418
98221 3425
98237 3434
98254 3437
98270 3441
98286 3444
98303 3454
98319 3453
98336 3458
98352 3462
98369 3466
98385 3471
98401 3476
98418 3479
98434 3480
98451 3484
98467 3490
98484 3492
98500 3497
98516 3498
98533 3503
98549 3504
98566 3505
98582 3510
98599 3509
98615 3514
98631 3517
98648 3520
98664 3522
98681 3529
98697 3526
98714 3528
98730 3530
98746 3532
98763 3536
98779 3552
98796 3539
98812 3540
98829 3536
98845 3543
98861 3543
98878 3539
98894 3547
98911 3549
98927 3542
98944 3545
98960 3543
98976 3545
98994 3542
99010 3543
99027 3540
99043 3537
99060 3538
99076 3528
99092 3532
99109 3530
99125 3527
99142 3525
99158 3525
99175 3517
99191 3518
99207 3517
99224 3515
99240 3511
99257 3508
99273 3505
99290 3505
99306 3506
99322 3499
99339 3495
99355 3493
99372 3489
99388 3484
99405 3494
99421 3481
99437 3481
99454 3466
99470 3468
99487 3465
99503 3459
99520 3455
99536 3446
99552 3442
99569 3439
99585 3437
99602 3432
99618 3428
99635 3421
99651 3419
99667 3410
99684 3405
99700 3409
99717 3393
99733 3393
99750 3379
99766 3378
99782 3370
99799 3366
99815 3356
99832 3354
99848 3347
99865 3339
99881 3330
99897 3324
99914 3319
99930 3300
99947 3312
99963 3298
99980 3277
99997 3278
100014 3276
100030 3259
100047 3259
100063 3251
100079 3243
100096 3236
100112 3227
100129 3205
100145 3212
100162 3202
100178 3192
100194 3185
100211 3173
100227 3170
100244 3158
100260 3148
100277 3142
100293 3130
100309 3121
100326 3110
100342 3098
100359 3095
100375 3076
100392 3074
100408 3059
100424 3053
100441 3042
100457 3029
100474 3025
100490 3007
100507 2995
100523 2988
100539 2979
100556 2966
100572 2957
100589 2949
100605 2935
100622 2924
100638 2918
100654 2902
100671 2888
100688 2877
100704 2867
100720 2854
100736 2843
100753 2830
100769 2816
100785 2808
100802 2795
100818 2780
100834 2771
100850 2760
100867 2745
100883 2735
100899 2725
100916 2711
100932 2699
100948 2689
100964 2675
100981 2664
100998 2652
101014 2633
101031 2627
101047 2615
101063 2598
101079 2586
101096 2578
101112 2561
101128 2549
101145 2533
101161 2526
101177 2512
101193 2495
101210 2495
101226 2469
101242 2453
101259 2442
101275 2431
101291 2417
101307 2403
101324 2391
101340 2378
101356 2363
101373 2353
101389 2339
101405 2326
101421 2308
101438 2297
101454 2282
101470 2267
101487 2253
101503 2242
101519 2229
101535 2209
101552 2203
101568 2186
101584 2174
101601 2161
101617 2146
101633 2131
101649 2118
101666 2109
101682 2092
101698 2076
101715 2065
101731 2046
101747 2036
101763 2023
101780 2007
101796 1992
101812 1977
101829 1964
101845 1945
101861 1939
101877 1921
101894 1907
101910 1891
101926 1876
101943 1862
101959 1849
101975 1836
101993 1816
102009 1803
102025 1785
102041 1774
102058 1758
102074 1745
102090 1730
102107 1725
102123 1701
102139 1687
102155 1681
102172 1658
102188 1646
102204 1633
102221 1615
102237 1575
102253 1588
102269 1574
102286 1564
102302 1547
102318 1532
102335 1518
102351 1505
102367 1492
102383 1476
102400 1466
102416 1451
102432 1439
102449 1426
102465 1414
102481 1393
102497 1386
102514 1368
102530 1359
102546 1346
102563 1330
102579 1318
102595 1305
102611 1290
102628 1277
102644 1265
102660 1252
102677 1244
102693 1223
102709 1213
102725 1197
102742 1170
102758 1171
102774 1160
102791 1143
102807 1134
102823 1121
102839 1104
102856 1093
102872 1082
102888 1067
102905 1057
102921 1043
102937 1031
102953 1023
102970 1004
102987 998
103003 951
103020 973
103036 964
103052 948
103069 939
103085 926
103101 914
103117 904
103134 897
103150 878
103166 867
103183 865
103199 846
103215 832
103231 821
103248 812
103264 796
103280 787
103297 780
103313 772
103329 754
103345 749
103362 736
103378 725
103394 715
103411 706
103427 694
103443 684
103459 671
103476 664
103492 654
103508 625
103525 634
103541 624
103557 616
103573 598
103590 598
103606 589
103622 579
103639 583
103655 563
103671 552
103687 545
103704 536
103720 527
103736 516
103753 513
103769 498
103785 496
103801 485
103818 477
103834 471
103850 461
103867 458
103883 451
103899 438
103915 435
103932 427
103948 421
103964 413
103981 405
103998 398
104014 392
104031 383
104047 378
104063 364
104079 366
104096 358
104112 359
104128 347
104145 349
104161 340
104177 331
104193 333
104210 321
104226 317
104242 311
104259 306
104275 301
104291 294
104307 294
104324 290
104340 284
104356 280
104373 271
104389 270
104405 256
104421 267
104438 258
104454 252
104470 256
104487 249
104503 245
104519 245
104535 241
104552 246
104568 235
104584 231
104601 227
104617 223
104633 224
104649 222
104666 219
104682 216
104698 215
104715 215
104731 210
104747 210
104763 207
104780 195
104796 203
104812 202
104829 176
104845 217
104861 195
104877 194
104894 196
104910 194
104926 194
104943 195
104959 197
104975 196
104993 202
105009 203
105025 202
105041 216
105058 207
105074 211
105090 212
105107 215
105123 218
105139 220
105155 251
105172 220
105188 226
105204 234
105221 229
105237 233
105253 236
105269 241
105286 242
105302 248
105318 250
105335 253
105351 254
105367 258
105383 263
105400 265
105416 270
105432 275
105449 275
105465 284
105481 287
105497 291
105514 295
105530 303
105546 307
105563 310
105579 311
105595 323
105611 326
105628 332
105644 339
105660 346
105677 350
105693 356
105709 361
105725 367
105742 371
105758 379
105774 388
105791 391
105807 400
105823 404
105839 413
105856 425
105872 427
105888 434
105905 459
105921 454
105937 455
105953 476
105970 469
105987 481
106003 489
106020 498
106036 504
106052 513
106069 520
106085 531
106101 538
106117 546
106134 557
106150 565
106166 573
106183 584
106199 594
106215 601
106231 613
106248 620
106264 631
106280 637
106297 650
106313 661
106329 668
106345 683
106362 692
106378 701
106394 714
106411 724
106427 731
106443 745
106459 754
106476 766
106492 772
106508 789
106525 799
106541 808
106557 821
106573 835
106590 847
106606 857
106622 870
106639 882
106655 888
106671 907
106687 916
106704 890
106720 941
106736 952
106753 973
106769 977
106785 990
106801 1006
106818 1015
106834 1028
106850 1039
106867 1054
106883 1063
106899 1075
106915 1090
106932 1104
106948 1113
106964 1130
106981 1140
106998 1158
107014 1171
107031 1198
107047 1196
107063 1210
107079 1251
107096 1239
107112 1248
107128 1263
107145 1275
107161 1289
107177 1309
107193 1319
107210 1333
107226 1335
107242 1358
107259 1372
107275 1387
107291 1400
107307 1414
107324 1429
107340 1440
107356 1457
107373 1469
107389 1486
107405 1520
107421 1507
107438 1526
107454 1539
107470 1551
107487 1570
107503 1581
107519 1594
107535 1616
107552 1625
107568 1641
107584 1651
107601 1666
107617 1682
107633 1696
107649 1708
107666 1731
107682 1742
107698 1757
107715 1770
107731 1785
107747 1796
107763 1814
107780 1828
107796 1843
107812 1856
107829 1871
107845 1889
107861 1900
107877 1917
107894 1932
107910 1948
107926 1962
107943 1975
107959 1991
107975 2005
107993 2019
108009 2035
108025 2044
108041 2063
108058 2078
108074 2094
108090 2110
108107 2131
108123 2138
108139 2148
108155 2167
108172 2181
108188 2193
108204 2207
108221 2223
108237 2233
108253 2252
108269 2263
108286 2270
108302 2285
108318 2299
108335 2319
108351 2334
108367 2344
108383 2357
108400 2373
108416 2384
108432 2399
108449 2412
108465 2427
108481 2440
108497 2455
108514 2468
108530 2483
108546 2497
108563 2509
108579 2525
108595 2533
108611 2544
108628 2561
108644 2577
108660 2589
108677 2603
108693 2615
108709 2631
108725 2642
108742 2671
108758 2666
108774 2680
108791 2689
108807 2708
108823 2719
108839 2728
108856 2742
108872 2751
108888 2767
108905 2777
108921 2795
108937 2801
108953 2815
108970 2827
108987 2837
109003 2899
109020 2865
109036 2873
109052 2884
109069 2898
109085 2910
109101 2923
109117 2934
109134 2942
109150 2956
109166 2964
109183 2981
109199 2985
109215 3002
109231 3012
109248 3023
109264 3031
109280 3043
109297 3053
109313 3064
109329 3072
109345 3084
109362 3094
109378 3105
109394 3113
109411 3124
109427 3123
109443 3141
109459 3151
109476 3158
109492 3171
109508 3200
109525 3183
109541 3195
109557 3208
109573 3213
109590 3223
109606 3231
109622 3238
109639 3242
109655 3254
109671 3263
109687 3267
109704 3277
109720 3286
109736 3295
109753 3302
109769 3311
109785 3315
109801 3322
109818 3328
109834 3337
109850 3348
109867 3349
109883 3357
109899 3355
109915 3368
109932 3373
109948 3381
109964 3387
109981 3396
109998 3400
110014 3407
110031 3410
110047 3417
110063 3423
110079 3423
110096 3432
110112 3437
110128 3441
110145 3449
110161 3452
110177 3455
110193 3458
110210 3491
110226 3471
110242 3474
110259 3476
110275 3481
110291 3482
110307 3486
110324 3490
110340 3494
110356 3497
110373 3502
110389 3503
110405 3501
110421 3507
110438 3509
110454 3512
110470 3520
110487 3519
110503 3520
110519 3522
110535 3537
110552 3525
110568 3528
110584 3533
110601 3533
110617 3533
110633 3535
110649 3541
110666 3538
110682 3536
110698 3544
110715 3548
110731 3547
110747 3546
110763 3549
110780 3548
110796 3545
110812 3545
110829 3547
110845 3543
110861 3534
110877 3536
110894 3537
110910 3534
110926 3534
110943 3529
110959 3530
110975 3529
110992 3524
111009 3523
111025 3519
111041 3521
111058 3518
111074 3515
111090 3513
111106 3521
111123 3506
111139 3505
111155 3506
111172 3501
111188 3495
111204 3491
111220 3490
111237 3495
111253 3483
111269 3483
111286 3475
111302 3472
111318 3470
111334 3466
111351 3460
111367 3456
111383 3451
111400 3449
111416 3447
111432 3437
111448 3432
111465 3427
111481 3425
111497 3420
111514 3415
111530 3414
111546 3401
111562 3397
111579 3383
111595 3387
111611 3380
111628 3367
111644 3370
111660 3362
111676 3356
111693 3350
111709 3341
111725 3334
111742 3330
111758 3323
111774 3315
111790 3308
111807 3301
111823 3291
111839 3286
111856 3282
111872 3273
111888 3262
111904 3240
111921 3249
111937 3240
111953 3231
111970 3226
111987 3215
112003 3205
112020 3204
112036 3189
112052 3180
112068 3173
112085 3168
112101 3159
112117 3148
112134 3137
112150 3124
112166 3118
112182 3107
112199 3099
112215 3088
112231 3082
112248 3069
112264 3064
112280 3059
112296 3038
112313 3028
112329 3021
112345 3006
112362 3000
112378 2990
112394 2976
112410 2966
112427 2957
112443 2946
112459 2933
112476 2920
112492 2909
112508 2900
112524 2888
112541 2876
112557 2864
112573 2854
112590 2838
112606 2829
112622 2819
112638 2805
112655 2791
112671 2784
112687 2775
112704 2733
112720 2748
112736 2735
112752 2722
112769 2710
112785 2699
112801 2687
112818 2676
112834 2664
112850 2651
112866 2639
112883 2626
112899 2619
112915 2592
112932 2587
112948 2575
112964 2559
112980 2545
112998 2523
113014 2520
113030 2509
113047 2494
113063 2478
113079 2458
113096 2455
113112 2436
113128 2428
113144 2413
113161 2400
113177 2387
113193 2374
113210 2361
113226 2347
113242 2332
113258 2321
113275 2305
113291 2295
113307 2277
113324 2264
113340 2253
113356 2238
113372 2225
113389 2211
113405 2210
113421 2185
113438 2174
113454 2154
113470 2145
113486 2129
113503 2112
113519 2099
113535 2087
113552 2071
113568 2059
113584 2042
113600 2030
113617 2016
113633 2001
113649 1982
113666 1968
113682 1956
113698 1944
113714 1927
113731 1913
113747 1902
113763 1887
113780 1898
113796 1858
113812 1846
113828 1848
113845 1816
113861 1802
113877 1788
113894 1774
113910 1755
113926 1741
113942 1727
113959 1713
113975 1698
113992 1685
114009 1671
114025 1657
114041 1641
114058 1626
114074 1615
114090 1599
114106 1585
114123 1573
114139 1556
114155 1531
114172 1532
114188 1517
114204 1498
114220 1495
114237 1477
114253 1460
114269 1449
114286 1436
114302 1421
114318 1407
114334 1398
114351 1383
114367 1370
114383 1358
114400 1344
114416 1328
114432 1313
114448 1303
114465 1289
114481 1276
114497 1259
114514 1250
114530 1235
114546 1224
114562 1205
114579 1199
114595 1178
114611 1171
114628 1156
114644 1145
114660 1133
114676 1115
114693 1105
114709 1078
114725 1076
114742 1064
114758 1054
114774 1042
114790 1031
114807 1017
114823 1008
114839 999
114856 982
114872 970
114888 965
114904 950
114921 930
114937 924
114953 910
114970 873
114987 887
115003 873
115020 861
115036 853
115052 843
115068 830
115085 818
115101 806
115117 793
115134 786
115150 774
115166 758
115182 752
115199 742
115215 731
115231 767
115248 710
115264 701
115280 688
115296 676
115313 670
115329 661
115345 650
115362 641
115378 631
115394 624
115410 612
115427 603
115443 593
115459 587
115476 576
115492 568
115508 567
115524 549
115541 540
115557 533
115573 526
115590 513
115606 507
115622 500
115638 505
115655 484
115671 478
115687 468
115704 461
115720 454
115736 447
115752 442
115769 435
115785 425
115801 419
115818 412
115834 403
115850 400
115866 387
115883 386
115899 381
115915 374
115932 372
115948 361
115964 355
115980 349
115998 346
116014 341
116030 335
116047 328
116063 324
116079 228
116096 311
116112 306
116128 300
116144 296
116161 291
116177 292
116193 285
116210 285
116226 275
116242 272
116258 266
116275 266
116291 259
116307 251
116324 254
116340 250
116356 246
116372 249
116389 240
116405 231
116421 235
116438 234
116454 235
116470 229
116486 229
116503 220
116519 217
116535 211
116552 218
116568 212
116584 221
116600 211
116617 206
116633 208
116649 203
116666 200
116682 196
116698 199
116714 191
116731 195
116747 195
116763 193
116780 195
116796 196
116812 197
116828 199
116845 196
116861 205
116877 202
116894 208
116910 207
116926 211
116942 216
116959 215
116975 215
116992 223
117009 222
117025 233
117041 226
117058 229
117074 232
117090 234
117106 225
117123 239
117139 242
117155 248
117172 248
117188 253
117204 255
117220 261
117237 262
117253 263
117269 274
117286 279
117302 277
117318 282
117334 289
117351 294
117367 295
117383 303
117400 307
117416 312
117432 315
117448 322
117465 327
117481 331
117497 338
117514 348
117530 351
117546 357
117562 363
117579 370
117595 378
117611 380
117628 386
117644 390
117660 395
117676 408
117693 417
117709 420
117725 428
117742 413
117758 444
117774 449
117790 457
117807 463
117823 471
117839 482
117856 488
117872 493
117888 503
117904 511
117921 520
117937 531
117953 539
117970 545
117987 559
118003 543
118020 571
118036 586
118052 601
118068 599
118085 613
118101 625
118117 633
118134 642
118150 652
118166 661
118182 671
118199 684
118215 689
118231 702
118248 712
118264 726
118280 733
118296 745
118313 756
118329 762
118345 775
118362 791
118378 796
118394 812
118410 828
118427 830
118443 845
118459 857
118476 874
118492 882
118508 895
118524 909
118541 916
118557 930
118573 939
118590 953
118606 964
118622 976
118638 988
118655 998
118671 1013
118687 1027
118704 1040
118720 1051
118736 1063
118752 1079
118769 1090
118785 1102
118801 1113
118818 1130
118834 1143
118850 1154
118866 1169
118883 1182
118899 1194
118915 1209
118932 1224
118948 1238
118964 1248
118980 1263
118998 1276
119014 1288
119030 1308
119047 1317
119063 1333
119079 1236
119096 1358
119112 1371
119128 1378
119144 1400
119161 1419
119177 1425
119193 1440
119210 1454
119226 1469
119242 1483
119258 1494
119275 1509
119291 1527
119307 1537
119324 1550
119340 1565
119356 1579
119372 1596
119389 1615
119405 1627
119421 1636
119438 1653
119454 1655
119470 1684
119486 1698
119503 1703
119519 1724
119535 1741
119552 1752
119568 1769
119584 1786
119600 1800
119617 1815
119633 1829
119649 1842
119666 1856
119682 1874
119698 1888
119714 1901
119731 1914
119747 1931
119763 1943
119780 1963
119796 1977
119812 1991
119828 2038
119845 2020
119861 2034
119877 2043
119894 2062
119910 2071
119926 2093
119942 2111
119959 2121
119975 2131
119992 2148
120009 2166
120025 2177
120041 2196
120057 2207
120074 2216
120090 2230
120106 2249
120123 2261
120139 2275
120155 2277
120171 2301
120188 2317
120204 2328
120220 2345
120237 2358
120253 2370
120269 2385
120285 2401
120302 2412
120318 2427
120334 2441
120351 2452
120367 2467
120383 2483
120399 2497
120416 2507
120432 2522
120448 2534
120465 2546
120481 2561
120497 2573
120513 2587
120530 2597
120546 2616
120562 2628
120579 2640
120595 2653
120611 2666
120627 2679
120644 2692
120660 2701
120676 2716
120693 2730
120709 2736
120725 2751
120741 2766
120758 2777
120774 2788
120790 2801
120807 2814
120823 2823
120839 2837
120855 2844
120872 2859
120888 2869
120904 2885
120921 2892
120937 2907
120953 2923
120969 2932
120987 2945
121003 2957
121019 2966
121036 2972
121052 2985
121068 2992
121085 3011
121101 3014
121117 3028
121133 3041
121150 3050
121166 3063
121182 3069
121199 3081
121215 3089
121231 3101
121247 3110
121264 3124
121280 3122
121296 3140
121313 3150
121329 3156
121345 3168
121361 3176
121378 3188
121394 3194
121410 3201
121427 3213
121443 3220
121459 3229
121475 3238
121492 3247
121508 3254
121524 3263
121541 3268
121557 3275
121573 3286
121589 3292
121606 3297
121622 3307
121638 3318
121655 3341
121671 3329
121687 3336
121703 3332
121720 3350
121736 3357
121752 3358
121769 3364
121785 3375
121801 3378
121817 3389
121834 3388
121850 3396
121866 3403
121883 3409
121899 3416
121915 3419
121931 3426
121948 3431
121964 3405
121980 3442
121998 3445
122014 3444
122030 3455
122047 3459
122063 3466
122079 3467
122096 3471
122112 3475
122128 3479
122144 3484
122161 3487
122177 3488
122193 3493
122210 3498
122226 3499
122242 3500
122258 3504
122275 3502
122291 3508
122307 3512
122324 3517
122340 3515
122356 3520
122372 3527
122389 3531
122405 3525
122421 3530
122438 3530
122454 3533
122470 3537
122486 3538
122503 3537
122519 3538
122535 3526
122552 3542
122568 3544
122584 3555
122600 3545
122617 3549
122633 3549
122649 3547
122666 3544
122682 3546
122698 3543
122714 3541
122731 3538
122747 3536
122763 3535
122780 3534
122796 3527
122812 3530
122828 3529
122845 3525
122861 3523
122877 3522
122894 3519
122910 3519
122926 3515
122942 3512
122959 3513
122975 3507
122992 3504
123009 3504
123025 3500
123041 3494
123058 3494
123074 3491
123090 3484
123106 3478
123123 3482
123139 3483
123155 3474
123172 3472
123188 3467
123204 3461
123220 3458
123237 3456
123253 3450
123269 3449
123286 3442
123302 3435
123318 3431
123334 3425
123351 3420
123367 3416
123383 3406
123400 3405
123416 3394
123432 3392
123448 3388
123465 3380
123481 3373
123497 3369
123514 3362
123530 3358
123546 3351
123562 3341
123579 3338
123595 3331
123611 3342
123628 3315
123644 3311
123660 3298
123676 3297
123693 3291
123709 3283
123725 3274
123742 3272
123758 3259
123774 3251
123790 3244
123807 3234
123823 3227
123839 3219
123856 3212
123872 3207
123888 3192
123904 3184
123921 3179
123937 3167
123953 3156
123970 3149
123987 3140
124003 3159
124020 3119
124036 3111
124052 3103
124068 3090
124085 3083
124101 3068
124117 3060
124134 3054
124150 3044
124166 3030
124182 3021
124199 3012
124215 3001
124231 2990
124248 2980
124264 2966
124280 2959
124296 2946
124313 2937
124329 2925
124345 2916
124362 2900
124378 2892
124394 2880
124410 2870
124427 2855
124443 2845
124459 2832
124476 2821
124492 2807
124508 2790
124524 2787
124541 2776
124557 2767
124573 2756
124590 2738
124606 2727
124622 2715
124638 2700
124655 2690
124671 2678
124687 2667
124704 2656
124720 2642
124736 2629
124752 2615
124769 2603
124785 2589
124801 2577
124818 2566
124834 2552
124850 2543
124866 2523
124883 2514
124899 2518
124915 2484
124932 2471
124948 2460
124964 2446
124980 2428
124998 2416
125014 2405
125030 2389
125047 2377
125063 2368
125079 2336
125096 2337
125112 2327
125128 2312
125144 2300
125161 2282
125177 2270
125193 2255
125210 2243
125226 2229
125242 2210
125258 2203
125275 2187
125291 2176
125307 2164
125324 2148
125340 2134
125356 2122
125372 2108
125389 2090
125405 2055
125421 2063
125438 2047
125454 2035
125470 2024
125486 2011
125503 1990
125519 1978
125535 1977
125552 1950
125568 1934
125584 1929
125600 1907
125617 1893
125633 1871
125649 1866
125666 1851
125682 1832
125698 1822
125714 1806
125731 1791
125747 1776
125763 1763
125780 1750
125796 1734
125812 1737
125828 1707
125845 1692
125861 1695
125877 1662
125894 1650
125910 1636
125926 1619
125942 1606
125959 1592
125975 1579
125992 1561
126009 1548
126025 1538
126041 1522
126057 1516
126074 1493
126090 1481
126106 1468
126123 1452
126139 1439
126155 1427
126171 1413
126188 1397
126204 1386
126220 1374
126237 1358
126253 1346
126269 1333
126285 1330
126302 1307
126318 1293
126334 1279
126351 1270
126367 1255
126383 1241
126399 1228
126416 1210
126432 1199
126448 1187
126465 1175
126481 1161
126497 1146
126513 1134
126530 1106
126546 1107
126562 1101
126579 1089
126595 1071
126611 1059
126627 1047
126644 1034
126660 1022
126676 1009
126693 998
126709 984
126725 970
126741 963
126758 949
126774 938
126790 922
126807 918
126823 903
126839 891
126855 879
126872 869
126888 858
126904 836
126921 834
126937 819
126953 813
126969 799
126987 791
127003 777
127019 763
127036 757
127052 746
127068 732
127085 723
127101 709
127117 701
127133 694
127150 685
127166 673
127182 660
127199 652
127215 646
127231 636
127247 626
127264 611
127280 604
127296 596
127313 589
127329 578
127345 570
127361 560
127378 550
127394 545
127410 535
127427 528
127443 516
127459 509
127475 501
127492 495
127508 485
127524 478
127541 472
127557 461
127573 457
127589 448
127606 447
127622 434
127638 425
127655 398
127671 411
127687 406
127703 396
127720 394
127736 391
127752 383
127769 376
127785 368
127801 361
127817 357
127834 351
127850 343
127866 340
127883 335
127899 329
127915 322
127931 320
127948 314
127964 310
127980 303
127998 300
128014 292
128030 286
128047 284
128063 279
128079 266
128096 274
128112 273
128128 265
128144 262
128161 259
128177 253
128193 253
128210 247
128226 247
128242 242
128258 239
128275 238
128291 234
128307 231
128324 228
128340 227
128356 224
128372 222
128389 217
128405 219
128421 216
128438 211
128454 215
128470 208
128486 205
128503 206
128519 206
128535 206
128552 198
128568 199
128584 196
128600 201
128617 196
128633 198
128649 200
128666 197
128682 202
128698 202
128714 203
128731 206
128747 206
128763 208
128780 208
128796 213
128812 214
128828 224
128845 219
128861 221
128877 222
128894 227
128910 228
128926 234
128942 232
128959 229
128975 237
128992 242
129009 248
129025 249
129041 252
129058 257
129074 260
129090 216
129106 268
129123 271
129139 273
129155 276
129172 282
129188 286
129204 290
129220 298
129237 304
129253 308
129269 310
129286 319
129302 321
129318 327
129334 333
129351 340
129367 345
129383 351
129400 355
129416 362
129432 369
129448 374
129465 380
129481 385
129497 394
129514 399
129530 407
129546 413
129562 422
129579 426
129595 439
129611 486
129628 449
129644 458
129660 467
129676 476
129693 481
129709 488
129725 498
129742 508
129758 515
129774 523
129790 532
129807 545
129823 543
129839 558
129856 567
129872 583
129888 585
129904 593
129921 610
129937 613
129953 621
129970 633
129987 645
130003 659
130020 663
130036 676
130052 685
130068 697
130085 706
130101 716
130117 725
130134 738
130150 747
130166 762
130182 769
130199 782
130215 793
130231 802
130248 815
130264 826
130280 837
130296 850
130313 860
130329 872
130345 884
130362 898
130378 914
130394 922
130410 932
130427 940
130443 958
130459 965
130476 981
130492 993
130508 1003
130524 1021
130541 1033
130557 1044
130573 1055
130590 1067
130606 1082
130622 1095
130638 1103
130655 1116
130671 1133
130687 1147
130704 1159
130720 1176
130736 1186
130752 1201
130769 1177
130785 1228
130801 1241
130818 1256
130834 1270
130850 1281
130866 1300
130883 1314
130899 1318
130915 1337
130932 1350
130948 1370
130964 1379
130980 1392
130998 1407
131014 1419
131030 1438
131047 1452
131063 1460
131079 1462
131096 1487
131112 1505
131128 1519
131144 1532
131161 1547
131177 1560
131193 1574
131210 1592
131226 1602
131242 1616
131258 1627
131275 1645
131291 1659
131307 1673
131324 1690
131340 1704
131356 1718
131372 1738
131389 1753
131405 1787
131421 1778
131438 1792
131454 1809
131470 1828
131486 1835
131503 1852
131519 1869
131535 1880
131552 1896
131568 1911
131584 1924
131600 1947
131617 1954
131633 1971
131649 1985
131666 1998
131682 2014
131698 2029
131714 2047
131731 2059
131747 2073
131763 2088
131780 2100
131796 2114
131812 2129
131828 2141
131845 2157
131861 2171
131877 2190
131894 2200
131910 2216
131926 2230
131942 2242
131959 2256
131975 2164
131992 2283
132009 2297
132025 2312
132041 2328
132057 2339
132074 2354
132090 2366
132106 2383
132123 2394
132139 2409
132155 2416
132171 2434
132188 2447
132204 2459
132220 2475
132237 2491
132253 2504
132269 2517
132285 2531
132302 2544
132318 2556
132334 2570
132351 2581
132367 2596
132383 2609
132399 2624
132416 2635
132432 2654
132448 2658
132465 2673
132481 2680
132497 2699
132513 2710
132530 2721
132546 2736
132562 2745
132579 2758
132595 2772
132611 2806
132627 2795
132644 2809
132660 2822
132676 2833
132693 2842
132709 2857
132725 2868
132741 2883
132758 2889
132774 2903
132790 2921
132807 2927
132823 2938
132839 2951
132855 2961
132872 2971
132888 2985
132904 2994
132921 3006
132937 3014
132953 3025
132969 3030
132987 3046
133003 3058
133019 3071
133036 3077
133052 3088
133068 3107
133085 3106
133101 3118
133117 3129
133133 3134
133150 3147
133166 3159
133182 3162
133199 3175
133215 3183
133231 3190
133247 3200
133264 3209
133280 3218
133296 3226
133313 3236
133329 3242
133345 3249
133361 3257
133378 3273
133394 3273
133410 3283
133427 3291
133443 3296
133459 3304
133475 3314
133492 3317
133508 3329
133524 3332
133541 3335
133557 3348
133573 3357
133589 3358
133606 3366
133622 3370
133638 3380
133655 3394
133671 3392
133687 3393
133703 3412
133720 3405
133736 3413
133752 3419
133769 3422
133785 3429
133801 3434
133817 3437
133834 3446
133850 3448
133866 3457
133883 3457
133899 3462
133915 3466
133931 3467
133948 3475
133964 3477
133980 3484
133998 3489
134014 3488
134030 3491
134047 3493
134063 3498
