2 2732
55 2722
71 2698
88 2702
104 2695
120 2685
137 2676
153 2665
169 2654
186 2659
202 2638
218 2626
235 2616
251 2613
267 2595
284 2584
300 2578
316 2566
333 2555
349 2547
365 2537
382 2532
398 2519
414 2510
431 2498
447 2487
463 2478
480 2464
496 2463
512 2449
529 2438
545 2431
561 2429
578 2410
594 2400
610 2390
627 2374
643 2377
659 2359
676 2354
692 2345
708 2331
725 2319
741 2311
757 2408
774 2293
790 2283
806 2272
823 2264
839 2253
855 2241
872 2231
888 2222
904 2213
921 2202
937 2196
953 2185
970 2175
987 2165
1004 2154
1020 2146
1036 2130
1053 2125
1069 2117
1085 2102
1102 2096
1118 2085
1134 2073
1151 2065
1167 2057
1183 2045
1200 2038
1216 2027
1232 2017
1249 2001
1265 1998
1281 1986
1298 1977
1314 1967
1330 1961
1347 1948
1363 1938
1379 1929
1396 1918
1412 1907
1428 1899
1445 1885
1461 1878
1477 1869
1494 1858
1510 1850
1526 1837
1543 1831
1559 1822
1575 1811
1592 1803
1608 1791
1624 1779
1641 1769
1657 1760
1673 1753
1690 1738
1706 1723
1722 1721
1739 1712
1755 1696
1771 1692
1788 1682
1804 1673
1820 1663
1837 1657
1853 1644
1869 1635
1886 1622
1902 1614
1918 1605
1935 1595
1951 1586
1967 1553
1985 1565
2001 1553
2017 1531
2034 1536
2050 1525
2066 1517
2083 1505
2099 1494
2115 1488
2132 1475
2148 1464
2164 1459
2181 1449
2197 1411
2213 1428
2230 1419
2246 1394
2262 1400
2279 1391
2295 1378
2311 1370
2328 1364
2344 1347
2360 1342
2377 1324
2393 1320
2409 1310
2426 1302
2442 1290
2458 1281
2475 1270
2491 1260
2507 1251
2524 1243
2540 1232
2556 1224
2573 1236
2589 1206
2605 1192
2622 1185
2638 1176
2654 1165
2671 1157
2687 1144
2703 1136
2720 1128
2736 1114
2752 1108
2769 1102
2785 1085
2801 1078
2818 1065
2834 1054
2850 1047
2867 1037
2883 1030
2899 1020
2916 1012
2932 998
2948 982
2965 981
2981 969
2999 971
3015 948
3031 945
3048 937
3064 918
3080 910
3097 907
3113 891
3129 885
3146 873
3162 861
3178 855
3195 847
3211 836
3227 830
3244 817
3260 808
3276 800
3293 788
3309 777
3325 771
3342 761
3358 748
3374 735
3391 730
3407 722
3423 712
3440 700
3456 695
3472 676
3489 677
3505 664
3521 650
3538 651
3554 638
3570 622
3587 619
3603 608
3619 599
3636 593
3652 580
3668 572
3685 562
3701 553
3717 543
3734 535
3750 527
3766 515
3783 508
3799 492
3815 489
3832 472
3848 476
3864 459
3881 450
3897 441
3913 433
3930 423
3946 417
3962 408
3979 391
3996 377
4013 377
4029 370
4045 360
4062 349
4078 340
4094 333
4111 318
4127 314
4143 307
4160 294
4176 285
4192 279
4209 267
4225 255
4241 250
4258 239
4274 216
4290 226
4307 211
4323 193
4339 197
4356 191
4372 178
4388 174
4405 160
4421 150
4437 141
4454 132
4470 127
4486 115
4503 124
4519 135
4535 145
4552 153
4568 156
4584 168
4601 180
4617 188
4633 198
4650 205
4666 217
4682 224
4699 235
4715 253
4731 252
4748 256
4764 272
4780 282
4797 293
4813 300
4829 315
4846 311
4862 328
4878 342
4895 344
4911 359
4927 367
4944 375
4960 383
4976 391
4994 404
5010 412
5026 423
5043 431
5059 444
5075 452
5092 461
5108 471
5124 472
5141 488
5157 498
5173 514
5190 519
5206 526
5222 532
5239 546
5255 556
5271 566
5288 573
5304 579
5320 598
5337 604
5353 611
5369 620
5386 631
5402 641
5418 654
5435 659
5451 669
5467 683
5484 691
5500 700
5516 710
5533 723
5549 730
5565 740
5582 745
5598 755
5614 766
5631 778
5647 784
5663 796
5680 800
5696 814
5712 825
5729 829
5745 844
5761 855
5778 864
5794 872
5810 871
5827 887
5843 904
5859 915
5876 924
5892 933
5908 944
5925 952
5941 934
5957 973
5974 982
5991 1001
6007 1002
6024 1011
6040 1021
6056 1031
6073 1043
6089 1047
6105 1061
6122 1076
6138 1083
6154 1092
6171 1104
6187 1113
6203 1121
6220 1132
6236 1142
6252 1170
6269 1163
6285 1173
6301 1180
6318 1191
6334 1202
6350 1210
6367 1220
6383 1171
6399 1241
6416 1253
6432 1262
6448 1273
6465 1281
6481 1292
6497 1306
6514 1307
6530 1314
6546 1328
6563 1339
6579 1351
6595 1361
6612 1374
6628 1361
6644 1391
6661 1402
6677 1412
6693 1422
6710 1430
6726 1443
6742 1451
6759 1450
6775 1469
6791 1480
6808 1493
6824 1502
6840 1511
6857 1521
6873 1530
6889 1539
6906 1549
6922 1560
6938 1571
6955 1589
6971 1594
6989 1601
7005 1613
7021 1623
7038 1629
7054 1640
7070 1660
7087 1662
7103 1670
7119 1692
7136 1693
7152 1700
7168 1718
7185 1719
7201 1743
7217 1744
7234 1753
7250 1758
7266 1774
7283 1783
7299 1791
7315 1804
7332 1814
7348 1825
7364 1834
7381 1845
7397 1853
7413 1863
7430 1872
7446 1881
7462 1891
7479 1905
7495 1911
7511 1926
7528 1933
7544 1943
7560 1957
7577 1963
7593 1973
7609 1985
7626 1994
7642 2005
7658 2015
7675 2025
7691 2035
7707 2081
7724 2056
7740 2066
7756 2070
7773 2084
7789 2094
7805 2107
7822 2117
7838 2123
7854 2138
7871 2146
7887 2153
7903 2165
7920 2176
7936 2183
7952 2196
7969 2207
7986 2216
8002 2229
8019 2240
8035 2248
8051 2255
8068 2266
8084 2278
8100 2286
8117 2295
8133 2307
8149 2324
8166 2325
8182 2339
8198 2340
8215 2356
8231 2368
8247 2381
8264 2386
8280 2399
8296 2409
8313 2417
8329 2422
8345 2437
8362 2445
8378 2457
8394 2467
8411 2474
8427 2486
8443 2496
8460 2505
8476 2515
8492 2525
8509 2531
8525 2529
8541 2556
8558 2565
8574 2573
8590 2589
8607 2596
8623 2607
8639 2616
8656 2619
8672 2637
8688 2649
8705 2654
8721 2667
8737 2677
8754 2686
8770 2697
8786 2708
8803 2717
8819 2727
8835 2768
8852 2745
8868 2755
8884 2763
8901 2774
8917 2791
8933 2795
8950 2804
8966 2824
8982 2826
9000 2838
9016 2838
9032 2854
9049 2866
9065 2876
9081 2882
9098 2897
9114 2908
9130 2914
9147 2927
9163 2933
9179 2942
9196 2955
9212 2964
9228 2973
9245 2986
9261 2995
9277 3005
9294 3014
9310 3023
9326 3036
9343 3044
9359 3052
9375 3061
9392 3074
9408 3083
9424 3093
9441 3103
9457 3111
9473 3119
9490 3131
9506 3139
9522 3150
9539 3160
9555 3166
9571 3179
9588 3190
9604 3200
9620 3203
9637 3219
9653 3227
9669 3240
9686 3249
9702 3270
9718 3265
9735 3278
9751 3283
9767 3297
9784 3307
9800 3315
9816 3325
9833 3337
9849 3362
9865 3353
9882 3362
9898 3375
9914 3381
9931 3394
9947 3451
9963 3413
9980 3422
9996 3428
10013 3439
10029 3449
10045 3460
10062 3467
10078 3474
10094 3484
10111 3497
10127 3509
10143 3518
10160 3528
10176 3535
10192 3548
10209 3555
10225 3569
10241 3574
10258 3582
10274 3589
10290 3603
10307 3609
10323 3624
10339 3632
10356 3637
10372 3659
10388 3624
10405 3617
10421 3603
10437 3599
10454 3587
10470 3576
10486 3570
10503 3557
10519 3549
10535 3544
10552 3533
10568 3522
10584 3516
10601 3504
10617 3495
10633 3485
10650 3476
10666 3466
10682 3459
10699 3448
10715 3438
10731 3431
10748 3418
10764 3409
10780 3399
10797 3392
10813 3383
10829 3374
10846 3359
10862 3356
10878 3346
10895 3334
10911 3326
10927 3320
10944 3308
10960 3294
10976 3287
10994 3276
11010 3269
11027 3261
11043 3248
11059 3242
11076 3233
11092 3221
11108 3213
11125 3206
11141 3191
11157 3186
11174 3177
11190 3165
11206 3156
11223 3157
11239 3137
11255 3127
11272 3121
11288 3109
11304 3099
11321 3089
11337 3078
11353 3069
11370 3059
11386 3052
11402 3043
11419 3033
11435 3022
11451 3012
11468 3010
11484 2997
11500 2982
11517 2977
11533 2962
11549 2954
11566 2946
11582 2938
11598 2931
11615 2918
11631 2905
11647 2883
11664 2886
11680 2878
11696 2864
11713 2860
11729 2846
11745 2839
11762 2830
11778 2818
11794 2810
11811 2798
11827 2791
11843 2781
11860 2781
11876 2761
11892 2753
11909 2743
11925 2739
11941 2724
11958 2718
11974 2697
11991 2696
12008 2683
12024 2702
12040 2664
12057 2654
12073 2629
12089 2637
12106 2627
12122 2599
12138 2608
12155 2605
12171 2590
12187 2578
12204 2567
12220 2559
12236 2551
12253 2538
12269 2528
12285 2520
12302 2509
12318 2500
12334 2489
12351 2481
12367 2466
12383 2461
12400 2450
12416 2440
12432 2431
12449 2422
12465 2411
12481 2404
12498 2377
12514 2382
12530 2371
12547 2360
12563 2347
12579 2340
12596 2334
12612 2324
12628 2312
12645 2303
12661 2294
12677 2284
12694 2276
12710 2264
12726 2250
12743 2243
12759 2238
12775 2224
12792 2213
12808 2217
12824 2197
12841 2185
12857 2167
12873 2165
12890 2159
12906 2146
12922 2138
12939 2123
12955 2114
12971 2108
12989 2096
13005 2086
13021 2078
13038 2067
13054 2053
13070 2049
13087 2036
13103 2026
13119 2022
13136 2007
13152 1998
13168 1992
13185 1979
13201 1970
13217 1960
13234 1949
13250 1959
13266 1941
13283 1918
13299 1907
13315 1903
13332 1893
13348 1879
13364 1872
13381 1852
13397 1849
13413 1841
13430 1829
13446 1813
13462 1812
13479 1800
13495 1792
13511 1782
13528 1772
13544 1761
13560 1755
13577 1743
13593 1731
13609 1725
13626 1718
13642 1706
13658 1693
13675 1688
13691 1672
13707 1666
13724 1656
13740 1645
13756 1634
13773 1627
13789 1612
13805 1605
13822 1597
13838 1577
13854 1576
13871 1565
13887 1625
13903 1547
13920 1537
13936 1524
13952 1514
13969 1502
13986 1496
14003 1486
14019 1478
14035 1468
14052 1457
14068 1448
14084 1437
14101 1429
14117 1420
14133 1409
14150 1397
14166 1385
14182 1378
14199 1363
14215 1361
14231 1352
14248 1343
14264 1327
14280 1320
14297 1308
14313 1299
14329 1285
14346 1281
14362 1270
14378 1247
14395 1252
14411 1242
14427 1231
14444 1223
14460 1211
14476 1203
14493 1192
14509 1181
14525 1175
14542 1163
14558 1154
14574 1146
14591 1134
14607 1124
14623 1115
14640 1107
14656 1095
14672 1085
14689 1074
14705 1103
14721 1060
14738 1045
14754 1036
14770 1027
14787 1019
14803 1009
14819 1000
14836 1013
14852 979
14868 972
14885 961
14901 950
14917 942
14934 931
14950 922
14966 907
14983 900
15000 890
15016 880
15033 873
15049 861
15065 854
15082 847
15098 836
15114 827
15131 818
15147 799
15163 797
15180 787
15196 782
15212 767
15229 759
15245 751
15261 741
15278 737
15294 722
15310 706
15327 709
15343 693
15359 684
15376 677
15392 667
15408 654
15425 643
15441 637
15457 625
15474 620
15490 606
15506 597
15523 590
15539 580
15555 570
15572 563
15588 555
15604 542
15621 535
15637 528
15653 512
15670 506
15686 500
15702 489
15719 480
15735 469
15751 457
15768 452
15784 429
15800 433
15817 425
15833 416
15849 404
15866 395
15882 386
15898 375
15915 337
15931 358
15947 349
15964 339
15980 331
15996 323
16013 314
16029 304
16045 295
16062 287
16078 281
16094 266
16111 267
16127 253
16143 247
16160 236
16176 223
16192 216
16209 204
16225 193
16241 191
16258 179
16274 169
16290 161
16307 150
16323 144
16339 136
16356 142
16372 110
16388 125
16405 132
16421 142
16437 151
16454 162
16470 164
16486 178
16503 191
16519 195
16535 208
16552 213
16568 225
16584 235
16601 245
16617 249
16633 258
16650 272
16666 278
16682 292
16699 245
16715 306
16731 316
16748 297
16764 331
16780 347
16797 354
16813 367
16829 373
16846 382
16862 392
16878 402
16895 410
16911 418
16927 431
16944 438
16960 449
16976 459
16994 468
17010 477
17027 486
17043 489
17059 505
17076 515
17092 523
17108 535
17125 543
17141 552
17157 563
17174 575
17190 581
17206 600
17223 608
17239 609
17255 622
17272 629
17288 639
17304 647
17321 655
17337 669
17353 677
17370 689
17386 696
17402 706
17419 716
17435 724
17451 737
17468 745
17484 755
17500 765
17517 773
17533 786
17549 796
17566 798
17582 813
17598 847
17615 832
17631 843
17647 848
17664 861
17680 873
17696 877
17713 889
17729 904
17745 909
17762 921
17778 931
17794 938
17811 953
17827 963
17843 972
17860 980
17876 987
17892 1001
17909 1009
17925 1019
17941 1031
17958 1039
17974 1084
17991 1059
18008 1070
18024 1083
18040 1086
18057 1098
18073 1112
18089 1118
18106 1129
18122 1142
18138 1147
18155 1160
18171 1166
18187 1177
18204 1185
18220 1199
18236 1209
18253 1218
18269 1233
18285 1239
18302 1249
18318 1257
18334 1267
18351 1281
18367 1285
18383 1296
18400 1307
18416 1317
18432 1327
18449 1337
18465 1347
18481 1356
18498 1372
18514 1377
18530 1389
18547 1398
18563 1406
18579 1419
18596 1424
18612 1436
18628 1449
18645 1451
18661 1464
18677 1480
18694 1486
18710 1497
18726 1508
18743 1516
18759 1524
18775 1535
18792 1546
18808 1554
18824 1567
18841 1575
18857 1586
18873 1596
18890 1605
18906 1615
18922 1628
18939 1635
18955 1646
18971 1661
18989 1668
19005 1680
19021 1686
19038 1699
19054 1709
19070 1716
19087 1729
19103 1736
19119 1747
19136 1758
19152 1766
19168 1778
19185 1786
19201 1797
19217 1808
19234 1822
19250 1831
19266 1839
19283 1851
19299 1858
19315 1869
19332 1879
19348 1881
19364 1900
19381 1909
19397 1921
19413 1928
19430 1943
19446 1948
19462 1958
19479 1970
19495 1979
19511 1988
19528 1999
19544 2009
19560 2020
19577 2029
19593 2039
19609 2050
19626 2061
19642 2068
19658 2080
19675 2117
19691 2100
19707 2110
19724 2116
19740 2127
19756 2140
19773 2150
19789 2163
19805 2169
19822 2182
19838 2188
19854 2200
19871 2211
19887 2221
19903 2231
19920 2240
19936 2251
19952 2258
19969 2269
19986 2305
20003 2293
20019 2300
20035 2312
20052 2324
20068 2331
20084 2343
20101 2352
20117 2390
20133 2373
20150 2381
20166 2396
20182 2401
20199 2414
20215 2422
20231 2432
20248 2440
20264 2454
20280 2466
20297 2472
20313 2490
20329 2491
20346 2502
20362 2513
20378 2524
20395 2534
20411 2544
20427 2552
20444 2561
20460 2572
20476 2583
20493 2592
20509 2600
20525 2613
20542 2619
20558 2631
20574 2642
20591 2650
20607 2660
20623 2672
20640 2680
20656 2693
20672 2702
20689 2711
20705 2719
20721 2729
20738 2741
20754 2747
20770 2761
20787 2774
20803 2779
20819 2791
20836 2813
20852 2809
20868 2823
20885 2834
20901 2840
20917 2852
20934 2860
20950 2870
20966 2868
20983 2892
21000 2903
21016 2905
21033 2919
21049 2924
21065 2939
21082 2948
21098 2959
21114 2967
21131 2979
21147 2971
21163 2996
21180 3011
21196 3018
21212 3028
21229 3037
21245 3046
21261 3056
21278 3073
21294 3078
21310 3088
21327 3096
21343 3110
21359 3115
21376 3126
21392 3133
21408 3144
21425 3154
21441 3161
21457 3176
21474 3190
21490 3190
21506 3204
21523 3259
21539 3223
21555 3231
21572 3244
21588 3249
21604 3261
21621 3272
21637 3278
21653 3285
21670 3301
21686 3310
21702 3317
21719 3330
21735 3341
21751 3348
21768 3357
21784 3350
21800 3378
21817 3388
21833 3396
21849 3418
21866 3416
21882 3427
21898 3437
21915 3459
21931 3454
21947 3462
21964 3471
21980 3483
21996 3491
22013 3502
22029 3510
22045 3520
22062 3532
22078 3538
22094 3548
22111 3560
22127 3571
22143 3572
22160 3587
22176 3595
22192 3608
22209 3619
22225 3623
22241 3634
22258 3639
22274 3622
22290 3623
22307 3614
22323 3600
22339 3592
22356 3599
22372 3573
22388 3564
22405 3558
22421 3546
22437 3537
22454 3531
22470 3519
22486 3509
22503 3500
22519 3493
22535 3484
22552 3475
22568 3463
22584 3455
22601 3431
22617 3434
22633 3424
22650 3416
22666 3408
22682 3399
22699 3389
22715 3377
22731 3357
22748 3360
22764 3349
22780 3340
22797 3332
22813 3324
22829 3312
22846 3305
22862 3293
22878 3286
22895 3279
22911 3268
22927 3257
22944 3248
22960 3238
22976 3229
22994 3217
23010 3207
23027 3201
23043 3257
23059 3181
23076 3170
23092 3162
23108 3153
23125 3141
23141 3133
23157 3123
23174 3103
23190 3106
23206 3096
23223 3088
23239 3075
23255 3066
23272 3056
23288 3048
23304 3040
23321 3027
23337 3017
23353 3012
23370 2998
23386 2990
23402 2979
23419 2971
23435 2962
23451 2955
23468 2940
23484 2933
23500 2924
23517 2913
23533 2904
23549 2897
23566 2885
23582 2875
23598 2866
23615 2859
23631 2845
23647 2836
23664 2827
23680 2816
23696 2808
23713 2798
23729 2786
23745 2779
23762 2768
23778 2758
23794 2748
23811 2741
23827 2722
23843 2718
23860 2716
23876 2654
23892 2690
23909 2682
23925 2672
23941 2663
23958 2651
23974 2642
23991 2635
24008 2623
24024 2607
24040 2604
24057 2594
24073 2573
24089 2573
24106 2564
24122 2553
24138 2543
24155 2535
24171 2525
24187 2514
24204 2506
24220 2498
24236 2487
24253 2477
24269 2467
24285 2463
24302 2453
24318 2439
24334 2430
24351 2447
24367 2408
24383 2397
24400 2389
24416 2378
24432 2369
24449 2358
24465 2348
24481 2337
24498 2350
24514 2321
24530 2309
24547 2350
24563 2291
24579 2283
24596 2274
24612 2260
24628 2250
24645 2242
24661 2232
24677 2222
24694 2210
24710 2203
24726 2191
24743 2182
24759 2174
24775 2162
24792 2152
24808 2142
24824 2133
24841 2122
24857 2112
24873 2074
24890 2092
24906 2079
24922 2039
24939 2064
24955 2057
24971 2048
24989 2035
25005 2023
25021 2013
25038 2005
25054 1994
25070 1981
25087 1975
25103 1963
25119 1951
25136 1945
25152 1934
25168 1924
25185 1914
25201 1906
25217 1895
25234 1888
25250 1881
25266 1864
25283 1853
25299 1847
25315 1837
25332 1828
25348 1820
25364 1807
25381 1798
25397 1792
25413 1778
25430 1767
25446 1758
25462 1751
25479 1740
25495 1728
25511 1717
25528 1707
25544 1703
25560 1689
25577 1680
25593 1670
25609 1659
25626 1650
25642 1642
25658 1632
25675 1621
25691 1611
25707 1602
25724 1596
25740 1582
25756 1572
25773 1561
25789 1553
25805 1544
25822 1533
25838 1519
25854 1515
25871 1500
25887 1492
25903 1483
25920 1473
25936 1464
25952 1453
25969 1448
25986 1437
26003 1425
26019 1418
26035 1404
26052 1391
26068 1386
26084 1376
26101 1366
26117 1354
26133 1347
26150 1336
26166 1325
26182 1316
26199 1355
26215 1295
26231 1288
26248 1286
26264 1268
26280 1257
26297 1249
26313 1239
26329 1232
26346 1218
26362 1209
26378 1198
26395 1186
26411 1179
26427 1168
26444 1163
26460 1149
26476 1140
26493 1131
26509 1121
26525 1111
26542 1103
26558 1094
26574 1081
26591 1073
26607 1061
26623 1054
26640 1044
26656 1034
26672 992
26689 1015
26705 1005
26721 998
26738 987
26754 974
26770 966
26787 954
26803 948
26819 939
26836 922
26852 916
26868 908
26885 895
26901 890
26917 878
26934 872
26950 863
26966 852
26983 842
27000 834
27016 820
27033 814
27049 801
27065 792
27082 784
27098 774
27114 764
27131 773
27147 745
27163 735
27180 723
27196 719
27212 707
27229 699
27245 690
27261 671
27278 670
27294 660
27310 653
27327 642
27343 630
27359 620
27376 616
27392 606
27408 594
27425 589
27441 579
27457 570
27474 563
27490 548
27506 538
27523 526
27539 521
27555 515
27572 501
27588 492
27604 482
27621 475
27637 469
27653 426
27670 446
27686 437
27702 431
27719 419
27735 409
27751 401
27768 392
27784 393
27800 373
27817 357
27833 356
27849 344
27866 341
27882 328
27898 319
27915 317
27931 302
27947 291
27964 287
27980 275
27996 261
28013 254
28029 247
28045 235
28062 226
28078 218
28094 208
28111 205
28127 191
28143 186
28160 174
28176 164
28192 159
28209 149
28225 137
28241 129
28258 122
28274 114
28290 135
28307 139
28323 143
28339 155
28356 149
28372 171
28388 182
28405 190
28421 201
28437 208
28454 221
28470 225
28486 239
28503 247
28519 259
28535 264
28552 275
28568 282
28584 295
28601 259
28617 314
28633 324
28650 330
28666 340
28682 351
28699 360
28715 366
28731 368
28748 387
28764 392
28780 402
28797 416
28813 424
28829 435
28846 446
28862 443
28878 463
28895 474
28911 487
28927 492
28944 502
28960 511
28976 522
28994 529
29010 538
29027 548
29043 567
29059 572
29076 571
29092 587
29108 596
29125 605
29141 615
29157 626
29174 613
29190 644
29206 656
29223 666
29239 673
29255 680
29272 691
29288 700
29304 699
29321 725
29337 732
29353 742
29370 749
29386 763
29402 769
29419 778
29435 790
29451 799
29468 811
29484 819
29500 826
29517 839
29533 849
29549 859
29566 869
29582 879
29598 891
29615 901
29631 909
29647 919
29664 926
29680 926
29696 948
29713 956
29729 970
29745 978
29762 992
29778 989
29794 1006
29811 1052
29827 1029
29843 1035
29860 1048
29876 1056
29892 1067
29909 1072
29925 1087
29941 1098
29958 1110
29974 1116
29991 1123
30008 1137
30024 1150
30040 1152
30057 1169
30073 1175
30089 1187
30106 1194
30122 1221
30138 1216
30155 1227
30171 1236
30187 1247
30204 1257
30220 1268
30236 1276
30253 1321
30269 1299
30285 1302
30302 1311
30318 1328
30334 1337
30351 1346
30367 1356
30383 1366
30400 1377
30416 1393
30432 1399
30449 1403
30465 1416
30481 1428
30498 1417
30514 1445
30530 1460
30547 1463
30563 1478
30579 1484
30596 1497
30612 1510
30628 1507
30645 1530
30661 1537
30677 1554
30694 1558
30710 1569
30726 1582
30743 1587
30759 1597
30775 1609
30792 1618
30808 1632
30824 1639
30841 1656
30857 1653
30873 1665
30890 1680
30906 1687
30922 1700
30939 1712
30955 1725
30971 1725
30989 1742
31005 1751
31021 1760
31038 1770
31054 1780
31070 1792
31087 1802
31103 1811
31119 1821
31136 1831
31152 1842
31168 1853
31185 1858
31201 1869
31217 1881
31234 1893
31250 1899
31266 1912
31283 1945
31299 1932
31315 1942
31332 1986
31348 1961
31364 1972
31381 1987
31397 1992
31413 2006
31430 2012
31446 2021
31462 2033
31479 2043
31495 2055
31511 2067
31528 2071
31544 2083
31560 2092
31577 2103
31593 2112
31609 2121
31626 2139
31642 2140
31658 2153
31675 2165
31691 2175
31707 2183
31724 2197
31740 2203
31756 2213
31773 2196
31789 2231
31805 2242
31822 2226
31838 2264
31854 2273
31871 2280
31887 2295
31903 2305
31920 2317
31936 2322
31952 2334
31969 2344
31986 2351
32003 2362
32019 2373
32035 2386
32052 2399
32068 2410
32084 2417
32101 2424
32117 2434
32133 2446
32150 2457
32166 2465
32182 2475
32199 2501
32215 2492
32231 2507
32248 2512
32264 2524
32280 2537
32297 2550
32313 2554
32329 2568
32346 2579
32362 2587
32378 2594
32395 2605
32411 2615
32427 2628
32444 2636
32460 2651
32476 2657
32493 2665
32509 2674
32525 2686
32542 2698
32558 2704
32574 2716
32591 2724
32607 2733
32623 2748
32640 2754
32656 2766
32672 2794
32689 2784
32705 2796
32721 2804
32738 2812
32754 2828
32770 2835
32787 2845
32803 2850
32819 2865
32836 2875
32852 2883
32868 2890
32885 2902
32901 2912
32917 2921
32934 2933
32950 2942
32966 2952
32983 2963
33000 2970
33016 2979
33033 2994
33049 3002
33065 3013
33082 3023
33098 3030
33114 3040
33131 3051
33147 3070
33163 3088
33180 3085
33196 3094
33212 3100
33229 3109
33245 3118
33261 3127
33278 3137
33294 3148
33310 3156
33327 3168
33343 3176
33359 3187
33376 3196
33392 3206
33408 3214
33425 3226
33441 3235
33457 3251
33474 3255
33490 3264
33506 3273
33523 3269
33539 3294
33555 3305
33572 3298
33588 3323
33604 3331
33621 3345
33637 3351
33653 3358
33670 3367
33686 3379
33702 3386
33719 3400
33735 3408
33751 3418
33768 3429
33784 3438
33800 3446
33817 3456
33833 3469
33849 3473
33866 3490
33882 3495
33898 3530
33915 3512
33931 3523
33947 3557
33964 3543
33980 3553
33996 3596
34013 3570
34029 3580
34045 3593
34062 3595
34078 3606
34094 3620
34111 3628
34127 3638
34143 3639
34160 3628
34176 3620
34192 3612
34209 3602
34225 3588
34241 3583
34258 3568
34274 3562
34290 3553
34307 3545
34323 3560
34339 3526
34356 3519
34372 3522
34388 3502
34405 3489
34421 3477
34437 3469
34454 3463
34470 3443
34486 3442
34503 3436
34519 3431
34535 3414
34552 3407
34568 3395
34584 3388
34601 3376
34617 3371
34633 3360
34650 3347
34666 3339
34682 3330
34699 3316
34715 3314
34731 3303
34748 3291
34764 3281
34780 3273
34797 3264
34813 3252
34829 3251
34846 3234
34862 3228
34878 3219
34895 3206
34911 3198
34927 3189
34944 3178
34960 3169
34976 3163
34994 3150
35010 3141
35027 3132
35043 3121
35059 3114
35076 3101
35092 3091
35108 3084
35125 3074
35141 3065
35157 3057
35174 3044
35190 3039
35206 3027
35223 3016
35239 3007
35255 2999
35272 2991
35288 2978
35304 2970
35321 2952
35337 2951
35353 2940
35370 2931
35386 2919
35402 2912
35419 2901
35435 2892
35451 2879
35468 2870
35484 2863
35500 2853
35517 2844
35533 2834
35549 2822
35566 2817
35582 2802
35598 2799
35615 2787
35631 2773
35647 2770
35664 2758
35680 2735
35696 2737
35713 2728
35729 2723
35745 2708
35762 2702
35778 2688
35794 2680
35811 2635
35827 2660
35843 2647
35860 2644
35876 2631
35892 2621
35909 2612
35925 2598
35941 2590
35958 2586
35974 2574
35991 2571
36008 2552
36024 2544
36040 2536
36057 2526
36073 2516
36089 2504
36106 2497
36122 2484
36138 2477
36155 2464
36171 2457
36187 2446
36204 2436
36220 2428
36236 2416
36253 2410
36269 2397
36285 2386
36302 2378
36318 2367
36334 2359
36351 2345
36367 2337
36383 2330
36400 2323
36416 2308
36432 2299
36449 2290
36465 2277
36481 2267
36498 2260
36514 2249
36530 2239
36547 2230
36563 2218
36579 2210
36596 2200
36612 2190
36628 2169
36645 2170
36661 2160
36677 2153
36694 2145
36710 2132
36726 2124
36743 2108
36759 2101
36775 2092
36792 2081
36808 2066
36824 2065
36841 2051
36857 2043
36873 2035
36890 2020
36906 2012
36922 2002
36939 1971
36955 1982
36971 1974
36989 1960
37005 1953
37021 1944
37038 1937
37054 1924
37070 1918
37087 1905
37103 1895
37119 1881
37136 1876
37152 1863
37168 1857
37185 1847
37201 1833
37217 1825
37234 1816
37250 1804
37266 1795
37283 1786
37299 1775
37315 1770
37332 1757
37348 1749
37364 1736
37381 1720
37397 1722
37413 1709
37430 1706
37446 1684
37462 1679
37479 1668
37495 1656
37511 1650
37528 1637
37544 1628
37560 1621
37577 1611
37593 1597
37609 1588
37626 1577
37642 1570
37658 1560
37675 1552
37691 1540
37707 1530
37724 1521
37740 1511
37756 1488
37773 1490
37789 1481
37805 1473
37822 1462
37838 1453
37854 1441
37871 1433
37887 1451
37903 1415
37920 1403
37936 1394
37952 1384
37969 1376
37986 1365
38003 1353
38019 1343
38035 1337
38052 1326
38068 1311
38084 1306
38101 1296
38117 1283
38133 1275
38150 1267
38166 1256
38182 1248
38199 1234
38215 1229
38231 1218
38248 1209
38264 1195
38280 1190
38297 1177
38313 1169
38329 1160
38346 1149
38362 1136
38378 1130
38395 1063
38411 1109
38427 1102
38444 1090
38460 1079
38476 1072
38493 1062
38509 1046
38525 1044
38542 1026
38558 1022
38574 1012
38591 1004
38607 993
38623 1042
38640 976
38656 959
38672 961
38689 947
38705 934
38721 926
38738 918
38754 907
38770 903
38787 888
38803 876
38819 877
38836 860
38852 849
38868 840
38885 829
38901 815
38917 813
38934 800
38950 790
38966 783
38983 770
39000 759
39016 749
39033 744
39049 732
39065 722
39082 713
39098 693
39114 694
39131 685
39147 665
39163 665
39180 656
39196 648
39212 636
39229 638
39245 619
39261 608
39278 602
39294 597
39310 582
39327 575
39343 564
39359 554
39376 546
39392 533
39408 526
39425 518
39441 508
39457 501
39474 492
39490 480
39506 471
39523 427
39539 453
39555 444
39572 440
39588 424
39604 416
39621 409
39637 397
39653 385
39670 378
39686 369
39702 361
39719 352
39735 343
39751 333
39768 325
39784 318
39800 305
39817 300
39833 287
39849 280
39866 271
39882 264
39898 207
39915 245
39931 236
39947 243
39964 218
39980 204
39996 191
40013 190
40029 180
40045 166
40062 162
40078 152
40094 139
40111 135
40127 124
40143 118
40160 123
40176 127
40192 139
40209 148
40225 148
40241 168
40258 180
40274 184
40290 196
40307 205
40323 213
40339 230
40356 231
40372 244
40388 249
40405 259
40421 267
40437 280
40454 285
40470 300
40486 307
40503 312
40519 324
40535 339
40552 342
40568 350
40584 364
40601 373
40617 378
40633 394
40650 403
40666 407
40682 421
40699 430
40715 434
40731 447
40748 459
40764 465
40780 476
40797 477
40813 493
40829 510
40846 508
40862 521
40878 531
40895 542
40911 550
40927 561
40944 569
40960 575
40976 591
40994 600
41010 609
41027 620
41043 627
41059 638
41076 647
41092 657
41108 668
41125 674
41141 683
41157 696
41174 705
41190 716
41206 724
41223 765
41239 743
41255 755
41272 748
41288 771
41304 781
41321 793
41337 805
41353 812
41370 821
41386 831
41402 841
41419 852
41435 858
41451 871
41468 884
41484 891
41500 898
41517 909
41533 920
41549 930
41566 940
41582 953
41598 959
41615 970
41631 981
41647 992
41664 997
41680 1006
41696 1020
41713 1031
41729 1045
41745 1051
41762 1059
41778 1087
41794 1080
41811 1090
41827 1094
41843 1107
41860 1116
41876 1126
41892 1138
41909 1145
41925 1156
41941 1170
41958 1181
41974 1188
41991 1199
42008 1220
42024 1220
42040 1229
42057 1241
42073 1248
42089 1233
42106 1270
42122 1279
42138 1290
42155 1300
42171 1309
42187 1321
42204 1330
42220 1339
42236 1351
42253 1360
42269 1372
42285 1382
42302 1391
42318 1400
42334 1409
42351 1422
42367 1423
42383 1442
42400 1451
42416 1460
42432 1470
42449 1482
42465 1491
42481 1500
42498 1511
42514 1525
42530 1532
42547 1545
42563 1553
42579 1561
42596 1569
42612 1582
42628 1593
42645 1601
42661 1614
42677 1620
42694 1630
42710 1644
42726 1650
42743 1662
42759 1675
42775 1683
42792 1692
42808 1702
42824 1712
42841 1732
42857 1735
42873 1745
42890 1755
42906 1763
42922 1774
42939 1789
42955 1793
42971 1805
42989 1814
43005 1828
43021 1835
43038 1846
43054 1856
43070 1878
43087 1875
43103 1886
43119 1899
43136 1906
43152 1915
43168 1929
43185 1935
43201 1944
43217 1958
43234 1968
43250 1976
43266 1988
43283 1998
43299 2005
43315 2019
43332 2027
43348 2039
43364 2047
43381 2055
43397 2069
43413 2078
43430 2090
43446 2097
43462 2109
43479 2120
43495 2128
43511 2139
43528 2150
43544 2158
43560 2170
43577 2180
43593 2188
43609 2201
43626 2209
43642 2213
43658 2229
43675 2243
43691 2248
43707 2260
43724 2272
43740 2281
43756 2284
43773 2302
43789 2311
43805 2329
43822 2331
43838 2343
43854 2351
43871 2361
43887 2388
43903 2380
43920 2393
43936 2409
43952 2410
43969 2420
43986 2433
44003 2441
44019 2451
44035 2460
44052 2473
44068 2486
44084 2492
44101 2503
44117 2512
44133 2524
44150 2530
44166 2542
44182 2553
44199 2555
44215 2572
44231 2584
44248 2593
44264 2599
44280 2613
44297 2622
44313 2632
44329 2635
44346 2649
44362 2659
44378 2671
44395 2681
44411 2691
44427 2700
44444 2711
44460 2719
44476 2731
44493 2741
44509 2760
44525 2758
44542 2773
44558 2779
44574 2704
44591 2800
44607 2809
44623 2820
44640 2829
44656 2839
44672 2851
44689 2859
44705 2854
44721 2880
44738 2888
44754 2900
44770 2908
44787 2916
44803 2927
44819 2939
44836 2969
44852 2958
44868 2968
44885 2977
44901 2989
44917 2997
44934 3008
44950 3015
44966 3014
44983 3039
45000 3047
45016 3009
45033 3065
45049 3075
45065 3087
45082 3095
45098 3106
45114 3118
45131 3128
45147 3153
45163 3144
45180 3152
45196 3166
45212 3173
45229 3185
45245 3192
45261 3207
45278 3212
45294 3221
45310 3233
45327 3240
45343 3251
45359 3261
45376 3264
45392 3279
45408 3290
45425 3302
45441 3308
45457 3318
45474 3328
45490 3340
45506 3345
45523 3352
45539 3368
45555 3379
45572 3388
45588 3397
45604 3407
45621 3405
45637 3425
45653 3433
45670 3448
45686 3451
45702 3462
45719 3464
45735 3482
45751 3490
45768 3498
45784 3515
45800 3521
45817 3527
45833 3540
45849 3548
45866 3556
45882 3567
45898 3571
45915 3586
45931 3596
45947 3606
45964 3616
45980 3627
45996 3653
46013 3635
46029 3633
46045 3625
46062 3615
46078 3604
46094 3597
46111 3588
46127 3576
46143 3567
46160 3557
46176 3547
46192 3538
46209 3532
46225 3525
46241 3514
46258 3502
46274 3495
46290 3486
46307 3478
46323 3467
46339 3451
46356 3447
46372 3449
46388 3429
46405 3418
46421 3408
46437 3399
46454 3391
46470 3382
46486 3371
46503 3360
46519 3352
46535 3344
46552 3336
46568 3325
46584 3314
46601 3307
46617 3296
46633 3286
46650 3276
46666 3266
46682 3260
46699 3247
46715 3241
46731 3234
46748 3221
46764 3208
46780 3203
46797 3169
46813 3182
46829 3172
46846 3162
46862 3151
46878 3143
46895 3135
46911 3125
46927 3116
46944 3104
46960 3096
46976 3089
46994 3078
47010 3065
47027 3061
47043 3053
47059 3038
47076 3032
47092 3019
47108 3011
47125 3001
47141 2990
47157 2980
47174 2972
47190 2962
47206 2953
47223 2944
47239 2933
47255 2923
47272 2912
47288 2904
47304 2898
47321 2887
47337 2876
47353 2865
47370 2862
47386 2848
47402 2838
47419 2829
47435 2818
47451 2809
47468 2798
47484 2789
47500 2779
47517 2770
47533 2757
47549 2746
47566 2740
47582 2731
47598 2720
47615 2712
47631 2702
47647 2704
47664 2682
47680 2674
47696 2632
47713 2657
47729 2645
47745 2633
47762 2623
47778 2614
47794 2604
47811 2592
47827 2586
47843 2577
47860 2566
47876 2558
47892 2544
47909 2534
47925 2526
47941 2520
47958 2508
47974 2496
47991 2487
48008 2478
48024 2468
48040 2458
48057 2449
48073 2435
48089 2429
48106 2421
48122 2435
48138 2398
48155 2390
48171 2381
48187 2370
48204 2359
48220 2352
48236 2339
48253 2330
48269 2323
48285 2313
48302 2301
48318 2290
48334 2282
48351 2272
48367 2263
48383 2252
48400 2245
48416 2234
48432 2227
48449 2212
48465 2204
48481 2195
48498 2185
48514 2176
48530 2165
48547 2155
48563 2145
48579 2135
48596 2124
48612 2116
48628 2100
48645 2096
48661 2085
48677 2076
48694 2068
48710 2057
48726 2047
48743 2040
48759 2028
48775 2024
48792 2011
48808 1999
48824 1990
48841 1982
48857 1966
48873 1949
48890 1953
48906 1938
48922 1932
48939 1922
48955 1907
48971 1900
48989 1893
49005 1878
49021 1873
49038 1863
49054 1847
49070 1843
49087 1832
49103 1821
49119 1814
49136 1800
49152 1785
49168 1780
49185 1768
49201 1760
49217 1752
49234 1742
49250 1734
49266 1723
49283 1712
49299 1700
49315 1693
49332 1685
49348 1671
49364 1662
49381 1634
49397 1643
49413 1631
49430 1625
49446 1617
49462 1605
49479 1596
49495 1584
49511 1576
49528 1566
49544 1558
49560 1545
49577 1538
49593 1523
49609 1515
49626 1501
49642 1496
49658 1485
49675 1478
49691 1464
49707 1459
49724 1447
49740 1434
49756 1422
49773 1420
49789 1406
49805 1392
49822 1390
49838 1379
49854 1361
49871 1359
49887 1341
49903 1344
49920 1331
49936 1320
49952 1312
49969 1302
49986 1291
50003 1281
50019 1270
50035 1261
50052 1250
50068 1237
50084 1234
50101 1224
50117 1209
50133 1204
50150 1195
50166 1185
50182 1177
50199 1160
50215 1151
50231 1144
50248 1131
50264 1123
50280 1116
50297 1105
50313 1095
50329 1098
50346 1079
50362 1063
50378 1060
50395 1045
50411 1041
50427 1029
50444 1018
50460 1009
50476 998
50493 988
50509 980
50525 973
50542 959
50558 951
50574 932
50591 927
50607 925
50623 914
50640 903
50656 894
50672 885
50689 874
50705 852
50721 856
50738 843
50754 833
50770 829
50787 817
50803 805
50819 798
50836 809
50852 779
50868 769
50885 760
50901 753
50917 738
50934 728
50950 721
50966 724
50983 703
51000 692
51016 686
51033 675
51049 663
51065 651
51082 645
51098 636
51114 626
51131 617
51147 607
51163 597
51180 588
51196 581
51212 570
51229 561
51245 554
51261 542
51278 534
51294 530
51310 512
51327 508
51343 497
51359 486
51376 478
51392 469
51408 459
51425 452
51441 440
51457 429
51474 422
51490 414
51506 400
51523 403
51539 384
51555 375
51572 363
51588 359
51604 347
51621 343
51637 332
51653 323
51670 314
51686 297
51702 292
51719 287
51735 278
51751 264
51768 261
51784 190
51800 241
51817 233
51833 216
51849 213
51866 205
51882 197
51898 187
51915 181
51931 168
51947 159
51964 155
51980 141
51996 132
52013 127
52029 113
52045 124
52062 133
52078 140
52094 162
52111 161
52127 171
52143 178
52160 187
52176 195
52192 208
52209 220
52225 194
52241 236
52258 246
52274 253
52290 263
52307 274
52323 279
52339 291
52356 300
52372 307
52388 316
52405 331
52421 335
52437 347
52454 356
52470 361
52486 375
52503 382
52519 392
52535 403
52552 412
52568 418
52584 429
52601 441
52617 450
52633 459
52650 469
52666 479
52682 484
52699 496
52715 506
52731 516
52748 539
52764 535
52780 543
52797 556
52813 563
52829 573
52846 581
52862 588
52878 601
52895 607
52911 619
52927 630
52944 632
52960 650
52976 659
52994 663
53010 679
53027 689
53043 697
53059 708
53076 717
53092 733
53108 737
53125 748
53141 758
53157 763
53174 775
53190 786
53206 794
53223 807
53239 813
53255 823
53272 830
53288 850
53304 855
53321 864
53337 871
53353 884
53370 895
53386 904
53402 913
53419 924
53435 933
53451 943
53468 951
53484 966
53500 970
53517 981
53533 994
53549 1000
53566 1011
53582 1022
53598 1034
53615 1042
53631 1053
53647 1091
53664 1073
53680 1083
53696 1135
53713 1103
53729 1113
53745 1126
53762 1131
53778 1145
53794 1156
53811 1163
53827 1169
53843 1179
53860 1189
53876 1203
53892 1212
53909 1222
53925 1233
53941 1239
53958 1252
53974 1260
53991 1272
54008 1283
54024 1295
54040 1304
54057 1313
54073 1329
54089 1332
54106 1342
54122 1345
54138 1367
54155 1373
54171 1284
54187 1389
54204 1404
54220 1411
54236 1426
54253 1433
54269 1441
54285 1456
54302 1461
54318 1473
54334 1483
54351 1494
54367 1503
54383 1514
54400 1521
54416 1533
54432 1542
54449 1554
54465 1559
54481 1573
54498 1600
54514 1593
54530 1602
54547 1636
54563 1624
54579 1635
54596 1644
54612 1655
54628 1659
54645 1672
54661 1684
54677 1694
54694 1701
54710 1714
54726 1726
54743 1735
54759 1746
54775 1756
54792 1767
54808 1777
54824 1784
54841 1795
54857 1808
54873 1815
54890 1823
54906 1838
54922 1843
54939 1857
54955 1869
54971 1888
54989 1888
55005 1895
55021 1911
55038 1918
55054 1927
55070 1935
55087 1948
55103 1957
55119 1967
55136 1981
55152 1988
55168 1997
55185 2009
55201 2018
55217 2029
55234 2042
55250 2049
55266 2061
55283 2071
55299 2078
55315 2091
55332 2099
55348 2140
55364 2120
55381 2128
55397 2111
55413 2152
55430 2161
55446 2172
55462 2180
55479 2190
55495 2204
55511 2212
55528 2220
55544 2233
55560 2242
55577 2249
55593 2262
55609 2268
55626 2280
55642 2292
55658 2302
55675 2312
55691 2319
55707 2332
55724 2340
55740 2351
55756 2357
55773 2371
55789 2380
55805 2393
55822 2400
55838 2410
55854 2424
55871 2431
55887 2441
55903 2455
55920 2463
55936 2470
55952 2483
55969 2490
55986 2507
56003 2513
56019 2525
56035 2530
56052 2541
56068 2552
56084 2564
56101 2572
56117 2581
56133 2597
56150 2602
56166 2611
56182 2625
56199 2632
56215 2640
56231 2654
56248 2666
56264 2671
56280 2681
56297 2692
56313 2705
56329 2711
56346 2718
56362 2732
56378 2741
56395 2755
56411 2762
56427 2773
56444 2780
56460 2790
56476 2801
56493 2812
56509 2822
56525 2830
56542 2839
56558 2850
56574 2845
56591 2869
56607 2878
56623 2889
56640 2900
56656 2907
56672 2913
56689 2928
56705 2944
56721 2947
56738 2958
56754 2967
56770 2975
56787 2991
56803 2997
56819 3007
56836 3020
56852 3027
56868 3038
56885 3048
56901 3055
56917 3065
56934 3075
56950 3085
56966 3096
56983 3106
57000 3115
57016 3119
57033 3136
57049 3146
57065 3151
57082 3165
57098 3172
57114 3180
57131 3196
57147 3202
57163 3209
57180 3221
57196 3232
57212 3236
57229 3254
57245 3259
57261 3273
57278 3282
57294 3286
57310 3296
57327 3306
57343 3318
57359 3325
57376 3338
57392 3347
57408 3356
57425 3365
57441 3376
57457 3388
57474 3395
57490 3406
57506 3412
57523 3447
57539 3432
57555 3441
57572 3453
57588 3461
57604 3470
57621 3480
57637 3490
57653 3482
57670 3510
57686 3518
57702 3529
57719 3545
57735 3549
57751 3554
57768 3567
57784 3563
57800 3582
57817 3593
57833 3600
57849 3615
57866 3623
57882 3628
57898 3637
57915 3639
57931 3626
57947 3615
57964 3609
57980 3598
57996 3585
58013 3578
58029 3567
58045 3562
58062 3551
58078 3539
58094 3533
58111 3522
58127 3512
58143 3504
58160 3493
58176 3483
58192 3474
58209 3464
58225 3460
58241 3445
58258 3439
58274 3421
58290 3419
58307 3411
58323 3398
58339 3392
58356 3380
58372 3371
58388 3363
58405 3353
58421 3341
58437 3336
58454 3326
58470 3316
58486 3307
58503 3293
58519 3286
58535 3279
58552 3266
58568 3259
58584 3248
58601 3228
58617 3231
58633 3219
58650 3212
58666 3202
58682 3194
58699 3185
58715 3175
58731 3169
58748 3153
58764 3145
58780 3138
58797 3126
58813 3120
58829 3106
58846 3098
58862 3092
58878 3078
58895 3070
58911 3066
58927 3048
58944 3042
58960 3030
58976 3021
58994 3011
59010 3001
59027 2993
59043 2997
59059 2971
59076 2964
59092 2956
59108 2942
59125 2933
59141 2928
59157 2910
59174 2908
59190 2898
59206 2887
59223 2873
59239 2864
59255 2856
59272 2849
59288 2835
59304 2831
59321 2815
59337 2808
59353 2799
59370 2792
59386 2779
59402 2768
59419 2763
59435 2750
59451 2742
59468 2638
59484 2720
59500 2710
59517 2703
59533 2693
59549 2684
59566 2672
59582 2663
59598 2652
59615 2647
59631 2635
59647 2618
59664 2614
59680 2603
59696 2594
59713 2587
59729 2575
59745 2566
59762 2554
59778 2544
59794 2547
59811 2528
59827 2517
59843 2508
59860 2498
59876 2485
59892 2480
59909 2470
59925 2458
59941 2449
59958 2440
59974 2428
59991 2418
60008 2407
60024 2408
60040 2391
60057 2382
60073 2371
60089 2358
60106 2351
60122 2333
60138 2329
60155 2321
60171 2313
60187 2302
60204 2290
60220 2282
60236 2271
60253 2260
60269 2252
60285 2242
60302 2230
60318 2221
60334 2210
60351 2201
60367 2195
60383 2184
60400 2172
60416 2164
60432 2154
60449 2143
60465 2129
60481 2126
60498 2127
60514 2106
60530 2096
60547 2102
60563 2074
60579 2066
60596 2059
60612 2045
60628 2036
60645 2024
60661 2015
60677 2008
60694 1995
60710 1985
60726 1978
60743 1967
60759 1959
60775 1949
60792 1935
60808 1926
60824 1918
60841 1908
60857 1895
60873 1889
60890 1876
60906 1868
60922 1871
60939 1849
60955 1839
60971 1835
60989 1818
61005 1809
61021 1793
61038 1787
61054 1780
61070 1758
61087 1762
61103 1749
61119 1739
61136 1729
61152 1719
61168 1716
61185 1701
61201 1692
61217 1683
61234 1664
61250 1661
61266 1652
61283 1643
61299 1630
61315 1627
61332 1614
61348 1602
61364 1593
61381 1581
61397 1581
61413 1564
61430 1551
61446 1541
61462 1533
61479 1525
61495 1515
61511 1505
61528 1498
61544 1486
61560 1479
61577 1466
61593 1455
61609 1447
61626 1435
61642 1426
61658 1417
61675 1402
61691 1394
61707 1389
61724 1376
61740 1367
61756 1359
61773 1324
61789 1338
61805 1326
61822 1300
61838 1308
61854 1295
61871 1290
61887 1279
61903 1269
61920 1260
61936 1253
61952 1244
61969 1229
61986 1223
62003 1212
62019 1202
62035 1191
62052 1184
62068 1172
62084 1160
62101 1153
62117 1142
62133 1133
62150 1128
62166 1113
62182 1105
62199 1093
62215 1086
62231 1076
62248 1063
62264 1059
62280 1046
62297 1038
62313 1023
62329 1015
62346 1008
62362 996
62378 989
62395 978
62411 968
62427 959
62444 947
62460 939
62476 930
62493 920
62509 908
62525 902
62542 892
62558 882
62574 874
62591 864
62607 851
62623 845
62640 834
62656 823
62672 805
62689 806
62705 792
62721 781
62738 779
62754 767
62770 759
62787 750
62803 737
62819 730
62836 720
62852 700
62868 703
62885 691
62901 680
62917 674
62934 665
62950 661
62966 648
62983 633
63000 631
63016 615
63033 608
63049 586
63065 586
63082 581
63098 592
63114 560
63131 550
63147 546
63163 533
63180 523
63196 516
63212 503
63229 497
63245 487
63261 477
63278 470
63294 459
63310 450
63327 439
63343 429
63359 424
63376 416
63392 407
63408 395
63425 387
63441 377
63457 368
63474 359
63490 344
63506 337
63523 345
63539 319
63555 311
63572 303
63588 295
63604 284
63621 275
63637 268
63653 254
63670 253
63686 241
63702 234
63719 221
63735 213
63751 202
63768 193
63784 182
63800 175
63817 169
63833 160
63849 147
63866 142
63882 134
63898 123
63915 114
63931 123
63947 134
63964 146
63980 153
63996 165
64013 173
64029 178
64045 189
64062 198
64078 204
64094 225
64111 226
64127 235
64143 245
64160 257
64176 260
64192 273
64209 281
64225 296
64241 304
64258 309
64274 317
64290 331
64307 337
64323 349
64339 359
64356 306
64372 373
64388 386
64405 395
64421 402
64437 412
64454 423
64470 430
64486 441
64503 450
64519 462
64535 469
64552 480
64568 488
64584 496
64601 502
64617 513
64633 524
64650 537
64666 546
64682 554
64699 565
64715 574
64731 583
64748 595
64764 601
64780 614
64797 628
64813 632
64829 645
64846 650
64862 658
64878 669
64895 680
64911 689
64927 702
64944 707
64960 717
64976 729
64994 743
65010 748
65027 759
65043 762
65059 777
65076 788
65092 800
65108 811
65125 811
65141 824
65157 834
65174 853
65190 855
65206 866
65223 869
65239 885
65255 896
65272 903
65288 915
65304 926
65321 937
65337 932
65353 957
65370 964
65386 974
65402 984
65419 993
65435 1003
65451 1018
65468 1014
65484 1039
65500 1048
65517 1054
65533 1064
65549 1075
65566 1082
65582 1092
65598 1104
65615 1114
65631 1122
65647 1132
65664 1143
65680 1183
65696 1162
65713 1176
65729 1179
65745 1192
65762 1202
65778 1212
65794 1224
65811 1237
65827 1243
65843 1251
65860 1263
65876 1270
65892 1284
65909 1292
65925 1302
65941 1312
65958 1325
65974 1332
65991 1345
66008 1349
66024 1362
66040 1375
66057 1382
66073 1393
66089 1408
66106 1413
66122 1426
66138 1433
66155 1446
66171 1454
66187 1466
66204 1470
66220 1481
66236 1495
66253 1502
66269 1512
66285 1523
66302 1529
66318 1544
66334 1556
66351 1566
66367 1574
66383 1582
66400 1593
66416 1604
66432 1616
66449 1624
66465 1628
66481 1644
66498 1653
66514 1664
66530 1673
66547 1681
66563 1693
66579 1706
66596 1714
66612 1725
66628 1735
66645 1745
66661 1754
66677 1767
66694 1774
66710 1784
66726 1795
66743 1802
66759 1814
66775 1825
66792 1837
66808 1841
66824 1852
66841 1863
66857 1875
66873 1884
66890 1895
66906 1909
66922 1916
66939 1925
66955 1934
66971 1946
66989 1956
67005 1962
67022 1977
67038 1984
67055 1994
67071 2004
67087 2016
67104 2025
67120 2037
67137 2045
67153 2058
67170 2068
67186 2075
67202 2086
67219 2100
67235 2107
67252 2119
67268 2126
67285 2174
67301 2149
67317 2156
67334 2171
67350 2180
67367 2186
67383 2202
67400 2207
67416 2219
67432 2227
67449 2239
67465 2248
67482 2260
67498 2270
67515 2278
67531 2289
67547 2304
67564 2314
67580 2319
67597 2330
67613 2340
67630 2354
67646 2372
67662 2372
67679 2380
67695 2388
67712 2398
67728 2411
67745 2422
67761 2430
67777 2440
67794 2439
67810 2460
67827 2470
67843 2478
67860 2486
67876 2499
67892 2514
67909 2520
67925 2529
67942 2540
67958 2550
67975 2561
67992 2569
68009 2580
68025 2592
68041 2600
68058 2611
68074 2623
68091 2636
68107 2642
68124 2656
68140 2664
68156 2672
68173 2677
68189 2693
68206 2703
68222 2689
68239 2721
68255 2734
68271 2727
68288 2749
68304 2762
68321 2774
68337 2782
68354 2791
68370 2803
68386 2811
68403 2820
68419 2832
68436 2840
68452 2852
68469 2859
68485 2875
68501 2881
68518 2888
68534 2903
68551 2912
68567 2922
68584 2931
68600 2941
68616 2950
68633 2959
68649 2969
68666 2978
68682 2989
68699 3001
68715 3010
68731 3021
68748 3013
68764 3040
68781 3049
68797 3051
68814 3071
68830 3079
68846 3092
68863 3099
68879 3104
68896 3114
68912 3128
68929 3138
68945 3147
68961 3157
68978 3168
68995 3178
69012 3188
69028 3200
69045 3209
69061 3216
69078 3227
69094 3237
69110 3246
69127 3258
69143 3261
69160 3277
69176 3287
69193 3294
69209 3306
69225 3315
69242 3321
69258 3330
69275 3344
69291 3353
69308 3363
69324 3371
69340 3382
69357 3393
69373 3401
69390 3409
69406 3421
69423 3431
69439 3438
69455 3448
69472 3448
69488 3460
69505 3477
69521 3482
69538 3494
69554 3508
69570 3516
69587 3525
69603 3535
69620 3541
69636 3556
69653 3565
69669 3573
69685 3587
69702 3592
69718 3604
69735 3610
69751 3621
69768 3630
69784 3645
69800 3634
69817 3624
69833 3613
69850 3604
69866 3596
69883 3589
69899 3576
69915 3566
69932 3560
69948 3550
69965 3541
69981 3531
69999 3520
70015 3512
70032 3501
70048 3492
70064 3480
70081 3463
70097 3437
70114 3455
70130 3448
70147 3424
70163 3428
70179 3416
70196 3392
70212 3400
70229 3390
70245 3379
70262 3371
70278 3360
70294 3346
70311 3341
70327 3334
70344 3321
70360 3315
70377 3305
70393 3287
70409 3288
70426 3275
70442 3267
70459 3258
70475 3248
70492 3237
70508 3231
70524 3220
70541 3209
70557 3200
70574 3196
70590 3183
70607 3171
70623 3158
70639 3156
70656 3145
70672 3134
70689 3123
70705 3115
70722 3103
70738 3095
70754 3088
70771 3075
70787 3066
70804 3055
70820 3046
70837 3037
70853 3025
70869 3018
70886 3010
70902 3004
70919 2991
70935 2978
70952 2970
70968 2958
70986 2951
71002 2942
71018 2929
71035 2922
71051 2911
71068 2876
71084 2893
71101 2883
71117 2874
71133 2862
71150 2855
71166 2844
71183 2830
71199 2825
71216 2816
71232 2809
71248 2795
71265 2782
71281 2778
71298 2767
71314 2756
71331 2750
71347 2738
71363 2728
71380 2711
71396 2709
71413 2700
71429 2687
71446 2680
71462 2668
71478 2658
71495 2653
71511 2640
71528 2631
71544 2620
71561 2609
71577 2600
71593 2592
71610 2583
71626 2546
71643 2562
71659 2551
71676 2542
71692 2527
71708 2523
71725 2514
71741 2502
71758 2493
71774 2484
71791 2473
71807 2462
71823 2452
71840 2445
71856 2435
71873 2425
71889 2416
71906 2405
71922 2395
71938 2398
71955 2377
71971 2364
71989 2360
72005 2344
72022 2335
72038 2326
72055 2318
72071 2303
72087 2296
72104 2286
72120 2264
72137 2264
72153 2259
72170 2247
72186 2237
72202 2229
72219 2219
72235 2210
72252 2201
72268 2187
72285 2177
72301 2174
72317 2158
72334 2147
72350 2130
72367 2127
72383 2121
72400 2107
72416 2097
72432 2088
72449 2078
72465 2068
72482 2059
72498 2052
72515 2040
72531 2030
72547 2020
72564 2011
72580 1999
72597 1989
72613 1982
72630 1969
72646 1959
72662 1950
72679 1941
72695 1930
72712 1920
72728 1909
72745 1897
72761 1889
72777 1882
72794 1870
72810 1863
72827 1851
72843 1841
72860 1829
72876 1817
72892 1810
72909 1801
72925 1792
72942 1784
72958 1772
72975 1763
72992 1751
73008 1740
73025 1729
73041 1720
73058 1710
73074 1704
73091 1691
73107 1681
73123 1670
73140 1662
73156 1651
73173 1636
73189 1631
73206 1622
73222 1613
73238 1601
73255 1594
73271 1581
73288 1573
73304 1562
73321 1553
73337 1544
73353 1534
73370 1520
73386 1513
73403 1503
73419 1493
73436 1484
73452 1474
73468 1459
73485 1452
73501 1441
73518 1435
73534 1424
73551 1415
73567 1403
73583 1395
73600 1387
73616 1375
73633 1367
73649 1352
73666 1345
73682 1335
73698 1326
73715 1315
73731 1302
73748 1297
73764 1286
73781 1286
73797 1265
73813 1255
73830 1248
73846 1237
73863 1227
73879 1217
73896 1209
73912 1202
73928 1187
73945 1180
73961 1171
73978 1158
73995 1151
74012 1133
74028 1131
74045 1119
74061 1109
74077 1100
74094 1091
74110 1079
74127 1073
74143 1061
74160 1050
74176 1040
74192 1031
74209 1021
74225 1012
74242 1006
74258 992
74275 983
74291 971
74307 967
74324 954
74340 944
74357 935
74373 926
74390 911
74406 905
74422 893
74439 886
74455 879
74472 873
74488 857
74505 846
74521 836
74537 827
74554 819
74570 811
74587 800
74603 789
74620 772
74636 771
74652 758
74669 753
74685 743
74702 733
74718 729
74735 716
74751 705
74767 696
74784 686
74800 676
74817 668
74833 657
74850 648
74866 637
74882 629
74899 617
74915 612
74932 602
74948 591
74965 583
74981 570
74999 563
75015 550
75031 545
75048 534
75064 526
75081 514
75097 499
75114 497
75130 487
75146 482
75163 471
75179 461
75196 396
75212 439
75229 434
75245 422
75261 411
75278 404
75294 394
75311 387
75327 382
75344 368
75360 360
75376 347
75393 331
75409 335
75426 324
75442 312
75459 304
75475 294
75491 286
75508 278
75524 267
75541 259
75557 251
75574 238
75590 234
75606 221
75623 215
75639 203
75656 194
75672 216
75689 175
75705 167
75721 180
75738 151
75754 141
75771 110
75787 126
75804 118
75820 128
75836 136
75853 143
75869 155
75886 162
75902 172
75919 179
75935 190
75951 201
75968 223
75985 219
76002 230
76018 239
76035 247
76051 257
76068 266
76084 276
76100 286
76117 294
76133 301
76150 309
76166 324
76183 329
76199 340
76215 350
76232 360
76248 364
76265 377
76281 388
76298 423
76314 407
76330 416
76347 426
76363 436
76380 451
76396 423
76413 465
76429 472
76445 483
76462 492
76478 502
76495 511
76511 519
76528 528
76544 544
76560 548
76577 560
76593 565
76610 581
76626 587
76643 599
76659 609
76675 617
76692 624
76708 637
76725 647
76741 653
76758 665
76774 677
76790 685
76807 695
76823 703
76840 713
76856 721
76873 714
76889 743
76905 753
76922 758
76938 774
76955 784
76971 792
76989 803
77005 810
77022 804
77038 828
77054 841
77071 857
77087 861
77104 869
77120 877
77137 885
77153 898
77169 914
77186 921
77202 931
77219 936
77235 945
77252 958
77268 971
77284 979
77301 989
77317 998
77334 1010
77350 1017
77367 1030
77383 1038
77399 1049
77416 1056
77432 1068
77449 1077
77465 1088
77482 1096
77498 1105
77514 1118
77531 1129
77547 1140
77564 1150
77580 1161
77597 1175
77613 1179
77629 1190
77646 1210
77662 1208
77679 1216
77695 1235
77712 1239
77728 1249
77744 1257
77761 1266
77777 1277
77794 1286
77810 1296
77827 1307
77843 1312
77859 1329
77876 1348
77892 1348
77909 1355
77925 1372
77942 1379
77958 1391
77974 1401
77992 1408
78008 1420
78025 1430
78041 1441
78058 1524
78074 1460
78091 1470
78107 1480
78123 1491
78140 1501
78156 1511
78173 1522
78189 1530
78206 1543
78222 1550
78238 1560
78255 1571
78271 1583
78288 1593
78304 1601
78321 1611
78337 1621
78353 1630
78370 1638
78386 1650
78403 1661
78419 1672
78436 1679
78452 1691
78468 1695
78485 1714
78501 1721
78518 1730
78534 1744
78551 1753
78567 1764
78583 1771
78600 1773
78616 1791
78633 1802
78649 1804
78666 1821
78682 1831
78698 1842
78715 1852
78731 1855
78748 1871
78764 1880
78781 1894
78797 1905
78813 1915
78830 1925
78846 1934
78863 1944
78879 1952
78896 1964
78912 1977
78928 1981
78945 2000
78961 2009
78978 2016
78995 2024
79012 2034
79028 2043
79044 2055
79061 2065
79077 2076
79094 2070
79110 2097
79127 2107
79143 2115
79159 2124
79176 2138
79192 2146
79209 2157
79225 2173
79242 2178
79258 2188
79274 2195
79291 2207
79307 2210
79324 2226
79340 2234
79357 2249
79373 2257
79389 2269
79406 2276
79422 2284
79439 2297
79455 2310
79472 2312
79488 2330
79504 2339
79521 2348
79537 2358
79554 2368
79570 2379
79587 2386
79603 2400
79619 2404
79636 2418
79652 2410
79669 2437
79685 2447
79702 2460
79718 2467
79734 2478
79751 2491
79767 2497
79784 2509
79800 2520
79817 2527
79833 2538
79849 2547
79866 2558
79882 2571
79899 2582
79915 2589
79932 2602
79948 2607
79964 2622
79981 2628
79999 2640
80015 2659
80031 2660
80048 2670
80064 2679
80081 2689
80097 2701
80114 2712
80130 2722
80146 2722
80163 2739
80179 2749
80196 2762
80212 2769
80229 2780
80245 2789
80261 2797
80278 2808
80294 2818
80311 2828
80327 2839
80344 2851
80360 2856
80376 2868
80393 2880
80409 2889
80426 2903
80442 2909
80459 2919
80475 2927
80491 2939
80508 2948
80524 2959
80541 2968
80557 2978
80574 2999
80590 2998
80606 3007
80623 3023
80639 3028
80656 3038
80672 3048
80689 3057
80705 3061
80721 3076
80738 3084
80754 3095
80771 3108
80787 3115
80804 3124
80820 3131
80836 3147
80853 3154
80869 3166
80886 3209
80902 3183
80919 3194
80935 3196
80951 3213
80968 3221
80985 3233
81002 3246
81018 3250
81035 3261
81051 3278
81067 3324
81084 3291
81100 3296
81117 3319
81133 3320
81150 3330
81166 3339
81182 3345
81199 3358
81215 3370
81232 3378
81248 3389
81265 3398
81281 3410
81297 3377
81314 3426
81330 3435
81347 3447
81363 3455
81380 3465
81396 3475
81412 3483
81429 3496
81445 3504
81462 3512
81478 3524
81495 3538
81511 3538
81527 3551
81544 3561
81560 3571
81577 3579
81593 3591
81610 3602
81626 3609
81642 3615
81659 3628
81675 3639
81692 3638
81708 3629
81725 3619
81741 3607
81757 3602
81774 3590
81790 3579
81807 3571
81823 3561
81840 3552
81856 3543
81872 3541
81889 3524
81905 3516
81922 3503
81938 3499
81955 3494
81971 3496
81989 3469
82005 3459
82021 3427
82038 3441
82054 3431
82071 3414
82087 3414
82104 3406
82120 3391
82136 3386
82153 3374
82169 3361
82186 3355
82202 3347
82219 3334
82235 3329
82251 3318
82268 3310
82284 3299
82301 3287
82317 3280
82334 3270
82350 3262
82366 3255
82383 3244
82399 3234
82416 3223
82432 3214
82449 3205
82465 3195
82481 3184
82498 3175
82514 3167
82531 3157
82547 3132
82564 3137
82580 3122
82596 3113
82613 3110
82629 3097
82646 3087
82662 3078
82679 3071
82695 3064
82711 3054
82728 3043
82744 3029
82761 3023
82777 3013
82794 3008
82810 2994
82826 2983
82843 2968
82859 2963
82876 2955
82892 2949
82909 2938
82925 2925
82941 2919
82958 2907
82974 2898
82992 2888
83008 2873
83025 2868
83041 2861
83058 2848
83074 2837
83090 2827
83107 2817
83123 2807
83140 2799
83156 2791
83173 2786
83189 2770
83205 2754
83222 2755
83238 2742
83255 2731
83271 2701
83288 2713
83304 2707
83320 2602
83337 2683
83353 2673
83370 2662
83386 2651
83403 2642
83419 2632
83435 2624
83452 2615
83468 2606
83485 2594
83501 2585
83518 2577
83534 2566
83550 2556
83567 2553
83583 2536
83600 2525
83616 2518
83633 2508
83649 2494
83665 2486
83682 2476
83698 2468
83715 2457
83731 2445
83748 2438
83764 2427
83780 2417
83797 2421
83813 2400
83830 2391
83846 2374
83863 2372
83879 2358
83895 2426
83912 2340
83928 2331
83945 2321
83961 2314
83978 2300
83995 2290
84012 2281
84028 2270
84044 2254
84061 2249
84077 2240
84094 2231
84110 2220
84127 2213
84143 2206
84159 2193
84176 2182
84192 2172
84209 2163
84225 2151
84242 2137
84258 2134
84274 2120
84291 2113
84307 2103
84324 2093
84340 2081
84357 2070
84373 2061
84389 2050
84406 2045
84422 2030
84439 2029
84455 2013
84472 1998
84488 1993
84504 1983
84521 1972
84537 1965
84554 1955
84570 1945
84587 1934
84603 1920
84619 1916
84636 1904
84652 1894
84669 1884
84685 1876
84702 1864
84718 1852
84734 1843
84751 1835
84767 1824
84784 1815
84800 1805
84817 1795
84833 1785
84849 1775
84866 1766
84882 1755
84899 1745
84915 1737
84932 1726
84948 1717
84964 1706
84981 1693
84998 1667
85015 1677
85031 1668
85048 1654
85064 1648
85080 1637
85097 1625
85113 1617
85130 1604
85146 1597
85163 1591
85179 1575
85195 1565
85212 1557
85228 1548
85245 1538
85261 1527
85278 1515
85294 1507
85310 1520
85327 1487
85343 1478
85360 1471
85376 1457
85393 1449
85409 1438
85425 1427
85442 1418
85458 1411
85475 1399
85491 1387
85508 1378
85524 1372
85540 1356
85557 1350
85573 1392
85590 1328
85606 1318
85623 1310
85639 1298
85655 1291
85672 1280
85688 1276
85705 1275
85721 1253
85738 1244
85754 1231
85770 1221
85787 1214
85803 1203
85820 1190
85836 1181
85853 1177
85869 1165
85885 1144
85902 1143
85918 1132
85935 1122
85951 1113
85968 1105
85985 1094
86002 1083
86018 1073
86034 1063
86051 1052
86067 1009
86084 1026
86100 1023
86117 1015
86133 1003
86149 996
86166 986
86182 977
86199 985
86215 955
86232 945
86248 936
86264 928
86281 919
86297 908
86314 899
86330 893
86347 880
86363 871
86379 817
86396 850
86412 842
86429 832
86445 821
86462 813
86478 801
86494 796
86511 784
86527 774
86544 764
86560 753
86577 744
86593 736
86609 726
86626 715
86642 706
86659 698
86675 690
86692 679
86708 670
86724 662
86741 649
86757 627
86774 630
86790 623
86807 613
86823 607
86839 594
86856 583
86872 573
86889 564
86905 554
86922 544
86938 528
86954 529
86971 520
86988 510
87005 500
87021 492
87038 485
87054 471
87071 463
87087 452
87103 446
87120 440
87136 426
87153 418
87169 405
87186 396
87202 389
87218 379
87235 371
87251 348
87268 354
87284 342
87301 336
87317 323
87333 316
87350 304
87366 299
87383 289
87399 281
87416 268
87432 263
87448 251
87465 245
87481 236
87498 222
87514 216
87531 208
87547 198
87563 189
87580 177
87596 172
87613 154
87629 154
87646 146
87662 134
87678 117
87695 116
87711 121
87728 130
87744 142
87761 150
87777 160
87793 171
87810 177
87826 187
87843 196
87859 204
87876 214
87892 226
87908 237
87925 243
87941 255
87958 259
87974 267
87992 280
88008 285
88025 302
88041 307
88057 318
88074 329
88090 340
88107 345
88123 356
88140 365
88156 374
88172 354
88189 393
88205 404
88222 412
88238 423
88255 432
88271 440
88287 451
88304 459
88320 468
88337 480
88353 489
88370 493
88386 508
88402 515
88419 523
88435 533
88452 546
88468 559
88485 566
88501 575
88517 584
88534 599
88550 602
88567 612
88583 624
88600 632
88616 639
88632 648
88649 661
88665 668
88682 679
88698 693
88715 701
88731 709
88747 729
88764 729
88780 741
88797 735
88813 758
88830 767
88846 796
88862 792
88879 796
88895 859
88912 822
88928 828
88945 837
88961 849
88977 860
88995 869
89011 877
89028 888
89044 900
89061 907
89077 916
89093 931
89110 938
89126 947
89143 952
89159 968
89176 975
89192 989
89208 998
89225 1009
89241 1017
89258 1028
89274 1039
89291 1044
89307 1056
89323 1068
89340 1078
89356 1087
89373 1097
89389 1108
89406 1116
89422 1129
89438 1137
89455 1148
89471 1157
89488 1167
89504 1177
89521 1184
89537 1198
89553 1208
89570 1213
89586 1228
89603 1235
89619 1253
89636 1258
89652 1268
89668 1276
89685 1288
89701 1299
89718 1313
89734 1320
89751 1327
89767 1335
89783 1348
89800 1357
89816 1371
89833 1381
89849 1389
89866 1397
89882 1407
89898 1419
89915 1428
89931 1441
89948 1449
89964 1460
89981 1471
89998 1483
90015 1492
90031 1500
90048 1507
90064 1521
90080 1531
90097 1542
90113 1551
90130 1561
90146 1590
90163 1579
90179 1592
90195 1601
90212 1610
90228 1627
90245 1627
90261 1649
90278 1651
90294 1661
90310 1673
90327 1685
90343 1693
90360 1704
90376 1711
90393 1732
90409 1734
90425 1749
90442 1753
90458 1764
90475 1774
90491 1784
90508 1795
90524 1803
90540 1816
90557 1824
90573 1835
90590 1846
90606 1855
90623 1866
90639 1874
90655 1886
90672 1895
90688 1905
90705 1918
90721 1909
90738 1937
90754 1947
90770 2059
90787 1968
90803 1981
90820 1989
90836 1999
90853 2012
90869 2017
90885 2023
90902 2039
90918 2049
90935 2059
90951 2065
90968 2076
90985 2090
91002 2099
91018 2107
91034 2118
91051 2127
91067 2141
91084 2148
91100 2160
91117 2171
91133 2178
91149 2186
91166 2198
91182 2214
91199 2225
91215 2232
91232 2242
91248 2250
91264 2263
91281 2269
91297 2261
91314 2290
91330 2301
91347 2300
91363 2321
91379 2332
91396 2348
91412 2353
91429 2361
91445 2370
91462 2384
91478 2390
91494 2402
91511 2412
91527 2422
91544 2433
91560 2440
91577 2453
91593 2461
91609 2472
91626 2482
91642 2492
91659 2504
91675 2512
91692 2524
91708 2534
91724 2543
91741 2555
91757 2564
91774 2575
91790 2584
91807 2598
91823 2604
91839 2613
91856 2625
91872 2636
91889 2644
91905 2653
91922 2688
91938 2670
91954 2682
91971 2696
91988 2708
92005 2715
92021 2701
92038 2736
92054 2745
92071 2748
92087 2764
92103 2777
92120 2786
92136 2797
92153 2805
92169 2816
92186 2824
92202 2835
92218 2846
92235 2854
92251 2881
92268 2875
92284 2879
92301 2894
92317 2904
92333 2914
92350 2927
92366 2935
92383 2945
92399 2954
92416 2964
92432 2973
92448 2985
92465 2992
92481 3003
92498 3013
92514 3023
92531 3031
92547 3040
92563 3052
92580 3063
92596 3074
92613 3083
92629 3092
92646 3101
92662 3110
92678 3121
92695 3133
92711 3140
92728 3148
92744 3160
92761 3168
92777 3181
92793 3189
92810 3200
92826 3209
92843 3218
92859 3232
92876 3236
92892 3245
92908 3261
92925 3262
92941 3277
92958 3284
92974 3296
92992 3305
93008 3318
93025 3327
93041 3335
93057 3346
93074 3354
93090 3367
93107 3374
93123 3385
93140 3396
93156 3407
93172 3412
93189 3421
93205 3432
93222 3442
93238 3452
93255 3464
93271 3471
93287 3480
93304 3488
93320 3499
93337 3508
93353 3512
93370 3528
93386 3538
93402 3553
93419 3559
93435 3567
93452 3576
93468 3584
93485 3595
93501 3603
93517 3614
93534 3624
93550 3632
93567 3643
93583 3631
93600 3631
93616 3616
93632 3605
93649 3593
93665 3585
93682 3578
93698 3568
93715 3560
93731 3548
93747 3540
93764 3530
93780 3522
93797 3512
93813 3501
93830 3491
93846 3485
93862 3473
93879 3467
93895 3452
93912 3454
93928 3438
93945 3428
93961 3418
93977 3409
93995 3397
94011 3390
94028 3382
94044 3368
94061 3362
94077 3351
94093 3348
94110 3329
94126 3320
94143 3313
94159 3303
94176 3296
94192 3284
94208 3276
94225 3267
94241 3258
94258 3249
94274 3240
94291 3226
94307 3217
94323 3210
94340 3201
94356 3190
94373 3181
94389 3173
94406 3161
94422 3151
94438 3140
94455 3131
94471 3120
94488 3116
94504 3105
94521 3094
94537 3086
94553 3076
94570 3064
94586 3054
94603 3049
94619 3038
94636 3027
94652 3017
94668 3007
94685 2997
94701 2985
94718 2978
94734 2969
94751 2959
94767 2950
94783 2943
94800 2931
94816 2922
94833 2907
94849 2902
94866 2893
94882 2883
94898 2871
94915 2863
94931 2855
94948 2843
94964 2845
94981 2825
94998 2814
95015 2803
95031 2793
95048 2785
95064 2775
95080 2766
95097 2755
95113 2746
95130 2736
95146 2720
95163 2717
95179 2707
95195 2696
95212 2684
95228 2679
95245 2670
95261 2658
95278 2647
95294 2641
95310 2629
95327 2618
95343 2609
95360 2600
95376 2586
95393 2578
95409 2573
95425 2561
95442 2550
95458 2542
95475 2533
95491 2521
95508 2500
95524 2505
95540 2495
95557 2480
95573 2481
95590 2466
95606 2451
95623 2435
95639 2433
95655 2421
95672 2402
95688 2401
95705 2393
95721 2341
95738 2374
95754 2365
95770 2353
95787 2343
95803 2336
95820 2322
95836 2320
95853 2307
95869 2288
95885 2283
95902 2276
95918 2265
95935 2254
95951 2247
95968 2239
95985 2224
96002 2215
96018 2206
96034 2194
96051 2185
96067 2179
96084 2165
96100 2157
96117 2146
96133 2138
96149 2124
96166 2117
96182 2109
96199 2095
96215 2091
96232 2077
96248 2091
96264 2054
96281 2047
96297 2016
96314 2026
96330 2016
96347 2006
96363 2000
96379 1983
96396 1976
96412 1970
96429 1951
96445 1947
96462 1939
96478 1929
96494 1918
96511 1906
96527 1900
96544 1888
96560 1879
96577 1870
96593 1858
96609 1849
96626 1839
96642 1834
96659 1817
96675 1810
96692 1800
96708 1791
96724 1780
96741 1771
96757 1759
96774 1758
96790 1739
96807 1730
96823 1720
96839 1709
96856 1701
96872 1689
96889 1680
96905 1670
96922 1657
96938 1647
96954 1642
96971 1618
96988 1622
97005 1611
97021 1600
97038 1590
97054 1583
97071 1574
97087 1561
97103 1553
97120 1544
97136 1533
97153 1521
97169 1507
97186 1503
97202 1494
97218 1487
97235 1471
97251 1466
97268 1457
97284 1441
97301 1434
97317 1425
97333 1415
97350 1399
97366 1394
97383 1386
97399 1375
97416 1364
97432 1355
97448 1345
97465 1336
97481 1325
97498 1318
97514 1307
97531 1295
97547 1240
97563 1274
97580 1265
97596 1257
97613 1251
97629 1236
97646 1231
97662 1220
97678 1210
97695 1194
97711 1187
97728 1183
97744 1170
97761 1160
97777 1151
97793 1134
97810 1127
97826 1120
97843 1106
97859 1096
97876 1087
97892 1080
97908 1070
97925 1059
97941 1051
97958 1042
97974 1032
97992 1024
98008 1010
98025 999
98041 993
98057 984
98074 972
98090 964
98107 954
98123 944
98140 933
98156 924
98172 914
98189 903
98205 894
98222 914
98238 876
98255 869
98271 880
98287 845
98304 843
98320 826
98337 816
98353 806
98370 799
98386 793
98402 778
98419 769
98435 763
98452 749
98468 752
98485 732
98501 721
98517 723
98534 704
98550 695
98567 683
98583 675
98600 667
98616 651
98632 645
98649 635
98665 630
98682 620
98698 613
98715 602
98731 591
98747 581
98764 572
98780 564
98797 536
98813 542
98830 534
98846 508
98862 513
98879 508
98895 508
98912 486
98928 478
98945 465
98961 459
98977 450
98995 439
99011 431
99028 422
99044 416
99061 400
99077 395
99093 383
99110 376
99126 364
99143 359
99159 347
99176 341
99192 328
99208 319
99225 312
99241 303
99258 290
99274 288
99291 279
99307 265
99323 256
99340 248
99356 238
99373 229
99389 221
99406 213
99422 202
99438 191
99455 183
99471 179
99488 165
99504 155
99521 138
99537 138
99553 129
99570 123
99586 122
99603 123
99619 134
99636 148
99652 147
99668 165
99685 173
99701 184
99718 193
99734 203
99751 213
99767 218
99783 228
99800 238
99816 249
99833 260
99849 267
99866 279
99882 283
99898 293
99915 310
99931 314
99948 330
99964 330
99981 342
99998 348
100015 365
100031 367
100048 378
100064 388
100080 401
100097 407
100113 420
100130 425
100146 439
100163 447
100179 459
100195 470
100212 475
100228 486
100245 496
100261 503
100278 513
100294 519
100310 534
100327 540
100343 550
100360 562
100376 569
100393 579
100409 589
100425 598
100442 613
100458 619
100475 627
100491 637
100508 648
100524 659
100540 666
100557 679
100573 701
100590 698
100606 706
100623 714
100639 726
100655 734
100672 746
100689 756
100705 761
100721 774
100737 783
100754 784
100770 807
100786 815
100803 823
100819 831
100835 842
100851 852
100868 862
100884 873
100900 881
100917 892
100933 904
100949 911
100965 923
100982 932
100999 941
101015 945
101032 959
101048 970
101064 976
101080 988
101097 1000
101113 1008
101129 1019
101146 1037
101162 1039
101178 1045
101194 1059
101211 1068
101227 1077
101243 1088
101260 1101
101276 1111
101292 1117
101308 1128
101325 1145
101341 1151
101357 1158
101374 1169
101390 1180
101406 1190
101422 1197
101439 1209
101455 1219
101471 1221
101488 1237
101504 1246
101520 1256
101536 1268
101553 1280
101569 1289
101585 1299
101602 1302
101618 1321
101634 1327
101650 1337
101667 1349
101683 1358
101699 1368
101716 1378
101732 1387
101748 1399
101764 1408
101781 1420
101797 1428
101813 1438
101830 1447
101846 1453
101862 1470
101878 1478
101895 1489
101911 1489
101927 1511
101944 1518
101960 1528
101976 1541
101994 1551
102010 1564
102026 1571
102042 1599
102059 1591
102075 1601
102091 1610
102108 1621
102124 1630
102140 1644
102156 1650
102173 1688
102189 1670
102205 1681
102222 1689
102238 1693
102254 1712
102270 1723
102287 1731
102303 1758
102319 1750
102336 1759
102352 1765
102368 1783
102384 1792
102401 1802
102417 1815
102433 1820
102450 1835
102466 1843
102482 1857
102498 1864
102515 1872
102531 1883
102547 1895
102564 1900
102580 1913
102596 1923
102612 1934
102629 1944
102645 1952
102661 1965
102678 1964
102694 1984
102710 1995
102726 2003
102743 2015
102759 2024
102775 2027
102792 2039
102808 2054
102824 2067
102840 2074
102857 2087
102873 2093
102889 2106
102906 2114
102922 2126
102938 2136
102954 2144
102971 2154
102988 2166
103004 2171
103021 2187
103037 2195
103053 2216
103070 2216
103086 2226
103102 2229
103118 2248
103135 2257
103151 2266
103167 2277
103184 2289
103200 2292
103216 2303
103232 2316
103249 2326
103265 2336
103281 2346
103298 2358
103314 2370
103330 2370
103346 2387
103363 2396
103379 2405
103395 2414
103412 2427
103428 2437
103444 2446
103460 2457
103477 2468
103493 2479
103509 2480
103526 2496
103542 2508
103558 2517
103574 2527
103591 2531
103607 2547
103623 2556
103640 2565
103656 2574
103672 2580
103688 2596
103705 2607
103721 2625
103737 2628
103754 2633
103770 2645
103786 2657
103802 2665
103819 2672
103835 2687
103851 2696
103868 2703
103884 2715
103900 2726
103916 2735
103933 2744
103949 2756
103965 2764
103982 2775
103999 2785
104015 2796
104032 2809
104048 2812
104064 2824
104080 2831
104097 2842
104113 2854
104129 2861
104146 2878
104162 2885
104178 2896
104194 2910
104211 2916
104227 2925
104243 2929
104260 2944
104276 2955
104292 2962
104308 2974
104325 2984
104341 2992
104357 3001
104374 3012
104390 3023
104406 3030
104422 3043
104439 3051
104455 3069
104471 3073
104488 3081
104504 3091
104520 3040
104536 3111
104553 3118
104569 3129
104585 3141
104602 3150
104618 3159
104634 3168
104650 3178
104667 3189
104683 3199
104699 3208
104716 3217
104732 3228
104748 3237
104764 3245
104781 3257
104797 3298
104813 3272
104830 3284
104846 3300
104862 3301
104878 3310
104895 3321
104911 3336
104927 3342
104944 3353
104960 3360
104976 3370
104994 3381
105010 3393
105026 3398
105042 3403
105059 3421
105075 3432
105091 3439
105108 3446
105124 3456
105140 3465
105156 3475
105173 3485
105189 3492
105205 3502
105222 3491
105238 3522
105254 3531
105270 3539
105287 3551
105303 3560
105319 3571
105336 3579
105352 3587
105368 3601
105384 3609
105401 3615
105417 3626
105433 3637
105450 3637
105466 3628
105482 3623
105498 3611
105515 3604
105531 3591
105547 3583
105564 3572
105580 3564
105596 3564
105612 3545
105629 3532
105645 3495
105661 3517
105678 3508
105694 3503
105710 3489
105726 3478
105743 3472
105759 3462
105775 3452
105792 3442
105808 3434
105824 3424
105840 3415
105857 3409
105873 3397
105889 3386
105906 3380
105922 3383
105938 3359
105954 3351
105971 3359
105988 3330
106004 3323
106021 3284
106037 3304
106053 3297
106070 3282
106086 3277
106102 3266
106118 3256
106135 3246
106151 3237
106167 3228
106184 3220
106200 3208
106216 3199
106232 3189
106249 3181
106265 3170
106281 3163
106298 3153
106314 3143
106330 3132
106346 3133
106363 3113
106379 3103
106395 3104
106412 3084
106428 3074
106444 3066
106460 3056
106477 3046
106493 3037
106509 3029
106526 3019
106542 3009
106558 2999
106574 2991
106591 2980
106607 2971
106623 2961
106640 2954
106656 2945
106672 2934
106688 2922
106705 2914
106721 2905
106737 2892
106754 2890
106770 2876
106786 2866
106802 2855
106819 2844
106835 2837
106851 2825
106868 2817
106884 2808
106900 2799
106916 2787
106933 2782
106949 2769
106965 2758
106982 2750
106999 2738
107015 2731
107032 2725
107048 2711
107064 2702
107080 2690
107097 2681
107113 2668
107129 2664
107146 2657
107162 2642
107178 2633
107194 2623
107211 2617
107227 2602
107243 2594
107260 2585
107276 2558
107292 2564
107308 2554
107325 2541
107341 2536
107357 2526
107374 2517
107390 2506
107406 2498
107422 2486
107439 2481
107455 2467
107471 2456
107488 2447
107504 2438
107520 2425
107536 2421
107553 2411
107569 2401
107585 2390
107602 2381
107618 2372
107634 2361
107650 2350
107667 2342
107683 2330
107699 2323
107716 2313
107732 2303
107748 2294
107764 2285
107781 2273
107797 2263
107813 2255
107830 2244
107846 2238
107862 2221
107878 2214
107895 2203
107911 2192
107927 2184
107944 2174
107960 2166
107976 2156
107994 2145
108010 2134
108026 2124
108042 2124
108059 2107
108075 2098
108091 2088
108108 2077
108124 2067
108140 2057
108156 2047
108173 2037
108189 2030
108205 2019
108222 2006
108238 1998
108254 1989
108270 1979
108287 1969
108303 1969
108319 1949
108336 1939
108352 1929
108368 1924
108384 1913
108401 1903
108417 1890
108433 1885
108450 1870
108466 1862
108482 1851
108498 1841
108515 1832
108531 1822
108547 1811
108564 1803
108580 1792
108596 1784
108612 1774
108629 1762
108645 1752
108661 1745
108678 1717
108694 1723
108710 1717
108726 1702
108743 1692
108759 1681
108775 1678
108792 1667
108808 1665
108824 1647
108840 1637
108857 1623
108873 1620
108889 1608
108906 1599
108922 1588
108938 1578
108954 1570
108971 1563
108988 1543
109004 1539
109021 1528
109037 1521
109053 1512
109070 1501
109086 1492
109102 1477
109118 1480
109135 1457
109151 1451
109167 1439
109184 1432
109200 1412
109216 1407
109232 1403
109249 1393
109265 1380
109281 1370
109298 1363
109314 1355
109330 1342
109346 1331
109363 1325
109379 1326
109395 1301
109412 1292
109428 1285
109444 1276
109460 1263
109477 1255
109493 1245
109509 1237
109526 1230
109542 1216
109558 1207
109574 1189
109591 1186
109607 1178
109623 1171
109640 1158
109656 1150
109672 1143
109688 1129
109705 1118
109721 1111
109737 1098
109754 1090
109770 1080
109786 1075
109802 1061
109819 1050
109835 1041
109851 1033
109868 1022
109884 999
109900 1003
109916 993
109933 1006
109949 975
109965 967
109982 981
109999 945
110015 935
110032 927
110048 916
110064 906
110080 902
110097 885
110113 875
110129 864
110146 860
110162 847
110178 837
110194 827
110211 821
110227 811
110243 798
110260 795
110276 783
110292 774
110308 765
110325 756
110341 745
110357 738
110374 723
110390 718
110406 708
110422 697
110439 689
110455 678
110471 671
110488 659
110504 649
110520 626
110536 631
110553 623
110569 609
110585 604
110602 593
110618 585
110634 583
110650 567
110667 559
110683 547
110699 540
110716 531
110732 520
110748 511
110764 503
110781 494
110797 488
110813 476
110830 467
110846 451
110862 448
110878 437
110895 427
110911 413
110927 412
110944 401
110960 392
110976 383
110993 379
111010 367
111026 356
111042 350
111059 339
111075 327
111091 320
111107 310
111124 302
111140 292
111156 284
111173 273
111189 262
111205 255
111221 255
111238 239
111254 227
111270 215
111287 210
111303 200
111319 189
111335 186
111352 176
111368 170
111384 156
111401 145
111417 141
111433 131
111449 125
111466 123
111482 127
111498 136
111515 145
111531 153
111547 164
111563 172
111580 185
111596 223
111612 200
111629 208
111645 197
111661 226
111677 237
111694 247
111710 258
111726 264
111743 268
111759 287
111775 293
111791 302
111808 311
111824 320
111840 330
111857 337
111873 349
111889 361
111905 368
111922 373
111938 386
111954 396
111971 419
111988 414
112004 424
112021 447
112037 438
112053 453
112069 459
112086 470
112102 481
112118 492
112135 500
112151 508
112167 510
112183 529
112200 538
112216 547
112232 559
112249 568
112265 573
112281 589
112297 595
112314 602
112330 613
112346 622
112363 635
112379 641
112395 652
112411 662
112428 670
112444 679
112460 689
112477 700
112493 699
112509 720
112525 727
112542 739
112558 746
112574 759
112591 765
112607 776
112623 786
112639 799
112656 805
112672 814
112688 825
112705 837
112721 853
112737 852
112753 866
112770 870
112786 883
112802 895
112819 903
112835 915
112851 923
112867 928
112884 942
112900 950
112916 961
112933 972
112949 990
112965 995
112981 999
112999 1013
113015 1021
113031 1032
113048 1044
113064 1054
113080 1063
113097 1071
113113 1080
113129 1093
113145 1102
113162 1111
113178 1123
113194 1130
113211 1142
113227 1189
113243 1161
113259 1173
113276 1184
113292 1192
113308 1201
113325 1210
113341 1222
113357 1232
113373 1245
113390 1253
113406 1263
113422 1268
113439 1281
113455 1292
113471 1301
113487 1313
113504 1320
113520 1332
113536 1341
113553 1349
113569 1359
113585 1372
113601 1383
113618 1391
113634 1401
113650 1415
113667 1422
113683 1430
113699 1443
113715 1452
113732 1463
113748 1474
113764 1484
113781 1492
113797 1502
113813 1512
113829 1522
113846 1531
113862 1543
113878 1552
113895 1564
113911 1564
113927 1581
113943 1589
113960 1601
113976 1611
113993 1622
114010 1632
114026 1641
114042 1651
114059 1660
114075 1670
114091 1681
114107 1694
114124 1700
114140 1711
114156 1725
114173 1756
114189 1743
114205 1752
114221 1765
114238 1773
114254 1782
114270 1791
114287 1803
114303 1804
114319 1822
114335 1832
114352 1845
114368 1855
114384 1865
114401 1873
114417 1885
114433 1893
114449 1905
114466 1917
114482 1924
114498 1936
114515 1945
114531 1953
114547 1958
114563 1975
114580 1984
114596 1996
114612 2006
114629 2014
114645 2023
114661 2034
114677 2072
114694 2058
114710 2067
114726 2077
114743 2089
114759 2094
114775 2106
114791 2115
114808 2119
114824 2137
114840 2145
114857 2153
114873 2163
114889 2175
114905 2189
114922 2198
114938 2203
114954 2215
114971 2229
114988 2241
115004 2247
115021 2256
115037 2267
115053 2277
115069 2286
115086 2295
115102 2311
115118 2315
115135 2329
115151 2338
115167 2350
115183 2358
115200 2369
115216 2381
115232 2387
115249 2398
115265 2407
115281 2416
115297 2430
115314 2438
115330 2449
115346 2457
115363 2466
115379 2454
115395 2486
115411 2498
115428 2510
115444 2518
115460 2528
115477 2537
115493 2543
115509 2557
115525 2568
115542 2577
115558 2587
115574 2592
115591 2606
115607 2618
115623 2625
115639 2636
115656 2646
115672 2656
115688 2669
115705 2677
115721 2687
115737 2699
115753 2710
115770 2718
115786 2724
115802 2743
115819 2743
115835 2727
115851 2766
115867 2776
115884 2782
115900 2794
115916 2804
115933 2816
115949 2826
115965 2835
115981 2845
115999 2854
116015 2870
116031 2877
116048 2883
116064 2901
116080 2905
116097 2914
116113 2924
116129 2936
116145 2945
116162 2954
116178 2964
116194 2977
116211 2982
116227 2992
116243 3004
116259 3014
116276 2999
116292 3033
116308 3040
116325 3050
116341 3061
116357 3073
116373 3085
116390 3093
116406 3102
116422 3111
116439 3122
116455 3127
116471 3139
116487 3150
116504 3160
116520 3169
116536 3176
116553 3188
116569 3191
116585 3209
116601 3218
116618 3227
116634 3236
116650 3248
116667 3257
116683 3264
116699 3277
116715 3285
116732 3293
116748 3303
116764 3312
116781 3327
116797 3329
116813 3342
116829 3351
116846 3357
116862 3371
116878 3380
116895 3390
116911 3367
116927 3409
116943 3417
116960 3427
116976 3436
116993 3451
117010 3455
117026 3470
117042 3477
117059 3485
117075 3493
117091 3503
117107 3513
117124 3522
117140 3530
117156 3541
117173 3553
117189 3560
117205 3571
117221 3579
117238 3588
117254 3597
117270 3605
117287 3613
117303 3628
117319 3648
117335 3639
117352 3630
117368 3596
117384 3611
117401 3602
117417 3595
117433 3582
117449 3575
117466 3564
117482 3552
117498 3546
117515 3536
117531 3522
117547 3517
117563 3507
117580 3498
117596 3503
117612 3483
117629 3473
117645 3461
117661 3454
117677 3444
117694 3432
117710 3424
117726 3413
117743 3415
117759 3398
117775 3391
117791 3381
117808 3370
117824 3361
117840 3349
117857 3344
117873 3333
117889 3323
117905 3315
117922 3303
117938 3293
117954 3284
117971 3281
117988 3266
118004 3256
118021 3250
118037 3235
118053 3226
118069 3217
118086 3206
118102 3197
118118 3191
118135 3183
118151 3171
118167 3164
118183 3153
118200 3142
118216 3133
118232 3122
118249 3115
118265 3103
118281 3094
118297 3086
118314 3076
118330 3065
118346 3057
118363 3047
118379 3039
118395 3029
118411 3019
118428 3008
118444 2998
118460 2989
118477 2982
118493 2969
118509 2961
118525 2953
118542 2943
118558 2932
118574 2922
118591 2910
118607 2901
118623 2894
118639 2885
118656 2875
118672 2857
118688 2855
118705 2843
118721 2837
118737 2825
118753 2818
118770 2751
118786 2799
118802 2785
118819 2783
118835 2766
118851 2759
118867 2749
118884 2739
118900 2729
118916 2719
118933 2713
118949 2701
118965 2690
118981 2680
118999 2672
119015 2662
119031 2650
119048 2640
119064 2633
119080 2621
119097 2664
119113 2605
119129 2592
119145 2586
119162 2572
119178 2564
119194 2555
119211 2547
119227 2535
119243 2521
119259 2515
119276 2507
119292 2504
119308 2487
119325 2478
119341 2468
119357 2455
119373 2452
119390 2445
119406 2426
119422 2422
119439 2407
119455 2401
119471 2390
119487 2378
119504 2369
119520 2368
119536 2351
119553 2337
119569 2334
119585 2317
119601 2308
119618 2301
119634 2293
119650 2284
119667 2274
119683 2262
119699 2253
119715 2245
119732 2233
119748 2222
119764 2214
119781 2205
119797 2188
119813 2183
119829 2172
119846 2166
119862 2150
119878 2147
119895 2136
119911 2123
119927 2113
119943 2100
119960 2091
119976 2084
119993 2070
120010 2066
120026 2057
120042 2048
120058 2035
120075 2027
120091 2017
120107 2004
120124 1997
120140 1988
120156 1977
120172 1966
120189 1955
120205 1948
120221 1940
120238 1927
120254 1913
120270 1933
120286 1898
120303 1889
120319 1879
120335 1866
120352 1859
120368 1849
120384 1837
120400 1829
120417 1820
120433 1811
120449 1799
120466 1793
120482 1779
120498 1769
120514 1762
120531 1750
120547 1740
120563 1732
120580 1720
120596 1699
120612 1703
120628 1693
120645 1676
120661 1673
120677 1665
120694 1653
120710 1645
120726 1632
120742 1630
120759 1614
120775 1601
120791 1596
120808 1587
120824 1574
120840 1563
120856 1555
120873 1547
120889 1540
120905 1526
120922 1516
120938 1512
120954 1497
120970 1487
120988 1475
121004 1466
121020 1456
121037 1446
121053 1430
121069 1426
121086 1415
121102 1406
121118 1400
121134 1386
121151 1380
121167 1368
121183 1360
121200 1352
121216 1342
121232 1328
121248 1317
121265 1310
121281 1298
121297 1291
121314 1261
121330 1269
121346 1262
121362 1250
121379 1242
121395 1251
121411 1223
121428 1211
121444 1201
121460 1193
121476 1181
121493 1174
121509 1165
121525 1153
121542 1143
121558 1134
121574 1122
121590 1117
121607 1106
121623 1096
121639 1084
121656 1076
121672 1071
121688 1049
121704 1031
121721 1038
121737 1028
121753 1021
121770 1011
121786 999
121802 992
121818 981
121835 960
121851 961
121867 953
121884 962
121900 931
121916 923
121932 915
121949 902
121965 892
121981 887
121999 880
122015 877
122031 857
122048 852
122064 839
122080 828
122097 820
122113 806
122129 797
122145 819
122162 781
122178 769
122194 763
122211 752
122227 742
122243 733
122259 720
122276 721
122292 706
122308 696
122325 690
122341 677
122357 667
122373 655
122390 647
122406 639
122422 629
122439 622
122455 610
122471 605
122487 595
122504 583
122520 569
122536 564
122553 555
122569 545
122585 537
122601 525
122618 519
122634 508
122650 499
122667 489
122683 482
122699 470
122715 461
122732 453
122748 445
122764 436
122781 459
122797 421
122813 405
122829 394
122846 389
122862 379
122878 372
122895 361
122911 360
122927 344
122943 336
122960 323
122976 316
122993 305
123010 301
123026 287
123042 311
123059 272
123075 263
123091 254
123107 243
123124 237
123140 226
123156 217
123173 231
123189 201
123205 193
123221 172
123238 175
123254 165
123270 155
123287 147
123303 141
123319 128
123335 119
123352 115
123368 130
123384 138
123401 147
123417 159
123433 166
123449 175
123466 185
123482 194
123498 204
123515 209
123531 221
123547 228
123563 238
123580 247
123596 261
123612 265
123629 274
123645 287
123661 294
123677 300
123694 314
123710 321
123726 324
123743 343
123759 350
123775 362
123791 373
123808 392
123824 387
123840 401
123857 408
123873 416
123889 430
123905 437
123922 446
123938 445
123954 466
123971 470
123988 475
124004 494
124021 503
124037 514
124053 521
124069 530
124086 540
124102 552
124118 558
124135 567
124151 576
124167 586
124183 596
124200 605
124216 619
124232 626
124249 638
124265 644
124281 654
124297 664
124314 675
124330 683
124346 687
124363 703
124379 714
124395 742
124411 732
124428 742
124444 755
124460 761
124477 770
124493 782
124509 792
124525 797
124542 809
124558 821
124574 830
124591 840
124607 846
124623 859
124639 867
124656 879
124672 889
124688 899
124705 907
124721 910
124737 924
124753 938
124770 916
124786 956
124802 968
124819 979
124835 988
124851 993
124867 999
124884 1015
124900 1027
124916 1036
124933 1045
124949 1053
124965 1067
124981 1078
124999 1076
125015 1097
125031 1106
125048 1114
125064 1126
125080 1135
125097 1159
125113 1154
125129 1172
125145 1187
125162 1185
125178 1195
125194 1208
125211 1214
125227 1225
125243 1231
125259 1245
125276 1254
125292 1268
125308 1276
125325 1283
125341 1296
125357 1306
125373 1315
125390 1322
125406 1336
125422 1344
125439 1358
125455 1366
125471 1361
125487 1385
125504 1395
125520 1408
125536 1415
125553 1426
125569 1436
125585 1447
125601 1452
125618 1457
125634 1473
125650 1483
125667 1495
125683 1504
125699 1512
125715 1525
125732 1536
125748 1544
125764 1553
125781 1568
125797 1573
125813 1586
125829 1598
125846 1604
125862 1615
125878 1625
125895 1700
125911 1644
125927 1657
125943 1662
125960 1674
125976 1685
125993 1697
126010 1705
126026 1713
126042 1732
126058 1737
126075 1744
126091 1757
126107 1765
126124 1778
126140 1787
126156 1795
126172 1808
126189 1815
126205 1828
126221 1854
126238 1846
126254 1857
126270 1855
126286 1879
126303 1887
126319 1900
126335 1910
126352 1915
126368 1925
126384 1936
126400 1947
126417 1958
126433 1971
126449 1973
126466 1985
126482 1998
126498 2006
126514 2017
126531 2029
126547 2041
126563 2047
126580 2057
126596 2062
126612 2076
126628 2088
126645 2083
126661 2105
126677 2117
126694 2125
126710 2141
126726 2151
126742 2156
126759 2166
126775 2175
126791 2186
126808 2196
126824 2210
126840 2218
126856 2227
126873 2238
126889 2248
126905 2256
126922 2263
126938 2279
126954 2288
126970 2267
126988 2308
127004 2316
127020 2303
127037 2336
127053 2345
127069 2356
127086 2367
127102 2377
127118 2388
127134 2397
127151 2406
127167 2414
127183 2424
127200 2437
127216 2449
127232 2459
127248 2465
127265 2476
127281 2486
127297 2497
127314 2506
127330 2516
127346 2551
127362 2537
127379 2543
127395 2554
127411 2567
127428 2576
127444 2585
127460 2596
127476 2606
127493 2615
127509 2623
127525 2636
127542 2646
127558 2652
127574 2682
127590 2677
127607 2683
127623 2697
127639 2706
127656 2715
127672 2727
127688 2735
127704 2749
127721 2754
127737 2765
127753 2770
127770 2784
127786 2793
127802 2803
127818 2816
127835 2823
127851 2836
127867 2839
127884 2853
127900 2867
127916 2872
127932 2882
127949 2893
127965 2904
127981 2916
127999 2924
128015 2923
128031 2942
128048 2951
128064 2962
128080 2971
128097 2979
128113 2991
128129 3000
128145 3027
128162 3020
128178 3030
128194 3034
128211 3048
128227 3062
128243 3068
128259 3078
128276 3101
128292 3097
128308 3107
128325 3117
128341 3130
128357 3135
128373 3145
128390 3157
128406 3166
128422 3175
128439 3185
128455 3196
128471 3213
128487 3213
128504 3224
128520 3231
128536 3239
128553 3252
128569 3264
128585 3273
128601 3282
128618 3289
128634 3298
128650 3309
128667 3319
128683 3329
128699 3341
128715 3349
128732 3356
128748 3369
128764 3380
128781 3401
128797 3394
128813 3399
128829 3417
128846 3428
128862 3440
128878 3444
128895 3456
128911 3467
128927 3472
128943 3484
128960 3501
128976 3501
128993 3514
129010 3521
129026 3532
129042 3539
129059 3551
129075 3561
129091 3575
129107 3578
129124 3589
129140 3599
129156 3612
129173 3614
129189 3627
129205 3635
129221 3639
129238 3630
129254 3620
129270 3610
129287 3603
129303 3591
129319 3583
129335 3573
129352 3567
129368 3551
129384 3544
129401 3537
129417 3525
129433 3518
129449 3510
129466 3502
129482 3492
129498 3484
129515 3472
129531 3467
129547 3472
129563 3445
129580 3434
129596 3426
129612 3412
129629 3405
129645 3402
129661 3387
129677 3380
129694 3370
129710 3359
129726 3347
129743 3341
129759 3331
129775 3319
129791 3314
129808 3323
129824 3293
129840 3282
129857 3274
129873 3268
129889 3254
129905 3249
129922 3239
129938 3238
129954 3218
129971 3205
129988 3204
130004 3190
130021 3181
130037 3170
130053 3161
130069 3151
130086 3142
130102 3132
130118 3122
130135 3111
130151 3103
130167 3094
130183 3085
130200 3078
130216 3064
130232 3058
130249 3044
130265 3038
130281 3033
130297 3017
130314 3011
130330 2994
130346 2992
130363 2980
130379 2964
130395 2959
130411 2951
130428 2943
130444 2935
130460 2925
130477 2914
130493 2905
130509 2894
130525 2883
130542 2874
130558 2866
130574 2877
130591 2848
130607 2838
130623 2829
130639 2818
130656 2806
130672 2800
130688 2791
130705 2768
130721 2778
130737 2760
130753 2747
130770 2737
130786 2731
130802 2721
130819 2713
130835 2701
130851 2693
130867 2683
130884 2671
130900 2664
130916 2651
130933 2642
130949 2635
130965 2624
130981 2614
130999 2605
131015 2620
131031 2587
131048 2574
131064 2566
131080 2554
131097 2546
131113 2536
131129 2526
131145 2510
131162 2505
131178 2496
131194 2477
131211 2477
131227 2469
131243 2458
131259 2444
131276 2435
131292 2428
131308 2418
131325 2409
131341 2400
131357 2392
131373 2380
131390 2370
131406 2360
131422 2349
131439 2342
131455 2332
131471 2298
131487 2312
131504 2303
131520 2286
131536 2283
131553 2274
131569 2267
131585 2254
131601 2243
131618 2232
131634 2226
131650 2214
131667 2204
131683 2194
131699 2184
131715 2175
131732 2165
131748 2156
131764 2146
131781 2135
131797 2124
131813 2117
131829 2110
131846 2100
131862 2088
131878 2079
131895 2061
131911 2056
131927 2049
131943 2036
131960 2028
131976 2015
131993 2003
132010 1999
132026 1990
132042 1978
132058 1968
132075 1961
132091 1951
132107 1940
132124 1930
132140 1923
132156 1909
132172 1899
132189 1892
132205 1880
132221 1859
132238 1861
132254 1853
132270 1835
132286 1835
132303 1822
132319 1814
132335 1804
132352 1792
132368 1785
132384 1774
132400 1761
132417 1748
132433 1743
132449 1735
132466 1728
132482 1712
132498 1703
132514 1699
132531 1684
132547 1673
132563 1665
132580 1656
132596 1641
132612 1635
132628 1631
132645 1623
132661 1608
132677 1596
132694 1587
132710 1576
132726 1568
132742 1558
132759 1547
132775 1538
132791 1525
132808 1519
132824 1505
132840 1497
132856 1489
132873 1479
132889 1469
132905 1459
132922 1446
132938 1440
132954 1432
132970 1418
132988 1410
133004 1401
133020 1389
133037 1381
133053 1377
133069 1359
133086 1349
133102 1340
133118 1326
133134 1323
133151 1312
133167 1293
133183 1292
133200 1281
133216 1271
133232 1265
133248 1254
133265 1245
133281 1235
133297 1228
133314 1215
133330 1205
133346 1183
133362 1186
133379 1172
133395 1162
133411 1155
133428 1147
133444 1138
133460 1126
133476 1117
133493 1110
133509 1100
133525 1088
133542 1077
133558 1068
133574 1058
133590 1048
133607 1039
133623 1026
133639 1023
133656 1012
133672 1004
133688 987
133704 981
133721 981
133737 959
133753 955
133770 931
133786 934
133802 925
133818 919
133835 906
133851 896
133867 886
133884 874
133900 868
133916 855
133932 846
133949 837
133965 827
133981 817
133999 809
134015 799
134031 786
134048 782
134064 772
