2 0
55 0
71 0
88 0
104 0
120 0
137 0
153 0
169 0
186 0
202 0
218 0
235 0
251 0
267 0
284 0
300 0
316 0
333 0
349 0
365 0
382 0
398 0
414 0
431 0
447 0
463 0
480 0
496 0
512 0
529 0
545 0
561 0
578 0
594 0
610 0
627 0
643 0
659 0
676 0
692 0
708 0
725 0
741 0
757 0
774 0
790 0
806 0
823 0
839 0
855 0
872 0
888 0
904 0
921 0
937 0
953 0
970 0
987 0
1004 0
1020 0
1036 0
1053 0
1069 0
1085 0
1102 0
1118 0
1134 0
1151 0
1167 0
1183 0
1200 0
1216 0
1232 0
1249 0
1265 0
1281 0
1298 0
1314 0
1330 0
1347 0
1363 0
1379 0
1396 0
1412 0
1428 0
1445 0
1461 0
1477 0
1494 0
1510 0
1526 0
1543 0
1559 0
1575 0
1592 0
1608 0
1624 0
1641 0
1657 0
1673 0
1690 0
1706 0
1722 0
1739 0
1755 0
1771 0
1788 0
1804 0
1820 0
1837 0
1853 0
1869 0
1886 0
1902 0
1918 0
1935 0
1951 0
1967 0
1985 0
2001 0
2017 0
2034 0
2050 0
2066 0
2083 0
2099 0
2115 0
2132 0
2148 0
2164 0
2181 0
2197 0
2213 0
2230 0
2246 0
2262 0
2279 0
2295 0
2311 0
2328 0
2344 0
2360 0
2377 0
2393 0
2409 0
2426 0
2442 0
2458 0
2475 0
2491 0
2507 0
2524 0
2540 0
2556 0
2573 0
2589 0
2605 0
2622 0
2638 0
2654 0
2671 0
2687 0
2703 0
2720 0
2736 0
2752 0
2769 0
2785 0
2801 0
2818 0
2834 0
2850 0
2867 0
2883 0
2899 0
2916 0
2932 0
2948 0
2965 0
2981 0
2998 0
3015 0
3031 0
3047 0
3064 0
3080 0
3096 0
3113 0
3129 0
3145 0
3162 0
3178 0
3194 0
3211 0
3227 0
3243 0
3260 0
3276 0
3292 0
3309 0
3325 0
3341 0
3358 0
3374 0
3390 0
3407 0
3423 3323
3439 3331
3456 3317
3472 3316
3488 3320
3505 3315
3521 3311
3537 3312
3554 3317
3570 3318
3586 3316
3603 3314
3619 3315
3635 3315
3652 3315
3668 3318
3684 3314
3701 3313
3717 3316
3733 3316
3750 3315
3766 3317
3782 3318
3799 3314
3815 3316
3831 3314
3848 3318
3864 3315
3880 3315
3897 3316
3913 3316
3929 3316
3946 3314
3962 3317
3978 3314
3996 3321
4012 3316
4029 3318
4045 3313
4061 3318
4078 3317
4094 3315
4110 3316
4127 3300
4143 3315
4159 3315
4176 3320
4192 3316
4208 3316
4225 3317
4241 3323
4257 3314
4274 3314
4290 3316
4306 3318
4323 3317
4339 3314
4355 0
4372 0
4388 0
4404 0
4421 0
4437 0
4453 0
4470 0
4486 0
4502 0
4519 0
4535 0
4551 0
4568 0
4584 0
4600 0
4617 0
4633 0
4649 0
4666 0
4682 0
4698 0
4715 0
4731 0
4747 0
4764 0
4780 0
4796 0
4813 0
4829 0
4845 0
4862 0
4878 0
4894 0
4911 0
4927 0
4943 0
4960 0
4976 0
4993 0
5010 0
5026 0
5042 0
5059 0
5075 0
5091 0
5108 0
5124 0
5140 0
5157 0
5173 0
5189 0
5206 0
5222 0
5238 0
5255 12
5271 0
5287 0
5304 0
5320 0
5336 0
5353 0
5369 0
5385 0
5402 0
5418 0
5434 0
5451 0
5467 0
5483 0
5500 0
5516 0
5532 0
5549 0
5565 0
5581 0
5598 0
5614 0
5630 0
5647 0
5663 0
5679 0
5696 0
5712 0
5728 0
5745 0
5761 0
5777 0
5794 0
5810 0
5826 0
5843 0
5859 0
5875 0
5892 0
5908 0
5924 0
5941 0
5957 0
5973 0
5991 0
6007 0
6023 0
6040 0
6056 0
6072 5
6089 0
6105 0
6121 0
6138 0
6154 0
6170 0
6187 0
6203 0
6219 0
6236 0
6252 0
6268 0
6285 0
6301 0
6317 0
6334 0
6350 0
6366 0
6383 0
6399 0
6415 0
6432 0
6448 0
6464 0
6481 0
6497 0
6513 0
6530 0
6546 0
6562 0
6579 0
6595 0
6611 0
6628 0
6644 0
6660 0
6677 0
6693 0
6709 0
6726 0
6742 0
6758 0
6775 0
6791 0
6807 0
6824 0
6840 0
6856 0
6873 0
6889 0
6905 0
6922 0
6938 0
6954 0
6971 0
6988 0
7005 0
7021 0
7037 0
7054 0
7070 0
7086 0
7103 0
7119 0
7135 0
7152 0
7168 0
7184 0
7201 0
7217 0
7233 0
7250 0
7266 0
7282 0
7299 0
7315 0
7331 0
7348 0
7364 0
7380 0
7397 0
7413 0
7429 0
7446 0
7462 0
7478 0
7495 0
7511 0
7527 0
7544 0
7560 0
7576 0
7593 0
7609 0
7625 0
7642 0
7658 0
7674 0
7691 0
7707 0
7723 0
7740 0
7756 0
7772 0
7789 0
7805 0
7821 0
7838 0
7854 0
7870 0
7887 0
7903 0
7919 0
7936 0
7952 0
7968 0
7986 0
8002 0
8018 0
8035 0
8051 0
8067 0
8084 0
8100 0
8116 0
8133 0
8149 0
8165 0
8182 0
8198 0
8214 0
8231 0
8247 0
8263 0
8280 0
8296 0
8312 0
8329 0
8345 0
8361 0
8378 0
8394 0
8410 0
8427 0
8443 0
8459 0
8476 0
8492 0
8508 0
8525 0
8541 0
8557 0
8574 0
8590 0
8606 0
8623 0
8639 0
8655 0
8672 0
8688 0
8704 0
8721 0
8737 0
8753 0
8770 0
8786 0
8802 0
8819 0
8835 0
8851 0
8868 0
8884 0
8900 0
8917 0
8933 0
8949 0
8966 0
8982 0
8999 0
9016 0
9032 0
9048 0
9065 0
9081 0
9097 0
9114 0
9130 0
9146 0
9163 0
9179 0
9195 0
9212 0
9228 0
9244 0
9261 0
9277 0
9293 0
9310 0
9326 0
9342 0
9359 0
9375 0
9391 0
9408 0
9424 0
9440 0
9457 0
9473 0
9489 0
9506 0
9522 0
9538 0
9555 0
9571 0
9587 0
9604 0
9620 0
9636 0
9653 0
9669 0
9685 0
9702 0
9718 0
9734 0
9751 0
9767 0
9783 0
9800 0
9816 0
9832 3320
9849 3317
9865 3322
9881 3318
9898 3321
9914 3317
9930 3316
9947 3314
9963 3315
9979 3317
9996 3331
10013 3316
10029 3315
10045 3355
10062 3318
10078 3314
10094 3312
10111 3316
10127 3316
10143 3315
10160 3314
10176 3314
10192 3314
10209 3319
10225 3318
10241 3318
10258 3316
10274 3315
10290 3317
10307 3315
10323 3317
10339 3317
10356 3320
10372 3295
10388 3319
10405 3312
10421 3316
10437 3316
10454 3317
10470 3316
10486 3316
10503 3312
10519 3314
10535 3317
10552 3314
10568 3315
10584 3318
10601 3316
10617 3316
10633 3316
10650 3316
10666 3316
10682 3314
10699 3316
10715 3317
10731 3319
10748 0
10764 0
10780 0
10797 0
10813 0
10829 0
10846 0
10862 0
10878 0
10895 0
10911 0
10927 0
10944 0
10960 0
10976 0
10994 0
11010 0
11027 0
11043 0
11059 0
11076 0
11092 0
11108 0
11125 0
11141 0
11157 0
11174 0
11190 0
11206 0
11223 0
11239 0
11255 0
11272 0
11288 0
11304 0
11321 0
11337 0
11353 0
11370 0
11386 0
11402 0
11419 0
11435 0
11451 0
11468 0
11484 0
11500 0
11517 0
11533 0
11549 0
11566 0
11582 0
11598 0
11615 0
11631 0
11647 0
11664 0
11680 0
11696 0
11713 0
11729 0
11745 0
11762 0
11778 0
11794 0
11811 0
11827 0
11843 0
11860 0
11876 0
11892 0
11909 0
11925 0
11941 0
11958 0
11974 0
11991 0
12008 0
12024 0
12040 0
12057 0
12073 0
12089 0
12106 0
12122 0
12138 0
12155 0
12171 0
12187 0
12204 0
12220 0
12236 0
12253 0
12269 0
12285 0
12302 0
12318 0
12334 0
12351 0
12367 0
12383 0
12400 0
12416 0
12432 0
12449 0
12465 0
12481 0
12498 0
12514 0
12530 0
12547 0
12563 0
12579 0
12596 0
12612 0
12628 0
12645 0
12661 0
12677 0
12694 0
12710 0
12726 0
12743 0
12759 0
12775 0
12792 0
12808 0
12824 0
12841 0
12857 0
12873 0
12890 0
12906 0
12922 0
12939 0
12955 0
12971 0
12989 0
13005 0
13021 0
13038 0
13054 0
13070 0
13087 0
13103 0
13119 0
13136 0
13152 0
13168 0
13185 0
13201 0
13217 0
13234 0
13250 0
13266 0
13283 0
13299 0
13315 0
13332 0
13348 0
13364 0
13381 0
13397 0
13413 0
13430 0
13446 0
13462 0
13479 0
13495 0
13511 0
13528 0
13544 0
13560 0
13577 0
13593 0
13609 0
13626 0
13642 0
13658 0
13675 0
13691 0
13707 0
13724 0
13740 0
13756 0
13773 0
13789 0
13805 0
13822 0
13838 0
13854 0
13871 0
13887 0
13903 0
13920 0
13936 0
13952 0
13969 0
13986 0
14003 0
14019 0
14035 0
14052 0
14068 0
14084 0
14101 0
14117 0
14133 0
14150 0
14166 0
14182 0
14199 0
14215 0
14231 0
14248 0
14264 0
14280 0
14297 0
14313 0
14329 0
14346 0
14362 0
14378 0
14395 0
14411 0
14427 0
14444 0
14460 0
14476 0
14493 0
14509 0
14525 0
14542 0
14558 0
14574 0
14591 0
14607 0
14623 0
14640 0
14656 0
14672 0
14689 0
14705 0
14721 0
14738 0
14754 0
14770 0
14787 0
14803 0
14819 0
14836 0
14852 0
14868 0
14885 0
14901 0
14917 0
14934 0
14950 0
14966 0
14983 0
15000 0
15016 0
15033 0
15049 0
15065 0
15082 0
15098 0
15114 0
15131 0
15147 0
15163 0
15180 0
15196 0
15212 0
15229 0
15245 0
15261 0
15278 0
15294 0
15310 0
15327 0
15343 0
15359 0
15376 0
15392 0
15408 0
15425 0
15441 0
15457 0
15474 0
15490 0
15506 0
15523 0
15539 0
15555 0
15572 0
15588 0
15604 0
15621 0
15637 0
15653 0
15670 0
15686 0
15702 0
15719 0
15735 0
15751 0
15768 0
15784 0
15800 0
15817 0
15833 0
15849 0
15866 0
15882 0
15898 0
15915 0
15931 0
15947 0
15964 0
15980 0
15996 0
16013 0
16029 0
16045 0
16062 0
16078 0
16094 0
16111 0
16127 0
16143 0
16160 0
16176 0
16192 0
16209 0
16225 0
16241 0
16258 3324
16274 3321
16290 3321
16307 3315
16323 3323
16339 3315
16356 3315
16372 3320
16388 3315
16405 3316
16421 3317
16437 3315
16454 3317
16470 3318
16486 3315
16503 3317
16519 3321
16535 3314
16552 3316
16568 3320
16584 3318
16601 3315
16617 3321
16633 3317
16650 3318
16666 3318
16682 3314
16699 3317
16715 3317
16731 3316
16748 3315
16764 3317
16780 3315
16797 3315
16813 3317
16829 3315
16846 3317
16862 3316
16878 3316
16895 3314
16911 3317
16927 3310
16944 3314
16960 3314
16976 3314
16994 3318
17010 3316
17027 3319
17043 3316
17059 3318
17076 3318
17092 3320
17108 3327
17125 3316
17141 3317
17157 3317
17174 12
17190 0
17206 0
17223 0
17239 0
17255 0
17272 0
17288 0
17304 0
17321 0
17337 0
17353 0
17370 0
17386 0
17402 0
17419 0
17435 0
17451 0
17468 0
17484 0
17500 0
17517 0
17533 0
17549 0
17566 0
17582 0
17598 0
17615 0
17631 0
17647 0
17664 0
17680 0
17696 0
17713 0
17729 0
17745 0
17762 0
17778 0
17794 0
17811 0
17827 0
17843 0
17860 0
17876 0
17892 0
17909 0
17925 0
17941 0
17958 0
17974 0
17991 0
18008 0
18024 0
18040 0
18057 0
18073 0
18089 0
18106 0
18122 0
18138 0
18155 0
18171 0
18187 0
18204 0
18220 0
18236 0
18253 0
18269 0
18285 0
18302 0
18318 0
18334 0
18351 0
18367 0
18383 0
18400 0
18416 0
18432 0
18449 0
18465 0
18481 0
18498 0
18514 0
18530 0
18547 0
18563 0
18579 0
18596 0
18612 0
18628 0
18645 0
18661 0
18677 0
18694 0
18710 0
18726 0
18743 0
18759 0
18775 0
18792 0
18808 0
18824 0
18841 0
18857 0
18873 0
18890 0
18906 0
18922 0
18939 0
18955 0
18971 0
18989 0
19005 0
19021 0
19038 0
19054 0
19070 0
19087 0
19103 0
19119 0
19136 0
19152 0
19168 0
19185 0
19201 0
19217 0
19234 0
19250 0
19266 0
19283 0
19299 0
19315 0
19332 0
19348 0
19364 0
19381 0
19397 0
19413 0
19430 0
19446 0
19462 0
19479 0
19495 0
19511 0
19528 0
19544 0
19560 0
19577 0
19593 0
19609 0
19626 0
19642 0
19658 0
19675 0
19691 0
19707 0
19724 0
19740 0
19756 0
19773 0
19789 0
19805 0
19822 0
19838 0
19854 0
19871 0
19887 0
19903 0
19920 0
19936 0
19952 0
19969 0
19986 0
20003 0
20019 0
20035 0
20052 0
20068 0
20084 0
20101 0
20117 0
20133 0
20150 0
20166 0
20182 0
20199 0
20215 0
20231 0
20248 0
20264 0
20280 0
20297 0
20313 0
20329 0
20346 0
20362 0
20378 0
20395 0
20411 0
20427 0
20444 0
20460 0
20476 0
20493 0
20509 0
20525 0
20542 0
20558 0
20574 18
20591 0
20607 0
20623 0
20640 0
20656 0
20672 0
20689 0
20705 0
20721 0
20738 0
20754 0
20770 0
20787 0
20803 0
20819 0
20836 0
20852 0
20868 0
20885 0
20901 0
20917 0
20934 0
20950 0
20966 0
20983 0
21000 0
21016 0
21033 0
21049 0
21065 0
21082 0
21098 0
21114 0
21131 0
21147 0
21163 0
21180 0
21196 0
21212 0
21229 0
21245 0
21261 0
21278 0
21294 0
21310 0
21327 0
21343 0
21359 0
21376 0
21392 0
21408 0
21425 0
21441 0
21457 0
21474 0
21490 0
21506 0
21523 0
21539 0
21555 0
21572 0
21588 0
21604 0
21621 0
21637 0
21653 0
21670 0
21686 0
21702 0
21719 0
21735 0
21751 0
21768 0
21784 0
21800 0
21817 0
21833 0
21849 0
21866 0
21882 0
21898 0
21915 0
21931 0
21947 0
21964 0
21980 0
21996 0
22013 0
22029 0
22045 0
22062 0
22078 0
22094 0
22111 0
22127 0
22143 0
22160 0
22176 0
22192 0
22209 0
22225 0
22241 0
22258 0
22274 0
22290 0
22307 0
22323 0
22339 0
22356 0
22372 0
22388 0
22405 0
22421 0
22437 0
22454 0
22470 0
22486 0
22503 0
22519 0
22535 0
22552 0
22568 0
22584 0
22601 0
22617 0
22633 0
22650 0
22666 0
22682 3323
22699 3318
22715 3318
22731 3309
22748 3315
22764 3318
22780 3316
22797 3316
22813 3319
22829 3315
22846 3319
22862 3329
22878 3309
22895 3315
22911 3317
22927 3316
22944 3308
22960 3315
22976 3314
22994 3317
23010 3315
23027 3318
23043 3321
23059 3318
23076 3318
23092 3318
23108 3318
23125 3313
23141 3319
23157 3317
23174 3316
23190 3318
23206 3316
23223 3314
23239 3317
23255 3298
23272 3317
23288 3314
23304 3314
23321 3316
23337 3316
23353 3317
23370 3316
23386 3317
23402 3315
23419 3316
23435 3317
23451 3316
23468 3321
23484 3317
23500 3312
23517 3317
23533 3316
23549 3298
23566 3317
23582 3317
23598 0
23615 0
23631 0
23647 0
23664 0
23680 0
23696 0
23713 0
23729 0
23745 0
23762 0
23778 0
23794 0
23811 0
23827 0
23843 0
23860 0
23876 0
23892 0
23909 0
23925 0
23941 0
23958 0
23974 0
23991 0
24008 0
24024 0
24040 0
24057 0
24073 0
24089 0
24106 0
24122 0
24138 0
24155 0
24171 0
24187 0
24204 0
24220 0
24236 0
24253 0
24269 0
24285 0
24302 0
24318 0
24334 0
24351 0
24367 0
24383 0
24400 0
24416 0
24432 0
24449 0
24465 0
24481 0
24498 0
24514 0
24530 0
24547 0
24563 0
24579 0
24596 0
24612 0
24628 0
24645 0
24661 0
24677 0
24694 0
24710 0
24726 0
24743 0
24759 0
24775 0
24792 0
24808 0
24824 0
24841 0
24857 0
24873 0
24890 0
24906 0
24922 0
24939 0
24955 0
24971 0
24989 0
25005 0
25021 0
25038 0
25054 0
25070 0
25087 0
25103 0
25119 0
25136 0
25152 0
25168 0
25185 0
25201 0
25217 0
25234 0
25250 0
25266 0
25283 0
25299 0
25315 0
25332 0
25348 0
25364 0
25381 0
25397 0
25413 0
25430 0
25446 0
25462 0
25479 0
25495 0
25511 0
25528 0
25544 0
25560 0
25577 0
25593 0
25609 0
25626 0
25642 0
25658 0
25675 0
25691 0
25707 0
25724 0
25740 0
25756 0
25773 0
25789 0
25805 0
25822 0
25838 0
25854 0
25871 0
25887 0
25903 0
25920 0
25936 0
25952 0
25969 0
25986 0
26003 0
26019 0
26035 0
26052 0
26068 0
26084 0
26101 0
26117 0
26133 0
26150 0
26166 0
26182 0
26199 0
26215 0
26231 0
26248 0
26264 0
26280 0
26297 0
26313 0
26329 0
26346 0
26362 0
26378 0
26395 0
26411 0
26427 0
26444 0
26460 0
26476 0
26493 0
26509 0
26525 0
26542 0
26558 0
26574 0
26591 0
26607 0
26623 0
26640 0
26656 0
26672 0
26689 0
26705 0
26721 0
26738 0
26754 0
26770 0
26787 0
26803 0
26819 0
26836 0
26852 0
26868 0
26885 0
26901 0
26917 0
26934 0
26950 0
26966 0
26983 0
27000 0
27016 0
27033 0
27049 0
27065 0
27082 0
27098 0
27114 0
27131 0
27147 0
27163 0
27180 0
27196 0
27212 0
27229 0
27245 0
27261 0
27278 0
27294 0
27310 0
27327 0
27343 0
27359 0
27376 0
27392 0
27408 0
27425 0
27441 0
27457 0
27474 0
27490 0
27506 0
27523 0
27539 0
27555 0
27572 0
27588 0
27604 0
27621 0
27637 0
27653 0
27670 0
27686 0
27702 0
27719 0
27735 0
27751 0
27768 0
27784 0
27800 0
27817 0
27833 0
27849 0
27866 0
27882 0
27898 0
27915 0
27931 0
27947 0
27964 0
27980 0
27996 0
28013 0
28029 0
28045 0
28062 0
28078 0
28094 0
28111 0
28127 0
28143 0
28160 0
28176 0
28192 0
28209 0
28225 0
28241 0
28258 0
28274 0
28290 0
28307 0
28323 0
28339 0
28356 0
28372 0
28388 0
28405 0
28421 0
28437 0
28454 0
28470 0
28486 0
28503 0
28519 0
28535 0
28552 0
28568 0
28584 0
28601 0
28617 0
28633 0
28650 0
28666 0
28682 0
28699 0
28715 0
28731 0
28748 0
28764 0
28780 0
28797 0
28813 0
28829 0
28846 0
28862 0
28878 0
28895 0
28911 0
28927 0
28944 0
28960 0
28976 0
28994 0
29010 0
29027 0
29043 0
29059 0
29076 3321
29092 3319
29108 3317
29125 3316
29141 3317
29157 3314
29174 3316
29190 3315
29206 3315
29223 3313
29239 3315
29255 3315
29272 3316
29288 3317
29304 3314
29321 3311
29337 3314
29353 3313
29370 3312
29386 3313
29402 3315
29419 3318
29435 3317
29451 3316
29468 3319
29484 3315
29500 3316
29517 3317
29533 3315
29549 3315
29566 3316
29582 3317
29598 3316
29615 3315
29631 3315
29647 3314
29664 3316
29680 3315
29696 3329
29713 3313
29729 3314
29745 3355
29762 3314
29778 3317
29794 3317
29811 3312
29827 3316
29843 3317
29860 3315
29876 3312
29892 3316
29909 3315
29925 3315
29941 3316
29958 3316
29974 3314
29991 0
30008 0
30024 0
30040 0
30057 0
30073 0
30089 0
30106 0
30122 0
30138 0
30155 0
30171 0
30187 0
30204 0
30220 0
30236 0
30253 0
30269 0
30285 0
30302 0
30318 0
30334 0
30351 0
30367 0
30383 0
30400 0
30416 0
30432 0
30449 0
30465 0
30481 0
30498 0
30514 0
30530 0
30547 0
30563 0
30579 0
30596 0
30612 0
30628 0
30645 0
30661 0
30677 0
30694 0
30710 0
30726 0
30743 0
30759 0
30775 0
30792 0
30808 0
30824 0
30841 0
30857 0
30873 0
30890 0
30906 0
30922 0
30939 0
30955 0
30971 0
30989 0
31005 0
31021 0
31038 0
31054 0
31070 0
31087 0
31103 0
31119 0
31136 0
31152 0
31168 0
31185 0
31201 0
31217 0
31234 0
31250 0
31266 0
31283 0
31299 0
31315 0
31332 0
31348 0
31364 0
31381 0
31397 0
31413 0
31430 0
31446 0
31462 0
31479 0
31495 0
31511 0
31528 0
31544 0
31560 0
31577 0
31593 0
31609 0
31626 0
31642 0
31658 0
31675 0
31691 0
31707 0
31724 0
31740 0
31756 0
31773 0
31789 0
31805 0
31822 0
31838 0
31854 0
31871 0
31887 0
31903 0
31920 0
31936 0
31952 0
31969 0
31986 0
32003 0
32019 0
32035 0
32052 0
32068 0
32084 0
32101 0
32117 0
32133 0
32150 0
32166 0
32182 0
32199 0
32215 0
32231 0
32248 0
32264 0
32280 0
32297 0
32313 0
32329 0
32346 0
32362 0
32378 0
32395 0
32411 0
32427 0
32444 0
32460 0
32476 0
32493 0
32509 0
32525 0
32542 0
32558 0
32574 0
32591 0
32607 0
32623 0
32640 0
32656 0
32672 0
32689 0
32705 0
32721 0
32738 0
32754 0
32770 0
32787 0
32803 0
32819 0
32836 0
32852 0
32868 0
32885 0
32901 0
32917 0
32934 0
32950 0
32966 0
32983 0
33000 0
33016 0
33033 0
33049 0
33065 0
33082 0
33098 0
33114 0
33131 0
33147 0
33163 0
33180 0
33196 0
33212 0
33229 0
33245 54
33261 0
33278 0
33294 0
33310 0
33327 0
33343 0
33359 0
33376 0
33392 0
33408 0
33425 0
33441 0
33457 0
33474 0
33490 0
33506 0
33523 0
33539 0
33555 0
33572 0
33588 0
33604 0
33621 0
33637 0
33653 0
33670 0
33686 0
33702 0
33719 0
33735 0
33751 0
33768 0
33784 0
33800 0
33817 0
33833 0
33849 0
33866 0
33882 0
33898 0
33915 0
33931 0
33947 0
33964 0
33980 0
33996 0
34013 0
34029 0
34045 0
34062 0
34078 0
34094 0
34111 0
34127 0
34143 0
34160 0
34176 0
34192 0
34209 0
34225 0
34241 0
34258 0
34274 0
34290 0
34307 0
34323 0
34339 0
34356 0
34372 0
34388 0
34405 0
34421 0
34437 0
34454 0
34470 0
34486 0
34503 0
34519 0
34535 0
34552 0
34568 0
34584 0
34601 0
34617 0
34633 0
34650 0
34666 0
34682 0
34699 0
34715 0
34731 0
34748 0
34764 0
34780 0
34797 0
34813 0
34829 0
34846 0
34862 0
34878 0
34895 0
34911 0
34927 0
34944 0
34960 0
34976 0
34994 0
35010 0
35027 0
35043 0
35059 0
35076 0
35092 0
35108 0
35125 0
35141 0
35157 0
35174 0
35190 0
35206 0
35223 0
35239 0
35255 0
35272 0
35288 0
35304 0
35321 0
35337 0
35353 0
35370 0
35386 0
35402 0
35419 0
35435 0
35451 0
35468 0
35484 0
35500 3324
35517 3323
35533 3319
35549 3321
35566 3315
35582 3317
35598 3318
35615 3316
35631 3318
35647 3318
35664 3316
35680 3309
35696 3317
35713 3316
35729 3317
35745 3315
35762 3315
35778 3315
35794 3317
35811 3318
35827 3319
35843 3315
35860 3317
35876 3316
35892 3314
35909 3317
35925 3318
35941 3314
35958 3316
35974 3317
35991 3324
36008 3319
36024 3318
36040 3318
36057 3317
36073 3320
36089 3316
36106 3317
36122 3311
36138 3318
36155 3321
36171 3317
36187 3318
36204 3320
36220 3319
36236 3317
36253 3316
36269 3311
36285 3315
36302 3316
36318 3314
36334 3320
36351 3315
36367 3315
36383 3318
36400 3315
36416 0
36432 0
36449 0
36465 0
36481 0
36498 0
36514 0
36530 0
36547 0
36563 0
36579 0
36596 0
36612 0
36628 0
36645 0
36661 0
36677 0
36694 0
36710 0
36726 0
36743 0
36759 0
36775 0
36792 0
36808 51
36824 0
36841 0
36857 0
36873 0
36890 0
36906 0
36922 0
36939 0
36955 0
36971 0
36989 0
37005 0
37021 0
37038 0
37054 0
37070 0
37087 0
37103 0
37119 0
37136 0
37152 0
37168 0
37185 0
37201 0
37217 0
37234 0
37250 0
37266 0
37283 0
37299 0
37315 0
37332 0
37348 0
37364 0
37381 0
37397 0
37413 0
37430 0
37446 0
37462 0
37479 0
37495 0
37511 0
37528 0
37544 0
37560 0
37577 0
37593 0
37609 0
37626 0
37642 0
37658 0
37675 0
37691 0
37707 0
37724 0
37740 0
37756 0
37773 0
37789 0
37805 0
37822 0
37838 0
37854 0
37871 0
37887 0
37903 0
37920 0
37936 0
37952 0
37969 0
37986 0
38003 0
38019 0
38035 0
38052 0
38068 0
38084 0
38101 0
38117 0
38133 0
38150 0
38166 0
38182 0
38199 0
38215 0
38231 0
38248 0
38264 0
38280 0
38297 0
38313 0
38329 0
38346 0
38362 0
38378 0
38395 0
38411 0
38427 0
38444 0
38460 0
38476 0
38493 0
38509 0
38525 0
38542 0
38558 0
38574 0
38591 0
38607 0
38623 0
38640 0
38656 0
38672 0
38689 0
38705 0
38721 0
38738 0
38754 0
38770 0
38787 0
38803 0
38819 0
38836 0
38852 0
38868 0
38885 0
38901 0
38917 0
38934 0
38950 0
38966 0
38983 0
39000 0
39016 0
39033 0
39049 0
39065 0
39082 0
39098 0
39114 0
39131 0
39147 0
39163 0
39180 0
39196 0
39212 0
39229 0
39245 0
39261 0
39278 0
39294 0
39310 0
39327 0
39343 0
39359 0
39376 0
39392 0
39408 0
39425 0
39441 0
39457 0
39474 0
39490 0
39506 0
39523 0
39539 0
39555 0
39572 0
39588 0
39604 0
39621 0
39637 0
39653 0
39670 0
39686 0
39702 0
39719 0
39735 0
39751 0
39768 0
39784 0
39800 0
39817 0
39833 0
39849 0
39866 0
39882 0
39898 0
39915 0
39931 0
39947 0
39964 0
39980 0
39996 0
40013 0
40029 0
40045 0
40062 0
40078 0
40094 0
40111 0
40127 0
40143 0
40160 0
40176 0
40192 0
40209 0
40225 0
40241 0
40258 0
40274 0
40290 0
40307 0
40323 0
40339 0
40356 0
40372 0
40388 0
40405 0
40421 0
40437 0
40454 0
40470 0
40486 0
40503 0
40519 0
40535 0
40552 0
40568 0
40584 0
40601 0
40617 0
40633 0
40650 0
40666 0
40682 0
40699 0
40715 0
40731 0
40748 0
40764 0
40780 0
40797 0
40813 0
40829 0
40846 0
40862 0
40878 0
40895 0
40911 0
40927 0
40944 0
40960 0
40976 0
40994 0
41010 0
41027 0
41043 0
41059 0
41076 0
41092 0
41108 0
41125 0
41141 0
41157 0
41174 0
41190 0
41206 0
41223 0
41239 0
41255 0
41272 0
41288 0
41304 0
41321 0
41337 0
41353 0
41370 0
41386 0
41402 0
41419 0
41435 0
41451 0
41468 0
41484 0
41500 0
41517 0
41533 0
41549 0
41566 0
41582 0
41598 0
41615 0
41631 0
41647 0
41664 0
41680 0
41696 0
41713 0
41729 0
41745 0
41762 0
41778 0
41794 0
41811 0
41827 0
41843 0
41860 0
41876 0
41892 0
41909 3324
41925 3322
41941 3317
41958 3318
41974 3318
41991 3318
42008 3315
42024 3316
42040 3318
42057 3316
42073 3315
42089 3312
42106 3316
42122 3315
42138 3315
42155 3316
42171 3318
42187 3310
42204 3314
42220 3312
42236 3317
42253 3317
42269 3317
42285 3316
42302 3320
42318 3318
42334 3318
42351 3314
42367 3315
42383 3318
42400 3317
42416 3317
42432 3317
42449 3317
42465 3315
42481 3316
42498 3340
42514 3317
42530 3316
42547 3318
42563 3316
42579 3317
42596 3319
42612 3314
42628 3316
42645 3316
42661 3315
42677 3315
42694 3316
42710 3315
42726 3315
42743 3317
42759 3316
42775 3315
42792 3318
42808 3318
42824 0
42841 0
42857 0
42873 0
42890 0
42906 0
42922 0
42939 0
42955 0
42971 0
42989 0
43005 0
43021 0
43038 0
43054 0
43070 0
43087 0
43103 0
43119 0
43136 0
43152 0
43168 0
43185 0
43201 0
43217 0
43234 0
43250 0
43266 0
43283 0
43299 0
43315 0
43332 0
43348 0
43364 0
43381 0
43397 0
43413 0
43430 0
43446 0
43462 0
43479 0
43495 0
43511 0
43528 0
43544 0
43560 0
43577 0
43593 0
43609 0
43626 0
43642 0
43658 0
43675 0
43691 0
43707 0
43724 0
43740 0
43756 0
43773 0
43789 0
43805 0
43822 0
43838 0
43854 0
43871 0
43887 0
43903 0
43920 0
43936 0
43952 0
43969 0
43986 0
44003 0
44019 0
44035 0
44052 0
44068 0
44084 0
44101 0
44117 0
44133 0
44150 0
44166 0
44182 0
44199 0
44215 0
44231 0
44248 0
44264 0
44280 0
44297 0
44313 0
44329 0
44346 0
44362 0
44378 0
44395 0
44411 0
44427 0
44444 0
44460 0
44476 0
44493 0
44509 0
44525 0
44542 0
44558 0
44574 0
44591 0
44607 0
44623 0
44640 0
44656 0
44672 0
44689 0
44705 0
44721 0
44738 0
44754 0
44770 0
44787 0
44803 0
44819 0
44836 0
44852 0
44868 0
44885 0
44901 0
44917 0
44934 0
44950 0
44966 0
44983 0
45000 0
45016 0
45033 0
45049 0
45065 0
45082 0
45098 0
45114 0
45131 0
45147 0
45163 0
45180 0
45196 0
45212 0
45229 0
45245 0
45261 0
45278 0
45294 0
45310 0
45327 0
45343 0
45359 0
45376 0
45392 0
45408 0
45425 0
45441 0
45457 0
45474 0
45490 0
45506 0
45523 0
45539 0
45555 0
45572 0
45588 0
45604 0
45621 0
45637 0
45653 0
45670 0
45686 0
45702 0
45719 0
45735 0
45751 0
45768 0
45784 0
45800 0
45817 0
45833 0
45849 0
45866 0
45882 0
45898 0
45915 0
45931 0
45947 0
45964 0
45980 0
45996 0
46013 0
46029 0
46045 0
46062 0
46078 0
46094 0
46111 0
46127 0
46143 0
46160 0
46176 0
46192 0
46209 0
46225 0
46241 0
46258 0
46274 0
46290 0
46307 0
46323 0
46339 0
46356 0
46372 0
46388 0
46405 0
46421 0
46437 0
46454 0
46470 0
46486 0
46503 0
46519 0
46535 0
46552 0
46568 0
46584 0
46601 0
46617 0
46633 0
46650 0
46666 0
46682 0
46699 0
46715 0
46731 0
46748 0
46764 0
46780 0
46797 0
46813 0
46829 0
46846 0
46862 0
46878 0
46895 0
46911 0
46927 0
46944 0
46960 0
46976 0
46994 0
47010 0
47027 0
47043 0
47059 0
47076 0
47092 0
47108 0
47125 0
47141 0
47157 0
47174 0
47190 0
47206 0
47223 0
47239 0
47255 0
47272 0
47288 0
47304 0
47321 0
47337 0
47353 0
47370 0
47386 0
47402 0
47419 0
47435 0
47451 0
47468 0
47484 0
47500 0
47517 0
47533 0
47549 0
47566 0
47582 0
47598 0
47615 0
47631 0
47647 0
47664 0
47680 0
47696 0
47713 0
47729 0
47745 0
47762 0
47778 0
47794 0
47811 0
47827 0
47843 0
47860 0
47876 0
47892 0
47909 0
47925 0
47941 0
47958 0
47974 0
47991 0
48008 0
48024 0
48040 0
48057 0
48073 0
48089 0
48106 0
48122 0
48138 0
48155 0
48171 0
48187 0
48204 0
48220 0
48236 0
48253 0
48269 0
48285 0
48302 3321
48318 3315
48334 3316
48351 3315
48367 3315
48383 3315
48400 3316
48416 3314
48432 3315
48449 3316
48465 3316
48481 3315
48498 3312
48514 3310
48530 3314
48547 3286
48563 3315
48579 3315
48596 3322
48612 3315
48628 3308
48645 3312
48661 3315
48677 3316
48694 3316
48710 3315
48726 3315
48743 3314
48759 3314
48775 3316
48792 3314
48808 3316
48824 3317
48841 3316
48857 3312
48873 3314
48890 3314
48906 3316
48922 3315
48939 3319
48955 3315
48971 3307
48989 3316
49005 3316
49021 3307
49038 3311
49054 3315
49070 3303
49087 3318
49103 3315
49119 3316
49136 3314
49152 3315
49168 3321
49185 3317
49201 3314
49217 0
49234 0
49250 0
49266 0
49283 0
49299 0
49315 0
49332 0
49348 0
49364 0
49381 0
49397 0
49413 0
49430 0
49446 0
49462 0
49479 0
49495 0
49511 0
49528 0
49544 0
49560 0
49577 0
49593 0
49609 0
49626 0
49642 0
49658 0
49675 0
49691 0
49707 0
49724 0
49740 0
49756 0
49773 0
49789 0
49805 0
49822 0
49838 0
49854 0
49871 0
49887 0
49903 0
49920 0
49936 0
49952 0
49969 0
49986 0
50003 0
50019 0
50035 0
50052 0
50068 0
50084 0
50101 0
50117 0
50133 0
50150 0
50166 0
50182 0
50199 0
50215 0
50231 0
50248 0
50264 0
50280 0
50297 0
50313 0
50329 0
50346 0
50362 0
50378 0
50395 0
50411 0
50427 0
50444 0
50460 0
50476 0
50493 0
50509 0
50525 0
50542 0
50558 0
50574 0
50591 0
50607 0
50623 0
50640 0
50656 0
50672 0
50689 0
50705 0
50721 0
50738 0
50754 0
50770 0
50787 0
50803 0
50819 0
50836 0
50852 0
50868 0
50885 0
50901 0
50917 0
50934 0
50950 0
50966 0
50983 0
51000 0
51016 0
51033 0
51049 0
51065 0
51082 0
51098 0
51114 0
51131 0
51147 0
51163 0
51180 0
51196 0
51212 0
51229 0
51245 0
51261 0
51278 0
51294 0
51310 0
51327 0
51343 0
51359 0
51376 0
51392 0
51408 0
51425 0
51441 0
51457 0
51474 0
51490 0
51506 0
51523 0
51539 0
51555 0
51572 0
51588 0
51604 0
51621 0
51637 0
51653 0
51670 0
51686 0
51702 0
51719 0
51735 0
51751 0
51768 0
51784 0
51800 0
51817 0
51833 0
51849 0
51866 0
51882 0
51898 0
51915 0
51931 0
51947 0
51964 0
51980 0
51996 0
52013 0
52029 0
52045 0
52062 0
52078 0
52094 0
52111 0
52127 0
52143 0
52160 0
52176 0
52192 0
52209 0
52225 0
52241 0
52258 0
52274 0
52290 0
52307 0
52323 0
52339 0
52356 0
52372 0
52388 0
52405 0
52421 0
52437 0
52454 0
52470 0
52486 0
52503 0
52519 0
52535 0
52552 0
52568 0
52584 0
52601 0
52617 0
52633 0
52650 0
52666 0
52682 0
52699 0
52715 0
52731 0
52748 0
52764 0
52780 0
52797 0
52813 0
52829 0
52846 0
52862 0
52878 0
52895 0
52911 0
52927 0
52944 0
52960 0
52976 0
52994 0
53010 0
53027 0
53043 0
53059 0
53076 0
53092 0
53108 0
53125 0
53141 0
53157 0
53174 0
53190 0
53206 0
53223 0
53239 0
53255 0
53272 0
53288 0
53304 0
53321 0
53337 0
53353 0
53370 0
53386 0
53402 0
53419 0
53435 0
53451 0
53468 0
53484 0
53500 0
53517 0
53533 0
53549 0
53566 0
53582 0
53598 0
53615 0
53631 0
53647 0
53664 0
53680 0
53696 0
53713 0
53729 0
53745 0
53762 0
53778 0
53794 0
53811 0
53827 0
53843 0
53860 0
53876 0
53892 0
53909 0
53925 0
53941 0
53958 0
53974 0
53991 0
54008 0
54024 0
54040 0
54057 0
54073 0
54089 0
54106 0
54122 0
54138 0
54155 0
54171 0
54187 0
54204 0
54220 0
54236 0
54253 0
54269 0
54285 0
54302 0
54318 0
54334 0
54351 0
54367 0
54383 0
54400 0
54416 0
54432 0
54449 0
54465 0
54481 0
54498 0
54514 0
54530 0
54547 0
54563 0
54579 0
54596 0
54612 0
54628 0
54645 0
54661 0
54677 0
54694 0
54710 0
54726 3322
54743 3318
54759 3317
54775 3316
54792 3318
54808 3319
54824 3316
54841 3317
54857 3311
54873 3316
54890 3315
54906 3316
54922 3316
54939 3313
54955 3315
54971 3318
54989 3317
55005 3310
55021 3334
55038 3317
55054 3314
55070 3319
55087 3318
55103 3318
55119 3317
55136 3318
55152 3318
55168 3316
55185 3319
55201 3323
55217 3316
55234 3318
55250 3316
55266 3316
55283 3317
55299 3316
55315 3316
55332 3312
55348 3320
55364 3316
55381 3316
55397 3317
55413 3314
55430 3320
55446 3300
55462 3316
55479 3318
55495 3316
55511 3319
55528 3316
55544 3315
55560 3316
55577 3318
55593 3317
55609 3318
55626 3305
55642 0
55658 0
55675 0
55691 0
55707 0
55724 0
55740 0
55756 0
55773 0
55789 0
55805 0
55822 0
55838 0
55854 0
55871 0
55887 0
55903 0
55920 0
55936 0
55952 0
55969 0
55986 0
56003 0
56019 0
56035 0
56052 0
56068 0
56084 0
56101 0
56117 0
56133 0
56150 0
56166 0
56182 0
56199 0
56215 0
56231 0
56248 0
56264 0
56280 0
56297 0
56313 0
56329 0
56346 0
56362 0
56378 0
56395 0
56411 0
56427 0
56444 0
56460 0
56476 0
56493 0
56509 0
56525 0
56542 0
56558 0
56574 0
56591 0
56607 0
56623 0
56640 0
56656 0
56672 0
56689 0
56705 0
56721 0
56738 0
56754 0
56770 0
56787 0
56803 0
56819 0
56836 0
56852 0
56868 0
56885 0
56901 0
56917 0
56934 0
56950 0
56966 0
56983 0
57000 0
57016 0
57033 0
57049 0
57065 0
57082 0
57098 0
57114 0
57131 0
57147 0
57163 0
57180 0
57196 0
57212 0
57229 0
57245 0
57261 0
57278 0
57294 0
57310 0
57327 0
57343 0
57359 0
57376 0
57392 0
57408 0
57425 0
57441 0
57457 0
57474 0
57490 0
57506 0
57523 0
57539 0
57555 0
57572 0
57588 0
57604 0
57621 0
57637 0
57653 0
57670 0
57686 0
57702 0
57719 0
57735 0
57751 0
57768 0
57784 0
57800 0
57817 0
57833 0
57849 0
57866 0
57882 0
57898 0
57915 0
57931 0
57947 0
57964 0
57980 0
57996 0
58013 0
58029 0
58045 30
58062 0
58078 0
58094 0
58111 0
58127 0
58143 0
58160 0
58176 0
58192 0
58209 0
58225 0
58241 0
58258 0
58274 0
58290 0
58307 0
58323 0
58339 0
58356 0
58372 0
58388 0
58405 0
58421 0
58437 0
58454 0
58470 0
58486 0
58503 0
58519 0
58535 0
58552 0
58568 0
58584 0
58601 0
58617 0
58633 0
58650 0
58666 0
58682 0
58699 0
58715 0
58731 0
58748 0
58764 0
58780 0
58797 0
58813 0
58829 0
58846 0
58862 0
58878 0
58895 0
58911 0
58927 0
58944 0
58960 0
58976 0
58994 0
59010 0
59027 0
59043 0
59059 0
59076 0
59092 0
59108 0
59125 0
59141 0
59157 0
59174 0
59190 0
59206 0
59223 0
59239 0
59255 0
59272 0
59288 0
59304 0
59321 0
59337 0
59353 0
59370 0
59386 0
59402 0
59419 0
59435 0
59451 0
59468 0
59484 0
59500 0
59517 0
59533 0
59549 0
59566 0
59582 0
59598 0
59615 0
59631 0
59647 0
59664 0
59680 0
59696 0
59713 0
59729 0
59745 0
59762 0
59778 0
59794 0
59811 0
59827 0
59843 0
59860 0
59876 0
59892 0
59909 0
59925 0
59941 0
59958 0
59974 0
59991 0
60008 0
60024 0
60040 0
60057 0
60073 0
60089 0
60106 0
60122 0
60138 0
60155 0
60171 0
60187 0
60204 0
60220 0
60236 0
60253 0
60269 0
60285 0
60302 0
60318 0
60334 0
60351 0
60367 0
60383 0
60400 0
60416 0
60432 0
60449 0
60465 0
60481 0
60498 0
60514 0
60530 0
60547 0
60563 0
60579 0
60596 0
60612 0
60628 0
60645 0
60661 0
60677 0
60694 0
60710 0
60726 0
60743 0
60759 0
60775 0
60792 0
60808 0
60824 0
60841 0
60857 0
60873 0
60890 0
60906 0
60922 0
60939 0
60955 0
60971 0
60989 0
61005 0
61021 0
61038 0
61054 0
61070 0
61087 0
61103 0
61119 0
61136 0
61152 3323
61168 3321
61185 3313
61201 3315
61217 3315
61234 3315
61250 3315
61266 3314
61283 3314
61299 3315
61315 3313
61332 3320
61348 3313
61364 3316
61381 3313
61397 3316
61413 3317
61430 3310
61446 3313
61462 3316
61479 3318
61495 3312
61511 3322
61528 3315
61544 3315
61560 3316
61577 3317
61593 3316
61609 3315
61626 3321
61642 3311
61658 3316
61675 3314
61691 3317
61707 3314
61724 3318
61740 3317
61756 3329
61773 3318
61789 3317
61805 3320
61822 3316
61838 3317
61854 3318
61871 3316
61887 3320
61903 3317
61920 3319
61936 3317
61952 3318
61969 3310
61986 3316
62003 3318
62019 3311
62035 3317
62052 3318
62068 0
62084 0
62101 0
62117 0
62133 0
62150 0
62166 0
62182 0
62199 0
62215 0
62231 0
62248 0
62264 0
62280 0
62297 0
62313 0
62329 0
62346 0
62362 0
62378 0
62395 0
62411 0
62427 0
62444 0
62460 0
62476 0
62493 0
62509 0
62525 0
62542 0
62558 0
62574 0
62591 0
62607 0
62623 0
62640 0
62656 0
62672 0
62689 0
62705 0
62721 0
62738 0
62754 0
62770 0
62787 0
62803 0
62819 0
62836 0
62852 0
62868 0
62885 0
62901 0
62917 0
62934 0
62950 0
62966 0
62983 0
63000 0
63016 0
63033 0
63049 0
63065 0
63082 0
63098 0
63114 0
63131 0
63147 0
63163 0
63180 0
63196 0
63212 0
63229 0
63245 0
63261 0
63278 0
63294 0
63310 0
63327 0
63343 0
63359 0
63376 0
63392 0
63408 0
63425 0
63441 0
63457 0
63474 0
63490 0
63506 0
63523 0
63539 0
63555 0
63572 0
63588 0
63604 0
63621 0
63637 0
63653 0
63670 0
63686 0
63702 0
63719 0
63735 0
63751 0
63768 0
63784 0
63800 0
63817 0
63833 0
63849 0
63866 0
63882 0
63898 0
63915 0
63931 0
63947 0
63964 0
63980 0
63996 0
64013 0
64029 0
64045 0
64062 0
64078 0
64094 0
64111 0
64127 0
64143 0
64160 0
64176 0
64192 0
64209 0
64225 0
64241 0
64258 0
64274 0
64290 0
64307 0
64323 0
64339 0
64356 0
64372 0
64388 0
64405 0
64421 0
64437 0
64454 0
64470 0
64486 0
64503 0
64519 0
64535 0
64552 0
64568 0
64584 0
64601 0
64617 0
64633 0
64650 0
64666 0
64682 0
64699 0
64715 0
64731 0
64748 0
64764 0
64780 0
64797 0
64813 0
64829 0
64846 0
64862 0
64878 0
64895 0
64911 0
64927 0
64944 0
64960 0
64976 0
64994 0
65010 0
65027 0
65043 0
65059 0
65076 0
65092 0
65108 0
65125 0
65141 0
65157 0
65174 0
65190 0
65206 0
65223 0
65239 0
65255 0
65272 0
65288 0
65304 0
65321 0
65337 0
65353 0
65370 0
65386 0
65402 0
65419 0
65435 0
65451 0
65468 0
65484 0
65500 0
65517 0
65533 0
65549 0
65566 0
65582 0
65598 0
65615 0
65631 0
65647 0
65664 0
65680 0
65696 0
65713 0
65729 0
65745 0
65762 0
65778 0
65794 0
65811 0
65827 0
65843 0
65860 0
65876 0
65892 0
65909 0
65925 0
65941 0
65958 0
65974 0
65991 0
66008 0
66024 0
66040 0
66057 0
66073 0
66089 0
66106 0
66122 0
66138 0
66155 0
66171 0
66187 0
66204 0
66220 0
66236 0
66253 0
66269 0
66285 0
66302 0
66318 0
66334 0
66351 0
66367 0
66383 0
66400 0
66416 0
66432 0
66449 0
66465 0
66481 0
66498 0
66514 0
66530 0
66547 0
66563 0
66579 0
66596 0
66612 0
66628 0
66645 0
66661 0
66677 0
66694 0
66710 0
66726 0
66743 0
66759 0
66775 0
66792 0
66808 0
66824 0
66841 0
66857 0
66873 0
66890 0
66906 0
66922 0
66939 0
66955 0
66971 0
66989 0
67005 0
67022 0
67038 0
67055 0
67071 0
67087 0
67104 0
67120 0
67137 0
67153 0
67170 0
67186 0
67202 0
67219 0
67235 0
67252 0
67268 0
67285 0
67301 0
67317 0
67334 0
67350 0
67367 0
67383 0
67400 0
67416 0
67432 0
67449 0
67465 0
67482 0
67498 0
67515 0
67531 0
67547 3320
67564 3318
67580 3318
67597 3314
67613 3313
67630 3311
67646 3324
67662 3316
67679 3314
67695 3323
67712 3315
67728 3314
67745 3319
67761 3318
67777 3316
67794 3310
67810 3316
67827 3317
67843 3317
67860 3317
67876 3315
67892 3315
67909 3315
67925 3314
67942 3319
67958 3315
67975 3316
67992 3315
68009 3317
68025 3316
68041 3318
68058 3320
68074 3316
68091 3318
68107 3314
68124 3316
68140 3316
68156 3316
68173 3316
68189 3316
68206 3313
68222 3316
68239 3314
68255 3312
68271 3313
68288 3316
68304 3316
68321 3321
68337 3315
68354 3316
68370 3323
68386 3317
68403 3317
68419 3317
68436 3314
68452 3315
68469 0
68485 0
68501 0
68518 0
68534 0
68551 0
68567 0
68584 0
68600 0
68616 0
68633 0
68649 0
68666 0
68682 0
68699 0
68715 0
68731 0
68748 0
68764 0
68781 0
68797 0
68814 0
68830 0
68846 0
68863 0
68879 0
68896 0
68912 0
68929 0
68945 0
68961 0
68978 0
68995 0
69012 0
69028 0
69045 0
69061 0
69078 0
69094 0
69110 0
69127 0
69143 0
69160 0
69176 0
69193 0
69209 0
69225 0
69242 0
69258 0
69275 0
69291 0
69308 0
69324 0
69340 0
69357 0
69373 0
69390 0
69406 0
69423 0
69439 0
69455 0
69472 0
69488 0
69505 0
69521 0
69538 0
69554 0
69570 0
69587 0
69603 0
69620 0
69636 0
69653 0
69669 0
69685 0
69702 0
69718 0
69735 0
69751 0
69768 0
69784 0
69800 0
69817 0
69833 0
69850 0
69866 0
69883 0
69899 0
69915 0
69932 0
69948 0
69965 0
69981 0
69999 0
70015 0
70032 0
70048 0
70064 0
70081 0
70097 0
70114 0
70130 0
70147 0
70163 0
70179 0
70196 0
70212 0
70229 0
70245 0
70262 0
70278 0
70294 0
70311 0
70327 0
70344 0
70360 0
70377 0
70393 0
70409 0
70426 0
70442 0
70459 0
70475 0
70492 0
70508 0
70524 0
70541 0
70557 0
70574 0
70590 0
70607 0
70623 0
70639 0
70656 0
70672 0
70689 0
70705 0
70722 0
70738 0
70754 0
70771 0
70787 0
70804 0
70820 0
70837 0
70853 0
70869 0
70886 0
70902 0
70919 0
70935 0
70952 0
70968 0
70986 0
71002 0
71018 0
71035 0
71051 0
71068 0
71084 0
71101 0
71117 0
71133 0
71150 0
71166 0
71183 0
71199 0
71216 0
71232 0
71248 0
71265 0
71281 0
71298 0
71314 0
71331 0
71347 0
71363 0
71380 0
71396 0
71413 0
71429 0
71446 0
71462 0
71478 0
71495 0
71511 0
71528 0
71544 0
71561 0
71577 0
71593 0
71610 0
71626 0
71643 0
71659 0
71676 0
71692 0
71708 0
71725 0
71741 0
71758 0
71774 0
71791 0
71807 0
71823 0
71840 0
71856 0
71873 0
71889 0
71906 0
71922 0
71938 0
71955 0
71971 0
71989 0
72005 0
72022 0
72038 0
72055 0
72071 0
72087 0
72104 0
72120 0
72137 0
72153 0
72170 0
72186 0
72202 0
72219 0
72235 0
72252 0
72268 0
72285 0
72301 0
72317 0
72334 0
72350 0
72367 0
72383 0
72400 0
72416 0
72432 0
72449 0
72465 0
72482 0
72498 0
72515 0
72531 0
72547 8
72564 0
72580 0
72597 0
72613 0
72630 0
72646 0
72662 0
72679 0
72695 0
72712 0
72728 0
72745 0
72761 0
72777 0
72794 0
72810 0
72827 0
72843 0
72860 0
72876 0
72892 0
72909 0
72925 0
72942 0
72958 0
72975 0
72992 0
73008 0
73025 0
73041 0
73058 0
73074 0
73091 0
73107 0
73123 0
73140 0
73156 0
73173 0
73189 0
73206 0
73222 0
73238 0
73255 0
73271 0
73288 0
73304 0
73321 0
73337 0
73353 0
73370 0
73386 0
73403 0
73419 0
73436 0
73452 0
73468 0
73485 0
73501 0
73518 0
73534 0
73551 0
73567 0
73583 0
73600 0
73616 0
73633 0
73649 0
73666 0
73682 0
73698 0
73715 0
73731 0
73748 0
73764 0
73781 0
73797 0
73813 0
73830 0
73846 0
73863 0
73879 0
73896 0
73912 0
73928 0
73945 0
73961 0
73978 3326
73995 3321
74012 3313
74028 3311
74045 3317
74061 3319
74077 3316
74094 3315
74110 3316
74127 3317
74143 3314
74160 3316
74176 3311
74192 3314
74209 3313
74225 3316
74242 3319
74258 3315
74275 3317
74291 3317
74307 3312
74324 3315
74340 3317
74357 3316
74373 3317
74390 3317
74406 3317
74422 3318
74439 3319
74455 3315
74472 3316
74488 3317
74505 3315
74521 3329
74537 3312
74554 3314
74570 3316
74587 3318
74603 3319
74620 3316
74636 3315
74652 3335
74669 3316
74685 3316
74702 3315
74718 3319
74735 3316
74751 3316
74767 3317
74784 3315
74800 3318
74817 3314
74833 3293
74850 3315
74866 3316
74882 3318
74899 3319
74915 0
74932 0
74948 0
74965 0
74981 0
74999 0
75015 0
75031 0
75048 0
75064 0
75081 0
75097 0
75114 0
75130 0
75146 0
75163 0
75179 0
75196 0
75212 0
75229 0
75245 0
75261 0
75278 0
75294 0
75311 0
75327 0
75344 0
75360 0
75376 0
75393 0
75409 0
75426 0
75442 0
75459 0
75475 0
75491 0
75508 0
75524 0
75541 0
75557 0
75574 0
75590 0
75606 0
75623 0
75639 0
75656 0
75672 0
75689 0
75705 0
75721 0
75738 0
75754 0
75771 0
75787 0
75804 0
75820 0
75836 0
75853 0
75869 0
75886 0
75902 0
75919 0
75935 0
75951 0
75968 0
75985 0
76002 0
76018 0
76035 0
76051 0
76068 0
76084 0
76100 0
76117 0
76133 0
76150 0
76166 0
76183 0
76199 0
76215 0
76232 0
76248 0
76265 0
76281 0
76298 0
76314 0
76330 0
76347 0
76363 0
76380 0
76396 0
76413 0
76429 0
76445 0
76462 0
76478 0
76495 0
76511 0
76528 0
76544 0
76560 0
76577 0
76593 0
76610 0
76626 0
76643 0
76659 0
76675 0
76692 0
76708 0
76725 0
76741 0
76758 0
76774 0
76790 0
76807 0
76823 0
76840 0
76856 0
76873 0
76889 0
76905 0
76922 0
76938 0
76955 0
76971 0
76989 0
77005 0
77022 0
77038 0
77054 0
77071 0
77087 0
77104 0
77120 0
77137 0
77153 0
77169 0
77186 0
77202 0
77219 0
77235 0
77252 0
77268 0
77284 0
77301 0
77317 0
77334 0
77350 0
77367 0
77383 0
77399 0
77416 0
77432 0
77449 0
77465 0
77482 0
77498 0
77514 0
77531 0
77547 0
77564 0
77580 0
77597 0
77613 0
77629 0
77646 0
77662 0
77679 0
77695 0
77712 0
77728 0
77744 0
77761 0
77777 0
77794 0
77810 0
77827 0
77843 0
77859 0
77876 0
77892 0
77909 0
77925 0
77942 0
77958 0
77974 0
77992 0
78008 0
78025 0
78041 0
78058 0
78074 0
78091 0
78107 0
78123 0
78140 0
78156 0
78173 0
78189 0
78206 0
78222 0
78238 0
78255 0
78271 0
78288 0
78304 0
78321 0
78337 0
78353 0
78370 0
78386 0
78403 0
78419 0
78436 0
78452 0
78468 0
78485 0
78501 0
78518 0
78534 0
78551 0
78567 0
78583 0
78600 0
78616 0
78633 0
78649 0
78666 0
78682 0
78698 0
78715 0
78731 0
78748 0
78764 0
78781 0
78797 0
78813 0
78830 0
78846 0
78863 0
78879 0
78896 0
78912 0
78928 0
78945 0
78961 0
78978 0
78995 0
79012 0
79028 0
79044 0
79061 0
79077 0
79094 0
79110 0
79127 0
79143 0
79159 0
79176 0
79192 0
79209 0
79225 0
79242 0
79258 0
79274 0
79291 0
79307 0
79324 0
79340 0
79357 0
79373 0
79389 0
79406 0
79422 0
79439 0
79455 0
79472 0
79488 0
79504 0
79521 0
79537 0
79554 0
79570 0
79587 0
79603 0
79619 0
79636 0
79652 0
79669 0
79685 0
79702 0
79718 0
79734 0
79751 0
79767 0
79784 0
79800 0
79817 0
79833 0
79849 0
79866 0
79882 0
79899 0
79915 0
79932 0
79948 0
79964 0
79981 0
79999 0
80015 0
80031 0
80048 0
80064 0
80081 0
80097 0
80114 0
80130 0
80146 0
80163 0
80179 0
80196 0
80212 0
80229 0
80245 0
80261 0
80278 0
80294 0
80311 0
80327 0
80344 0
80360 0
80376 0
80393 0
80409 0
80426 3322
80442 3321
80459 3318
80475 3314
80491 3313
80508 3313
80524 3314
80541 3312
80557 3317
80574 3315
80590 3317
80606 3316
80623 3313
80639 3317
80656 3314
80672 3313
80689 3315
80705 3316
80721 3315
80738 3315
80754 3316
80771 3324
80787 3315
80804 3312
80820 3310
80836 3313
80853 3314
80869 3287
80886 3319
80902 3315
80919 3313
80935 3317
80951 3314
80968 3315
80985 3313
81002 3315
81018 3315
81035 3316
81051 3316
81067 3315
81084 3317
81100 3311
81117 3317
81133 3315
81150 3315
81166 3318
81182 3316
81199 3316
81215 3316
81232 3315
81248 3315
81265 3316
81281 3317
81297 3316
81314 3318
81330 3315
81347 0
81363 0
81380 0
81396 0
81412 0
81429 0
81445 0
81462 0
81478 0
81495 0
81511 0
81527 0
81544 0
81560 0
81577 0
81593 0
81610 0
81626 0
81642 0
81659 0
81675 0
81692 0
81708 0
81725 0
81741 0
81757 0
81774 0
81790 0
81807 0
81823 0
81840 0
81856 0
81872 0
81889 0
81905 0
81922 0
81938 0
81955 0
81971 0
81989 0
82005 0
82021 0
82038 0
82054 0
82071 0
82087 0
82104 0
82120 0
82136 0
82153 0
82169 0
82186 0
82202 0
82219 0
82235 0
82251 0
82268 0
82284 0
82301 0
82317 0
82334 0
82350 0
82366 0
82383 0
82399 0
82416 0
82432 0
82449 0
82465 0
82481 0
82498 0
82514 0
82531 0
82547 0
82564 0
82580 0
82596 0
82613 0
82629 0
82646 0
82662 0
82679 0
82695 0
82711 0
82728 0
82744 0
82761 0
82777 0
82794 0
82810 0
82826 0
82843 0
82859 0
82876 0
82892 0
82909 0
82925 0
82941 0
82958 0
82974 0
82992 0
83008 0
83025 0
83041 0
83058 0
83074 0
83090 0
83107 0
83123 0
83140 0
83156 0
83173 0
83189 0
83205 0
83222 0
83238 0
83255 0
83271 0
83288 0
83304 0
83320 0
83337 0
83353 0
83370 0
83386 0
83403 0
83419 0
83435 0
83452 0
83468 0
83485 0
83501 0
83518 0
83534 0
83550 0
83567 0
83583 0
83600 0
83616 0
83633 0
83649 0
83665 0
83682 0
83698 0
83715 0
83731 0
83748 0
83764 0
83780 0
83797 0
83813 0
83830 0
83846 0
83863 0
83879 0
83895 0
83912 0
83928 0
83945 0
83961 0
83978 0
83995 0
84012 0
84028 0
84044 0
84061 0
84077 0
84094 0
84110 0
84127 0
84143 0
84159 0
84176 0
84192 0
84209 0
84225 0
84242 0
84258 0
84274 0
84291 0
84307 0
84324 0
84340 0
84357 0
84373 0
84389 0
84406 0
84422 0
84439 0
84455 0
84472 0
84488 0
84504 0
84521 0
84537 0
84554 0
84570 0
84587 0
84603 0
84619 0
84636 0
84652 0
84669 0
84685 0
84702 0
84718 0
84734 0
84751 0
84767 0
84784 0
84800 0
84817 0
84833 0
84849 0
84866 0
84882 0
84899 0
84915 0
84932 0
84948 0
84964 0
84981 0
84998 0
85015 0
85031 0
85048 0
85064 0
85080 0
85097 0
85113 0
85130 0
85146 0
85163 0
85179 0
85195 0
85212 0
85228 0
85245 0
85261 0
85278 0
85294 0
85310 0
85327 0
85343 0
85360 0
85376 0
85393 0
85409 0
85425 0
85442 0
85458 0
85475 0
85491 0
85508 0
85524 0
85540 0
85557 0
85573 0
85590 0
85606 0
85623 0
85639 0
85655 0
85672 0
85688 0
85705 0
85721 0
85738 0
85754 0
85770 0
85787 0
85803 0
85820 0
85836 0
85853 0
85869 0
85885 0
85902 0
85918 0
85935 0
85951 0
85968 0
85985 0
86002 0
86018 0
86034 0
86051 0
86067 0
86084 0
86100 0
86117 0
86133 0
86149 0
86166 0
86182 0
86199 0
86215 0
86232 0
86248 0
86264 0
86281 0
86297 0
86314 0
86330 0
86347 0
86363 0
86379 0
86396 0
86412 0
86429 0
86445 0
86462 0
86478 0
86494 0
86511 0
86527 0
86544 0
86560 0
86577 0
86593 0
86609 0
86626 0
86642 0
86659 0
86675 0
86692 0
86708 0
86724 0
86741 0
86757 0
86774 0
86790 0
86807 0
86823 0
86839 3323
86856 3316
86872 3316
86889 3316
86905 3315
86922 3314
86938 3315
86954 3319
86971 3318
86988 3313
87005 3314
87021 3313
87038 3315
87054 3313
87071 3317
87087 3312
87103 3313
87120 3315
87136 3316
87153 3317
87169 3316
87186 3321
87202 3317
87218 3318
87235 3316
87251 3312
87268 3316
87284 3313
87301 3318
87317 3323
87333 3316
87350 3313
87366 3315
87383 3315
87399 3315
87416 3313
87432 3315
87448 3314
87465 3315
87481 3314
87498 3319
87514 3315
87531 3317
87547 3319
87563 3316
87580 3315
87596 3318
87613 3316
87629 3320
87646 3314
87662 3319
87678 3317
87695 3327
87711 3314
87728 3314
87744 3304
87761 0
87777 0
87793 0
87810 0
87826 0
87843 0
87859 0
87876 0
87892 0
87908 0
87925 0
87941 0
87958 0
87974 0
87992 0
88008 0
88025 0
88041 0
88057 0
88074 0
88090 0
88107 0
88123 0
88140 0
88156 0
88172 0
88189 0
88205 0
88222 0
88238 0
88255 0
88271 0
88287 0
88304 0
88320 0
88337 0
88353 0
88370 0
88386 0
88402 0
88419 0
88435 0
88452 0
88468 0
88485 0
88501 0
88517 0
88534 0
88550 0
88567 0
88583 0
88600 0
88616 0
88632 0
88649 0
88665 0
88682 0
88698 0
88715 0
88731 0
88747 0
88764 0
88780 0
88797 0
88813 0
88830 0
88846 0
88862 0
88879 0
88895 0
88912 0
88928 0
88945 0
88961 0
88977 0
88995 0
89011 0
89028 0
89044 0
89061 0
89077 0
89093 0
89110 0
89126 0
89143 0
89159 0
89176 0
89192 0
89208 0
89225 0
89241 0
89258 0
89274 0
89291 0
89307 0
89323 0
89340 0
89356 0
89373 0
89389 0
89406 0
89422 0
89438 0
89455 0
89471 0
89488 0
89504 0
89521 0
89537 0
89553 0
89570 0
89586 0
89603 0
89619 0
89636 0
89652 0
89668 0
89685 0
89701 0
89718 0
89734 0
89751 0
89767 0
89783 0
89800 0
89816 0
89833 0
89849 0
89866 0
89882 0
89898 0
89915 0
89931 0
89948 0
89964 0
89981 0
89998 0
90015 0
90031 0
90048 0
90064 0
90080 0
90097 0
90113 0
90130 0
90146 0
90163 0
90179 0
90195 0
90212 0
90228 0
90245 0
90261 0
90278 0
90294 0
90310 0
90327 0
90343 0
90360 0
90376 0
90393 0
90409 0
90425 0
90442 0
90458 0
90475 0
90491 0
90508 0
90524 0
90540 0
90557 0
90573 0
90590 0
90606 0
90623 0
90639 0
90655 0
90672 0
90688 0
90705 0
90721 0
90738 0
90754 0
90770 0
90787 0
90803 0
90820 0
90836 0
90853 0
90869 0
90885 0
90902 0
90918 0
90935 0
90951 0
90968 0
90985 0
91002 0
91018 0
91034 0
91051 0
91067 0
91084 0
91100 0
91117 0
91133 0
91149 0
91166 0
91182 0
91199 0
91215 0
91232 0
91248 0
91264 0
91281 0
91297 0
91314 0
91330 0
91347 0
91363 0
91379 0
91396 0
91412 0
91429 0
91445 0
91462 0
91478 0
91494 0
91511 0
91527 0
91544 0
91560 0
91577 0
91593 0
91609 0
91626 0
91642 0
91659 0
91675 0
91692 0
91708 0
91724 0
91741 0
91757 0
91774 0
91790 0
91807 0
91823 0
91839 0
91856 0
91872 0
91889 0
91905 0
91922 0
91938 0
91954 0
91971 0
91988 0
92005 0
92021 0
92038 0
92054 0
92071 0
92087 0
92103 0
92120 0
92136 0
92153 0
92169 0
92186 0
92202 0
92218 0
92235 0
92251 0
92268 0
92284 0
92301 0
92317 0
92333 0
92350 0
92366 0
92383 0
92399 0
92416 0
92432 0
92448 0
92465 0
92481 0
92498 0
92514 0
92531 0
92547 0
92563 0
92580 0
92596 0
92613 0
92629 0
92646 0
92662 0
92678 0
92695 0
92711 0
92728 0
92744 0
92761 0
92777 0
92793 0
92810 0
92826 0
92843 0
92859 0
92876 0
92892 0
92908 0
92925 0
92941 0
92958 0
92974 0
92992 0
93008 0
93025 0
93041 0
93057 0
93074 0
93090 0
93107 0
93123 0
93140 0
93156 0
93172 0
93189 0
93205 0
93222 0
93238 0
93255 0
93271 3322
93287 3321
93304 3315
93320 3317
93337 3314
93353 3315
93370 3315
93386 3313
93402 3314
93419 3314
93435 3317
93452 3314
93468 3319
93485 3314
93501 3318
93517 3315
93534 3317
93550 3314
93567 3317
93583 3316
93600 3314
93616 3315
93632 3315
93649 3314
93665 3315
93682 3314
93698 3314
93715 3313
93731 3315
93747 3314
93764 3317
93780 3314
93797 3315
93813 3316
93830 3316
93846 3317
93862 3317
93879 3322
93895 3316
93912 3317
93928 3317
93945 3315
93961 3316
93977 3317
93995 3318
94011 3318
94028 3314
94044 3311
94061 3318
94077 3316
94093 3314
94110 3318
94126 3317
94143 3314
94159 3314
94176 3332
94192 0
94208 0
94225 0
94241 0
94258 0
94274 0
94291 0
94307 0
94323 0
94340 0
94356 0
94373 0
94389 0
94406 0
94422 0
94438 0
94455 0
94471 0
94488 0
94504 0
94521 0
94537 0
94553 0
94570 0
94586 0
94603 0
94619 0
94636 0
94652 0
94668 0
94685 0
94701 0
94718 0
94734 0
94751 0
94767 0
94783 0
94800 0
94816 0
94833 0
94849 0
94866 0
94882 0
94898 0
94915 0
94931 0
94948 0
94964 0
94981 0
94998 0
95015 0
95031 0
95048 0
95064 0
95080 0
95097 0
95113 0
95130 0
95146 0
95163 0
95179 0
95195 0
95212 0
95228 0
95245 0
95261 0
95278 0
95294 0
95310 0
95327 0
95343 0
95360 0
95376 0
95393 0
95409 0
95425 0
95442 0
95458 0
95475 0
95491 0
95508 0
95524 0
95540 0
95557 0
95573 0
95590 0
95606 0
95623 0
95639 0
95655 0
95672 0
95688 0
95705 0
95721 0
95738 0
95754 0
95770 0
95787 0
95803 0
95820 0
95836 0
95853 0
95869 0
95885 0
95902 0
95918 0
95935 0
95951 0
95968 0
95985 0
96002 0
96018 0
96034 0
96051 0
96067 0
96084 0
96100 0
96117 0
96133 0
96149 0
96166 0
96182 0
96199 0
96215 0
96232 0
96248 0
96264 0
96281 0
96297 0
96314 0
96330 0
96347 0
96363 0
96379 0
96396 0
96412 0
96429 0
96445 0
96462 0
96478 0
96494 0
96511 0
96527 0
96544 0
96560 0
96577 0
96593 0
96609 0
96626 0
96642 0
96659 0
96675 0
96692 0
96708 0
96724 0
96741 0
96757 0
96774 0
96790 0
96807 0
96823 0
96839 0
96856 0
96872 0
96889 0
96905 0
96922 0
96938 0
96954 0
96971 0
96988 0
97005 0
97021 0
97038 0
97054 0
97071 0
97087 0
97103 0
97120 0
97136 0
97153 0
97169 0
97186 0
97202 0
97218 0
97235 0
97251 0
97268 0
97284 0
97301 0
97317 0
97333 0
97350 0
97366 0
97383 0
97399 0
97416 0
97432 0
97448 0
97465 0
97481 0
97498 0
97514 0
97531 0
97547 0
97563 0
97580 0
97596 0
97613 0
97629 0
97646 0
97662 0
97678 0
97695 0
97711 0
97728 0
97744 0
97761 0
97777 0
97793 0
97810 0
97826 0
97843 0
97859 0
97876 0
97892 0
97908 0
97925 0
97941 0
97958 0
97974 0
97992 0
98008 0
98025 0
98041 0
98057 0
98074 0
98090 0
98107 0
98123 0
98140 0
98156 0
98172 0
98189 0
98205 0
98222 0
98238 0
98255 0
98271 0
98287 0
98304 0
98320 0
98337 0
98353 0
98370 0
98386 0
98402 0
98419 0
98435 0
98452 0
98468 0
98485 0
98501 0
98517 0
98534 0
98550 0
98567 0
98583 0
98600 0
98616 0
98632 0
98649 0
98665 0
98682 0
98698 0
98715 0
98731 0
98747 0
98764 0
98780 0
98797 0
98813 0
98830 0
98846 0
98862 0
98879 0
98895 0
98912 0
98928 0
98945 0
98961 0
98977 0
98995 0
99011 0
99028 0
99044 0
99061 0
99077 0
99093 0
99110 0
99126 0
99143 0
99159 0
99176 0
99192 0
99208 0
99225 0
99241 0
99258 0
99274 0
99291 0
99307 0
99323 0
99340 0
99356 0
99373 0
99389 0
99406 0
99422 0
99438 0
99455 0
99471 0
99488 0
99504 0
99521 0
99537 0
99553 0
99570 0
99586 0
99603 0
99619 0
99636 0
99652 0
99668 0
99685 0
99701 0
99718 3322
99734 3320
99751 3318
99767 3316
99783 3313
99800 3313
99816 3311
99833 3314
99849 3314
99866 3318
99882 3308
99898 3314
99915 3310
99931 3316
99948 3316
99964 3314
99981 3312
99998 3312
100015 3314
100031 3312
100048 3314
100064 3316
100080 3316
100097 3312
100113 3314
100130 3316
100146 3315
100163 3315
100179 3316
100195 3342
100212 3315
100228 3315
100245 3318
100261 3315
100278 3314
100294 3321
100310 3316
100327 3312
100343 3314
100360 3316
100376 3317
100393 3315
100409 3317
100425 3318
100442 3319
100458 3315
100475 3316
100491 3313
100508 3316
100524 3316
100540 3317
100557 3316
100573 3315
100590 3320
100606 3312
100623 3315
100639 0
100655 0
100672 0
100689 0
100705 0
100721 0
100737 0
100754 0
100770 0
100786 0
100803 0
100819 3
100835 0
100851 0
100868 0
100884 0
100900 0
100917 0
100933 0
100949 0
100965 0
100982 0
100999 0
101015 0
101032 0
101048 0
101064 0
101080 0
101097 0
101113 0
101129 0
101146 0
101162 0
101178 0
101194 0
101211 0
101227 0
101243 0
101260 0
101276 0
101292 0
101308 0
101325 0
101341 0
101357 0
101374 0
101390 0
101406 0
101422 0
101439 0
101455 0
101471 0
101488 0
101504 0
101520 0
101536 0
101553 0
101569 0
101585 0
101602 0
101618 0
101634 0
101650 0
101667 0
101683 0
101699 0
101716 0
101732 0
101748 0
101764 0
101781 0
101797 0
101813 0
101830 0
101846 0
101862 0
101878 0
101895 0
101911 0
101927 0
101944 0
101960 0
101976 0
101994 0
102010 0
102026 0
102042 0
102059 0
102075 0
102091 0
102108 0
102124 0
102140 0
102156 0
102173 0
102189 0
102205 0
102222 0
102238 0
102254 0
102270 0
102287 0
102303 0
102319 0
102336 0
102352 0
102368 0
102384 0
102401 0
102417 0
102433 0
102450 0
102466 0
102482 0
102498 0
102515 0
102531 0
102547 0
102564 0
102580 0
102596 0
102612 0
102629 0
102645 0
102661 0
102678 0
102694 0
102710 0
102726 0
102743 0
102759 0
102775 0
102792 0
102808 0
102824 0
102840 0
102857 0
102873 0
102889 0
102906 0
102922 0
102938 0
102954 0
102971 0
102988 0
103004 0
103021 0
103037 0
103053 0
103070 0
103086 0
103102 0
103118 0
103135 0
103151 0
103167 0
103184 0
103200 0
103216 0
103232 0
103249 0
103265 0
103281 0
103298 0
103314 0
103330 0
103346 0
103363 0
103379 0
103395 0
103412 0
103428 0
103444 0
103460 0
103477 0
103493 0
103509 0
103526 0
103542 0
103558 0
103574 0
103591 0
103607 0
103623 0
103640 0
103656 0
103672 0
103688 0
103705 0
103721 0
103737 0
103754 0
103770 0
103786 0
103802 0
103819 0
103835 0
103851 0
103868 0
103884 0
103900 0
103916 0
103933 0
103949 0
103965 0
103982 0
103999 0
104015 0
104032 0
104048 0
104064 0
104080 0
104097 0
104113 0
104129 0
104146 0
104162 0
104178 0
104194 0
104211 0
104227 0
104243 0
104260 0
104276 0
104292 0
104308 0
104325 0
104341 0
104357 0
104374 0
104390 0
104406 0
104422 0
104439 0
104455 0
104471 0
104488 0
104504 0
104520 0
104536 0
104553 0
104569 0
104585 0
104602 0
104618 0
104634 0
104650 0
104667 0
104683 0
104699 0
104716 0
104732 0
104748 0
104764 0
104781 0
104797 0
104813 0
104830 0
104846 0
104862 0
104878 0
104895 0
104911 0
104927 0
104944 0
104960 0
104976 0
104994 0
105010 0
105026 0
105042 0
105059 0
105075 0
105091 0
105108 0
105124 0
105140 0
105156 0
105173 0
105189 0
105205 0
105222 0
105238 0
105254 0
105270 0
105287 0
105303 0
105319 0
105336 0
105352 0
105368 0
105384 0
105401 0
105417 0
105433 0
105450 0
105466 0
105482 0
105498 0
105515 0
105531 0
105547 0
105564 0
105580 0
105596 0
105612 0
105629 0
105645 0
105661 0
105678 0
105694 0
105710 0
105726 0
105743 0
105759 0
105775 0
105792 0
105808 0
105824 0
105840 0
105857 0
105873 0
105889 0
105906 0
105922 0
105938 0
105954 0
105971 0
105988 0
106004 0
106021 0
106037 0
106053 0
106070 0
106086 0
106102 0
106118 0
106135 3320
106151 3320
106167 3319
106184 3316
106200 3314
106216 3315
106232 3314
106249 3316
106265 3314
106281 3316
106298 3316
106314 3316
106330 3324
106346 3353
106363 3317
106379 3316
106395 3312
106412 3317
106428 3318
106444 3320
106460 3317
106477 3316
106493 3314
106509 3315
106526 3317
106542 3313
106558 3315
106574 3358
106591 3317
106607 3313
106623 3312
106640 3316
106656 3315
106672 3314
106688 3314
106705 3306
106721 3316
106737 3316
106754 3316
106770 3315
106786 3316
106802 3318
106819 3309
106835 3311
106851 3318
106868 3316
106884 3315
106900 3314
106916 3316
106933 3315
106949 3317
106965 3311
106982 3313
106999 3314
107015 3315
107032 3313
107048 3313
107064 0
107080 0
107097 0
107113 0
107129 0
107146 0
107162 0
107178 0
107194 0
107211 0
107227 0
107243 0
107260 0
107276 0
107292 0
107308 0
107325 0
107341 0
107357 0
107374 0
107390 0
107406 0
107422 0
107439 0
107455 0
107471 0
107488 0
107504 0
107520 0
107536 0
107553 0
107569 0
107585 0
107602 0
107618 0
107634 0
107650 0
107667 0
107683 0
107699 0
107716 0
107732 0
107748 0
107764 0
107781 0
107797 0
107813 0
107830 0
107846 0
107862 0
107878 0
107895 0
107911 0
107927 0
107944 0
107960 0
107976 0
107994 0
108010 0
108026 0
108042 0
108059 0
108075 0
108091 0
108108 0
108124 0
108140 0
108156 0
108173 0
108189 0
108205 0
108222 0
108238 0
108254 0
108270 0
108287 0
108303 0
108319 0
108336 0
108352 0
108368 0
108384 0
108401 0
108417 0
108433 0
108450 0
108466 0
108482 0
108498 0
108515 0
108531 0
108547 0
108564 0
108580 0
108596 0
108612 0
108629 0
108645 0
108661 0
108678 0
108694 0
108710 0
108726 0
108743 0
108759 0
108775 0
108792 0
108808 0
108824 0
108840 0
108857 0
108873 0
108889 0
108906 0
108922 0
108938 0
108954 0
108971 0
108988 0
109004 0
109021 0
109037 0
109053 0
109070 0
109086 0
109102 0
109118 0
109135 0
109151 0
109167 0
109184 0
109200 0
109216 0
109232 0
109249 0
109265 0
109281 0
109298 0
109314 0
109330 0
109346 0
109363 0
109379 0
109395 0
109412 0
109428 0
109444 0
109460 0
109477 0
109493 0
109509 0
109526 0
109542 0
109558 0
109574 0
109591 0
109607 0
109623 0
109640 0
109656 0
109672 0
109688 0
109705 0
109721 0
109737 0
109754 0
109770 0
109786 0
109802 0
109819 0
109835 0
109851 0
109868 0
109884 0
109900 0
109916 0
109933 0
109949 0
109965 0
109982 0
109999 0
110015 0
110032 0
110048 0
110064 0
110080 0
110097 0
110113 0
110129 0
110146 0
110162 0
110178 0
110194 0
110211 0
110227 0
110243 0
110260 0
110276 0
110292 0
110308 0
110325 0
110341 0
110357 0
110374 0
110390 0
110406 0
110422 0
110439 0
110455 0
110471 0
110488 0
110504 0
110520 0
110536 0
110553 0
110569 0
110585 0
110602 0
110618 0
110634 0
110650 0
110667 0
110683 0
110699 0
110716 0
110732 0
110748 0
110764 0
110781 0
110797 0
110813 0
110830 0
110846 0
110862 0
110878 0
110895 0
110911 0
110927 0
110944 0
110960 0
110976 0
110993 0
111010 0
111026 0
111042 0
111059 0
111075 0
111091 0
111107 0
111124 0
111140 0
111156 0
111173 0
111189 0
111205 0
111221 0
111238 0
111254 0
111270 0
111287 0
111303 0
111319 0
111335 0
111352 0
111368 0
111384 0
111401 0
111417 0
111433 0
111449 0
111466 0
111482 0
111498 0
111515 0
111531 0
111547 0
111563 0
111580 0
111596 0
111612 0
111629 0
111645 0
111661 0
111677 0
111694 0
111710 0
111726 0
111743 0
111759 0
111775 0
111791 0
111808 0
111824 0
111840 0
111857 0
111873 0
111889 0
111905 0
111922 0
111938 0
111954 0
111971 0
111988 0
112004 0
112021 0
112037 0
112053 0
112069 0
112086 0
112102 0
112118 0
112135 0
112151 0
112167 0
112183 0
112200 0
112216 0
112232 0
112249 0
112265 0
112281 0
112297 0
112314 0
112330 0
112346 0
112363 0
112379 0
112395 0
112411 0
112428 0
112444 0
112460 0
112477 0
112493 0
112509 0
112525 0
112542 0
112558 0
112574 3312
112591 3319
112607 3320
112623 3316
112639 3316
112656 3314
112672 3315
112688 3315
112705 3327
112721 3316
112737 3318
112753 3318
112770 3317
112786 3317
112802 3316
112819 3314
112835 3318
112851 3318
112867 3324
112884 3315
112900 3315
112916 3314
112933 3316
112949 3315
112965 3321
112981 3317
112999 3314
113015 3314
113031 3314
113048 3319
113064 3314
113080 3318
113097 3288
113113 3318
113129 3315
113145 3315
113162 3315
113178 3315
113194 3316
113211 3316
113227 3312
113243 3314
113259 3315
113276 3312
113292 3316
113308 3314
113325 3315
113341 3315
113357 3326
113373 3315
113390 3315
113406 3314
113422 3315
113439 3314
113455 3317
113471 3316
113487 3315
113504 0
113520 0
113536 0
113553 0
113569 0
113585 0
113601 0
113618 0
113634 0
113650 0
113667 0
113683 0
113699 0
113715 0
113732 0
113748 0
113764 0
113781 0
113797 0
113813 0
113829 0
113846 0
113862 0
113878 0
113895 0
113911 0
113927 0
113943 0
113960 0
113976 0
113993 0
114010 0
114026 0
114042 0
114059 0
114075 0
114091 0
114107 0
114124 0
114140 0
114156 0
114173 0
114189 0
114205 0
114221 0
114238 0
114254 0
114270 0
114287 0
114303 0
114319 0
114335 0
114352 0
114368 0
114384 0
114401 0
114417 0
114433 0
114449 0
114466 0
114482 0
114498 0
114515 0
114531 0
114547 0
114563 0
114580 0
114596 0
114612 0
114629 0
114645 0
114661 0
114677 0
114694 0
114710 0
114726 0
114743 0
114759 0
114775 0
114791 0
114808 0
114824 0
114840 0
114857 0
114873 0
114889 0
114905 0
114922 0
114938 0
114954 0
114971 0
114988 0
115004 0
115021 0
115037 0
115053 0
115069 0
115086 0
115102 0
115118 0
115135 0
115151 0
115167 0
115183 0
115200 0
115216 0
115232 0
115249 0
115265 0
115281 0
115297 0
115314 0
115330 0
115346 0
115363 0
115379 0
115395 0
115411 0
115428 0
115444 0
115460 0
115477 0
115493 0
115509 0
115525 0
115542 0
115558 0
115574 0
115591 0
115607 0
115623 0
115639 0
115656 0
115672 0
115688 0
115705 0
115721 0
115737 0
115753 0
115770 0
115786 0
115802 0
115819 0
115835 0
115851 0
115867 0
115884 0
115900 0
115916 0
115933 0
115949 0
115965 0
115981 0
115999 0
116015 0
116031 0
116048 0
116064 0
116080 0
116097 0
116113 0
116129 0
116145 0
116162 0
116178 0
116194 0
116211 0
116227 0
116243 0
116259 0
116276 0
116292 0
116308 0
116325 0
116341 0
116357 0
116373 0
116390 0
116406 0
116422 0
116439 0
116455 0
116471 0
116487 0
116504 0
116520 0
116536 0
116553 0
116569 0
116585 0
116601 0
116618 0
116634 0
116650 4
116667 0
116683 0
116699 0
116715 0
116732 0
116748 0
116764 0
116781 0
116797 0
116813 0
116829 0
116846 0
116862 0
116878 0
116895 0
116911 0
116927 0
116943 0
116960 0
116976 0
116993 0
117010 0
117026 0
117042 0
117059 0
117075 0
117091 0
117107 0
117124 0
117140 0
117156 0
117173 0
117189 0
117205 0
117221 0
117238 0
117254 0
117270 0
117287 0
117303 0
117319 0
117335 0
117352 0
117368 0
117384 0
117401 0
117417 0
117433 0
117449 0
117466 0
117482 0
117498 0
117515 0
117531 0
117547 0
117563 0
117580 0
117596 0
117612 0
117629 0
117645 0
117661 0
117677 0
117694 0
117710 0
117726 0
117743 0
117759 0
117775 0
117791 0
117808 0
117824 0
117840 0
117857 0
117873 0
117889 0
117905 0
117922 0
117938 0
117954 0
117971 0
117988 0
118004 0
118021 0
118037 0
118053 0
118069 0
118086 0
118102 0
118118 0
118135 0
118151 0
118167 0
118183 0
118200 0
118216 0
118232 0
118249 0
118265 0
118281 0
118297 0
118314 0
118330 0
118346 0
118363 0
118379 0
118395 0
118411 0
118428 0
118444 0
118460 0
118477 0
118493 0
118509 0
118525 0
118542 0
118558 0
118574 0
118591 0
118607 0
118623 0
118639 0
118656 0
118672 0
118688 0
118705 0
118721 0
118737 0
118753 0
118770 0
118786 0
118802 0
118819 9
118835 0
118851 0
118867 0
118884 0
118900 0
118916 0
118933 0
118949 0
118965 0
118981 0
118999 0
119015 0
119031 3320
119048 3318
119064 3316
119080 3315
119097 3314
119113 3314
119129 3313
119145 3299
119162 3314
119178 3314
119194 3328
119211 3314
119227 3314
119243 3319
119259 3315
119276 3317
119292 3313
119308 3315
119325 3317
119341 3307
119357 3312
119373 3315
119390 3314
119406 3316
119422 3315
119439 3312
119455 3314
119471 3315
119487 3321
119504 3317
119520 3315
119536 3322
119553 3317
119569 3333
119585 3316
119601 3316
119618 3318
119634 3315
119650 3319
119667 3319
119683 3318
119699 3316
119715 3315
119732 3315
119748 3318
119764 3312
119781 3315
119797 3317
119813 3313
119829 3312
119846 3316
119862 3315
119878 3318
119895 3311
119911 3315
119927 3316
119943 0
119960 0
119976 0
119993 0
120010 0
120026 0
120042 0
120058 0
120075 0
120091 0
120107 0
120124 0
120140 0
120156 0
120172 0
120189 0
120205 0
120221 0
120238 0
120254 0
120270 0
120286 0
120303 0
120319 0
120335 0
120352 0
120368 0
120384 0
120400 0
120417 0
120433 0
120449 0
120466 0
120482 0
120498 0
120514 0
120531 0
120547 0
120563 0
120580 0
120596 0
120612 0
120628 0
120645 0
120661 0
120677 0
120694 0
120710 0
120726 0
120742 0
120759 0
120775 0
120791 0
120808 0
120824 0
120840 0
120856 0
120873 0
120889 0
120905 0
120922 0
120938 0
120954 0
120970 0
120988 0
121004 0
121020 0
121037 0
121053 0
121069 0
121086 0
121102 0
121118 0
121134 0
121151 0
121167 0
121183 0
121200 0
121216 0
121232 0
121248 0
121265 0
121281 0
121297 0
121314 0
121330 0
121346 0
121362 0
121379 0
121395 0
121411 0
121428 0
121444 0
121460 0
121476 0
121493 0
121509 0
121525 0
121542 0
121558 0
121574 0
121590 0
121607 0
121623 0
121639 0
121656 0
121672 0
121688 0
121704 0
121721 0
121737 0
121753 0
121770 0
121786 0
121802 0
121818 0
121835 0
121851 0
121867 0
121884 0
121900 0
121916 0
121932 0
121949 0
121965 0
121981 0
121999 0
122015 0
122031 0
122048 0
122064 0
122080 0
122097 0
122113 0
122129 0
122145 0
122162 0
122178 0
122194 0
122211 0
122227 0
122243 0
122259 0
122276 0
122292 0
122308 0
122325 0
122341 0
122357 0
122373 0
122390 0
122406 0
122422 0
122439 0
122455 0
122471 0
122487 0
122504 0
122520 0
122536 0
122553 0
122569 0
122585 0
122601 0
122618 0
122634 0
122650 0
122667 0
122683 0
122699 0
122715 0
122732 0
122748 0
122764 0
122781 0
122797 0
122813 0
122829 0
122846 0
122862 0
122878 0
122895 0
122911 0
122927 0
122943 0
122960 0
122976 0
122993 0
123010 0
123026 0
123042 0
123059 0
123075 0
123091 0
123107 0
123124 0
123140 0
123156 0
123173 0
123189 0
123205 0
123221 0
123238 0
123254 0
123270 0
123287 0
123303 0
123319 0
123335 0
123352 0
123368 0
123384 0
123401 0
123417 0
123433 0
123449 0
123466 0
123482 0
123498 0
123515 0
123531 0
123547 0
123563 0
123580 0
123596 0
123612 0
123629 0
123645 0
123661 0
123677 0
123694 0
123710 0
123726 0
123743 0
123759 0
123775 0
123791 0
123808 0
123824 0
123840 0
123857 0
123873 0
123889 0
123905 0
123922 0
123938 0
123954 0
123971 0
123988 0
124004 0
124021 0
124037 0
124053 0
124069 0
124086 0
124102 0
124118 0
124135 0
124151 0
124167 0
124183 0
124200 0
124216 0
124232 0
124249 0
124265 0
124281 0
124297 0
124314 0
124330 0
124346 0
124363 0
124379 0
124395 0
124411 0
124428 0
124444 0
124460 0
124477 0
124493 0
124509 0
124525 0
124542 0
124558 0
124574 0
124591 0
124607 0
124623 0
124639 0
124656 0
124672 0
124688 0
124705 0
124721 0
124737 0
124753 0
124770 0
124786 0
124802 0
124819 0
124835 0
124851 0
124867 0
124884 0
124900 0
124916 0
124933 0
124949 0
124965 0
124981 0
124999 0
125015 0
125031 0
125048 0
125064 0
125080 0
125097 0
125113 0
125129 0
125145 0
125162 0
125178 0
125194 0
125211 0
125227 0
125243 0
125259 0
125276 0
125292 0
125308 0
125325 0
125341 0
125357 0
125373 0
125390 0
125406 0
125422 0
125439 0
125455 3321
125471 3319
125487 3315
125504 3315
125520 3314
125536 3315
125553 3314
125569 3315
125585 3318
125601 3315
125618 3314
125634 3316
125650 3334
125667 3321
125683 3315
125699 3318
125715 3315
125732 3315
125748 3315
125764 3317
125781 3320
125797 3315
125813 3318
125829 3315
125846 3314
125862 3316
125878 3313
125895 3314
125911 3322
125927 3314
125943 3316
125960 3315
125976 3317
125993 3301
126010 3312
126026 3319
126042 3316
126058 3318
126075 3313
126091 3318
126107 3314
126124 3319
126140 3311
126156 3315
126172 3315
126189 3317
126205 3316
126221 3325
126238 3313
126254 3311
126270 3316
126286 3315
126303 3315
126319 3314
126335 3319
126352 3319
126368 3317
126384 0
126400 0
126417 0
126433 0
126449 0
126466 0
126482 0
126498 0
126514 0
126531 0
126547 0
126563 0
126580 0
126596 0
126612 0
126628 0
126645 0
126661 0
126677 0
126694 0
126710 0
126726 0
126742 0
126759 0
126775 0
126791 0
126808 0
126824 0
126840 0
126856 0
126873 0
126889 0
126905 0
126922 0
126938 0
126954 0
126970 0
126988 0
127004 0
127020 0
127037 0
127053 0
127069 0
127086 0
127102 0
127118 0
127134 0
127151 0
127167 0
127183 0
127200 0
127216 0
127232 0
127248 0
127265 0
127281 0
127297 0
127314 0
127330 0
127346 0
127362 0
127379 0
127395 0
127411 0
127428 0
127444 0
127460 0
127476 0
127493 0
127509 0
127525 0
127542 0
127558 0
127574 0
127590 0
127607 0
127623 0
127639 0
127656 0
127672 0
127688 0
127704 0
127721 0
127737 0
127753 0
127770 0
127786 0
127802 0
127818 0
127835 0
127851 0
127867 0
127884 0
127900 0
127916 0
127932 0
127949 0
127965 0
127981 0
127999 0
128015 0
128031 0
128048 0
128064 0
128080 0
128097 0
128113 0
128129 0
128145 0
128162 0
128178 0
128194 0
128211 0
128227 0
128243 0
128259 0
128276 0
128292 0
128308 0
128325 0
128341 0
128357 0
128373 0
128390 0
128406 0
128422 0
128439 0
128455 0
128471 0
128487 0
128504 0
128520 0
128536 0
128553 0
128569 0
128585 0
128601 0
128618 0
128634 0
128650 0
128667 0
128683 0
128699 0
128715 0
128732 0
128748 0
128764 0
128781 0
128797 0
128813 0
128829 0
128846 0
128862 0
128878 0
128895 0
128911 0
128927 0
128943 0
128960 0
128976 0
128993 0
129010 0
129026 0
129042 0
129059 0
129075 0
129091 0
129107 0
129124 0
129140 0
129156 0
129173 0
129189 0
129205 0
129221 0
129238 0
129254 0
129270 0
129287 0
129303 0
129319 0
129335 0
129352 0
129368 0
129384 0
129401 0
129417 0
129433 0
129449 0
129466 0
129482 0
129498 0
129515 0
129531 0
129547 0
129563 0
129580 0
129596 0
129612 0
129629 0
129645 0
129661 0
129677 0
129694 0
129710 0
129726 0
129743 0
129759 0
129775 0
129791 0
129808 0
129824 0
129840 0
129857 0
129873 0
129889 0
129905 0
129922 0
129938 0
129954 0
129971 0
129988 0
130004 0
130021 0
130037 0
130053 0
130069 0
130086 0
130102 0
130118 0
130135 0
130151 0
130167 0
130183 0
130200 0
130216 0
130232 0
130249 0
130265 0
130281 0
130297 0
130314 0
130330 0
130346 0
130363 0
130379 0
130395 0
130411 0
130428 0
130444 0
130460 0
130477 0
130493 0
130509 0
130525 0
130542 0
130558 0
130574 0
130591 0
130607 0
130623 0
130639 0
130656 0
130672 0
130688 0
130705 0
130721 0
130737 0
130753 0
130770 0
130786 0
130802 0
130819 0
130835 0
130851 0
130867 0
130884 0
130900 0
130916 0
130933 0
130949 0
130965 0
130981 0
130999 0
131015 0
131031 0
131048 0
131064 0
131080 0
131097 0
131113 0
131129 0
131145 0
131162 0
131178 0
131194 0
131211 0
131227 0
131243 0
131259 0
131276 0
131292 0
131308 0
131325 0
131341 0
131357 0
131373 0
131390 0
131406 0
131422 0
131439 0
131455 0
131471 0
131487 0
131504 0
131520 0
131536 0
131553 0
131569 0
131585 0
131601 0
131618 0
131634 0
131650 0
131667 0
131683 0
131699 0
131715 0
131732 0
131748 0
131764 0
131781 0
131797 0
131813 0
131829 0
131846 0
131862 0
131878 0
131895 3324
131911 3315
131927 3317
131943 3315
131960 3317
131976 3315
131993 3317
132010 3317
132026 3317
132042 3315
132058 3316
132075 3314
132091 3314
132107 3315
132124 3315
132140 3316
132156 3318
132172 3316
132189 3318
132205 3317
132221 3315
132238 3316
132254 3338
132270 3316
132286 3314
132303 3316
132319 3318
132335 3313
132352 3317
132368 3319
132384 3312
132400 3317
132417 3318
132433 3312
132449 3318
132466 3317
132482 3314
132498 3319
132514 3315
132531 3318
132547 3323
132563 3315
132580 3316
132596 3317
132612 3319
132628 3316
132645 3317
132661 3313
132677 3321
132694 3316
132710 3313
132726 3316
132742 3314
132759 3316
132775 3313
132791 3319
132808 0
132824 0
132840 0
132856 0
132873 0
132889 0
132905 0
132922 0
132938 0
132954 0
132970 0
132988 0
133004 0
133020 0
133037 0
133053 0
133069 0
133086 0
133102 0
133118 0
133134 0
133151 0
133167 0
133183 0
133200 0
133216 0
133232 0
133248 0
133265 0
133281 0
133297 0
133314 0
133330 0
133346 0
133362 0
133379 0
133395 0
133411 0
133428 0
133444 0
133460 0
133476 0
133493 0
133509 0
133525 0
133542 0
133558 0
133574 0
133590 0
133607 0
133623 0
133639 0
133656 0
133672 0
133688 0
133704 0
133721 0
133737 0
133753 0
133770 0
133786 0
133802 0
133818 0
133835 0
133851 0
133867 0
133884 0
133900 0
133916 0
133932 0
133949 0
133965 0
133981 0
133999 0
134015 0
134031 0
134048 0
134064 0
