2 1904
55 1911
71 1910
88 1907
104 1907
120 1909
137 1911
153 1884
170 1907
186 1909
202 1910
219 1907
235 1910
252 1906
268 1907
284 1906
301 1906
317 1907
334 1911
350 1908
366 1908
383 1909
399 1908
416 1908
432 1909
448 1907
465 1909
481 1908
497 1908
514 1908
530 1908
547 1908
563 1907
579 1909
596 1906
612 1906
629 1913
645 1908
661 1908
678 1908
694 1908
711 1907
727 1907
743 1909
760 1908
776 1908
793 1905
809 1906
825 1906
842 1908
858 1909
875 1907
891 1908
907 1907
924 1904
940 1905
956 1908
973 1905
990 1909
1007 1910
1023 1930
1040 1913
1056 1908
1072 1907
1089 1909
1105 1908
1122 1910
1138 1910
1154 1908
1171 1906
1187 1909
1204 1903
1220 1911
1236 1906
1253 1904
1269 1905
1285 1907
1302 1907
1318 1911
1335 1908
1351 1910
1367 1910
1384 1910
1400 1910
1417 1908
1433 1909
1449 1905
1466 1907
1482 1910
1499 1908
1515 1909
1531 1907
1548 1908
1564 1907
1581 1901
1597 1907
1613 1908
1630 1909
1646 1907
1663 1910
1679 1909
1695 1907
1712 1912
1728 1910
1744 1912
1761 1908
1777 1910
1794 1907
1810 1902
1826 1906
1843 1909
1859 1910
1876 1909
1892 1911
1908 1905
1925 1907
1941 1905
1958 1908
1974 1908
1996 1906
2013 1907
2029 1909
2046 1909
2062 1909
2078 1909
2095 1908
2111 1907
2128 1908
