2 559
55 538
71 522
88 506
104 491
120 474
137 459
153 443
169 427
186 415
202 395
218 385
235 369
251 358
267 346
284 353
300 324
316 317
333 301
349 291
365 278
382 274
398 260
414 253
431 246
447 235
463 226
480 226
496 224
512 207
529 202
545 199
561 189
578 188
594 184
610 178
627 176
643 171
659 169
676 165
692 164
708 162
725 162
741 163
757 217
774 171
790 177
806 173
823 182
839 189
855 191
872 200
888 204
904 208
921 216
937 223
953 230
970 241
987 251
1004 263
1020 272
1036 285
1053 295
1069 303
1085 317
1102 332
1118 344
1134 372
1151 371
1167 383
1183 420
1200 417
1216 436
1232 454
1249 464
1265 482
1281 498
1298 523
1314 539
1330 559
1347 583
1363 600
1379 606
1396 641
1412 663
1428 688
1445 708
1461 729
1477 759
1494 775
1510 803
1526 827
1543 851
1559 877
1575 901
1592 924
1608 948
1624 973
1641 1002
1657 1027
1673 1056
1690 1080
1706 1112
1722 1137
1739 1166
1755 1194
1771 1220
1788 1248
1804 1275
1820 1302
1837 1328
1853 1359
1869 1385
1886 1414
1902 1443
1918 1474
1935 1508
1951 1533
1967 1560
1985 1593
2001 1620
2017 1651
2034 1676
2050 1709
2066 1739
2083 1758
2099 1797
2115 1825
2132 1856
2148 1885
2164 1911
2181 1941
2197 1968
2213 1996
2230 2031
2246 2051
2262 2080
2279 2108
2295 2133
2311 2159
2328 2186
2344 2214
2360 2241
2377 2269
2393 2299
2409 2328
2426 2345
2442 2375
2458 2418
2475 2422
2491 2449
2507 2504
2524 2497
2540 2522
2556 2547
2573 2569
2589 2591
2605 2613
2622 2635
2638 2662
2654 2677
2671 2702
2687 2720
2703 2739
2720 2762
2736 2781
2752 2800
2769 2820
2785 2839
2801 2855
2818 2869
2834 2870
2850 2904
2867 2919
2883 2914
2899 2948
2916 2965
2932 2976
2948 2991
2965 3004
2981 3013
2998 3027
3015 3036
3031 3048
3047 3059
3064 3068
3080 3078
3096 3087
3113 3096
3129 3105
3145 3112
3162 3116
3178 3123
3194 3130
3211 3136
3227 3140
3243 3143
3260 3144
3276 3153
3292 3156
3309 3159
3325 3162
3341 3165
3358 3166
3374 3164
3390 3160
3407 3164
3423 3154
3439 3150
3456 3147
3472 3145
3488 3143
3505 3146
3521 3137
3537 3131
3554 3127
3570 3120
3586 3115
3603 3110
3619 3103
3635 3096
3652 3089
3668 3082
3684 3068
3701 3067
3717 3058
3733 3052
3750 3037
3766 3028
3782 3003
3799 3006
3815 2996
3831 2982
3848 2973
3864 2960
3880 2946
3897 2939
3913 2923
3929 2911
3946 2896
3962 2882
3978 2867
3996 2853
4012 2839
4029 2820
4045 2805
4061 2789
4078 2769
4094 2752
4110 2737
4127 2717
4143 2699
4159 2683
4176 2666
4192 2644
4208 2629
4225 2606
4241 2586
4257 2564
4274 2545
4290 2523
4306 2501
4323 2482
4339 2462
4355 2438
4372 2418
4388 2394
4404 2370
4421 2351
4437 2328
4453 2302
4470 2280
4486 2257
4502 2232
4519 2209
4535 2184
4551 2164
4568 2139
4584 2107
4600 2089
4617 2067
4633 2038
4649 2016
4666 1992
4682 1968
4698 1941
4715 1917
4731 1888
4747 1863
4764 1841
4780 1816
4796 1788
4813 1762
4829 1736
4845 1709
4862 1709
4878 1659
4894 1634
4911 1609
4927 1582
4943 1557
4960 1533
4976 1505
4993 1477
5010 1453
5026 1425
5042 1394
5059 1373
5075 1348
5091 1325
5108 1301
5124 1273
5140 1248
5157 1225
5173 1203
5189 1174
5206 1152
5222 1130
5238 1106
5255 1120
5271 1057
5287 1034
5304 1007
5320 986
5336 962
5353 940
5369 917
5385 897
5402 873
5418 850
5434 822
5451 809
5467 786
5483 765
5500 744
5516 721
5532 702
5549 682
5565 664
5581 641
5598 625
5614 612
5630 587
5647 570
5663 551
5679 534
5696 517
5712 501
5728 483
5745 463
5761 453
5777 439
5794 423
5810 405
5826 394
5843 380
5859 368
5875 354
5892 344
5908 329
5924 320
5941 307
5957 298
5973 288
5991 275
6007 276
6023 258
6040 248
6056 242
6072 235
6089 222
6105 219
6121 211
6138 210
6154 201
6170 199
6187 190
6203 188
6219 170
6236 175
6252 172
6268 173
6285 165
6301 165
6317 161
6334 157
6350 157
6366 165
6383 153
6399 172
6415 179
6432 178
6448 187
6464 189
6481 192
6497 199
6513 193
6530 210
6546 218
6562 225
6579 230
6595 240
6611 248
6628 257
6644 270
6660 280
6677 293
6693 303
6709 313
6726 325
6742 342
6758 353
6775 366
6791 381
6807 389
6824 419
6840 426
6856 442
6873 459
6889 476
6905 489
6922 510
6938 528
6954 544
6971 563
6988 586
7005 611
7021 627
7037 636
7054 672
7070 692
7086 720
7103 738
7119 760
7135 783
7152 808
7168 832
7184 851
7201 879
7217 901
7233 926
7250 952
7266 974
7282 996
7299 1024
7315 1050
7331 1080
7348 1104
7364 1136
7380 1159
7397 1187
7413 1214
7429 1240
7446 1267
7462 1299
7478 1325
7495 1354
7511 1379
7527 1410
7544 1436
7560 1466
7576 1496
7593 1523
7609 1551
7625 1583
7642 1618
7658 1636
7674 1668
7691 1705
7707 1726
7723 1759
7740 1786
7756 1813
7772 1824
7789 1867
7805 1897
7821 1930
7838 1956
7854 1982
7870 2011
7887 2036
7903 2067
7919 2091
7936 2123
7952 2143
7968 2172
7986 2198
8002 2228
8018 2251
8035 2279
8051 2307
8067 2332
8084 2358
8100 2383
8116 2410
8133 2431
8149 2456
8165 2499
8182 2501
8198 2526
8214 2549
8231 2572
8247 2598
8263 2618
8280 2645
8296 2654
8312 2682
8329 2703
8345 2722
8361 2742
8378 2764
8394 2780
8410 2798
8427 2821
8443 2842
8459 2862
8476 2873
8492 2887
8508 2903
8525 2919
8541 2933
8557 2951
8574 2964
8590 2969
8606 2985
8623 3001
8639 3010
8655 3024
8672 3036
8688 3047
8704 3054
8721 3062
8737 3076
8753 3085
8770 3092
8786 3103
8802 3109
8819 3115
8835 3120
8851 3137
8868 3135
8884 3136
8900 3140
8917 3150
8933 3164
8949 3147
8966 3157
8982 3155
8999 3166
9016 3162
9032 3162
9048 3162
9065 3159
9081 3156
9097 3154
9114 3148
9130 3150
9146 3146
9163 3142
9179 3139
9195 3136
9212 3127
9228 3123
9244 3108
9261 3114
9277 3107
9293 3098
9310 3093
9326 3084
9342 3078
9359 3072
9375 3061
9391 3051
9408 3040
9424 3031
9440 3021
9457 3014
9473 3001
9489 2992
9506 2982
9522 2968
9538 2933
9555 2945
9571 2931
9587 2915
9604 2905
9620 2887
9636 2875
9653 2855
9669 2876
9685 2829
9702 2816
9718 2795
9734 2781
9751 2764
9767 2742
9783 2726
9800 2709
9816 2692
9832 2672
9849 2660
9865 2635
9881 2638
9898 2597
9914 2577
9930 2553
9947 2536
9963 2513
9979 2494
9996 2471
10013 2451
10029 2427
10045 2407
10062 2386
10078 2364
10094 2341
10111 2316
10127 2292
10143 2269
10160 2246
10176 2221
10192 2203
10209 2176
10225 2152
10241 2131
10258 2107
10274 2079
10290 2055
10307 2032
10323 2005
10339 1983
10356 1957
10372 1933
10388 1909
10405 1891
10421 1856
10437 1835
10454 1809
10470 1781
10486 1754
10503 1728
10519 1701
10535 1675
10552 1649
10568 1623
10584 1601
10601 1574
10617 1545
10633 1519
10650 1496
10666 1468
10682 1445
10699 1418
10715 1392
10731 1371
10748 1341
10764 1319
10780 1296
10797 1275
10813 1244
10829 1219
10846 1195
10862 1176
10878 1150
10895 1122
10911 1101
10927 1079
10944 1054
10960 1030
10976 1007
10994 978
11010 949
11027 934
11043 914
11059 890
11076 866
11092 845
11108 827
11125 802
11141 779
11157 762
11174 735
11190 719
11206 700
11223 678
11239 659
11255 644
11272 620
11288 606
11304 586
11321 567
11337 548
11353 534
11370 514
11386 496
11402 485
11419 467
11435 464
11451 437
11468 425
11484 407
11500 396
11517 379
11533 365
11549 354
11566 344
11582 329
11598 321
11615 308
11631 299
11647 288
11664 279
11680 266
11696 259
11713 252
11729 241
11745 243
11762 229
11778 218
11794 214
11811 208
11827 203
11843 196
11860 193
11876 188
11892 182
11909 179
11925 176
11941 170
11958 162
11974 165
11991 166
12008 159
12024 158
12040 164
12057 166
12073 170
12089 209
12106 179
12122 184
12138 188
12155 194
12171 200
12187 207
12204 213
12220 219
12236 225
12253 235
12269 241
12285 253
12302 265
12318 276
12334 288
12351 301
12367 309
12383 314
12400 335
12416 347
12432 358
12449 375
12465 390
12481 406
12498 423
12514 441
12530 458
12547 476
12563 491
12579 510
12596 526
12612 546
12628 568
12645 586
12661 607
12677 630
12694 650
12710 674
12726 696
12743 719
12759 742
12775 766
12792 787
12808 812
12824 850
12841 866
12857 888
12873 912
12890 936
12906 975
12922 989
12939 1014
12955 1049
12971 1066
12989 1096
13005 1124
13021 1149
13038 1179
13054 1207
13070 1232
13087 1259
13103 1294
13119 1314
13136 1344
13152 1373
13168 1399
13185 1429
13201 1457
13217 1473
13234 1511
13250 1545
13266 1576
13283 1602
13299 1631
13315 1661
13332 1689
13348 1718
13364 1748
13381 1778
13397 1806
13413 1838
13430 1866
13446 1893
13462 1923
13479 1950
13495 1980
13511 2004
13528 2032
13544 2060
13560 2085
13577 2114
13593 2140
13609 2168
13626 2196
13642 2238
13658 2246
13675 2272
13691 2303
13707 2326
13724 2351
13740 2376
13756 2403
13773 2425
13789 2452
13805 2478
13822 2497
13838 2522
13854 2545
13871 2568
13887 2592
13903 2614
13920 2637
13936 2659
13952 2679
13969 2702
13986 2722
14003 2736
14019 2759
14035 2763
14052 2797
14068 2815
14084 2835
14101 2853
14117 2868
14133 2888
14150 2899
14166 2912
14182 2930
14199 2946
14215 2961
14231 2975
14248 2987
14264 2998
14280 3010
14297 3027
14313 3035
14329 3046
14346 3058
14362 3064
14378 3073
14395 3083
14411 3091
14427 3099
14444 3105
14460 3114
14476 3119
14493 3128
14509 3130
14525 3136
14542 3138
14558 3144
14574 3149
14591 3160
14607 3155
14623 3158
14640 3168
14656 3164
14672 3166
14689 3165
14705 3161
14721 3164
14738 3155
14754 3152
14770 3149
14787 3145
14803 3141
14819 3138
14836 3136
14852 3132
14868 3125
14885 3117
14901 3115
14917 3106
14934 3104
14950 3096
14966 3089
14983 3099
15000 3072
15016 3063
15033 3060
15049 3046
15065 3037
15082 3025
15098 3015
15114 2990
15131 2992
15147 2983
15163 2973
15180 2958
15196 2945
15212 2931
15229 2920
15245 2905
15261 2891
15278 2878
15294 2862
15310 2845
15327 2832
15343 2815
15359 2799
15376 2784
15392 2765
15408 2740
15425 2731
15441 2710
15457 2694
15474 2677
15490 2656
15506 2637
15523 2619
15539 2592
15555 2577
15572 2558
15588 2537
15604 2515
15621 2497
15637 2473
15653 2454
15670 2429
15686 2405
15702 2389
15719 2362
15735 2341
15751 2319
15768 2296
15784 2269
15800 2249
15817 2225
15833 2199
15849 2158
15866 2153
15882 2130
15898 2106
15915 2082
15931 2055
15947 2035
15964 2012
15980 1984
15996 1959
16013 1934
16029 1909
16045 1884
16062 1861
16078 1834
16094 1809
16111 1783
16127 1758
16143 1729
16160 1699
16176 1678
16192 1651
16209 1621
16225 1599
16241 1574
16258 1556
16274 1523
16290 1498
16307 1470
16323 1446
16339 1421
16356 1392
16372 1370
16388 1346
16405 1316
16421 1295
16437 1274
16454 1247
16470 1222
16486 1199
16503 1174
16519 1148
16535 1125
16552 1100
16568 1076
16584 1055
16601 1033
16617 1007
16633 976
16650 959
16666 941
16682 912
16699 899
16715 873
16731 850
16748 828
16764 807
16780 790
16797 765
16813 745
16829 725
16846 703
16862 683
16878 660
16895 640
16911 626
16927 607
16944 584
16960 578
16976 554
16994 538
17010 519
17027 500
17043 488
17059 478
17076 457
17092 440
17108 430
17125 411
17141 398
17157 360
17174 371
17190 361
17206 344
17223 334
17239 322
17255 311
17272 300
17288 291
17304 282
17321 268
17337 261
17353 253
17370 243
17386 237
17402 229
17419 220
17435 217
17451 210
17468 204
17484 212
17500 191
17517 190
17533 194
17549 180
17566 176
17582 174
17598 168
17615 167
17631 164
17647 158
17664 163
17680 164
17696 163
17713 169
17729 173
17745 178
17762 183
17778 187
17794 192
17811 197
17827 201
17843 211
17860 217
17876 223
17892 229
17909 241
17925 244
17941 257
17958 264
17974 277
17991 289
18008 301
18024 314
18040 329
18057 342
18073 355
18089 372
18106 385
18122 399
18138 416
18155 430
18171 446
18187 465
18204 480
18220 500
18236 520
18253 538
18269 552
18285 578
18302 597
18318 616
18334 638
18351 662
18367 683
18383 702
18400 730
18416 752
18432 784
18449 804
18465 825
18481 849
18498 877
18514 899
18530 924
18547 951
18563 974
18579 1010
18596 1028
18612 1057
18628 1084
18645 1112
18661 1135
18677 1163
18694 1190
18710 1219
18726 1248
18743 1276
18759 1287
18775 1330
18792 1361
18808 1393
18824 1411
18841 1443
18857 1474
18873 1503
18890 1533
18906 1562
18922 1590
18939 1621
18955 1647
18971 1675
18989 1709
19005 1736
19021 1768
19038 1796
19054 1826
19070 1856
19087 1885
19103 1913
19119 1935
19136 1968
19152 1996
19168 2025
19185 2052
19201 2076
19217 2107
19234 2130
19250 2159
19266 2186
19283 2208
19299 2240
19315 2266
19332 2289
19348 2318
19364 2344
19381 2369
19397 2392
19413 2420
19430 2447
19446 2469
19462 2491
19479 2513
19495 2539
19511 2562
19528 2583
19544 2606
19560 2629
19577 2652
19593 2671
19609 2694
19626 2715
19642 2735
19658 2765
19675 2774
19691 2792
19707 2806
19724 2827
19740 2845
19756 2859
19773 2877
19789 2896
19805 2911
19822 2927
19838 2941
19854 2952
19871 2969
19887 2983
19903 2994
19920 3005
19936 3016
19952 3029
19969 3044
19986 3055
20003 3063
20019 3074
20035 3082
20052 3089
20068 3098
20084 3109
20101 3110
20117 3119
20133 3138
20150 3127
20166 3136
20182 3131
20199 3141
20215 3147
20231 3150
20248 3156
20264 3159
20280 3163
20297 3163
20313 3167
20329 3164
20346 3164
20362 3161
20378 3160
20395 3153
20411 3147
20427 3143
20444 3143
20460 3138
20476 3132
20493 3130
20509 3108
20525 3121
20542 3117
20558 3107
20574 3101
20591 3099
20607 3088
20623 3083
20640 3074
20656 3063
20672 3055
20689 3049
20705 3034
20721 3026
20738 3017
20754 3007
20770 2992
20787 2983
20803 2971
20819 2959
20836 2947
20852 2935
20868 2920
20885 2908
20901 2893
20917 2879
20934 2865
20950 2848
20966 2833
20983 2813
21000 2799
21016 2785
21033 2753
21049 2747
21065 2730
21082 2713
21098 2691
21114 2673
21131 2655
21147 2635
21163 2616
21180 2594
21196 2576
21212 2559
21229 2534
21245 2512
21261 2492
21278 2469
21294 2446
21310 2429
21327 2403
21343 2383
21359 2359
21376 2336
21392 2316
21408 2310
21425 2268
21441 2244
21457 2226
21474 2195
21490 2173
21506 2147
21523 2122
21539 2097
21555 2075
21572 2053
21588 2024
21604 2006
21621 1976
21637 1952
21653 1927
21670 1902
21686 1880
21702 1853
21719 1819
21735 1798
21751 1771
21768 1748
21784 1722
21800 1693
21817 1667
21833 1636
21849 1618
21866 1586
21882 1589
21898 1534
21915 1509
21931 1489
21947 1458
21964 1432
21980 1407
21996 1382
22013 1355
22029 1331
22045 1308
22062 1282
22078 1257
22094 1231
22111 1208
22127 1182
22143 1159
22160 1136
22176 1112
22192 1088
22209 1060
22225 1039
22241 1014
22258 980
22274 972
22290 945
22307 927
22323 900
22339 878
22356 857
22372 835
22388 812
22405 793
22421 772
22437 752
22454 728
22470 709
22486 689
22503 668
22519 647
22535 631
22552 609
22568 590
22584 574
22601 558
22617 537
22633 523
22650 508
22666 489
22682 493
22699 458
22715 442
22731 428
22748 416
22764 399
22780 388
22797 373
22813 361
22829 356
22846 335
22862 326
22878 313
22895 303
22911 289
22927 280
22944 271
22960 263
22976 252
22994 249
23010 237
23027 233
23043 224
23059 218
23076 212
23092 209
23108 200
23125 192
23141 188
23157 174
23174 181
23190 176
23206 171
23223 171
23239 166
23255 159
23272 158
23288 161
23304 162
23321 166
23337 166
23353 171
23370 178
23386 184
23402 186
23419 192
23435 198
23451 200
23468 210
23484 227
23500 227
23517 232
23533 233
23549 249
23566 259
23582 322
23598 280
23615 285
23631 300
23647 314
23664 329
23680 341
23696 356
23713 370
23729 385
23745 399
23762 416
23778 432
23794 449
23811 467
23827 480
23843 500
23860 520
23876 536
23892 556
23909 574
23925 598
23941 613
23958 655
23974 659
23991 685
24008 699
24024 727
24040 753
24057 775
24073 801
24089 828
24106 849
24122 874
24138 899
24155 921
24171 949
24187 975
24204 1002
24220 1030
24236 1055
24253 1083
24269 1110
24285 1135
24302 1163
24318 1189
24334 1217
24351 1246
24367 1271
24383 1299
24400 1328
24416 1358
24432 1386
24449 1411
24465 1439
24481 1471
24498 1497
24514 1525
24530 1558
24547 1584
24563 1615
24579 1650
24596 1675
24612 1702
24628 1734
24645 1761
24661 1790
24677 1814
24694 1847
24710 1876
24726 1906
24743 1929
24759 1965
24775 1985
24792 2017
24808 2045
24824 2069
24841 2097
24857 2076
24873 2148
24890 2176
24906 2201
24922 2232
24939 2256
24955 2279
24971 2309
24989 2337
25005 2361
25021 2384
25038 2410
25054 2433
25070 2456
25087 2483
25103 2506
25119 2527
25136 2555
25152 2575
25168 2600
25185 2623
25201 2642
25217 2666
25234 2702
25250 2707
25266 2725
25283 2739
25299 2763
25315 2783
25332 2802
25348 2817
25364 2837
25381 2852
25397 2870
25413 2887
25430 2900
25446 2916
25462 2933
25479 2947
25495 2960
25511 2975
25528 2989
25544 2999
25560 3011
25577 3024
25593 3035
25609 3044
25626 3054
25642 3064
25658 3074
25675 3082
25691 3092
25707 3097
25724 3108
25740 3113
25756 3120
25773 3123
25789 3129
25805 3136
25822 3142
25838 3142
25854 3153
25871 3149
25887 3152
25903 3159
25920 3159
25936 3164
25952 3163
25969 3167
25986 3165
26003 3157
26019 3155
26035 3151
26052 3151
26068 3146
26084 3140
26101 3137
26117 3132
26133 3112
26150 3125
26166 3119
26182 3114
26199 3109
26215 3102
26231 3099
26248 3091
26264 3081
26280 3072
26297 3064
26313 3056
26329 3045
26346 3042
26362 3027
26378 3015
26395 3007
26411 2993
26427 2982
26444 2968
26460 2967
26476 2945
26493 2931
26509 2918
26525 2905
26542 2893
26558 2879
26574 2861
26591 2842
26607 2833
26623 2815
26640 2800
26656 2784
26672 2763
26689 2748
26705 2729
26721 2711
26738 2690
26754 2673
26770 2652
26787 2634
26803 2614
26819 2593
26836 2573
26852 2550
26868 2533
26885 2508
26901 2492
26917 2467
26934 2447
26950 2422
26966 2402
26983 2379
27000 2357
27016 2331
27033 2310
27049 2285
27065 2262
27082 2236
27098 2214
27114 2189
27131 2164
27147 2140
27163 2117
27180 2086
27196 2066
27212 2042
27229 2017
27245 1991
27261 1968
27278 1941
27294 1917
27310 1892
27327 1865
27343 1841
27359 1816
27376 1790
27392 1761
27408 1734
27425 1710
27441 1682
27457 1659
27474 1631
27490 1605
27506 1576
27523 1549
27539 1521
27555 1499
27572 1472
27588 1450
27604 1424
27621 1395
27637 1372
27653 1346
27670 1323
27686 1298
27702 1271
27719 1251
27735 1225
27751 1199
27768 1173
27784 1145
27800 1119
27817 1099
27833 1077
27849 1045
27866 1025
27882 1001
27898 979
27915 956
27931 940
27947 910
27964 892
27980 867
27996 846
28013 827
28029 802
28045 782
28062 769
28078 740
28094 717
28111 697
28127 677
28143 657
28160 641
28176 619
28192 599
28209 582
28225 561
28241 545
28258 530
28274 514
28290 496
28307 481
28323 462
28339 450
28356 433
28372 417
28388 403
28405 391
28421 378
28437 363
28454 352
28470 340
28486 313
28503 314
28519 305
28535 293
28552 286
28568 276
28584 261
28601 255
28617 246
28633 238
28650 232
28666 224
28682 217
28699 212
28715 207
28731 200
28748 196
28764 189
28780 183
28797 215
28813 178
28829 175
28846 171
28862 166
28878 160
28895 162
28911 156
28927 161
28944 168
28960 167
28976 169
28994 176
29010 179
29027 185
29043 191
29059 198
29076 204
29092 209
29108 212
29125 222
29141 202
29157 237
29174 248
29190 264
29206 265
29223 277
29239 290
29255 300
29272 312
29288 323
29304 334
29321 351
29337 365
29353 379
29370 397
29386 410
29402 429
29419 444
29435 466
29451 477
29468 496
29484 519
29500 535
29517 554
29533 571
29549 596
29566 617
29582 638
29598 658
29615 683
29631 702
29647 723
29664 747
29680 776
29696 795
29713 821
29729 848
29745 863
29762 898
29778 924
29794 947
29811 974
29827 1003
29843 1023
29860 1054
29876 1083
29892 1108
29909 1136
29925 1165
29941 1188
29958 1210
29974 1246
29991 1276
30008 1301
30024 1331
30040 1359
30057 1389
30073 1413
30089 1448
30106 1475
30122 1504
30138 1532
30155 1566
30171 1597
30187 1624
30204 1652
30220 1680
30236 1712
30253 1741
30269 1746
30285 1802
30302 1832
30318 1860
30334 1889
30351 1916
30367 1943
30383 1978
30400 2000
30416 2027
30432 2049
30449 2086
30465 2112
30481 2137
30498 2164
30514 2190
30530 2219
30547 2245
30563 2246
30579 2299
30596 2326
30612 2351
30628 2375
30645 2405
30661 2427
30677 2451
30694 2476
30710 2497
30726 2522
30743 2548
30759 2568
30775 2593
30792 2619
30808 2641
30824 2662
30841 2684
30857 2706
30873 2726
30890 2745
30906 2748
30922 2783
30939 2802
30955 2820
30971 2839
30989 2857
31005 2874
31021 2894
31038 2909
31054 2922
31070 2936
31087 2934
31103 2965
31119 2980
31136 2998
31152 3005
31168 3015
31185 3029
31201 3038
31217 3068
31234 3064
31250 3073
31266 3080
31283 3089
31299 3097
31315 3106
31332 3113
31348 3120
31364 3122
31381 3133
31397 3135
31413 3139
31430 3143
31446 3148
31462 3150
31479 3155
31495 3158
31511 3176
31528 3167
31544 3167
31560 3163
31577 3164
31593 3152
31609 3156
31626 3154
31642 3153
31658 3145
31675 3144
31691 3136
31707 3132
31724 3137
31740 3125
31756 3117
31773 3125
31789 3106
31805 3098
31822 3094
31838 3087
31854 3078
31871 3073
31887 3062
31903 3057
31920 3047
31936 3038
31952 3026
31969 3016
31986 3005
32003 2993
32019 2981
32035 2970
32052 2960
32068 2946
32084 2941
32101 2921
32117 2904
32133 2890
32150 2878
32166 2869
32182 2847
32199 2837
32215 2813
32231 2802
32248 2787
32264 2770
32280 2752
32297 2738
32313 2715
32329 2697
32346 2680
32362 2660
32378 2641
32395 2621
32411 2599
32427 2578
32444 2560
32460 2543
32476 2514
32493 2496
32509 2470
32525 2450
32542 2430
32558 2410
32574 2388
32591 2383
32607 2345
32623 2319
32640 2299
32656 2275
32672 2251
32689 2226
32705 2201
32721 2178
32738 2152
32754 2131
32770 2100
32787 2079
32803 2057
32819 2031
32836 2006
32852 1979
32868 1955
32885 1931
32901 1907
32917 1882
32934 1857
32950 1837
32966 1804
32983 1754
33000 1746
33016 1726
33033 1698
33049 1673
33065 1647
33082 1619
33098 1592
33114 1589
33131 1541
33147 1515
33163 1491
33180 1461
33196 1435
33212 1411
33229 1384
33245 1362
33261 1337
33278 1309
33294 1284
33310 1262
33327 1238
33343 1214
33359 1188
33376 1160
33392 1140
33408 1136
33425 1089
33441 1067
33457 1043
33474 1016
33490 995
33506 970
33523 948
33539 926
33555 900
33572 878
33588 861
33604 836
33621 814
33637 793
33653 772
33670 751
33686 732
33702 708
33719 691
33735 669
33751 650
33768 629
33784 611
33800 592
33817 574
33833 561
33849 524
33866 522
33882 508
33898 488
33915 473
33931 450
33947 441
33964 429
33980 410
33996 399
34013 385
34029 375
34045 359
34062 351
34078 336
34094 321
34111 311
34127 301
34143 290
34160 278
34176 273
34192 258
34209 254
34225 246
34241 239
34258 227
34274 217
34290 215
34307 207
34323 201
34339 198
34356 194
34372 186
34388 178
34405 184
34421 175
34437 173
34454 168
34470 167
34486 162
34503 160
34519 160
34535 160
34552 167
34568 169
34584 174
34601 180
34617 180
34633 185
34650 192
34666 195
34682 201
34699 208
34715 215
34731 224
34748 232
34764 238
34780 249
34797 243
34813 268
34829 277
34846 290
34862 302
34878 308
34895 323
34911 340
34927 351
34944 366
34960 379
34976 394
34994 412
35010 423
35027 443
35043 458
35059 490
35076 494
35092 511
35108 529
35125 550
35141 567
35157 585
35174 611
35190 635
35206 653
35223 674
35239 697
35255 717
35272 743
35288 765
35304 785
35321 810
35337 834
35353 860
35370 881
35386 908
35402 932
35419 958
35435 985
35451 1008
35468 1036
35484 1060
35500 1091
35517 1117
35533 1119
35549 1169
35566 1194
35582 1228
35598 1250
35615 1276
35631 1304
35647 1331
35664 1356
35680 1389
35696 1414
35713 1437
35729 1472
35745 1501
35762 1527
35778 1560
35794 1587
35811 1615
35827 1645
35843 1674
35860 1701
35876 1734
35892 1760
35909 1789
35925 1818
35941 1845
35958 1883
35974 1906
35991 1933
36008 1955
36024 1984
36040 2014
36057 2090
36073 2068
36089 2094
36106 2120
36122 2149
36138 2176
36155 2205
36171 2230
36187 2258
36204 2285
36220 2309
36236 2335
36253 2359
36269 2382
36285 2408
36302 2435
36318 2457
36334 2480
36351 2506
36367 2526
36383 2553
36400 2574
36416 2596
36432 2631
36449 2640
36465 2666
36481 2689
36498 2708
36514 2726
36530 2740
36547 2765
36563 2783
36579 2803
36596 2822
36612 2837
36628 2858
36645 2873
36661 2890
36677 2906
36694 2920
36710 2936
36726 2949
36743 2965
36759 2976
36775 2988
36792 3001
36808 2996
36824 3027
36841 3038
36857 3051
36873 3060
36890 3068
36906 3079
36922 3088
36939 3096
36955 3103
36971 3108
36989 3117
37005 3125
37021 3127
37038 3134
37054 3139
37070 3142
37087 3146
37103 3154
37119 3154
37136 3157
37152 3160
37168 3163
37185 3168
37201 3166
37217 3161
37234 3162
37250 3155
37266 3152
37283 3141
37299 3146
37315 3139
37332 3142
37348 3133
37364 3129
37381 3128
37397 3119
37413 3115
37430 3107
37446 3107
37462 3093
37479 3091
37495 3081
37511 3074
37528 3067
37544 3058
37560 3047
37577 3040
37593 3029
37609 3016
37626 3008
37642 2998
37658 2977
37675 2974
37691 2965
37707 2941
37724 2936
37740 2923
37756 2912
37773 2897
37789 2883
37805 2873
37822 2852
37838 2838
37854 2827
37871 2806
37887 2791
37903 2775
37920 2757
37936 2736
37952 2716
37969 2703
37986 2680
38003 2664
38019 2645
38035 2625
38052 2606
38068 2584
38084 2564
38101 2543
38117 2526
38133 2491
38150 2482
38166 2459
38182 2422
38199 2416
38215 2395
38231 2373
38248 2351
38264 2329
38280 2304
38297 2283
38313 2259
38329 2234
38346 2209
38362 2187
38378 2163
38395 2137
38411 2117
38427 2090
38444 2066
38460 2044
38476 2017
38493 1993
38509 1972
38525 1943
38542 1918
38558 1894
38574 1868
38591 1841
38607 1824
38623 1791
38640 1770
38656 1740
38672 1715
38689 1690
38705 1661
38721 1634
38738 1611
38754 1581
38770 1558
38787 1532
38803 1504
38819 1481
38836 1455
38852 1429
38868 1404
38885 1375
38901 1349
38917 1325
38934 1312
38950 1276
38966 1254
38983 1228
39000 1203
39016 1180
39033 1157
39049 1132
39065 1106
39082 1034
39098 1057
39114 1032
39131 1006
39147 986
39163 963
39180 940
39196 924
39212 894
39229 873
39245 852
39261 829
39278 808
39294 786
39310 765
39327 746
39343 725
39359 703
39376 685
39392 664
39408 623
39425 627
39441 609
39457 568
39474 569
39490 552
39506 535
39523 516
39539 501
39555 486
39572 468
39588 453
39604 438
39621 420
39637 408
39653 393
39670 383
39686 369
39702 356
39719 343
39735 331
39751 322
39768 307
39784 300
39800 288
39817 279
39833 263
39849 260
39866 248
39882 237
39898 234
39915 225
39931 216
39947 209
39964 212
39980 201
39996 195
40013 193
40029 183
40045 185
40062 179
40078 175
40094 171
40111 169
40127 164
40143 161
40160 161
40176 162
40192 163
40209 168
40225 173
40241 174
40258 187
40274 185
40290 190
40307 199
40323 200
40339 206
40356 213
40372 218
40388 227
40405 239
40421 247
40437 255
40454 264
40470 278
40486 284
40503 296
40519 312
40535 320
40552 335
40568 348
40584 362
40601 374
40617 388
40633 377
40650 420
40666 436
40682 443
40699 469
40715 489
40731 508
40748 527
40764 545
40780 564
40797 584
40813 606
40829 625
40846 646
40862 667
40878 690
40895 714
40911 736
40927 760
40944 782
40960 806
40976 833
40994 860
41010 880
41027 905
41043 932
41059 957
41076 981
41092 1013
41108 1043
41125 1064
41141 1091
41157 1115
41174 1136
41190 1174
41206 1198
41223 1228
41239 1253
41255 1283
41272 1307
41288 1337
41304 1361
41321 1394
41337 1422
41353 1450
41370 1477
41386 1507
41402 1535
41419 1563
41435 1594
41451 1622
41468 1658
41484 1685
41500 1712
41517 1741
41533 1768
41549 1798
41566 1829
41582 1853
41598 1883
41615 1916
41631 1942
41647 1971
41664 2000
41680 2029
41696 2053
41713 2079
41729 2109
41745 2132
41762 2159
41778 2188
41794 2213
41811 2242
41827 2268
41843 2295
41860 2321
41876 2346
41892 2373
41909 2422
41925 2423
41941 2448
41958 2463
41974 2493
41991 2518
42008 2544
42024 2565
42040 2589
42057 2594
42073 2633
42089 2654
42106 2677
42122 2699
42138 2719
42155 2742
42171 2758
42187 2775
42204 2799
42220 2816
42236 2833
42253 2852
42269 2867
42285 2881
42302 2901
42318 2915
42334 2934
42351 2947
42367 2961
42383 2974
42400 2988
42416 3002
42432 3010
42449 3025
42465 3036
42481 3045
42498 3059
42514 3068
42530 3075
42547 3088
42563 3094
42579 3104
42596 3110
42612 3116
42628 3122
42645 3129
42661 3132
42677 3141
42694 3141
42710 3147
42726 3151
42743 3153
42759 3156
42775 3162
42792 3163
42808 3164
42824 3164
42841 3164
42857 3163
42873 3156
42890 3156
42906 3150
42922 3148
42939 3143
42955 3149
42971 3135
42989 3133
43005 3125
43021 3121
43038 3117
43054 3113
43070 3103
43087 3098
43103 3094
43119 3083
43136 3076
43152 3062
43168 3055
43185 3046
43201 3040
43217 3030
43234 3019
43250 3009
43266 2998
43283 2998
43299 2976
43315 2964
43332 2949
43348 2940
43364 2925
43381 2912
43397 2899
43413 2884
43430 2871
43446 2854
43462 2839
43479 2833
43495 2807
43511 2789
43528 2773
43544 2756
43560 2738
43577 2722
43593 2707
43609 2686
43626 2668
43642 2649
43658 2622
43675 2608
43691 2592
43707 2578
43724 2547
43740 2526
43756 2510
43773 2484
43789 2464
43805 2440
43822 2421
43838 2399
43854 2374
43871 2353
43887 2330
43903 2305
43920 2283
43936 2259
43952 2240
43969 2215
43986 2191
44003 2167
44019 2141
44035 2116
44052 2090
44068 2070
44084 2044
44101 2020
44117 1997
44133 1973
44150 1947
44166 1922
44182 1899
44199 1866
44215 1844
44231 1819
44248 1793
44264 1767
44280 1741
44297 1716
44313 1692
44329 1666
44346 1637
44362 1613
44378 1601
44395 1559
44411 1535
44427 1509
44444 1480
44460 1454
44476 1430
44493 1405
44509 1374
44525 1353
44542 1330
44558 1296
44574 1278
44591 1255
44607 1229
44623 1207
44640 1185
44656 1159
44672 1137
44689 1108
44705 1084
44721 1064
44738 1038
44754 1014
44770 990
44787 971
44803 946
44819 923
44836 899
44852 879
44868 857
44885 840
44901 813
44917 793
44934 758
44950 749
44966 725
44983 706
45000 684
45016 665
45033 626
45049 626
45065 607
45082 588
45098 575
45114 553
45131 533
45147 516
45163 503
45180 486
45196 471
45212 454
45229 439
45245 424
45261 457
45278 395
45294 384
45310 370
45327 357
45343 345
45359 334
45376 316
45392 313
45408 315
45425 290
45441 281
45457 273
45474 262
45490 253
45506 243
45523 233
45539 227
45555 220
45572 211
45588 208
45604 203
45621 197
45637 185
45653 186
45670 178
45686 180
45702 178
45719 172
45735 169
45751 166
45768 162
45784 166
45800 163
45817 161
45833 168
45849 176
45866 173
45882 179
45898 181
45915 188
45931 198
45947 196
45964 203
45980 209
45996 213
46013 222
46029 230
46045 237
46062 251
46078 258
46094 264
46111 273
46127 288
46143 299
46160 311
46176 326
46192 320
46209 352
46225 364
46241 385
46258 391
46274 404
46290 421
46307 438
46323 453
46339 468
46356 486
46372 504
46388 529
46405 548
46421 562
46437 581
46454 602
46470 622
46486 639
46503 664
46519 687
46535 708
46552 733
46568 754
46584 778
46601 802
46617 820
46633 848
46650 870
46666 897
46682 920
46699 940
46715 969
46731 994
46748 1022
46764 1048
46780 1071
46797 1099
46813 1126
46829 1152
46846 1186
46862 1205
46878 1230
46895 1259
46911 1291
46927 1311
46944 1340
46960 1368
46976 1392
46994 1422
47010 1452
47027 1479
47043 1506
47059 1539
47076 1564
47092 1592
47108 1623
47125 1652
47141 1680
47157 1709
47174 1738
47190 1766
47206 1795
47223 1820
47239 1848
47255 1877
47272 1905
47288 1932
47304 1961
47321 1989
47337 2018
47353 2042
47370 2071
47386 2098
47402 2122
47419 2150
47435 2178
47451 2203
47468 2230
47484 2260
47500 2285
47517 2359
47533 2338
47549 2362
47566 2386
47582 2411
47598 2435
47615 2458
47631 2483
47647 2501
47664 2532
47680 2552
47696 2574
47713 2598
47729 2621
47745 2643
47762 2663
47778 2686
47794 2701
47811 2724
47827 2743
47843 2765
47860 2797
47876 2801
47892 2820
47909 2839
47925 2856
47941 2872
47958 2890
47974 2905
47991 2924
48008 2936
48024 2950
48040 2960
48057 2978
48073 2990
48089 3002
48106 3014
48122 3027
48138 3036
48155 3047
48171 3058
48187 3068
48204 3077
48220 3088
48236 3094
48253 3102
48269 3108
48285 3118
48302 3123
48318 3129
48334 3131
48351 3136
48367 3140
48383 3138
48400 3150
48416 3153
48432 3200
48449 3160
48465 3161
48481 3165
48498 3167
48514 3162
48530 3156
48547 3158
48563 3165
48579 3151
48596 3148
48612 3145
48628 3139
48645 3136
48661 3131
48677 3126
48694 3105
48710 3119
48726 3111
48743 3107
48759 3098
48775 3093
48792 3084
48808 3077
48824 3087
48841 3058
48857 3049
48873 3041
48890 3030
48906 3021
48922 3015
48939 3002
48955 2986
48971 2976
48989 2966
49005 2955
49021 2939
49038 2928
49054 2913
49070 2901
49087 2886
49103 2869
49119 2859
49136 2841
49152 2827
49168 2808
49185 2791
49201 2775
49217 2757
49234 2741
49250 2727
49266 2705
49283 2688
49299 2668
49315 2651
49332 2631
49348 2610
49364 2591
49381 2570
49397 2549
49413 2526
49430 2512
49446 2486
49462 2465
49479 2443
49495 2422
49511 2398
49528 2377
49544 2357
49560 2331
49577 2311
49593 2288
49609 2261
49626 2242
49642 2214
49658 2194
49675 2168
49691 2147
49707 2123
49724 2098
49740 2077
49756 2049
49773 2024
49789 2000
49805 1976
49822 1955
49838 1926
49854 1903
49871 1879
49887 1855
49903 1822
49920 1800
49936 1775
49952 1747
49969 1720
49986 1703
50003 1670
50019 1641
50035 1629
50052 1590
50068 1564
50084 1541
50101 1513
50117 1488
50133 1462
50150 1438
50166 1405
50182 1387
50199 1361
50215 1336
50231 1308
50248 1285
50264 1262
50280 1240
50297 1209
50313 1187
50329 1166
50346 1140
50362 1118
50378 1067
50395 1071
50411 1044
50427 1022
50444 998
50460 972
50476 954
50493 928
50509 911
50525 888
50542 858
50558 841
50574 818
50591 800
50607 775
50623 755
50640 735
50656 714
50672 690
50689 672
50705 658
50721 634
50738 617
50754 597
50770 580
50787 563
50803 543
50819 527
50836 508
50852 496
50868 476
50885 462
50901 445
50917 432
50934 418
50950 404
50966 389
50983 374
51000 362
51016 350
51033 338
51049 327
51065 316
51082 303
51098 295
51114 285
51131 271
51147 268
51163 257
51180 246
51196 237
51212 231
51229 224
51245 219
51261 215
51278 205
51294 200
51310 196
51327 194
51343 186
51359 181
51376 174
51392 177
51408 177
51425 168
51441 166
51457 164
51474 157
51490 168
51506 165
51523 166
51539 177
51555 179
51572 181
51588 188
51604 192
51621 197
51637 206
51653 207
51670 214
51686 221
51702 232
51719 228
51735 253
51751 259
51768 265
51784 272
51800 291
51817 300
51833 318
51849 338
51866 340
51882 354
51898 370
51915 381
51931 404
51947 414
51964 436
51980 452
51996 464
52013 481
52029 498
52045 519
52062 539
52078 556
52094 575
52111 599
52127 619
52143 640
52160 661
52176 685
52192 708
52209 735
52225 748
52241 779
52258 803
52274 825
52290 849
52307 877
52323 904
52339 926
52356 954
52372 976
52388 1002
52405 1032
52421 1057
52437 1085
52454 1111
52470 1141
52486 1165
52503 1194
52519 1224
52535 1250
52552 1277
52568 1306
52584 1329
52601 1359
52617 1389
52633 1419
52650 1446
52666 1475
52682 1505
52699 1533
52715 1563
52731 1593
52748 1622
52764 1649
52780 1679
52797 1712
52813 1738
52829 1767
52846 1797
52862 1827
52878 1875
52895 1886
52911 1911
52927 1942
52944 1970
52960 1995
52976 2024
52994 2052
53010 2128
53027 2107
53043 2133
53059 2166
53076 2188
53092 2212
53108 2241
53125 2268
53141 2292
53157 2318
53174 2347
53190 2371
53206 2395
53223 2422
53239 2446
53255 2470
53272 2493
53288 2517
53304 2549
53321 2562
53337 2588
53353 2609
53370 2631
53386 2655
53402 2673
53419 2696
53435 2717
53451 2735
53468 2755
53484 2770
53500 2792
53517 2810
53533 2830
53549 2848
53566 2864
53582 2883
53598 2896
53615 2928
53631 2927
53647 2943
53664 2957
53680 2972
53696 2985
53713 2997
53729 3009
53745 3003
53762 3031
53778 3046
53794 3052
53811 3060
53827 3071
53843 3081
53860 3088
53876 3097
53892 3106
53909 3112
53925 3119
53941 3123
53958 3129
53974 3135
53991 3139
54008 3142
54024 3147
54040 3151
54057 3155
54073 3158
54089 3161
54106 3166
54122 3166
54138 3187
54155 3160
54171 3159
54187 3153
54204 3153
54220 3145
54236 3145
54253 3143
54269 3136
54285 3134
54302 3129
54318 3125
54334 3122
54351 3114
54367 3110
54383 3093
54400 3098
54416 3086
54432 3086
54449 3075
54465 3060
54481 3078
54498 3045
54514 3033
54530 3028
54547 3015
54563 3008
54579 2995
54596 2985
54612 2970
54628 2959
54645 2948
54661 2932
54677 2921
54694 2910
54710 2893
54726 2882
54743 2865
54759 2846
54775 2834
54792 2821
54808 2796
54824 2785
54841 2767
54857 2745
54873 2730
54890 2717
54906 2693
54922 2675
54939 2659
54955 2639
54971 2619
54989 2597
55005 2573
55021 2555
55038 2538
55054 2511
55070 2492
55087 2471
55103 2451
55119 2429
55136 2410
55152 2387
55168 2365
55185 2340
55201 2313
55217 2293
55234 2271
55250 2245
55266 2222
55283 2200
55299 2175
55315 2152
55332 2129
55348 2100
55364 2079
55381 2056
55397 2030
55413 2007
55430 1982
55446 1959
55462 1930
55479 1906
55495 1881
55511 1856
55528 1831
55544 1804
55560 1779
55577 1752
55593 1725
55609 1699
55626 1674
55642 1648
55658 1628
55675 1595
55691 1571
55707 1558
55724 1518
55740 1491
55756 1453
55773 1442
55789 1415
55805 1389
55822 1364
55838 1340
55854 1316
55871 1291
55887 1266
55903 1240
55920 1218
55936 1192
55952 1164
55969 1143
55986 1119
56003 1095
56019 1071
56035 1049
56052 1021
56068 1000
56084 975
56101 953
56117 931
56133 918
56150 886
56166 867
56182 847
56199 820
56215 801
56231 755
56248 757
56264 735
56280 710
56297 693
56313 675
56329 653
56346 635
56362 619
56378 608
56395 581
56411 565
56427 547
56444 527
56460 513
56476 496
56493 479
56509 466
56525 447
56542 435
56558 412
56574 402
56591 392
56607 379
56623 363
56640 350
56656 347
56672 331
56689 319
56705 306
56721 295
56738 290
56754 279
56770 266
56787 258
56803 252
56819 241
56836 236
56852 228
56868 216
56885 213
56901 207
56917 203
56934 196
56950 191
56966 187
56983 182
57000 179
57016 174
57033 169
57049 169
57065 167
57082 165
57098 162
57114 162
57131 166
57147 170
57163 170
57180 175
57196 179
57212 185
57229 192
57245 201
57261 201
57278 206
57294 213
57310 224
57327 223
57343 234
57359 244
57376 251
57392 262
57408 263
57425 285
57441 295
57457 310
57474 322
57490 335
57506 403
57523 361
57539 376
57555 389
57572 412
57588 422
57604 439
57621 454
57637 473
57653 492
57670 508
57686 524
57702 545
57719 564
57735 584
57751 608
57768 626
57784 651
57800 673
57817 699
57833 696
57849 742
57866 766
57882 768
57898 813
57915 833
57931 864
57947 883
57964 910
57980 936
57996 963
58013 991
58029 1017
58045 1046
58062 1068
58078 1096
58094 1123
58111 1150
58127 1178
58143 1205
58160 1235
58176 1261
58192 1288
58209 1316
58225 1345
58241 1374
58258 1392
58274 1429
58290 1457
58307 1483
58323 1518
58339 1546
58356 1576
58372 1604
58388 1633
58405 1663
58421 1687
58437 1722
58454 1748
58470 1779
58486 1808
58503 1838
58519 1869
58535 1898
58552 1925
58568 1953
58584 1980
58601 2010
58617 2037
58633 2063
58650 2092
58666 2113
58682 2138
58699 2173
58715 2200
58731 2201
58748 2253
58764 2279
58780 2302
58797 2330
58813 2356
58829 2382
58846 2411
58862 2428
58878 2456
58895 2481
58911 2505
58927 2526
58944 2551
58960 2575
58976 2593
58994 2623
59010 2641
59027 2667
59043 2688
59059 2707
59076 2727
59092 2748
59108 2774
59125 2785
59141 2810
59157 2805
59174 2838
59190 2860
59206 2881
59223 2891
59239 2907
59255 2920
59272 2937
59288 2952
59304 2964
59321 2975
59337 2992
59353 3005
59370 3013
59386 3025
59402 3039
59419 3051
59435 3062
59451 3069
59468 3080
59484 3084
59500 3093
59517 3104
59533 3102
59549 3116
59566 3125
59582 3140
59598 3133
59615 3140
59631 3145
59647 3148
59664 3151
59680 3155
59696 3156
59713 3164
59729 3167
59745 3166
59762 3166
59778 3165
59794 3158
59811 3156
59827 3156
59843 3147
59860 3145
59876 3144
59892 3138
59909 3135
59925 3133
59941 3123
59958 3120
59974 3119
59991 3110
60008 3104
60024 3098
60040 3091
60057 3085
60073 3074
60089 3067
60106 3058
60122 3049
60138 3041
60155 3031
60171 3019
60187 3008
60204 2998
60220 2985
60236 2975
60253 2959
60269 2950
60285 2936
60302 2924
60318 2907
60334 2896
60351 2883
60367 2861
60383 2856
60400 2835
60416 2818
60432 2787
60449 2789
60465 2769
60481 2747
60498 2736
60514 2714
60530 2696
60547 2677
60563 2661
60579 2638
60596 2622
60612 2603
60628 2583
60645 2563
60661 2539
60677 2521
60694 2500
60710 2476
60726 2454
60743 2434
60759 2413
60775 2388
60792 2368
60808 2386
60824 2321
60841 2300
60857 2288
60873 2249
60890 2227
60906 2199
60922 2176
60939 2154
60955 2130
60971 2105
60989 2083
61005 2052
61021 2031
61038 2006
61054 1986
61070 1956
61087 1933
61103 1906
61119 1884
61136 1855
61152 1832
61168 1804
61185 1780
61201 1749
61217 1725
61234 1699
61250 1674
61266 1645
61283 1622
61299 1592
61315 1568
61332 1543
61348 1518
61364 1491
61381 1468
61397 1438
61413 1410
61430 1387
61446 1361
61462 1334
61479 1315
61495 1285
61511 1256
61528 1239
61544 1213
61560 1187
61577 1162
61593 1140
61609 1112
61626 1091
61642 1067
61658 1039
61675 1019
61691 995
61707 973
61724 949
61740 927
61756 899
61773 885
61789 857
61805 837
61822 816
61838 793
61854 769
61871 753
61887 730
61903 703
61920 691
61936 670
61952 649
61969 631
61986 609
62003 592
62019 572
62035 552
62052 542
62068 523
62084 503
62101 490
62117 473
62133 443
62150 445
62166 427
62182 412
62199 401
62215 384
62231 366
62248 356
62264 346
62280 331
62297 326
62313 308
62329 298
62346 291
62362 280
62378 271
62395 266
62411 255
62427 244
62444 238
62460 231
62476 223
62493 217
62509 219
62525 204
62542 201
62558 191
62574 189
62591 186
62607 182
62623 175
62640 175
62656 172
62672 167
62689 162
62705 166
62721 159
62738 161
62754 170
62770 170
62787 172
62803 178
62819 180
62836 191
62852 197
62868 197
62885 205
62901 207
62917 218
62934 226
62950 235
62966 241
62983 252
63000 259
63016 271
63033 299
63049 294
63065 304
63082 326
63098 328
63114 339
63131 359
63147 373
63163 388
63180 402
63196 420
63212 435
63229 451
63245 470
63261 487
63278 506
63294 528
63310 544
63327 563
63343 584
63359 607
63376 623
63392 648
63408 673
63425 692
63441 713
63457 742
63474 762
63490 789
63506 814
63523 837
63539 862
63555 884
63572 906
63588 933
63604 960
63621 983
63637 1013
63653 1038
63670 1066
63686 1096
63702 1122
63719 1146
63735 1176
63751 1199
63768 1229
63784 1258
63800 1282
63817 1316
63833 1352
63849 1369
63866 1397
63882 1426
63898 1457
63915 1483
63931 1422
63947 1541
63964 1574
63980 1604
63996 1631
64013 1659
64029 1687
64045 1717
64062 1746
64078 1777
64094 1803
64111 1831
64127 1862
64143 1889
64160 1920
64176 1948
64192 1973
64209 1999
64225 2030
64241 2056
64258 2085
64274 2109
64290 2137
64307 2163
64323 2192
64339 2218
64356 2245
64372 2273
64388 2298
64405 2325
64421 2350
64437 2374
64454 2399
64470 2421
64486 2448
64503 2473
64519 2495
64535 2519
64552 2545
64568 2566
64584 2586
64601 2614
64617 2632
64633 2657
64650 2678
64666 2744
64682 2714
64699 2742
64715 2756
64731 2776
64748 2795
64764 2813
64780 2830
64797 2849
64813 2867
64829 2882
64846 2892
64862 2914
64878 2914
64895 2945
64911 2958
64927 2971
64944 2985
64960 3000
64976 3009
64994 3017
65010 3038
65027 3044
65043 3055
65059 3067
65076 3074
65092 3082
65108 3091
65125 3099
65141 3106
65157 3110
65174 3119
65190 3123
65206 3128
65223 3136
65239 3141
65255 3142
65272 3148
65288 3153
65304 3154
65321 3157
65337 3165
65353 3163
65370 3166
65386 3167
65402 3161
65419 3159
65435 3159
65451 3152
65468 3150
65484 3149
65500 3142
65517 3137
65533 3134
65549 3130
65566 3124
65582 3120
65598 3113
65615 3107
65631 3101
65647 3099
65664 3091
65680 3082
65696 3075
65713 3066
65729 3057
65745 3049
65762 3037
65778 3030
65794 3016
65811 3007
65827 2998
65843 2983
65860 2974
65876 2958
65892 2947
65909 2935
65925 2922
65941 2908
65958 2897
65974 2881
65991 2866
66008 2848
66024 2836
66040 2821
66057 2804
66073 2783
66089 2769
66106 2752
66122 2732
66138 2704
66155 2699
66171 2676
66187 2662
66204 2640
66220 2620
66236 2597
66253 2579
66269 2557
66285 2537
66302 2517
66318 2496
66334 2477
66351 2453
66367 2430
66383 2408
66400 2385
66416 2366
66432 2334
66449 2319
66465 2295
66481 2279
66498 2248
66514 2225
66530 2199
66547 2176
66563 2145
66579 2127
66596 2103
66612 2077
66628 2054
66645 2028
66661 2004
66677 1979
66694 1954
66710 1931
66726 1905
66743 1875
66759 1853
66775 1827
66792 1802
66808 1775
66824 1746
66841 1727
66857 1695
66873 1667
66890 1641
66906 1628
66922 1587
66939 1561
66955 1532
66971 1510
66989 1482
67005 1455
67022 1429
67038 1400
67055 1377
67071 1353
67087 1343
67104 1301
67120 1277
67137 1252
67153 1226
67170 1200
67186 1178
67202 1150
67219 1126
67235 1102
67252 1074
67268 1013
67285 1025
67301 1008
67317 977
67334 959
67350 936
67367 917
67383 889
67400 866
67416 844
67432 831
67449 800
67465 778
67482 758
67498 736
67515 717
67531 695
67547 675
67564 645
67580 638
67597 616
67613 597
67630 578
67646 562
67662 543
67679 519
67695 510
67712 493
67728 477
67745 478
67761 444
67777 430
67794 418
67810 399
67827 390
67843 374
67860 359
67876 351
67892 333
67909 324
67925 313
67942 297
67958 274
67975 283
67992 273
68009 287
68025 252
68041 245
68058 238
68074 226
68091 222
68107 213
68124 211
68140 192
68156 199
68173 196
68189 187
68206 183
68222 175
68239 173
68255 173
68271 168
68288 167
68304 163
68321 162
68337 161
68354 162
68370 170
68386 172
68403 175
68419 177
68436 181
68452 188
68469 192
68485 176
68501 205
68518 211
68534 220
68551 226
68567 234
68584 241
68600 254
68616 261
68633 272
68649 281
68666 297
68682 306
68699 316
68715 329
68731 343
68748 357
68764 372
68781 385
68797 397
68814 417
68830 432
68846 454
68863 466
68879 490
68896 501
68912 523
68929 539
68945 562
68961 584
68978 601
68995 626
69012 647
69028 668
69045 690
69061 690
69078 737
69094 765
69110 783
69127 807
69143 833
69160 856
69176 881
69193 910
69209 933
69225 962
69242 984
69258 1014
69275 1037
69291 1066
69308 1093
69324 1121
69340 1148
69357 1179
69373 1206
69390 1236
69406 1256
69423 1288
69439 1315
69455 1339
69472 1370
69488 1401
69505 1427
69521 1457
69538 1491
69554 1518
69570 1552
69587 1576
69603 1606
69620 1637
69636 1664
69653 1698
69669 1724
69685 1752
69702 1783
69718 1786
69735 1843
69751 1874
69768 1899
69784 1928
69800 1954
69817 1985
69833 2011
69850 2019
69866 2070
69883 2102
69899 2123
69915 2153
69932 2200
69948 2207
69965 2235
69981 2256
69999 2291
70015 2319
70032 2342
70048 2368
70064 2392
70081 2417
70097 2443
70114 2464
70130 2491
70147 2517
70163 2539
70179 2564
70196 2592
70212 2611
70229 2634
70245 2655
70262 2676
70278 2696
70294 2720
70311 2739
70327 2759
70344 2778
70360 2800
70377 2818
70393 2832
70409 2851
70426 2868
70442 2884
70459 2882
70475 2920
70492 2934
70508 2948
70524 2961
70541 2977
70557 2988
70574 3001
70590 3008
70607 3028
70623 3038
70639 3046
70656 3060
70672 3067
70689 3077
70705 3090
70722 3095
70738 3102
70754 3109
70771 3130
70787 3125
70804 3127
70820 3135
70837 3141
70853 3144
70869 3147
70886 3152
70902 3154
70919 3158
70935 3163
70952 3165
70968 3168
70986 3164
71002 3160
71018 3156
71035 3159
71051 3152
71068 3146
71084 3146
71101 3142
71117 3140
71133 3134
71150 3131
71166 3120
71183 3123
71199 3114
71216 3108
71232 3106
71248 3095
71265 3089
71281 3083
71298 3073
71314 3064
71331 3055
71347 3046
71363 3035
71380 3024
71396 3016
71413 3008
71429 2993
71446 2984
71462 2973
71478 2961
71495 2947
71511 2937
71528 2920
71544 2910
71561 2894
71577 2879
71593 2864
71610 2848
71626 2834
71643 2816
71659 2801
71676 2784
71692 2788
71708 2750
71725 2730
71741 2722
71758 2698
71774 2679
71791 2654
71807 2641
71823 2618
71840 2599
71856 2580
71873 2562
71889 2539
71906 2512
71922 2495
71938 2476
71955 2452
71971 2433
71989 2410
72005 2395
72022 2362
72038 2342
72055 2319
72071 2296
72087 2267
72104 2249
72120 2224
72137 2196
72153 2175
72170 2154
72186 2128
72202 2105
72219 2080
72235 2056
72252 2031
72268 2090
72285 1980
72301 1955
72317 1931
72334 1904
72350 1884
72367 1855
72383 1825
72400 1804
72416 1777
72432 1749
72449 1725
72465 1698
72482 1667
72498 1645
72515 1620
72531 1591
72547 1566
72564 1531
72580 1513
72597 1486
72613 1463
72630 1435
72646 1407
72662 1383
72679 1361
72695 1333
72712 1309
72728 1285
72745 1234
72761 1234
72777 1215
72794 1188
72810 1161
72827 1135
72843 1115
72860 1085
72876 1064
72892 1038
72909 1016
72925 987
72942 966
72958 957
72975 920
72992 897
73008 848
73025 850
73041 830
73058 813
73074 788
73091 765
73107 744
73123 724
73140 723
73156 683
73173 662
73189 639
73206 626
73222 606
73238 594
73255 565
73271 546
73288 526
73304 515
73321 500
73337 484
73353 468
73370 451
73386 434
73403 418
73419 408
73436 390
73452 378
73468 367
73485 354
73501 343
73518 328
73534 317
73551 306
73567 294
73583 283
73600 276
73616 267
73633 246
73649 250
73666 240
73682 256
73698 225
73715 216
73731 212
73748 203
73764 200
73781 197
73797 189
73813 184
73830 182
73846 177
73863 170
73879 173
73896 166
73912 162
73928 163
73945 157
73961 167
73978 169
73995 169
74012 170
74028 172
74045 182
74061 184
74077 193
74094 197
74110 202
74127 207
74143 215
74160 219
74176 227
74192 232
74209 246
74225 256
74242 267
74258 277
74275 290
74291 302
74307 301
74324 325
74340 336
74357 352
74373 364
74390 377
74406 381
74422 409
74439 426
74455 444
74472 459
74488 474
74505 491
74521 512
74537 529
74554 547
74570 565
74587 590
74603 608
74620 633
74636 654
74652 675
74669 698
74685 718
74702 745
74718 768
74735 790
74751 813
74767 838
74784 865
74800 886
74817 912
74833 935
74850 961
74866 989
74882 1029
74899 1041
74915 1070
74932 1095
74948 1123
74965 1149
74981 1202
74999 1204
75015 1231
75031 1274
75048 1287
75064 1314
75081 1339
75097 1369
75114 1397
75130 1424
75146 1455
75163 1482
75179 1511
75196 1541
75212 1571
75229 1601
75245 1628
75261 1659
75278 1687
75294 1711
75311 1742
75327 1776
75344 1805
75360 1828
75376 1862
75393 1888
75409 1915
75426 1940
75442 1971
75459 1997
75475 2026
75491 2053
75508 2068
75524 2108
75541 2134
75557 2146
75574 2187
75590 2216
75606 2232
75623 2267
75639 2292
75656 2323
75672 2345
75689 2371
75705 2395
75721 2418
75738 2438
75754 2465
75771 2491
75787 2512
75804 2537
75820 2563
75836 2583
75853 2608
75869 2634
75886 2653
75902 2668
75919 2692
75935 2713
75951 2734
75968 2753
75985 2774
76002 2792
76018 2811
76035 2827
76051 2844
76068 2863
76084 2878
76100 2897
76117 2913
76133 2922
76150 2940
76166 2954
76183 2970
76199 2983
76215 2997
76232 3020
76248 3019
76265 3031
76281 3035
76298 3053
76314 3062
76330 3074
76347 3082
76363 3087
76380 3099
76396 3103
76413 3112
76429 3117
76445 3126
76462 3130
76478 3136
76495 3139
76511 3142
76528 3142
76544 3151
76560 3155
76577 3159
76593 3164
76610 3166
76626 3166
76643 3165
76659 3161
76675 3159
76692 3156
76708 3152
76725 3150
76741 3150
76758 3137
76774 3139
76790 3135
76807 3117
76823 3125
76840 3121
76856 3106
76873 3107
76889 3101
76905 3097
76922 3087
76938 3080
76955 3074
76971 3065
76989 3054
77005 3046
77022 3037
77038 3027
77054 3021
77071 3009
77087 2997
77104 2987
77120 2977
77137 2963
77153 2951
77169 2939
77186 2924
77202 2910
77219 2899
77235 2883
77252 2868
77268 2858
77284 2841
77301 2816
77317 2804
77334 2790
77350 2770
77367 2755
77383 2740
77399 2721
77416 2704
77432 2688
77449 2666
77465 2645
77482 2624
77498 2609
77514 2584
77531 2541
77547 2545
77564 2524
77580 2499
77597 2480
77613 2459
77629 2433
77646 2415
77662 2394
77679 2371
77695 2347
77712 2330
77728 2306
77744 2281
77761 2258
77777 2233
77794 2206
77810 2187
77827 2159
77843 2138
77859 2112
77876 2088
77892 2064
77909 2041
77925 2017
77942 1988
77958 1966
77974 1937
77992 1915
78008 1890
78025 1864
78041 1839
78058 1802
78074 1789
78091 1761
78107 1737
78123 1706
78140 1681
78156 1662
78173 1629
78189 1602
78206 1576
78222 1551
78238 1526
78255 1506
78271 1472
78288 1447
78304 1421
78321 1396
78337 1371
78353 1345
78370 1321
78386 1294
78403 1273
78419 1249
78436 1221
78452 1198
78468 1172
78485 1153
78501 1123
78518 1102
78534 1078
78551 1052
78567 1028
78583 1003
78600 980
78616 956
78633 984
78649 915
78666 886
78682 870
78698 847
78715 825
78731 807
78748 782
78764 762
78781 738
78797 718
78813 698
78830 675
78846 657
78863 640
78879 622
78896 598
78912 581
78928 565
78945 546
78961 526
78978 510
78995 494
79012 480
79028 472
79044 448
79061 432
79077 417
79094 403
79110 390
79127 375
79143 362
79159 350
79176 338
79192 326
79209 312
79225 305
79242 292
79258 285
79274 274
79291 264
79307 252
79324 248
79340 237
79357 230
79373 222
79389 216
79406 297
79422 205
79439 197
79455 197
79472 191
79488 184
79504 176
79521 173
79537 170
79554 169
79570 165
79587 168
79603 157
79619 160
79636 167
79652 166
79669 169
79685 175
79702 179
79718 181
79734 188
79751 191
79767 195
79784 200
79800 209
79817 216
79833 224
79849 232
79866 241
79882 241
79899 258
79915 270
79932 271
79948 294
79964 304
79981 318
79999 327
80015 342
80031 352
80048 370
80064 385
80081 397
80097 413
80114 435
80130 441
80146 462
80163 482
80179 503
80196 517
80212 539
80229 558
80245 576
80261 597
80278 620
80294 641
80311 656
80327 685
80344 706
80360 733
80376 760
80393 777
80409 803
80426 825
80442 852
80459 873
80475 899
80491 925
80508 952
80524 977
80541 1004
80557 1029
80574 1057
80590 1082
80606 1131
80623 1136
80639 1164
80656 1188
80672 1222
80689 1249
80705 1273
80721 1303
80738 1330
80754 1358
80771 1384
80787 1413
80804 1444
80820 1470
80836 1500
80853 1532
80869 1559
80886 1590
80902 1617
80919 1649
80935 1674
80951 1714
80968 1739
80985 1769
81002 1798
81018 1826
81035 1856
81051 1885
81067 1911
81084 1939
81100 1967
81117 1994
81133 2021
81150 2051
81166 2081
81182 2105
81199 2133
81215 2162
81232 2180
81248 2215
81265 2240
81281 2269
81297 2295
81314 2319
81330 2348
81347 2374
81363 2396
81380 2424
81396 2446
81412 2469
81429 2492
81445 2518
81462 2540
81478 2565
81495 2591
81511 2613
81527 2634
81544 2653
81560 2677
81577 2698
81593 2719
81610 2736
81626 2760
81642 2777
81659 2799
81675 2817
81692 2833
81708 2850
81725 2862
81741 2883
81757 2919
81774 2917
81790 2931
81807 2958
81823 2959
81840 2974
81856 2993
81872 3001
81889 3013
81905 3023
81922 3037
81938 3048
81955 3058
81971 3067
81989 3076
82005 3086
82021 3092
82038 3100
82054 3105
82071 3114
82087 3119
82104 3127
82120 3133
82136 3139
82153 3142
82169 3145
82186 3151
82202 3156
82219 3157
82235 3159
82251 3164
82268 3168
82284 3165
82301 3164
82317 3161
82334 3153
82350 3152
82366 3150
82383 3148
82399 3142
82416 3140
82432 3142
82449 3135
82465 3126
82481 3114
82498 3116
82514 3110
82531 3156
82547 3099
82564 3091
82580 3083
82596 3075
82613 3066
82629 3061
82646 3048
82662 3038
82679 3030
82695 3019
82711 3007
82728 2994
82744 2986
82761 2976
82777 2964
82794 2949
82810 2937
82826 2925
82843 2911
82859 2898
82876 2884
82892 2867
82909 2853
82925 2838
82941 2822
82958 2796
82974 2787
82992 2768
83008 2752
83025 2736
83041 2717
83058 2698
83074 2684
83090 2662
83107 2644
83123 2622
83140 2604
83156 2577
83173 2563
83189 2542
83205 2521
83222 2497
83238 2478
83255 2456
83271 2434
83288 2412
83304 2388
83320 2366
83337 2343
83353 2322
83370 2302
83386 2276
83403 2254
83419 2230
83435 2204
83452 2182
83468 2158
83485 2142
83501 2109
83518 2084
83534 2060
83550 2037
83567 2012
83583 1982
83600 1959
83616 1935
83633 1907
83649 1887
83665 1869
83682 1838
83698 1810
83715 1783
83731 1759
83748 1737
83764 1706
83780 1679
83797 1661
83813 1627
83830 1600
83846 1577
83863 1549
83879 1521
83895 1497
83912 1471
83928 1443
83945 1418
83961 1398
83978 1366
83995 1342
84012 1314
84028 1292
84044 1269
84061 1240
84077 1217
84094 1193
84110 1169
84127 1145
84143 1120
84159 1099
84176 1070
84192 1048
84209 1025
84225 999
84242 975
84258 954
84274 928
84291 907
84307 885
84324 866
84340 843
84357 820
84373 805
84389 777
84406 742
84422 735
84439 714
84455 689
84472 673
84488 653
84504 637
84521 613
84537 591
84554 576
84570 559
84587 544
84603 523
84619 510
84636 491
84652 476
84669 460
84685 445
84702 429
84718 409
84734 402
84751 387
84767 374
84784 362
84800 347
84817 337
84833 323
84849 320
84866 299
84882 292
84899 282
84915 269
84932 234
84948 255
84964 245
84981 245
84998 228
85015 224
85031 216
85048 208
85064 199
85080 200
85097 195
85113 184
85130 184
85146 180
85163 179
85179 171
85195 168
85212 165
85228 160
85245 161
85261 160
85278 164
85294 171
85310 169
85327 175
85343 188
85360 182
85376 185
85393 191
85409 196
85425 201
85442 209
85458 208
85475 224
85491 229
85508 237
85524 247
85540 256
85557 269
85573 278
85590 272
85606 302
85623 316
85639 327
85655 339
85672 350
85688 364
85705 380
85721 396
85738 407
85754 425
85770 460
85787 460
85803 473
85820 488
85836 517
85853 527
85869 548
85885 570
85902 590
85918 609
85935 631
85951 653
85968 671
85985 695
86002 719
86018 744
86034 759
86051 789
86067 811
86084 840
86100 860
86117 887
86133 908
86149 931
86166 959
86182 985
86199 1012
86215 1034
86232 1062
86248 1088
86264 1115
86281 1142
86297 1169
86314 1196
86330 1223
86347 1248
86363 1278
86379 1309
86396 1332
86412 1360
86429 1384
86445 1412
86462 1441
86478 1469
86494 1499
86511 1522
86527 1556
86544 1585
86560 1613
86577 1641
86593 1675
86609 1700
86626 1729
86642 1758
86659 1786
86675 1817
86692 1846
86708 1870
86724 1896
86741 1925
86757 1954
86774 1978
86790 2004
86807 2034
86823 2059
86839 2092
86856 2117
86872 2143
86889 2168
86905 2198
86922 2222
86938 2256
86954 2267
86971 2299
86988 2326
87005 2351
87021 2375
87038 2402
87054 2421
87071 2446
87087 2472
87103 2492
87120 2521
87136 2540
87153 2564
87169 2585
87186 2610
87202 2630
87218 2651
87235 2670
87251 2692
87268 2708
87284 2732
87301 2755
87317 2773
87333 2791
87350 2812
87366 2826
87383 2840
87399 2861
87416 2878
87432 2889
87448 2909
87465 2929
87481 2937
87498 2955
87514 2969
87531 2981
87547 2995
87563 3014
87580 3019
87596 3030
87613 3043
87629 3055
87646 3064
87662 3078
87678 3082
87695 3088
87711 3096
87728 3103
87744 3107
87761 3116
87777 3122
87793 3134
87810 3133
87826 3141
87843 3144
87859 3148
87876 3150
87892 3155
87908 3161
87925 3167
87941 3163
87958 3167
87974 3168
87992 3161
88008 3158
88025 3155
88041 3152
88057 3146
88074 3146
88090 3142
88107 3140
88123 3133
88140 3155
88156 3126
88172 3118
88189 3118
88205 3108
88222 3100
88238 3094
88255 3087
88271 3083
88287 3072
88304 3064
88320 3052
88337 3042
88353 3033
88370 3023
88386 3015
88402 3003
88419 2992
88435 2982
88452 2968
88468 2956
88485 2958
88501 2931
88517 2918
88534 2906
88550 2890
88567 2872
88583 2859
88600 2847
88616 2825
88632 2811
88649 2794
88665 2776
88682 2760
88698 2741
88715 2729
88731 2706
88747 2689
88764 2669
88780 2651
88797 2629
88813 2612
88830 2592
88846 2569
88862 2550
88879 2527
88895 2507
88912 2482
88928 2462
88945 2445
88961 2420
88977 2398
88995 2375
89011 2353
89028 2331
89044 2308
89061 2286
89077 2259
89093 2236
89110 2209
89126 2188
89143 2160
89159 2140
89176 2117
89192 2091
89208 2066
89225 2042
89241 2019
89258 1993
89274 1964
89291 1942
89307 1918
89323 1891
89340 1870
89356 1842
89373 1817
89389 1790
89406 1782
89422 1738
89438 1709
89455 1691
89471 1659
89488 1636
89504 1606
89521 1582
89537 1553
89553 1529
89570 1502
89586 1476
89603 1450
89619 1424
89636 1399
89652 1377
89668 1347
89685 1323
89701 1300
89718 1310
89734 1250
89751 1231
89767 1198
89783 1181
89800 1154
89816 1129
89833 1105
89849 1085
89866 1056
89882 1032
89898 1008
89915 982
89931 961
89948 936
89964 916
89981 920
89998 871
90015 850
90031 832
90048 806
90064 787
90080 764
90097 741
90113 727
90130 700
90146 678
90163 656
90179 641
90195 621
90212 601
90228 583
90245 564
90261 548
90278 531
90294 512
90310 498
90327 482
90343 463
90360 450
90376 432
90393 420
90409 408
90425 394
90442 379
90458 372
90475 354
90491 343
90508 329
90524 318
90540 309
90557 296
90573 286
90590 289
90606 270
90623 260
90639 252
90655 244
90672 232
90688 225
90705 220
90721 215
90738 209
90754 200
90770 192
90787 191
90803 187
90820 178
90836 176
90853 173
90869 170
90885 167
90902 158
90918 164
90935 158
90951 159
90968 166
90985 168
91002 173
91018 177
91034 180
91051 189
91067 189
91084 193
91100 202
91117 210
91133 212
91149 221
91166 233
91182 238
91199 248
91215 259
91232 266
91248 276
91264 289
91281 303
91297 315
91314 326
91330 338
91347 355
91363 368
91379 379
91396 398
91412 415
91429 432
91445 448
91462 464
91478 484
91494 501
91511 512
91527 541
91544 563
91560 576
91577 604
91593 625
91609 646
91626 667
91642 692
91659 713
91675 742
91692 735
91708 786
91724 810
91741 834
91757 859
91774 882
91790 908
91807 931
91823 971
91839 986
91856 1014
91872 1043
91889 1069
91905 1097
91922 1124
91938 1152
91954 1181
91971 1204
91988 1238
92005 1255
92021 1294
92038 1321
92054 1348
92071 1374
92087 1410
92103 1434
92120 1463
92136 1492
92153 1523
92169 1556
92186 1588
92202 1612
92218 1642
92235 1673
92251 1701
92268 1708
92284 1764
92301 1790
92317 1816
92333 1850
92350 1877
92366 1908
92383 1937
92399 1963
92416 1990
92432 2016
92448 2046
92465 2071
92481 2101
92498 2130
92514 2159
92531 2173
92547 2209
92563 2240
92580 2267
92596 2291
92613 2319
92629 2345
92646 2372
92662 2393
92678 2417
92695 2444
92711 2468
92728 2490
92744 2514
92761 2540
92777 2561
92793 2584
92810 2611
92826 2632
92843 2653
92859 2675
92876 2697
92892 2715
92908 2735
92925 2761
92941 2778
92958 2794
92974 2812
92992 2833
93008 2849
93025 2867
93041 2882
93057 2924
93074 2915
93090 2931
93107 2949
93123 2959
93140 2973
93156 2989
93172 3000
93189 3010
93205 3025
93222 3027
93238 3048
93255 3055
93271 3062
93287 3075
93304 3086
93320 3092
93337 3100
93353 3109
93370 3113
93386 3120
93402 3123
93419 3135
93435 3136
93452 3138
93468 3142
93485 3149
93501 3154
93517 3154
93534 3160
93550 3161
93567 3165
93583 3165
93600 3162
93616 3162
93632 3121
93649 3153
93665 3151
93682 3145
93698 3143
93715 3141
93731 3130
93747 3132
93764 3128
93780 3125
93797 3118
93813 3112
93830 3099
93846 3098
93862 3094
93879 3084
93895 3079
93912 3067
93928 3060
93945 3048
93961 3042
93977 3028
93995 3018
94011 3007
94028 2992
94044 2986
94061 2975
94077 2962
94093 2950
94110 2939
94126 2924
94143 2909
94159 2897
94176 2882
94192 2868
94208 2852
94225 2836
94241 2821
94258 2806
94274 2791
94291 2774
94307 2767
94323 2735
94340 2716
94356 2699
94373 2679
94389 2661
94406 2589
94422 2623
94438 2603
94455 2582
94471 2564
94488 2542
94504 2519
94521 2500
94537 2476
94553 2457
94570 2434
94586 2416
94603 2388
94619 2365
94636 2344
94652 2319
94668 2300
94685 2276
94701 2253
94718 2228
94734 2202
94751 2182
94767 2154
94783 2130
94800 2103
94816 2081
94833 2061
94849 2034
94866 2008
94882 1994
94898 1957
94915 1929
94931 1910
94948 1888
94964 1858
94981 1828
94998 1803
95015 1775
95031 1762
95048 1724
95064 1699
95080 1720
95097 1646
95113 1618
95130 1595
95146 1568
95163 1543
95179 1518
95195 1489
95212 1462
95228 1442
95245 1411
95261 1385
95278 1363
95294 1333
95310 1309
95327 1286
95343 1262
95360 1236
95376 1213
95393 1187
95409 1163
95425 1137
95442 1116
95458 1089
95475 1064
95491 1039
95508 1027
95524 994
95540 970
95557 947
95573 923
95590 899
95606 878
95623 868
95639 838
95655 736
95672 793
95688 775
95705 749
95721 728
95738 709
95754 682
95770 668
95787 649
95803 627
95820 610
95836 592
95853 575
95869 554
95885 537
95902 519
95918 503
95935 487
95951 471
95968 458
95985 437
96002 423
96018 411
96034 396
96051 381
96067 369
96084 357
96100 346
96117 334
96133 321
96149 312
96166 296
96182 322
96199 278
96215 266
96232 263
96248 253
96264 246
96281 243
96297 227
96314 218
96330 216
96347 207
96363 202
96379 200
96396 191
96412 189
96429 187
96445 181
96462 176
96478 171
96494 168
96511 164
96527 161
96544 159
96560 157
96577 162
96593 170
96609 168
96626 171
96642 179
96659 182
96675 186
96692 194
96708 198
96724 206
96741 208
96757 247
96774 227
96790 234
96807 242
96823 251
96839 263
96856 273
96872 282
96889 294
96905 310
96922 320
96938 336
96954 343
96971 360
96988 377
97005 389
97021 407
97038 423
97054 438
97071 459
97087 477
97103 491
97120 511
97136 533
97153 556
97169 574
97186 593
97202 615
97218 636
97235 657
97251 682
97268 704
97284 725
97301 749
97317 775
97333 798
97350 821
97366 852
97383 872
97399 898
97416 922
97432 936
97448 973
97465 999
97481 1005
97498 1057
97514 1081
97531 1136
97547 1137
97563 1166
97580 1198
97596 1221
97613 1247
97629 1272
97646 1302
97662 1329
97678 1359
97695 1387
97711 1418
97728 1439
97744 1470
97761 1503
97777 1531
97793 1561
97810 1589
97826 1623
97843 1652
97859 1679
97876 1706
97892 1739
97908 1769
97925 1798
97941 1830
97958 1859
97974 1885
97992 1916
98008 1946
98025 1972
98041 2000
98057 2025
98074 2053
98090 2082
98107 2107
98123 2139
98140 2168
98156 2190
98172 2220
98189 2247
98205 2268
98222 2300
98238 2327
98255 2350
98271 2377
98287 2402
98304 2429
98320 2454
98337 2479
98353 2501
98370 2522
98386 2546
98402 2571
98419 2594
98435 2616
98452 2642
98468 2662
98485 2683
98501 2703
98517 2725
98534 2746
98550 2765
98567 2786
98583 2803
98600 2820
98616 2838
98632 2861
98649 2872
98665 2887
98682 2911
98698 2920
98715 2935
98731 2926
98747 2964
98764 2977
98780 2990
98797 3005
98813 3017
98830 3030
98846 3039
98862 3051
98879 3061
98895 3070
98912 3080
98928 3090
98945 3097
98961 3104
98977 3113
98995 3115
99011 3122
99028 3128
99044 3133
99061 3140
99077 3143
99093 3148
99110 3151
99126 3155
99143 3158
99159 3162
99176 3164
99192 3167
99208 3163
99225 3161
99241 3159
99258 3157
99274 3155
99291 3149
99307 3139
99323 3140
99340 3139
99356 3131
99373 3127
99389 3128
99406 3128
99422 3113
99438 3109
99455 3099
99471 3095
99488 3088
99504 3079
99521 3072
99537 3063
99553 3056
99570 3044
99586 3044
99603 3030
99619 3017
99636 3001
99652 2992
99668 2981
99685 2969
99701 2957
99718 2944
99734 2933
99751 2919
99767 2904
99783 2890
99800 2874
99816 2859
99833 2845
99849 2830
99866 2814
99882 2797
99898 2781
99915 2763
99931 2739
99948 2726
99964 2708
99981 2694
99998 2670
100015 2649
100031 2632
100048 2610
100064 2591
100080 2584
100097 2542
100113 2530
100130 2507
100146 2487
100163 2459
100179 2443
100195 2420
100212 2400
100228 2379
100245 2351
100261 2329
100278 2305
100294 2283
100310 2257
100327 2234
100343 2209
100360 2188
100376 2163
100393 2139
100409 2113
100425 2092
100442 2062
100458 2055
100475 2016
100491 1991
100508 1967
100524 1941
100540 1917
100557 1891
100573 1864
100590 1838
100606 1813
100623 1786
100639 1758
100655 1734
100672 1710
100689 1682
100705 1657
100721 1626
100737 1604
100754 1577
100770 1523
100786 1525
100803 1499
100819 1473
100835 1446
100851 1420
100868 1394
100884 1371
100900 1345
100917 1320
100933 1293
100949 1270
100965 1247
100982 1216
100999 1196
101015 1169
101032 1148
101048 1121
101064 1100
101080 1075
101097 1051
101113 1017
101129 1002
101146 978
101162 956
101178 933
101194 910
101211 886
101227 864
101243 836
101260 823
101276 797
101292 777
101308 753
101325 734
101341 712
101357 695
101374 672
101390 659
101406 640
101422 618
101439 600
101455 580
101471 563
101488 544
101504 529
101520 512
101536 509
101553 479
101569 461
101585 447
101602 430
101618 420
101634 405
101650 390
101667 372
101683 362
101699 351
101716 337
101732 325
101748 313
101764 305
101781 294
101797 274
101813 273
101830 266
101846 255
101862 247
101878 252
101895 227
101911 224
101927 218
101944 212
101960 206
101976 201
101994 196
102010 190
102026 188
102042 180
102059 173
102075 174
102091 170
102108 165
102124 163
102140 162
102156 158
102173 162
102189 165
102205 169
102222 174
102238 176
102254 180
102270 187
102287 191
102303 196
102319 202
102336 208
102352 216
102368 220
102384 230
102401 239
102417 249
102433 265
102450 266
102466 277
102482 291
102498 298
102515 317
102531 326
102547 339
102564 351
102580 367
102596 385
102612 398
102629 414
102645 431
102661 447
102678 463
102694 479
102710 499
102726 518
102743 540
102759 558
102775 578
102792 599
102808 618
102824 639
102840 661
102857 682
102873 705
102889 728
102906 758
102922 778
102938 802
102954 827
102971 847
102988 878
103004 899
103021 927
103037 953
103053 979
103070 1004
103086 1033
103102 1059
103118 1086
103135 1112
103151 1143
103167 1168
103184 1192
103200 1221
103216 1261
103232 1276
103249 1306
103265 1338
103281 1363
103298 1390
103314 1419
103330 1451
103346 1476
103363 1506
103379 1532
103395 1563
103412 1594
103428 1623
103444 1652
103460 1683
103477 1711
103493 1744
103509 1768
103526 1799
103542 1829
103558 1858
103574 1884
103591 1912
103607 1943
103623 1970
103640 2025
103656 2027
103672 2053
103688 2081
103705 2106
103721 2133
103737 2163
103754 2188
103770 2218
103786 2240
103802 2270
103819 2303
103835 2319
103851 2348
103868 2372
103884 2397
103900 2422
103916 2448
103933 2470
103949 2490
103965 2515
103982 2546
103999 2564
104015 2588
104032 2613
104048 2633
104064 2656
104080 2676
104097 2696
104113 2725
104129 2736
104146 2754
104162 2778
104178 2796
104194 2814
104211 2831
104227 2848
104243 2862
104260 2880
104276 2897
104292 2911
104308 2927
104325 2942
104341 2956
104357 2968
104374 2982
104390 2996
104406 3001
104422 3022
104439 3031
104455 3038
104471 3055
104488 3064
104504 3071
104520 3086
104536 3086
104553 3096
104569 3103
104585 3118
104602 3117
104618 3125
104634 3129
104650 3136
104667 3143
104683 3144
104699 3146
104716 3147
104732 3155
104748 3156
104764 3160
104781 3162
104797 3159
104813 3165
104830 3163
104846 3156
104862 3149
104878 3146
104895 3148
104911 3145
104927 3141
104944 3138
104960 3137
104976 3127
104994 3125
105010 3122
105026 3115
105042 3109
105059 3103
105075 3095
105091 3090
105108 3082
105124 3075
105140 3066
105156 3060
105173 3048
105189 3038
105205 3031
105222 3022
105238 3009
105254 2999
105270 2989
105287 2975
105303 2963
105319 2951
105336 2940
105352 2924
105368 2912
105384 2898
105401 2883
105417 2863
105433 2858
105450 2837
105466 2822
105482 2810
105498 2790
105515 2771
105531 2754
105547 2741
105564 2721
105580 2703
105596 2685
105612 2667
105629 2648
105645 2627
105661 2605
105678 2586
105694 2563
105710 2546
105726 2525
105743 2500
105759 2484
105775 2459
105792 2441
105808 2423
105824 2399
105840 2373
105857 2350
105873 2330
105889 2306
105906 2279
105922 2257
105938 2237
105954 2212
105971 2189
105988 2165
106004 2139
106021 2113
106037 2090
106053 2065
106070 2040
106086 2015
106102 1994
106118 1968
106135 1942
106151 1917
106167 1891
106184 1868
106200 1840
106216 1802
106232 1791
106249 1763
106265 1737
106281 1711
106298 1686
106314 1656
106330 1633
106346 1607
106363 1580
106379 1556
106395 1529
106412 1502
106428 1475
106444 1450
106460 1425
106477 1398
106493 1374
106509 1260
106526 1326
106542 1299
106558 1275
106574 1250
106591 1224
106607 1199
106623 1175
106640 1168
106656 1125
106672 1100
106688 1079
106705 1057
106721 1027
106737 1001
106754 983
106770 959
106786 933
106802 914
106819 895
106835 865
106851 845
106868 825
106884 803
106900 783
106916 760
106933 741
106949 718
106965 697
106982 650
106999 654
107015 635
107032 616
107048 596
107064 580
107080 559
107097 542
107113 520
107129 510
107146 490
107162 476
107178 459
107194 442
107211 432
107227 415
107243 384
107260 384
107276 373
107292 364
107308 347
107325 336
107341 324
107357 311
107374 300
107390 290
107406 298
107422 271
107439 263
107455 254
107471 243
107488 237
107504 231
107520 221
107536 215
107553 209
107569 203
107585 197
107602 192
107618 189
107634 183
107650 181
107667 182
107683 172
107699 171
107716 164
107732 160
107748 158
107764 159
107781 160
107797 171
107813 169
107830 174
107846 179
107862 181
107878 200
107895 190
107911 195
107927 203
107944 206
107960 217
107976 222
107994 231
108010 239
108026 249
108042 258
108059 272
108075 273
108091 289
108108 303
108124 313
108140 325
108156 338
108173 350
108189 366
108205 380
108222 399
108238 412
108254 425
108270 443
108287 460
108303 478
108319 493
108336 510
108352 533
108368 550
108384 569
108401 590
108417 612
108433 637
108450 653
108466 672
108482 691
108498 717
108515 741
108531 764
108547 789
108564 816
108580 836
108596 862
108612 884
108629 910
108645 935
108661 961
108678 987
108694 1018
108710 1041
108726 1066
108743 1096
108759 1120
108775 1149
108792 1173
108808 1203
108824 1229
108840 1255
108857 1280
108873 1310
108889 1335
108906 1367
108922 1394
108938 1423
108954 1449
108971 1482
108988 1512
109004 1540
109021 1572
109037 1601
109053 1629
109070 1654
109086 1687
109102 1719
109118 1745
109135 1769
109151 1806
109167 1832
109184 1861
109200 1889
109216 1927
109232 1950
109249 1975
109265 2000
109281 2029
109298 2058
109314 2086
109330 2114
109346 2136
109363 2167
109379 2198
109395 2220
109412 2243
109428 2272
109444 2303
109460 2328
109477 2351
109493 2373
109509 2432
109526 2424
109542 2451
109558 2474
109574 2498
109591 2522
109607 2541
109623 2567
109640 2582
109656 2612
109672 2637
109688 2659
109705 2679
109721 2701
109737 2723
109754 2742
109770 2761
109786 2781
109802 2799
109819 2820
109835 2835
109851 2856
109868 2871
109884 2890
109900 2906
109916 2919
109933 2934
109949 2949
109965 2964
109982 2994
109999 2990
110015 3003
110032 3013
110048 3028
110064 3038
110080 3051
110097 3060
110113 3077
110129 3079
110146 3086
110162 3093
110178 3105
110194 3111
110211 3115
110227 3123
110243 3128
110260 3133
110276 3140
110292 3139
110308 3147
110325 3150
110341 3153
110357 3158
110374 3160
110390 3167
110406 3150
110422 3165
110439 3163
110455 3161
110471 3159
110488 3155
110504 3151
110520 3148
110536 3143
110553 3140
110569 3139
110585 3133
110602 3126
110618 3125
110634 3129
110650 3113
110667 3090
110683 3098
110699 3094
110716 3084
110732 3077
110748 3068
110764 3059
110781 3052
110797 3038
110813 3031
110830 3020
110846 3016
110862 3005
110878 2986
110895 2979
110911 2968
110927 2955
110944 2942
110960 2929
110976 2916
110993 2901
111010 2887
111026 2872
111042 2860
111059 2845
111075 2829
111091 2810
111107 2793
111124 2777
111140 2759
111156 2744
111173 2725
111189 2709
111205 2690
111221 2673
111238 2653
111254 2634
111270 2616
111287 2595
111303 2575
111319 2554
111335 2533
111352 2510
111368 2492
111384 2466
111401 2448
111417 2428
111433 2404
111449 2384
111466 2360
111482 2299
111498 2317
111515 2294
111531 2269
111547 2247
111563 2222
111580 2200
111596 2173
111612 2152
111629 2128
111645 2104
111661 2079
111677 2056
111694 2031
111710 2006
111726 1980
111743 1957
111759 1934
111775 1908
111791 1883
111808 1860
111824 1832
111840 1808
111857 1783
111873 1758
111889 1731
111905 1695
111922 1678
111938 1650
111954 1630
111971 1600
111988 1571
112004 1544
112021 1519
112037 1495
112053 1470
112069 1445
112086 1420
112102 1392
112118 1369
112135 1344
112151 1319
112167 1293
112183 1272
112200 1251
112216 1221
112232 1204
112249 1165
112265 1146
112281 1111
112297 1099
112314 1074
112330 1055
112346 1027
112363 1002
112379 977
112395 961
112411 932
112428 913
112444 889
112460 866
112477 846
112493 824
112509 806
112525 782
112542 760
112558 738
112574 716
112591 698
112607 673
112623 657
112639 637
112656 591
112672 599
112688 582
112705 558
112721 547
112737 530
112753 510
112770 496
112786 480
112802 464
112819 449
112835 436
112851 419
112867 406
112884 389
112900 379
112916 366
112933 350
112949 341
112965 329
112981 312
112999 303
113015 291
113031 276
113048 275
113064 264
113080 262
113097 249
113113 236
113129 233
113145 223
113162 219
113178 211
113194 205
113211 200
113227 196
113243 191
113259 184
113276 182
113292 177
113308 173
113325 169
113341 168
113357 163
113373 159
113390 157
113406 161
113422 162
113439 166
113455 170
113471 176
113487 180
113504 185
113520 187
113536 196
113553 203
113569 205
113585 212
113601 217
113618 228
113634 236
113650 248
113667 252
113683 264
113699 275
113715 286
113732 298
113748 308
113764 321
113781 332
113797 348
113813 359
113829 373
113846 389
113862 402
113878 416
113895 437
113911 453
113927 468
113943 488
113960 511
113976 524
113993 542
114010 566
114026 586
114042 606
114059 626
114075 649
114091 673
114107 688
114124 712
114140 735
114156 762
114173 783
114189 806
114205 818
114221 857
114238 883
114254 913
114270 929
114287 951
114303 979
114319 1009
114335 1031
114352 1055
114368 1083
114384 1111
114401 1141
114417 1166
114433 1194
114449 1221
114466 1246
114482 1309
114498 1303
114515 1328
114531 1366
114547 1382
114563 1415
114580 1441
114596 1468
114612 1498
114629 1522
114645 1557
114661 1584
114677 1623
114694 1642
114710 1669
114726 1697
114743 1733
114759 1757
114775 1782
114791 1815
114808 1845
114824 1870
114840 1902
114857 1916
114873 1957
114889 1982
114905 2010
114922 2036
114938 2064
114954 2093
114971 2117
114988 2144
115004 2177
115021 2198
115037 2222
115053 2251
115069 2276
115086 2303
115102 2333
115118 2354
115135 2380
115151 2403
115167 2427
115183 2450
115200 2476
115216 2497
115232 2520
115249 2545
115265 2565
115281 2603
115297 2610
115314 2635
115330 2656
115346 2676
115363 2702
115379 2723
115395 2738
115411 2757
115428 2775
115444 2796
115460 2818
115477 2830
115493 2848
115509 2865
115525 2879
115542 2896
115558 2913
115574 2926
115591 2942
115607 2952
115623 2968
115639 2983
115656 2994
115672 3006
115688 3017
115705 3030
115721 3041
115737 3049
115753 3057
115770 3070
115786 3082
115802 3087
115819 3101
115835 3101
115851 3113
115867 3117
115884 3122
115900 3127
115916 3133
115933 3141
115949 3141
115965 3147
115981 3152
115999 3153
116015 3156
116031 3156
116048 3163
116064 3164
116080 3116
116097 3163
116113 3159
116129 3157
116145 3155
116162 3151
116178 3147
116194 3144
116211 3145
116227 3134
116243 3131
116259 3126
116276 3121
116292 3117
116308 3111
116325 3108
116341 3101
116357 3094
116373 3085
116390 3079
116406 3074
116422 3060
116439 3051
116455 3044
116471 3031
116487 3021
116504 3014
116520 3003
116536 2991
116553 2976
116569 2971
116585 2954
116601 2945
116618 2931
116634 2917
116650 2905
116667 2892
116683 2877
116699 2858
116715 2846
116732 2820
116748 2813
116764 2801
116781 2780
116797 2765
116813 2748
116829 2731
116846 2713
116862 2695
116878 2681
116895 2658
116911 2643
116927 2622
116943 2601
116960 2580
116976 2561
116993 2543
117010 2520
117026 2498
117042 2479
117059 2453
117075 2435
117091 2416
117107 2396
117124 2371
117140 2351
117156 2330
117173 2301
117189 2280
117205 2230
117221 2238
117238 2209
117254 2193
117270 2166
117287 2144
117303 2115
117319 2094
117335 2069
117352 2045
117368 2021
117384 1995
117401 1971
117417 1945
117433 1923
117449 1898
117466 1873
117482 1863
117498 1820
117515 1796
117531 1781
117547 1742
117563 1720
117580 1692
117596 1666
117612 1639
117629 1611
117645 1590
117661 1563
117677 1540
117694 1510
117710 1486
117726 1457
117743 1433
117759 1409
117775 1383
117791 1361
117808 1335
117824 1311
117840 1285
117857 1261
117873 1237
117889 1214
117905 1194
117922 1162
117938 1137
117954 1115
117971 1091
117988 1064
118004 1039
118021 1018
118037 994
118053 973
118069 948
118086 927
118102 903
118118 881
118135 861
118151 839
118167 818
118183 796
118200 776
118216 754
118232 722
118249 713
118265 695
118281 665
118297 651
118314 633
118330 613
118346 594
118363 577
118379 565
118395 544
118411 527
118428 514
118444 494
118460 478
118477 463
118493 448
118509 431
118525 417
118542 401
118558 389
118574 372
118591 363
118607 356
118623 339
118639 326
118656 312
118672 302
118688 292
118705 282
118721 275
118737 265
118753 253
118770 252
118786 239
118802 234
118819 225
118835 218
118851 214
118867 206
118884 201
118900 197
118916 192
118933 186
118949 183
118965 179
118981 175
118999 171
119015 169
119031 166
119048 160
119064 160
119080 163
119097 162
119113 165
119129 172
119145 180
119162 182
119178 179
119194 191
119211 199
119227 196
119243 208
119259 216
119276 220
119292 228
119308 236
119325 246
119341 255
119357 268
119373 278
119390 289
119406 296
119422 309
119439 321
119455 336
119471 345
119487 362
119504 375
119520 392
119536 410
119553 423
119569 434
119585 455
119601 473
119618 492
119634 508
119650 526
119667 553
119683 565
119699 581
119715 607
119732 630
119748 649
119764 671
119781 694
119797 716
119813 737
119829 761
119846 786
119862 810
119878 846
119895 856
119911 883
119927 907
119943 928
119960 949
119976 984
119993 1011
120010 1034
120026 1067
120042 1090
120058 1115
120075 1143
120091 1172
120107 1197
120124 1226
120140 1256
120156 1283
120172 1306
120189 1334
120205 1362
120221 1389
120238 1417
120254 1448
120270 1478
120286 1507
120303 1535
120319 1562
120335 1594
120352 1621
120368 1653
120384 1681
120400 1707
120417 1737
120433 1781
120449 1796
120466 1825
120482 1853
120498 1885
120514 1911
120531 1939
120547 1965
120563 1990
120580 2019
120596 2046
120612 2075
120628 2104
120645 2131
120661 2156
120677 2183
120694 2208
120710 2238
120726 2264
120742 2290
120759 2315
120775 2340
120791 2367
120808 2390
120824 2415
120840 2438
120856 2462
120873 2486
120889 2507
120905 2533
120922 2558
120938 2580
120954 2601
120970 2625
120988 2649
121004 2670
121020 2692
121037 2712
121053 2734
121069 2753
121086 2787
121102 2790
121118 2807
121134 2828
121151 2842
121167 2861
121183 2879
121200 2893
121216 2926
121232 2926
121248 2939
121265 2952
121281 2965
121297 2980
121314 2993
121330 3005
121346 3018
121362 3028
121379 3035
121395 3055
121411 3063
121428 3072
121444 3081
121460 3090
121476 3098
121493 3107
121509 3131
121525 3117
121542 3125
121558 3130
121574 3134
121590 3138
121607 3143
121623 3147
121639 3164
121656 3156
121672 3156
121688 3161
121704 3162
121721 3165
121737 3165
121753 3161
121770 3171
121786 3157
121802 3156
121818 3149
121835 3149
121851 3142
121867 3141
121884 3135
121900 3133
121916 3125
121932 3122
121949 3116
121965 3113
121981 3106
121999 3098
122015 3090
122031 3083
122048 3074
122064 3068
122080 3057
122097 3049
122113 3032
122129 3029
122145 3021
122162 3007
122178 2999
122194 2987
122211 2976
122227 2965
122243 2963
122259 2939
122276 2927
122292 2911
122308 2898
122325 2888
122341 2870
122357 2855
122373 2839
122390 2821
122406 2821
122422 2790
122439 2771
122455 2756
122471 2740
122487 2722
122504 2703
122520 2685
122536 2673
122553 2651
122569 2627
122585 2613
122601 2590
122618 2568
122634 2555
122650 2529
122667 2507
122683 2486
122699 2465
122715 2444
122732 2421
122748 2400
122764 2380
122781 2356
122797 2316
122813 2310
122829 2287
122846 2264
122862 2242
122878 2212
122895 2190
122911 2168
122927 2144
122943 2124
122960 2100
122976 2073
122993 2048
123010 2024
123026 1997
123042 1969
123059 1951
123075 1925
123091 1902
123107 1873
123124 1851
123140 1826
123156 1798
123173 1774
123189 1742
123205 1719
123221 1694
123238 1666
123254 1643
123270 1615
123287 1592
123303 1566
123319 1541
123335 1513
123352 1489
123368 1460
123384 1436
123401 1411
123417 1386
123433 1363
123449 1335
123466 1312
123482 1287
123498 1260
123515 1236
123531 1213
123547 1190
123563 1165
123580 1142
123596 1118
123612 1092
123629 1070
123645 1048
123661 1019
123677 999
123694 975
123710 953
123726 930
123743 909
123759 884
123775 864
123791 842
123808 820
123824 801
123840 779
123857 757
123873 737
123889 717
123905 694
123922 675
123938 656
123954 635
123971 613
123988 597
124004 577
124021 559
124037 546
124053 522
124069 511
124086 506
124102 480
124118 459
124135 448
124151 433
124167 425
124183 404
124200 390
124216 383
124232 367
124249 350
124265 335
124281 329
124297 317
124314 304
124330 292
124346 284
124363 273
124379 266
124395 257
124411 249
124428 240
124444 231
124460 221
124477 216
124493 209
124509 158
124525 203
124542 195
124558 193
124574 188
124591 186
124607 181
124623 176
124639 180
124656 169
124672 163
124688 161
124705 157
124721 159
124737 163
124753 168
124770 163
124786 173
124802 183
124819 182
124835 189
124851 194
124867 201
124884 207
124900 210
124916 219
124933 228
124949 239
124965 244
124981 257
124999 262
125015 275
125031 283
125048 297
125064 310
125080 322
125097 331
125113 357
125129 357
125145 372
125162 389
125178 402
125194 419
125211 434
125227 450
125243 457
125259 485
125276 511
125292 522
125308 537
125325 561
125341 579
125357 599
125373 620
125390 641
125406 640
125422 683
125439 705
125455 728
125471 752
125487 774
125504 799
125520 822
125536 841
125553 871
125569 895
125585 925
125601 946
125618 968
125634 996
125650 1020
125667 1050
125683 1075
125699 1099
125715 1127
125732 1154
125748 1181
125764 1207
125781 1233
125797 1253
125813 1287
125829 1314
125846 1334
125862 1367
125878 1400
125895 1421
125911 1453
125927 1486
125943 1507
125960 1539
125976 1566
125993 1597
126010 1623
126026 1657
126042 1683
126058 1711
126075 1739
126091 1771
126107 1798
126124 1822
126140 1854
126156 1882
126172 1909
126189 1938
126205 1958
126221 1987
126238 2014
126254 2041
126270 2068
126286 2095
126303 2122
126319 2147
126335 2175
126352 2203
126368 2225
126384 2249
126400 2281
126417 2305
126433 2342
126449 2356
126466 2379
126482 2405
126498 2427
126514 2449
126531 2472
126547 2497
126563 2522
126580 2542
126596 2563
126612 2586
126628 2612
126645 2628
126661 2651
126677 2674
126694 2694
126710 2714
126726 2735
126742 2750
126759 2775
126775 2789
126791 2808
126808 2826
126824 2842
126840 2857
126856 2875
126873 2888
126889 2907
126905 2921
126922 2935
126938 2951
126954 2964
126970 2976
126988 2990
127004 3002
127020 3013
127037 3026
127053 3036
127069 3047
127086 3049
127102 3066
127118 3076
127134 3087
127151 3093
127167 3101
127183 3106
127200 3116
127216 3118
127232 3125
127248 3130
127265 3141
127281 3140
127297 3146
127314 3149
127330 3154
127346 3155
127362 3157
127379 3163
127395 3162
127411 3170
127428 3163
127444 3164
127460 3161
127476 3158
127493 3152
127509 3135
127525 3148
127542 3142
127558 3141
127574 3137
127590 3127
127607 3124
127623 3120
127639 3114
127656 3107
127672 3104
127688 3095
127704 3089
127721 3081
127737 3072
127753 3063
127770 3067
127786 3044
127802 3037
127818 3027
127835 3016
127851 3008
127867 2996
127884 2983
127900 2974
127916 2960
127932 2949
127949 2933
127965 2921
127981 2911
127999 2892
128015 2880
128031 2861
128048 2849
128064 2833
128080 2816
128097 2800
128113 2779
128129 2767
128145 2750
128162 2730
128178 2715
128194 2695
128211 2678
128227 2656
128243 2636
128259 2620
128276 2599
128292 2576
128308 2557
128325 2537
128341 2517
128357 2496
128373 2474
128390 2452
128406 2433
128422 2410
128439 2388
128455 2365
128471 2340
128487 2321
128504 2298
128520 2273
128536 2226
128553 2224
128569 2201
128585 2176
128601 2153
128618 2130
128634 2107
128650 2080
128667 2053
128683 2032
128699 2008
128715 1988
128732 1960
128748 1935
128764 1909
128781 1886
128797 1843
128813 1832
128829 1807
128846 1784
128862 1758
128878 1709
128895 1701
128911 1675
128927 1652
128943 1624
128960 1598
128976 1576
128993 1547
129010 1521
129026 1497
129042 1468
129059 1441
129075 1419
129091 1391
129107 1365
129124 1341
129140 1318
129156 1293
129173 1269
129189 1284
129205 1220
129221 1196
129238 1166
129254 1145
129270 1121
129287 1095
129303 1073
129319 1053
129335 1025
129352 1000
129368 982
129384 957
129401 934
129417 908
129433 893
129449 867
129466 846
129482 831
129498 804
129515 783
129531 760
129547 740
129563 720
129580 701
129596 678
129612 661
129629 639
129645 621
129661 599
129677 583
129694 565
129710 549
129726 531
129743 514
129759 497
129775 483
129791 468
129808 450
129824 440
129840 424
129857 410
129873 393
129889 380
129905 370
129922 356
129938 345
129954 332
129971 321
129988 305
130004 296
130021 287
130037 276
130053 268
130069 262
130086 247
130102 244
130118 235
130135 217
130151 220
130167 214
130183 211
130200 203
130216 187
130232 193
130249 187
130265 184
130281 180
130297 175
130314 173
130330 168
130346 166
130363 163
130379 162
130395 161
130411 163
130428 174
130444 171
130460 177
130477 184
130493 184
130509 186
130525 193
130542 199
130558 204
130574 212
130591 221
130607 236
130623 234
130639 244
130656 250
130672 263
130688 275
130705 286
130721 296
130737 311
130753 323
130770 334
130786 348
130802 354
130819 374
130835 388
130851 405
130867 427
130884 440
130900 456
130916 472
130933 492
130949 510
130965 525
130981 549
130999 570
131015 587
131031 611
131048 631
131064 652
131080 676
131097 698
131113 720
131129 745
131145 766
131162 790
131178 815
131194 838
131211 866
131227 889
131243 916
131259 940
131276 965
131292 992
131308 1023
131325 1048
131341 1076
131357 1104
131373 1130
131390 1152
131406 1187
131422 1211
131439 1240
131455 1179
131471 1296
131487 1324
131504 1345
131520 1374
131536 1406
131553 1434
131569 1464
131585 1497
131601 1526
131618 1555
131634 1582
131650 1615
131667 1642
131683 1672
131699 1706
131715 1730
131732 1796
131748 1789
131764 1826
131781 1831
131797 1880
131813 1906
131829 1932
131846 1962
131862 1991
131878 2017
131895 2045
131911 2075
131927 2100
131943 2127
131960 2155
131976 2182
131993 2211
132010 2240
132026 2265
132042 2293
132058 2321
132075 2344
132091 2370
132107 2396
132124 2419
132140 2443
132156 2464
132172 2492
132189 2516
132205 2553
132221 2563
132238 2586
132254 2602
132270 2629
132286 2650
132303 2673
132319 2696
132335 2715
132352 2735
132368 2758
132384 2778
132400 2794
132417 2812
132433 2832
132449 2846
132466 2866
132482 2872
132498 2900
132514 2912
132531 2929
132547 2946
132563 2959
132580 2972
132596 2985
132612 3000
132628 3010
132645 3020
132661 3033
132677 3048
132694 3054
132710 3065
132726 3073
132742 3084
132759 3093
132775 3100
132791 3109
132808 3114
132824 3120
132840 3128
132856 3132
132873 3135
132889 3138
132905 3143
132922 3150
132938 3153
132954 3157
132970 3159
132988 3163
133004 3166
133020 3167
133037 3164
133053 3160
133069 3159
133086 3152
133102 3153
133118 3150
133134 3145
133151 3145
133167 3136
133183 3134
133200 3130
133216 3123
133232 3120
133248 3115
133265 3108
133281 3097
133297 3099
133314 3088
133330 3080
133346 3074
133362 3063
133379 3053
133395 3046
133411 3033
133428 3020
133444 3014
133460 3003
133476 2993
133493 2982
133509 2972
133525 2958
133542 2946
133558 2933
133574 2920
133590 2908
133607 2888
133623 2879
133639 2863
133656 2848
133672 2831
133688 2816
133704 2802
133721 2784
133737 2767
133753 2749
133770 2732
133786 2714
133802 2691
133818 2678
133835 2656
133851 2637
133867 2621
133884 2598
133900 2579
133916 2559
133932 2537
133949 2519
133965 2494
133981 2473
133999 2451
134015 2427
134031 2407
134048 2387
134064 2364
