2 208
145 212
251 212
358 213
464 213
570 210
677 212
783 210
889 209
997 211
1103 212
1210 214
1316 224
1422 209
1529 210
1635 212
1741 210
1848 192
1954 210
2061 213
2168 213
2274 204
2380 211
2487 214
2593 211
2699 212
2806 212
2912 211
3019 215
3126 207
3232 211
3338 210
3445 212
3551 273
3657 213
3764 211
3870 207
3976 212
4084 210
4190 211
4297 215
4403 212
4509 212
4616 213
4722 210
4828 210
4935 212
5042 209
5148 210
5255 211
5361 211
5467 219
5574 207
5680 208
5786 211
5893 216
6000 213
6106 208
6213 206
6319 211
6425 208
6532 209
6638 211
6744 171
6851 212
6957 210
7065 209
7171 210
7277 210
7384 208
7490 208
7596 208
7703 208
7809 210
7915 207
8023 208
8129 213
8235 208
8342 247
8448 207
8554 209
8661 211
8767 213
8873 219
8980 212
9086 209
9193 210
9299 208
9405 207
9512 209
9618 208
9724 207
9831 210
9937 208
10045 209
10151 210
10257 209
10364 201
10470 212
10576 209
10683 213
10789 206
10895 214
11003 210
11109 208
11215 204
11322 210
11428 209
11534 208
11641 209
11747 209
11853 209
11960 210
12067 259
12173 212
12280 211
12386 205
12492 157
12599 210
12705 209
12811 205
12918 237
13025 210
13132 207
13238 210
13344 207
13451 211
13557 209
13663 218
13770 208
13876 208
13982 209
14090 209
14196 210
14302 209
14409 212
14515 219
14621 206
14728 203
14834 213
14940 207
15048 210
15154 209
15260 209
15367 250
15473 211
15579 210
15686 211
15792 209
15898 209
16006 213
16112 215
16218 208
16325 213
16431 212
16537 211
16644 212
16750 212
16856 209
16963 209
17070 210
17177 210
17283 210
17389 220
17496 214
17602 211
17708 209
17815 214
17921 213
18028 215
18135 213
18241 99
18347 211
18454 213
18560 209
18666 186
18773 212
18879 211
18987 210
19093 210
19199 210
19306 210
19412 212
19518 217
19625 211
19731 212
19837 210
19944 211
20051 211
20157 211
20264 185
20370 211
20476 209
20583 213
20689 211
20795 217
20902 208
21009 212
21115 213
21222 212
21328 212
21434 213
21541 212
21647 212
21753 212
21860 211
21966 212
22074 209
22180 211
22286 217
22393 212
22499 241
22605 213
22712 211
22818 213
22924 212
23032 206
23138 211
23244 211
23351 212
23457 212
23563 209
23670 212
23776 209
23882 211
23990 213
24096 211
24202 206
24309 212
24415 215
24521 215
24628 210
24734 212
24840 210
24947 212
25054 218
25161 203
25267 210
25373 211
25480 212
25586 211
25692 163
25799 209
25905 212
26012 212
26119 212
26225 210
26331 212
26438 209
26544 206
26650 211
26757 209
26863 210
26969 199
27077 211
27183 208
27289 146
27396 210
27502 208
27608 212
27715 211
27821 216
27927 209
28035 209
28141 216
28248 207
28354 211
28460 213
28567 215
28673 218
28779 213
28886 208
28993 209
29099 210
29206 210
29312 206
29418 210
29525 209
29631 208
29737 208
29844 210
29950 211
30057 208
30164 209
30270 208
30376 209
30483 211
30589 207
30695 210
30802 214
30908 209
31016 211
31122 210
31228 209
31335 208
31441 210
31547 210
31654 211
31760 210
31866 207
31973 210
32080 216
32186 231
32293 214
32399 208
32505 210
32612 209
32718 145
32824 201
32931 204
33038 211
33144 209
33251 209
33357 203
33463 210
33570 210
33676 208
33782 210
33889 211
33996 212
34103 210
34209 204
34315 192
34422 210
34528 209
34634 210
34741 210
34847 224
34953 210
35061 208
35167 212
35273 212
35380 213
35486 211
35592 211
35699 208
35805 212
35911 209
36019 210
36125 212
36231 210
36338 212
36444 201
36550 109
36657 212
36763 210
36869 209
36976 211
37083 209
37190 211
37296 215
37402 210
37509 213
37615 213
37721 206
37828 209
37934 211
38041 237
38148 215
38254 212
38360 211
38467 223
38573 209
38679 210
38786 212
38892 209
39000 212
39106 214
39212 210
39319 212
39425 215
39531 210
39638 212
39744 212
39850 214
39957 211
40064 212
40170 212
40277 210
40383 211
40489 207
40596 212
40702 211
40808 206
40915 225
41022 213
41128 211
41235 211
41341 244
41447 212
41554 211
41660 213
41766 241
41873 211
41979 213
42086 210
42193 211
42299 211
42405 210
42512 214
42618 209
42724 212
42831 214
42937 211
43044 215
43151 214
43257 209
43363 219
43470 212
43576 215
43682 213
43789 220
43895 211
44003 209
44109 214
44215 206
44322 210
44428 208
44534 213
44641 210
44747 211
44853 208
44960 211
45067 236
45173 211
45280 211
45386 211
45492 239
45599 211
45705 211
45811 219
45918 204
46025 209
46131 214
46238 214
46344 211
46450 211
46557 210
46663 201
46769 213
46876 211
46982 211
47089 204
47196 210
47302 210
47408 211
47515 211
47621 210
47727 210
47834 210
47940 210
48048 209
48154 210
48260 207
48367 213
48473 210
48579 208
48686 211
48792 211
48898 334
49006 211
49112 209
49218 210
49325 209
49431 210
49537 209
49644 209
49750 211
49856 210
49963 210
50070 208
50177 208
50283 211
50389 208
50496 205
50602 208
50708 209
50815 209
50921 206
51028 263
51135 207
51241 208
51347 209
51454 206
51560 210
51666 210
51773 210
51879 209
51986 210
52093 211
52199 208
52305 211
52412 210
52518 210
52624 211
52731 211
52837 206
52943 211
53051 211
53157 211
53264 249
53370 207
53476 210
53583 208
53689 205
53795 221
53902 210
54009 210
54115 211
54222 205
54328 210
54434 211
54541 208
54647 209
54753 213
54860 211
54966 211
55073 209
55180 212
55286 203
55392 177
55499 209
55605 211
55711 209
55818 207
55924 216
56032 210
56138 210
56244 208
56351 211
56457 211
56563 211
56670 214
56776 210
56882 209
56990 213
57096 212
57202 211
57309 217
57415 210
57521 203
57628 210
57734 212
57840 211
57947 211
58054 275
58160 207
58267 210
58373 211
58479 211
58586 211
58692 207
58798 208
58905 210
59012 212
59119 212
59225 210
59331 212
59438 209
59544 213
59650 210
59757 211
59863 211
59969 209
60077 211
60183 211
60289 220
60396 211
60502 209
60608 211
60715 209
60821 183
60927 212
61035 212
61141 216
61247 217
61354 211
61460 212
61566 209
61673 210
61779 211
61885 210
61993 211
62099 212
62206 212
62312 208
62418 157
62525 212
62631 217
62737 213
62844 218
62950 216
63057 211
63164 211
63270 211
63376 209
63483 212
63589 215
63695 210
63802 210
63908 211
64015 211
64122 213
64228 207
64334 211
64441 213
64547 198
64653 213
64760 210
64866 207
64972 211
65080 213
65186 213
65293 211
65399 209
65505 213
65612 212
65718 287
65824 214
65931 215
66038 209
66144 213
66251 211
66357 210
66463 209
66570 184
66676 213
66782 205
66889 198
66996 211
67102 208
67209 209
67315 215
67421 208
67528 208
67634 209
67740 217
67847 209
67953 210
68061 209
68167 259
68273 212
68380 209
68486 209
68592 208
68699 210
68805 208
68911 212
69019 209
69125 206
69231 211
69338 200
69444 209
69550 207
69657 209
69763 200
69869 211
69976 213
70083 209
70190 212
70296 207
70402 210
70509 209
70615 212
70721 209
70828 211
70934 209
71041 187
71148 213
71254 209
71360 210
71467 224
71573 208
71679 207
71786 210
71892 214
71999 211
72106 210
72212 208
72318 211
72425 211
72531 212
72637 211
72744 209
72850 208
72956 210
73064 213
73170 209
73277 209
73383 207
73489 202
73596 209
73702 210
73808 206
73915 212
74022 210
74128 206
74235 208
74341 238
74447 211
74554 210
74660 211
74766 211
74873 208
74979 213
75086 209
75193 209
75299 212
75405 210
75512 211
75618 209
75724 209
75831 208
75937 217
76045 214
76151 209
76257 212
76364 213
76470 211
76576 209
76683 210
76789 210
76895 214
77003 276
77109 213
77215 211
77322 211
77428 212
77534 208
77641 209
77747 212
77853 212
77960 211
78067 211
78173 212
78280 217
78386 207
78492 212
78599 208
78705 209
78811 210
78918 212
79025 204
79132 215
79238 201
79344 211
79451 212
79557 218
79663 210
79770 158
79876 213
79982 211
80090 211
80196 213
80302 211
80409 212
80515 211
80621 207
80728 211
80834 212
80940 210
81048 210
81154 212
81261 212
81367 203
81473 217
81580 212
81686 207
81792 204
81899 241
82006 213
82112 212
82219 213
82325 212
82431 214
82538 210
82644 209
82750 211
82857 211
82963 212
83070 210
83177 213
83283 212
83389 199
83496 194
83602 213
83708 211
83815 211
83921 219
84029 192
84135 211
84241 208
84348 212
84454 214
84560 211
84667 228
84773 212
84879 210
84987 213
85093 209
85199 213
85306 212
85412 210
85518 210
85625 213
85731 212
85837 209
85944 210
86051 203
86157 216
86264 208
86370 210
86476 211
86583 211
86689 211
86795 164
86902 216
87009 210
87116 210
87222 210
87328 210
87435 216
87541 216
87647 212
87754 210
87860 210
87966 215
88074 213
88180 211
88286 209
88393 198
88499 214
88605 207
88712 210
88818 210
88924 177
89032 209
89138 210
89244 210
89351 210
89457 208
89563 206
89670 211
89776 209
89882 208
89990 214
90096 211
90203 208
90309 209
90415 207
90522 195
90628 211
90734 208
90841 208
90947 218
91054 196
91161 210
91267 212
91373 202
91480 210
91586 213
91692 207
91799 210
91905 210
92012 213
92119 210
92225 209
92331 209
92438 218
92544 209
92650 209
92757 206
92863 206
92969 210
93077 215
93183 218
93290 174
93396 212
93502 212
93609 214
93715 205
93821 210
93928 210
94035 210
94141 210
94248 211
94354 213
94460 210
94567 206
94673 211
94779 211
94886 212
94993 211
95099 210
95206 206
95312 211
95418 203
95525 206
95631 210
95737 214
95844 208
95950 207
96058 204
96164 211
96270 208
96377 212
96483 210
96589 212
96696 209
96802 211
96908 211
97016 157
97122 209
97228 213
97335 210
97441 207
97547 212
97654 212
97760 212
97866 191
97973 216
98080 212
98187 212
98293 212
98399 211
98506 213
98612 212
98718 210
98825 214
98931 209
99038 208
99145 210
99251 210
99357 214
99464 211
99570 213
99676 213
99783 208
99889 213
99996 212
100103 209
100209 212
100315 205
100422 211
100528 208
100634 213
100741 182
100847 213
100953 212
101061 210
101167 211
101274 211
101380 210
101486 213
101593 211
101699 212
101805 211
101912 211
102019 211
102125 215
102232 213
102338 201
102444 216
102551 213
102657 209
102763 206
102870 211
102976 213
103083 211
103190 243
103296 211
103402 211
103509 212
103615 212
103721 209
103828 210
103934 212
104042 211
104148 212
104254 210
104361 214
104467 212
104573 209
104680 210
104786 210
104892 211
105000 210
105106 212
105212 201
105319 209
105425 211
105531 208
105638 212
105744 208
105850 210
105957 212
106064 176
106170 212
106277 210
106383 207
106489 178
106596 209
106702 210
106808 212
106915 242
107022 209
107129 211
107235 213
107341 252
107448 212
107554 210
107660 208
107767 209
107873 209
107979 210
108086 204
108193 208
108299 205
108405 207
108512 211
108618 210
108724 213
108831 209
108937 213
109045 207
109151 209
109257 209
109364 198
109470 212
109576 209
109683 211
109789 206
109895 212
110003 209
110109 210
110215 208
110322 207
110428 162
110534 209
110641 209
110747 208
110853 212
110960 212
111067 206
111173 210
111280 210
111386 209
111492 212
111599 209
111705 209
111811 205
111918 210
112025 204
112132 215
112238 211
112344 212
112451 209
112557 209
112663 204
112770 209
112876 207
112982 210
113090 209
113196 210
113302 210
113409 210
113515 208
113621 210
113728 210
113834 209
113940 211
114048 208
114154 211
114261 219
114367 250
114473 211
114580 214
114686 209
114792 212
114899 232
115006 210
115112 212
115219 211
115325 211
115431 210
115538 207
115644 205
115750 212
115857 205
115963 209
116070 209
116177 211
116283 213
116389 204
116496 219
116602 214
116708 208
116815 214
116921 216
117029 212
117135 215
117241 209
117348 211
117454 213
117560 209
117667 213
117773 211
117879 210
117987 213
118093 210
118199 210
118306 210
118412 211
118518 209
118625 210
118731 211
118837 210
118944 210
119051 208
119157 213
119264 210
119370 210
119476 211
119583 210
119689 271
119795 213
119902 211
120009 210
120116 214
120222 208
120328 212
120435 210
120541 212
120647 207
120754 210
120860 212
120966 209
121074 212
121180 211
121286 220
121393 252
121499 208
121605 210
121712 210
121818 215
121924 222
122032 212
122138 210
122244 214
122351 211
122457 205
122563 210
122670 211
122776 211
122882 213
122990 212
123096 211
123203 212
123309 212
123415 213
123522 175
123628 212
123734 209
123841 209
123947 214
124054 209
124161 209
124267 141
124373 211
124480 211
124586 212
124692 210
124799 211
124905 211
125012 208
125119 211
125225 210
125331 213
125438 204
125544 209
125650 211
125757 210
125863 220
125969 213
126077 210
126183 211
126290 188
126396 209
126502 211
126609 210
126715 244
126821 211
126928 207
127035 210
127141 213
127248 210
127354 212
127460 211
127567 218
127673 209
127779 211
127886 201
127993 210
128099 209
128206 210
128312 210
128418 210
128525 206
128631 211
128737 206
128844 203
128950 212
129058 206
129164 202
129270 208
129377 207
129483 209
129589 283
129696 208
129802 209
129908 209
130016 229
130122 209
130228 208
130335 208
130441 210
130547 210
130654 209
130760 209
130866 207
130973 210
131080 209
131187 198
131293 208
131399 209
131506 211
131612 208
131718 199
131825 209
131931 212
132038 208
132145 209
132251 209
132357 209
132464 235
132570 210
132676 208
132783 210
132889 218
132996 208
133103 208
133209 208
133315 212
133422 210
133528 210
133634 211
133741 229
133847 210
133953 210
134061 207
134167 211
134274 215
134380 209
134486 212
134593 209
134699 209
134805 212
134912 212
135019 208
135125 207
135232 211
135338 201
135444 216
135551 210
135657 209
135763 211
135870 214
135976 254
136083 208
136190 211
136296 213
136402 209
136509 210
136615 212
136721 211
136828 209
136934 211
137042 215
137148 212
137254 212
137361 212
137467 216
137573 251
137680 212
137786 210
137892 211
138000 215
138106 217
138212 210
138319 211
138425 211
138531 210
138638 211
138744 213
138850 211
138957 211
139064 204
139170 210
139277 213
139383 213
139489 213
139596 210
139702 212
139808 215
139915 210
140022 206
140129 207
140235 213
140341 213
140448 211
140554 212
140660 114
140767 233
140873 211
140979 211
141086 215
141193 211
141299 211
141405 212
141512 209
141618 212
141724 215
141831 210
141937 211
142045 212
142151 213
142257 214
142364 199
142470 195
142576 211
142683 213
142789 212
142895 204
143003 204
143109 208
143215 211
143322 212
143428 214
143534 210
143641 212
143747 212
143853 209
143960 212
144067 211
144173 211
144280 210
144386 210
144492 215
144599 211
144705 210
144811 209
144918 210
145025 211
145132 201
145238 210
145344 211
145451 214
145557 213
145663 160
145770 211
145876 206
145982 211
146090 214
146196 211
146302 210
146409 212
146515 207
146621 210
146728 208
146834 210
146940 210
147048 208
147154 205
147261 170
147367 208
147473 207
147580 210
147686 215
147792 217
147899 202
148006 212
148112 210
148219 207
148325 210
148431 214
148538 209
148644 211
148750 211
148857 216
148963 209
149070 211
149177 205
149283 211
149389 199
149496 182
149602 210
149708 209
149815 208
149921 202
150029 215
150135 209
150241 210
150348 207
150454 212
150560 209
150667 206
150773 210
150879 209
150987 206
151093 209
151199 209
151306 211
151412 208
151518 210
151625 210
151731 209
151837 213
151944 210
152051 206
152157 206
152264 209
152370 208
152476 210
152583 209
152689 218
152795 207
152902 208
153009 211
153116 210
153222 209
153328 210
153435 205
153541 208
153647 208
153754 210
153860 209
153966 209
154074 209
154180 210
154286 224
154393 207
154499 206
154605 213
154712 211
154818 211
154924 211
155032 207
155138 323
155244 209
155351 210
155457 211
155563 205
155670 211
155776 211
155882 213
155990 227
156096 214
156203 210
156309 210
156415 225
156522 210
156628 213
156734 211
156841 209
156947 210
157054 207
157161 212
157267 214
157373 211
157480 211
157586 210
157692 209
157799 211
157905 212
158012 216
158119 212
158225 210
158331 215
158438 213
158544 213
158650 210
158757 212
158863 258
158969 213
159077 209
159183 210
159290 196
159396 210
159502 211
159609 214
159715 298
159821 212
159928 210
160035 210
160141 210
160248 210
160354 211
160460 218
160567 211
160673 213
160779 213
160886 219
160993 212
161099 212
161206 208
161312 212
161418 210
161525 212
161631 215
161737 213
161844 214
161950 210
162058 211
162164 221
162270 211
162377 209
162483 213
162589 214
162696 210
162802 211
162908 212
163016 214
163122 207
163228 213
163335 213
163441 210
163547 191
163654 211
163760 210
163866 210
163973 201
164080 203
164187 212
164293 212
164399 211
164506 210
164612 209
164718 211
164825 212
164931 209
165038 217
165145 209
165251 216
165357 212
165464 210
165570 210
165676 211
165783 207
165889 209
165996 213
166103 202
166209 171
166315 211
166422 209
166528 209
166634 209
166741 240
166847 208
166953 206
167061 210
167167 210
167274 213
167380 206
167486 212
167593 211
167699 209
167805 208
167912 209
168019 207
168125 211
168232 208
168338 189
168444 206
168551 212
168657 215
168763 210
168870 207
168976 144
169083 210
169190 209
169296 209
169402 209
169509 209
169615 209
169721 209
169828 210
169934 208
170042 212
170148 211
170254 214
170361 208
170467 220
170573 209
170680 210
170786 208
170892 211
171000 212
171106 175
171212 209
171319 210
171425 207
171531 207
171638 211
171744 212
171850 211
171957 210
172064 211
172170 207
172277 208
172383 206
172489 206
172596 211
172702 210
172808 210
172915 206
173022 212
173129 198
173235 191
173341 210
173448 206
173554 207
173660 211
173767 248
173873 209
173979 207
174086 208
174193 209
174299 211
174405 210
174512 209
174618 211
174724 211
174831 212
174937 214
175045 207
175151 211
175257 212
175364 199
175470 226
175576 208
175683 208
175789 211
175895 214
176003 212
176109 212
176215 212
176322 211
176428 209
176534 210
176641 210
176747 211
176853 211
176960 212
177067 210
177173 204
177280 210
177386 208
177492 216
177599 204
177705 210
177811 212
177918 213
178025 204
178132 258
178238 212
178344 214
178451 210
178557 208
178663 248
178770 212
178876 208
178982 213
179090 211
179196 213
179302 210
179409 213
179515 210
179621 213
179728 212
179834 210
179940 212
180048 209
180154 215
180261 213
180367 210
180473 214
180580 213
180686 220
180792 193
180899 213
181006 212
181112 212
181219 210
181325 212
181431 211
181538 233
181644 212
181750 216
181857 211
181963 207
182070 211
182177 211
182283 214
182389 252
182496 210
182602 215
182708 209
182815 208
182921 212
183029 212
183135 212
183241 212
183348 212
183454 205
183560 216
183667 209
183773 212
183879 209
183987 204
184093 212
184199 212
184306 212
184412 216
184518 212
184625 211
184731 210
184837 211
184944 211
185051 213
185157 212
185264 251
185370 211
185476 212
185583 211
185689 170
185795 211
185902 209
186009 208
186116 208
186222 212
186328 208
186435 209
186541 210
186647 210
186754 208
186860 212
186966 209
187074 206
187180 210
187286 213
187393 210
187499 209
187605 207
187712 216
187818 209
187924 210
188032 210
188138 240
188244 209
188351 212
188457 210
188563 198
188670 207
188776 207
188882 208
188990 204
189096 207
189203 204
189309 207
189415 214
189522 208
189628 211
189734 211
189841 208
189947 211
190054 205
190161 211
190267 210
190373 209
190480 212
190586 212
190692 208
190799 211
190905 211
191012 209
191119 201
191225 209
191331 179
191438 211
191544 212
191650 210
191757 208
191863 207
191969 211
192077 218
192183 222
192290 210
192396 210
192502 212
192609 211
192715 211
192821 210
192928 211
193035 211
193141 210
193248 208
193354 211
193460 214
193567 207
193673 213
193779 211
193886 212
193993 211
194099 211
194206 207
194312 216
194418 211
194525 211
194631 210
194737 212
194844 209
194950 211
195058 208
195164 212
195270 209
195377 208
195483 209
195589 211
195696 208
195802 212
195908 210
196016 205
196122 209
196228 211
196335 204
196441 210
196547 259
196654 210
196760 210
196866 211
196973 215
197080 210
197187 216
197293 211
197399 215
197506 212
197612 211
197718 211
197825 213
197931 211
198038 213
198145 212
198251 211
198357 208
198464 210
198570 214
198676 209
198783 202
198889 211
198996 212
199103 207
199209 214
199315 212
199422 209
199528 212
199634 216
199741 257
199847 211
199953 212
200061 212
200167 213
200274 212
200380 212
200486 211
200593 210
200699 209
200805 214
200912 211
201019 211
201125 214
201232 213
201338 153
201444 215
201551 209
201657 215
201763 209
201870 210
201976 212
202083 212
202190 213
202296 213
202402 212
202509 214
202615 212
202721 211
202828 211
202934 214
203042 214
203148 213
203254 210
203361 207
203467 207
203573 227
203680 214
203786 210
203892 210
204000 212
204106 209
204212 212
204319 212
204425 210
204531 210
204638 210
204744 208
204850 210
204957 210
205064 211
205170 212
205277 210
205383 209
205489 212
205596 210
205702 213
205808 209
205915 210
206022 212
206129 203
206235 201
206341 211
206448 210
206554 210
206660 203
206767 244
206873 211
206979 209
207086 209
207193 212
207299 209
207405 210
207512 209
207618 212
207724 211
207831 208
207937 213
208045 212
208151 209
208257 216
208364 217
208470 211
208576 212
208683 208
208789 207
208895 171
209003 211
209109 211
209215 209
209322 212
209428 212
209534 207
209641 211
209747 208
209853 209
209960 214
210067 207
210173 207
210280 211
210386 210
210492 208
210599 206
210705 205
210811 213
210918 208
211025 206
211132 208
211238 241
211344 210
211451 212
211557 206
211663 178
211770 206
211876 208
211982 209
212090 210
212196 209
212302 209
212409 210
212515 209
212621 212
212728 211
212834 207
212940 211
213048 207
213154 209
213261 211
213367 208
213473 208
213580 208
213686 207
213792 209
213899 211
214006 207
214112 190
214219 208
214325 214
214431 211
214538 195
214644 209
214750 215
214857 207
214963 175
215070 211
215177 209
215283 210
215389 209
215496 212
215602 213
215708 210
215815 210
215921 207
216029 208
216135 207
216241 211
216348 211
216454 210
216560 208
216667 212
216773 213
216879 210
216987 214
217093 208
217199 207
217306 210
217412 172
217518 209
217625 213
217731 213
217837 213
217944 210
218051 212
218157 212
218264 276
218370 210
218476 209
218583 209
218689 198
218795 214
218902 210
219009 225
219116 211
219222 213
219328 212
219435 220
219541 159
219647 202
219754 212
219860 204
219966 211
220074 215
220180 200
220286 211
220393 212
220499 212
220605 213
220712 210
220818 188
220924 210
221032 212
221138 211
221244 212
221351 209
221457 211
221563 213
221670 211
221776 214
221882 209
221990 218
222096 212
222203 213
222309 216
222415 216
222522 212
222628 215
222734 213
222841 213
222947 185
223054 216
223161 212
223267 212
223373 212
223480 214
223586 212
223692 209
223799 210
223905 211
224012 213
224119 211
224225 211
224331 212
224438 215
224544 212
224650 212
224757 213
224863 211
224969 213
225077 166
225183 213
225290 213
225396 213
225502 212
225609 211
225715 204
225821 212
225928 212
226035 213
226141 218
226248 202
226354 212
226460 210
226567 209
226673 214
226779 211
226886 211
226993 208
227099 211
227206 196
227312 155
227418 210
227525 210
227631 208
227737 203
227844 206
227950 211
228058 213
228164 210
228270 210
228377 210
228483 211
228589 211
228696 209
228802 212
228908 210
229016 210
229122 211
229228 212
229335 209
229441 216
229547 208
229654 210
229760 207
229866 209
229973 170
230080 209
230187 210
230293 207
230399 208
230506 208
230612 209
230718 208
230825 213
230931 212
231038 209
231145 210
231251 208
231357 209
231464 210
231570 208
231676 209
231783 209
231889 209
231996 198
232103 213
232209 207
232315 209
232422 213
232528 208
232634 209
232741 165
232847 206
232953 211
233061 207
233167 211
233274 208
233380 209
233486 213
233593 211
233699 210
233805 211
233912 211
234019 211
234125 212
234232 209
234338 152
234444 212
234551 207
234657 212
234763 201
234870 198
234976 211
235083 209
235190 209
235296 210
235402 208
235509 204
235615 211
235721 210
235828 211
235934 210
236042 212
236148 213
236254 210
236361 213
236467 227
236573 210
236680 210
236786 213
236892 212
237000 212
237106 212
237212 212
237319 212
237425 211
237531 211
237638 211
237744 210
237850 211
237957 210
238064 213
238170 210
238277 212
238383 211
238489 210
238596 211
238702 208
238808 203
238915 210
239022 212
239129 210
239235 213
239341 190
239448 211
239554 213
239660 223
239767 213
239873 210
239979 211
240086 317
240193 212
240299 212
240405 212
240512 198
240618 213
240724 213
240831 211
240937 153
241045 210
241151 211
241257 214
241364 209
241470 209
241576 210
241683 214
241789 211
241895 210
242003 212
242109 219
242215 209
242322 212
242428 212
242534 208
242641 213
242747 214
242853 209
242960 204
243067 209
243173 213
243280 212
243386 210
243492 212
243599 214
243705 209
243811 201
243918 212
244025 209
244132 217
244238 210
244344 211
244451 210
244557 210
244663 253
244770 212
244876 210
244982 208
245090 213
245196 213
245302 207
245409 223
245515 210
245621 213
245728 212
245834 212
245940 213
246048 213
246154 213
246261 221
246367 209
246473 208
246580 209
246686 217
246792 208
246899 210
247006 212
247112 248
247219 206
247325 211
247431 210
247538 201
247644 207
247750 210
247857 208
247963 197
248070 208
248177 208
248283 210
248389 202
248496 207
248602 212
248708 209
248815 213
248921 210
249029 208
249135 224
249241 210
249348 214
249454 209
249560 214
249667 210
249773 211
249879 211
249987 224
250093 203
250199 209
250306 208
250412 192
250518 207
250625 210
250731 206
250837 185
250944 208
251051 212
251157 208
251264 207
251370 209
251476 210
251583 211
251689 208
251795 210
251902 209
252009 207
252116 209
252222 211
252328 205
252435 212
252541 213
252647 208
252754 210
252860 203
252966 208
253074 214
253180 209
253286 197
253393 207
253499 209
253605 211
253712 233
253818 210
253924 210
254032 207
254138 238
254244 208
254351 208
254457 207
254563 211
254670 210
254776 209
254882 209
254990 211
255096 207
255203 210
255309 218
255415 273
255522 210
255628 211
255734 209
255841 208
255947 176
256054 211
256161 212
256267 209
256373 211
256480 211
256586 213
256692 208
256799 213
256905 215
257012 211
257119 212
257225 211
257331 208
257438 202
257544 298
257650 209
257757 212
257863 213
257969 205
258077 202
258183 210
258290 211
258396 211
258502 208
258609 209
258715 211
258821 210
258928 214
259035 211
259141 213
259248 209
259354 211
259460 213
259567 212
259673 213
259779 215
259886 211
259993 213
260099 213
260206 202
260312 267
260418 209
260525 209
260631 212
260737 213
260844 254
260950 215
261058 212
261164 208
261270 213
261377 212
261483 212
261589 216
261696 209
261802 213
261908 212
262016 212
262122 211
262228 209
262335 213
262441 249
262547 213
262654 215
262760 211
262866 212
262973 191
263080 210
263187 211
263293 212
263399 210
263506 212
263612 208
263718 212
263825 213
263931 211
264038 211
264145 212
264251 215
264357 209
264464 200
264570 285
264676 213
264783 211
264889 211
264996 213
265103 153
265209 210
265315 210
265422 212
265528 211
265634 214
265741 209
265847 208
265953 212
266061 213
266167 211
266274 211
266380 208
266486 213
266593 210
266699 210
266805 209
266912 207
267019 212
267125 202
267232 208
267338 239
267444 212
267551 207
267657 212
267763 224
267870 208
267976 212
268083 208
268190 215
268296 208
268402 206
268509 210
268615 210
268721 213
268828 211
268934 216
269042 207
269148 208
269254 209
269361 209
269467 206
269573 207
269680 210
269786 222
269892 205
270000 207
270106 209
270212 203
270319 211
270425 207
270531 209
270638 209
270744 209
270850 210
270957 210
271064 209
271170 212
271277 210
271383 213
271489 209
271596 208
271702 208
271808 210
271915 211
272022 209
272129 208
272235 210
272341 206
272448 209
272554 206
272660 210
272767 209
272873 210
272979 209
273086 245
273193 209
273299 211
273405 210
273512 197
273618 210
273724 212
273831 212
273937 191
274045 211
274151 211
274257 211
274364 203
274470 212
274576 213
274683 209
274789 210
274895 213
275003 211
275109 210
275215 211
275322 210
275428 210
275534 219
275641 210
275747 210
275853 208
275960 211
276067 209
276173 212
276280 210
276386 212
276492 210
276599 214
276705 211
276811 214
276918 213
277025 212
277132 213
277238 207
277344 213
277451 213
277557 211
277663 211
277770 213
277876 212
277982 207
278090 215
278196 209
278302 214
278409 210
278515 213
278621 215
278728 212
278834 213
278940 213
279048 210
279154 211
279261 225
279367 213
279473 212
279580 212
279686 183
279792 212
279899 211
280006 211
280112 216
280219 210
280325 213
280431 217
280538 258
280644 212
280750 213
280857 212
280963 212
281070 211
281177 211
281283 212
281389 208
281496 211
281602 212
281708 205
281815 216
281921 206
282029 212
282135 209
282241 213
282348 212
282454 216
282560 209
282667 211
282773 214
282879 213
282987 184
283093 211
283199 213
283306 210
283412 212
283518 212
283625 211
283731 212
283837 210
283944 206
284051 210
284157 214
284264 211
284370 208
284476 211
284583 211
284689 213
284795 207
284902 198
285009 208
285116 213
285222 210
285328 211
285435 211
285541 209
285647 211
285754 213
285860 211
285966 209
286074 209
286180 220
286286 209
286393 210
286499 214
286605 209
286712 197
286818 212
286924 210
287032 208
287138 209
287244 208
287351 210
287457 210
287563 210
287670 207
287776 208
287882 210
287990 213
288096 212
288203 209
288309 212
288415 243
288522 206
288628 208
288734 211
288841 209
288947 178
289054 212
289161 218
289267 210
289373 208
289480 214
289586 209
289692 209
289799 211
289905 212
290012 208
290119 211
290225 209
290331 211
290438 205
290544 201
290650 210
290757 210
290863 211
290969 201
291077 183
291183 211
291290 208
291396 211
291502 210
291609 211
291715 209
291821 213
291928 209
292035 210
292141 207
292248 208
292354 213
292460 208
292567 213
292673 211
292779 210
292886 210
292993 208
293099 212
293206 218
293312 209
293418 210
293525 206
293631 211
293737 182
293844 207
293950 210
294058 209
294164 209
294270 212
294377 211
294483 210
294589 209
294696 210
294802 211
294908 209
295016 209
295122 211
295228 210
295335 211
295441 246
295547 210
295654 208
295760 208
295866 208
295973 222
296080 212
296187 211
296293 216
296399 207
296506 210
296612 206
296718 208
296825 214
296931 212
297038 213
297145 207
297251 208
297357 211
297464 210
297570 210
297676 212
297783 206
297889 211
297996 212
298103 214
298209 210
298315 210
298422 213
298528 208
298634 212
298741 213
298847 211
298953 213
299061 230
299167 212
299274 219
299380 211
299486 153
299593 210
299699 211
299805 211
299912 218
300019 213
300125 212
300232 210
300338 214
300444 213
300551 211
300657 272
300763 213
300870 212
300976 212
301083 214
301190 211
301296 211
301402 210
301509 213
301615 215
301721 209
301828 211
301934 211
302042 208
302148 212
302254 210
302361 213
302467 212
302573 208
302680 213
302786 195
302892 209
303000 213
303106 210
303212 206
303319 211
303425 210
303531 209
303638 211
303744 211
303850 208
303957 214
304064 212
304170 211
304277 208
304383 210
304489 210
304596 210
304702 210
304808 208
304915 209
305022 212
305129 210
305235 205
305341 211
305448 210
305554 212
305660 182
305767 211
305873 210
305979 214
306086 220
306193 209
306299 207
306405 211
306512 200
306618 210
306724 212
306831 208
306937 203
307045 206
307151 209
307257 208
307364 210
307470 210
307576 213
307683 203
307789 210
307895 211
308003 207
308109 221
308215 209
308322 213
308428 212
308534 208
308641 211
308747 215
308853 208
308960 209
309067 211
309173 209
309280 209
309386 179
309492 206
309599 208
309705 211
309811 183
309918 211
310025 208
310132 210
310238 209
310344 208
310451 210
310557 208
310663 205
310770 208
310876 209
310982 213
311090 208
311196 209
311302 213
311409 212
311515 209
311621 209
311728 210
311834 208
311940 209
312048 207
312154 210
312261 207
312367 208
312473 210
312580 210
312686 214
312792 211
312899 210
313006 208
313112 209
313219 204
313325 210
313431 207
313538 211
313644 210
313750 210
313857 210
313963 212
314070 210
314177 215
314283 220
314389 210
314496 211
314602 210
314708 203
314815 216
314921 266
315029 208
315135 211
315241 208
315348 211
315454 211
315560 211
315667 212
315773 211
315879 212
315987 211
316093 211
316199 210
316306 211
316412 216
316518 256
316625 210
316731 201
316837 211
316944 214
317051 205
317157 212
317264 211
317370 211
317476 216
317583 210
317689 212
317795 218
317902 208
318009 212
318116 210
318222 209
318328 212
318435 212
318541 204
318647 213
318754 211
318860 210
318966 212
319074 214
319180 218
319286 213
319393 212
319499 211
319605 213
319712 243
319818 209
319924 212
320032 211
320138 213
320244 209
320351 213
320457 211
320563 210
320670 212
320776 212
320882 212
320990 210
321096 211
321203 219
321309 226
321415 213
321522 211
321628 212
321734 197
321841 211
321947 219
322054 210
322161 213
322267 215
322373 211
322480 211
322586 211
322692 213
322799 216
322905 210
323012 211
323119 213
323225 210
323331 211
323438 197
323544 196
323650 213
323757 212
323863 212
323969 216
324077 224
324183 212
324290 213
324396 209
324502 210
324609 209
324715 211
324821 212
324928 211
325035 210
325141 212
325248 191
325354 211
325460 212
325567 211
325673 214
325779 211
325886 175
325993 213
326099 207
326206 211
326312 212
326418 209
326525 211
326631 207
326737 209
326844 209
326950 209
327058 208
327164 208
327270 209
327377 207
327483 213
327589 209
327696 209
327802 210
327908 211
328016 210
328122 209
328228 209
328335 299
328441 213
328547 209
328654 209
328760 213
328866 208
328973 210
329080 209
329187 213
329293 208
329399 207
329506 206
329612 210
329718 208
329825 209
329931 209
330038 211
330145 209
330251 211
330357 212
330464 211
330570 208
330676 205
330783 209
330889 204
330996 211
331103 210
331209 210
331315 211
331422 212
331528 209
331634 210
331741 211
331847 210
331953 211
332061 241
332167 210
332274 207
332380 208
332486 149
332593 205
332699 209
332805 213
332912 166
333019 208
333125 208
333232 208
333338 211
333444 211
333551 209
333657 209
333763 212
333870 206
333976 212
334083 208
334190 211
334296 211
334402 211
334509 214
334615 211
334721 210
334828 211
334934 216
335042 213
335148 212
335254 210
335361 188
335467 213
335573 208
335680 209
335786 224
335892 212
336000 213
336106 211
336212 210
336319 210
336425 213
336531 212
336638 211
336744 210
336850 211
336957 211
337064 211
337170 210
337277 212
337383 210
337489 212
337596 217
337702 214
337808 218
337915 210
338022 211
338129 210
338235 212
338341 214
338448 209
338554 209
338660 172
338767 213
338873 211
338979 211
339086 239
339193 210
339299 212
339405 213
339512 207
339618 211
339724 212
339831 209
339937 211
340045 210
340151 213
340257 211
340364 206
340470 214
340576 214
340683 207
340789 220
340895 211
341003 211
341109 211
341215 211
341322 212
341428 212
341534 211
341641 212
341747 212
341853 208
341960 213
342067 211
342173 211
342280 204
342386 209
342492 151
342599 212
342705 213
342811 214
342918 207
343025 210
343132 212
343238 210
343344 212
343451 215
343557 209
343663 210
343770 209
343876 211
343982 213
344090 211
344196 207
344302 213
344409 213
344515 199
344621 212
344728 210
344834 209
344940 210
345048 207
345154 162
345261 211
345367 209
345473 212
345580 209
345686 195
345792 211
345899 211
346006 211
346112 213
346219 211
346325 210
346431 211
346538 208
346644 212
346750 208
346857 208
346963 211
347070 209
347177 207
347283 248
347389 208
347496 210
347602 207
347708 202
347815 212
347921 208
348029 210
348135 210
348241 207
348348 212
348454 210
348560 209
348667 211
348773 211
348879 210
348987 210
349093 211
349199 208
349306 208
349412 210
349518 163
349625 209
349731 207
349837 209
349944 203
350051 209
350157 208
350264 209
350370 211
350476 210
350583 208
350689 209
350795 211
350902 210
351009 210
351116 216
351222 208
351328 211
351435 208
351541 201
351647 207
351754 208
351860 210
351966 208
352074 206
352180 213
352286 210
352393 208
352499 207
352605 212
352712 199
352818 207
352924 211
353032 210
353138 209
353244 210
353351 210
353457 208
353563 208
353670 207
353776 209
353882 211
353990 213
354096 212
354203 210
354309 212
354415 208
354522 207
354628 211
354734 252
354841 209
354947 211
355054 213
355161 197
355267 209
355373 206
355480 210
355586 135
355692 210
355799 211
355905 210
356012 207
356119 212
356225 210
356331 211
356438 212
356544 213
356650 211
356757 209
356863 212
356969 211
357077 207
357183 219
357290 210
357396 212
357502 214
357609 211
357715 210
357821 214
357928 213
358035 187
358141 208
358248 212
358354 211
358460 224
358567 214
358673 208
358779 214
358886 168
358993 210
359099 213
359206 215
359312 211
359418 214
359525 213
359631 213
359737 212
359844 207
359950 209
360058 217
360164 212
360270 209
360377 214
360483 203
360589 210
360696 210
360802 213
360908 212
361016 210
361122 212
361228 212
361335 166
361441 211
361547 210
361654 203
361760 193
361866 213
361973 212
362080 211
362187 217
362293 212
362399 207
362506 212
362612 212
362718 211
362825 212
362931 212
363038 212
363145 213
363251 210
363357 208
363464 213
363570 216
363676 214
363783 211
363889 210
363996 211
364103 217
364209 208
364315 211
364422 212
364528 207
364634 212
364741 212
364847 211
364953 212
365061 207
365167 212
365274 211
365380 217
365486 212
365593 213
365699 210
365805 215
365912 213
366019 209
366125 208
366232 207
366338 211
366444 212
366551 212
366657 216
366763 173
366870 209
366976 210
367083 201
367190 210
367296 212
367402 210
367509 213
367615 211
367721 211
367828 209
367934 211
368042 211
368148 209
368254 203
368361 167
368467 210
368573 206
368680 210
368786 210
368892 198
369000 210
369106 214
369212 208
369319 211
369425 209
369531 205
369638 208
369744 208
369850 211
369957 209
370064 211
370170 209
370277 206
370383 210
370489 208
370596 208
370702 210
370808 209
370915 210
371022 214
371129 213
371235 207
371341 211
371448 210
371554 208
371660 207
371767 211
371873 212
371979 207
372086 203
372193 208
372299 209
372405 209
372512 208
372618 207
372724 209
372831 207
372937 206
373045 207
373151 215
373257 251
373364 208
373470 209
373576 209
373683 216
373789 206
373895 211
374003 210
374109 210
374215 208
374322 210
374428 210
374534 207
374641 209
374747 212
374853 206
374960 208
375067 203
375173 211
375280 204
375386 204
375492 212
375599 207
375705 209
375811 214
375918 247
376025 210
376132 212
376238 208
376344 211
376451 216
376557 210
376663 208
376770 214
376876 209
376982 212
377090 211
377196 210
377302 211
377409 213
377515 203
377621 209
377728 213
377834 213
377940 217
378048 290
378154 212
378261 213
378367 213
378473 207
378580 212
378686 207
378792 211
378899 212
379006 209
379112 210
379219 206
379325 213
379431 212
379538 212
379644 211
379750 213
379857 216
379963 215
380070 210
380177 215
380283 254
380389 212
380496 213
380602 209
380708 217
380815 192
380921 214
381029 211
381135 211
381241 209
381348 211
381454 212
381560 211
381667 211
381773 212
381879 211
381987 212
382093 217
382199 210
382306 211
382412 210
382518 221
382625 219
382731 212
382837 210
382944 209
383051 211
383157 209
383264 209
383370 209
383476 211
383583 213
383689 214
383795 212
383902 208
384009 198
384116 210
384222 211
384328 211
384435 207
384541 211
384647 209
384754 207
384860 238
384966 212
385074 211
385180 212
385286 210
385393 210
385499 207
385605 210
385712 213
385818 210
385924 209
386032 209
386138 209
386244 211
386351 208
386457 206
386563 211
386670 211
386776 208
386882 204
386990 210
387096 211
387203 209
387309 201
387415 211
387522 211
387628 208
387734 171
387841 209
387947 210
388054 206
388161 201
388267 210
388373 209
388480 209
388586 211
388692 208
388799 211
388905 210
389012 211
389119 209
389225 209
389331 201
389438 210
389544 208
389650 209
389757 208
389863 208
389969 208
390077 207
390183 214
390290 207
390396 208
390502 208
390609 210
390715 211
390821 209
390928 209
391035 160
391141 209
391248 210
391354 211
391460 218
391567 212
391673 210
391779 211
391886 211
391993 214
392099 222
392206 211
392312 206
392418 209
392525 210
392631 207
392737 255
392844 210
392950 213
393058 210
393164 212
393270 209
393377 209
393483 205
393589 207
393696 210
393802 208
393908 209
394016 206
394122 210
394228 216
394335 219
394441 209
394547 208
394654 212
394760 208
394866 234
394973 209
395080 211
395187 209
395293 211
395399 209
395506 211
395612 208
395718 209
395825 212
395931 211
396038 210
396145 211
396251 209
396357 211
396464 200
396570 211
396676 212
396783 211
396889 210
396996 246
397103 212
397209 208
397315 216
397422 212
397528 210
397634 211
397741 213
397847 209
397953 212
398061 210
398167 212
398274 212
398380 213
398486 212
398593 213
398699 210
398805 208
398912 215
399019 215
399125 303
399232 215
399338 210
399444 211
399551 208
399657 203
399763 265
399870 209
399976 212
400083 209
400190 212
400296 208
400402 208
400509 214
400615 210
400721 210
400828 213
400934 214
401042 214
401148 212
401254 198
401361 206
401467 213
401573 211
401680 212
401786 219
401892 246
402000 211
402106 214
402212 212
402319 211
402425 212
402531 213
402638 213
402744 211
402850 212
402957 212
403064 211
403170 211
403277 211
403383 210
403489 177
403596 212
403702 211
403808 210
403915 205
404022 277
404129 210
404235 211
404341 210
404448 210
404554 211
404660 206
404767 210
404873 213
404979 214
405086 211
405193 210
405299 213
405405 211
405512 210
405618 212
405724 211
405831 211
405937 211
406045 214
406151 214
406257 151
406364 210
406470 211
406576 209
406683 203
406789 221
406895 209
407003 208
407109 211
407215 209
407322 209
407428 212
407534 207
407641 210
407747 210
407853 208
407960 209
408067 209
408173 210
408280 197
408386 203
408492 211
408599 209
408705 208
408811 210
408918 278
409025 210
409132 210
409238 208
409344 211
409451 211
409557 207
409663 210
409770 209
409876 208
409982 211
410090 209
410196 209
410302 212
410409 216
410515 155
410621 208
410728 211
410834 208
410940 203
411048 212
411154 210
411261 210
411367 246
411473 214
411580 209
411686 208
411792 210
411899 208
412006 215
412112 209
412219 211
412325 211
412431 196
412538 212
412644 207
412750 210
412857 210
412963 215
413070 211
413177 210
413283 209
413389 207
413496 211
413602 211
413708 208
413815 212
413921 212
414029 212
414135 169
414241 208
414348 211
414454 209
414560 212
414667 209
414773 210
414879 207
414987 209
415093 207
415199 210
415306 202
415412 207
415518 209
415625 209
415731 206
415837 208
415944 214
416051 211
416157 213
416264 211
416370 212
416476 212
416583 215
416689 211
416795 210
416902 211
417009 221
417116 208
417222 211
417328 211
417435 183
417541 214
417647 212
417754 211
417860 153
417966 213
418074 209
418180 210
418286 213
418393 212
418499 213
418605 209
418712 215
418818 210
418924 211
419032 214
419138 209
419244 210
419351 214
419457 209
419563 208
419670 208
419776 211
419882 209
419990 211
420096 212
420203 209
420309 184
420415 212
420522 212
420628 212
420734 208
420841 212
420947 211
421054 210
421161 213
421267 211
421373 215
421480 211
421586 213
421692 211
421799 211
421905 213
422012 213
422119 214
422225 215
422331 201
422438 216
422544 211
422650 211
422757 209
422863 213
422969 212
423077 210
423183 250
423290 213
423396 213
423502 209
423609 212
423715 211
423821 211
423928 208
424035 211
424141 213
424248 213
424354 209
424460 211
424567 210
424673 210
424779 211
424886 211
424993 212
425099 211
425206 204
425312 212
425418 215
425525 208
425631 211
425737 208
425844 216
425950 210
426058 204
426164 209
426270 209
426377 210
426483 175
426589 210
426696 211
426802 214
426908 215
427016 222
427122 207
427228 211
427335 210
427441 212
427547 211
427654 213
427760 206
427866 227
427973 212
428080 208
428187 209
428293 203
428399 207
428506 212
428612 210
428718 213
428825 211
428931 212
429038 210
429145 209
429251 209
429357 207
429464 151
429570 211
429676 206
429783 214
429889 206
429996 178
430103 207
430209 207
430315 209
430422 212
430528 209
430634 210
430741 211
430847 208
430953 217
431061 210
431167 211
431274 214
431380 210
431486 213
431593 209
431699 208
431805 209
431912 210
432019 210
432125 184
432232 202
432338 209
432444 211
432551 208
432657 206
432763 210
432870 209
432976 205
433083 212
433190 212
433296 211
433402 211
433509 211
433615 213
433721 208
433828 210
433934 213
434042 209
434148 217
434254 209
434361 192
434467 203
434573 210
434680 212
434786 211
434892 240
435000 208
435106 211
435212 208
435319 212
435425 208
435531 209
435638 208
435744 210
435850 208
435957 212
436064 209
436171 208
436277 204
436384 205
436490 203
436596 209
436703 209
436809 210
436916 215
437023 215
437130 210
437236 210
437342 212
437449 210
437555 211
437662 212
437768 213
437875 213
437981 211
438089 211
438195 215
438301 212
438408 211
438514 203
438621 212
438727 208
438834 211
438940 214
439048 200
439154 207
439260 213
439367 214
439473 212
439580 210
439686 212
439793 210
439899 210
440007 209
440113 210
440219 180
440326 216
440432 213
440539 209
440645 218
440752 213
440858 196
440964 210
441072 212
441178 214
441285 210
441391 217
441498 211
441604 205
441711 210
441817 210
441923 211
442031 213
442137 209
442244 214
442350 213
442457 212
442563 209
442669 216
442776 214
442882 220
442990 210
443096 212
443203 210
443309 249
443416 208
443522 210
443628 206
443735 210
443841 210
443948 210
444055 211
444162 212
444268 210
444375 210
444481 213
444587 212
444694 210
444800 210
444907 214
445014 213
445121 210
445227 212
445334 247
445440 208
445546 208
445653 210
445759 189
445866 209
445972 207
446080 216
446186 210
446292 209
446399 209
446505 201
446612 211
446718 210
446825 209
446931 208
447039 209
447145 211
447251 209
447358 170
447464 207
447571 208
447677 207
447784 156
447890 209
447998 206
448104 208
448210 208
448317 207
448423 209
448530 211
448636 209
448743 206
448849 205
448955 215
449063 211
449169 209
449276 207
449382 208
449489 211
449595 210
449702 207
449808 210
449914 204
450022 200
450128 207
450235 211
450341 209
450448 207
450554 210
450660 208
450767 210
450873 208
450980 210
451087 208
451193 209
451299 210
451406 209
451512 220
451619 209
451725 209
451832 214
451938 208
452046 212
452152 311
452258 208
452365 207
452471 213
452578 209
452684 257
452791 203
452897 211
453005 209
453111 210
453217 208
453324 209
453430 210
453537 208
453643 208
453750 210
453856 210
453962 208
454070 218
454176 222
454283 206
454389 211
454496 211
454602 211
454708 210
454815 208
454921 214
455029 210
455135 208
455242 210
455348 212
455455 210
455561 210
455667 208
455774 207
455880 212
455988 209
456094 212
456201 207
456307 178
456414 212
456520 209
456626 207
456733 214
456839 254
456946 212
457053 208
457160 212
457266 207
457373 214
457479 209
457585 211
457692 216
457798 213
457905 212
458012 212
458119 209
458225 213
458331 211
458438 201
458544 213
458651 210
458757 201
458864 209
458970 175
459078 212
459184 208
459290 212
459397 215
459503 211
459610 214
459716 207
459823 209
459929 211
460037 209
460143 212
460249 211
460356 211
460462 203
460569 209
460675 213
460782 212
460888 201
460996 208
461102 210
461208 213
461315 211
461421 212
461528 209
461634 212
461741 210
461847 216
461953 212
462061 212
462167 211
462274 214
462380 213
462487 224
462593 210
462699 209
462806 212
462912 212
463020 294
463126 214
463233 210
463339 210
463446 210
463552 200
463658 187
463765 210
463871 211
463978 209
464085 210
464192 214
464298 213
464405 208
464511 211
464617 212
464724 211
464830 211
464937 212
465044 209
465151 207
465257 212
465364 211
465470 211
465576 210
465683 247
465789 211
465896 212
466003 208
466110 207
466216 210
466323 202
466429 210
466535 208
466642 210
466748 209
466855 208
466961 209
467069 210
467175 210
467282 250
467388 210
467494 209
467601 207
467707 204
467814 190
467920 205
468028 209
468134 208
468240 210
468347 211
468453 210
468560 210
468666 209
468773 211
468879 198
468987 211
469093 207
469199 207
469306 208
469412 207
469519 208
469625 210
469732 211
469838 208
469944 211
470052 209
470158 185
470265 210
470371 208
470478 209
470584 208
470691 210
470797 209
470903 207
471011 208
471117 209
471224 207
471330 209
471437 204
471543 209
471650 210
471756 206
471862 207
471969 209
472076 208
472183 227
472289 208
472396 207
472502 208
472608 206
472715 212
472821 212
472928 207
473035 209
473142 209
473248 207
473355 216
473461 208
473567 209
473674 210
473780 215
473887 209
473994 207
474101 209
474207 212
474314 211
474420 209
474526 212
474633 209
474739 209
474846 211
474952 209
475060 210
475166 210
475273 209
475379 218
475485 208
475592 207
475698 210
475805 210
475911 210
476019 209
476125 211
476231 204
476338 210
476444 210
476551 211
476657 237
476764 211
476870 213
476976 211
477084 211
477190 205
477297 209
477403 210
477510 211
477616 214
477723 213
477829 215
477935 210
478043 211
478149 211
478256 208
478362 213
478469 212
478575 210
478682 272
478788 211
478894 209
479002 215
479108 155
479215 212
479321 210
479428 213
479534 213
479641 211
479747 210
479853 207
479960 211
480067 213
480174 210
480280 208
480387 212
480493 211
480599 211
480706 204
480812 212
480919 211
481026 210
481133 224
481239 211
481346 211
481452 213
481558 146
481665 209
481771 216
481878 211
481985 212
482092 213
482198 212
482305 214
482411 210
482517 212
482624 213
482730 208
482837 211
482943 211
483051 214
483157 169
483264 208
483370 208
483476 211
483583 202
483689 210
483796 211
483902 205
484010 212
484116 210
484223 210
484329 198
484435 208
484542 209
484648 210
484755 212
484861 214
484968 162
485075 208
485181 210
485288 211
485394 214
485501 209
485607 212
485714 209
485820 212
485926 211
486034 210
486140 209
486247 210
486353 208
486460 209
486566 275
486673 207
486779 201
486885 211
486993 211
487099 184
487206 210
487312 210
487419 213
487525 210
487632 208
487738 209
487844 210
487951 210
488058 210
488165 210
488271 205
488378 213
488484 208
488591 208
488697 202
488803 209
488910 205
489017 211
489124 199
489230 209
489337 209
489443 209
489549 209
489656 208
489762 208
489869 206
489975 208
490083 209
490189 207
490296 209
490402 209
490508 209
490615 209
490721 207
490828 203
490934 208
491042 208
491148 204
491255 168
491361 210
491467 208
491574 209
491680 207
491787 231
491893 208
492001 208
492107 208
492214 208
492320 209
492426 210
492533 207
492639 209
492746 207
492852 209
492959 208
493066 210
493172 211
493279 209
493385 191
493492 213
493598 210
493705 205
493811 202
493917 199
494025 211
494131 208
494238 207
494344 207
494451 211
494557 209
494664 210
494770 206
494876 210
494985 209
495092 210
495198 212
495305 210
495411 229
495517 210
495624 209
495730 209
495837 219
495943 215
496051 218
496157 210
496264 213
496370 211
496476 210
496583 209
496689 209
496796 212
496902 208
497010 210
497116 211
497222 212
497329 204
497435 184
497542 212
497648 212
497755 208
497861 210
497967 208
498075 209
498181 264
498288 206
498394 214
498501 210
498607 211
498714 209
498820 210
498926 209
499034 210
499140 214
499247 216
499353 210
499460 211
499566 210
499673 212
499779 216
499885 215
499993 216
500099 211
500206 211
500312 208
500419 211
500525 210
500632 213
500738 209
500844 208
500951 213
501058 212
501165 212
501271 212
501378 209
501484 209
501590 208
501697 214
501803 210
501910 211
502017 211
502124 216
502230 213
502337 212
502443 211
502549 209
502656 209
502762 211
502869 212
502975 211
503083 253
503189 213
503296 213
503402 212
503508 212
503615 210
503721 213
503828 212
503934 210
504042 209
504148 210
504255 210
504361 209
504467 208
504574 211
504680 215
504787 210
504893 207
505001 209
505107 179
505213 212
505320 212
505426 211
505533 180
505639 209
505746 209
505852 212
505958 211
506066 211
506172 209
506279 199
506385 207
506492 208
506598 209
506705 210
506811 211
506917 209
507025 206
507131 194
507238 209
507344 208
507451 215
507557 212
507664 209
507770 208
507876 209
507983 211
508090 211
508197 210
508303 212
508410 211
508516 211
508623 210
508729 212
508835 206
508942 209
509049 211
509156 223
509262 206
509369 202
509475 211
509582 231
509688 209
509794 208
509901 208
510008 210
510115 204
510221 207
510328 210
510434 208
510540 208
510647 209
510753 206
510860 214
510966 209
511074 210
511180 215
511287 210
511393 210
511499 208
511606 208
511712 209
511819 207
511925 208
512033 241
512139 210
512246 207
512352 209
512458 208
512565 211
512671 210
512778 209
512884 208
512992 209
513098 210
513205 207
513311 209
513417 206
513524 209
513630 211
513737 208
513843 210
513950 208
514057 207
514163 207
514270 210
514376 213
514483 211
514589 208
514696 210
514802 211
514908 210
515016 209
515122 206
515229 187
515335 209
515442 210
515548 206
515655 217
515761 198
515867 208
515974 211
516081 212
516188 210
516294 211
516401 210
516507 204
516614 213
516720 208
516826 209
516933 209
517040 210
517147 212
517253 203
517360 212
517466 209
517573 210
517679 213
517785 225
517892 212
517999 210
518106 209
518212 213
518319 213
518425 207
518531 212
518638 207
518744 210
518851 214
518957 211
519065 207
519171 212
519278 215
519384 220
519490 212
519597 211
519703 217
519810 202
519916 244
520024 212
520130 213
520237 213
520343 210
520449 211
520556 207
520662 208
520769 214
520875 212
520982 212
521089 212
521196 211
521302 219
521408 210
521515 176
521621 214
521728 210
521834 213
521941 205
522048 211
522155 210
522261 209
522367 201
522474 210
522580 211
522687 211
522793 212
522900 210
523007 208
523114 212
523220 205
523326 210
523433 211
523539 214
523646 212
523752 209
523859 210
523965 207
524072 136
524179 210
524285 215
524392 209
524498 209
524605 212
524711 209
524817 211
524924 210
525031 216
525138 213
525244 212
525351 214
525457 211
525564 211
525670 210
525776 208
525883 211
525990 211
526097 209
526203 211
526310 211
526416 209
526523 210
526629 208
526735 210
526842 210
526948 207
527056 209
527162 210
527269 211
527375 210
527482 209
527588 208
527694 209
527801 211
527907 250
528015 210
528121 209
528228 208
528334 211
528440 210
528547 208
528653 215
528760 207
528866 217
528973 209
529080 205
529187 207
529293 205
529399 209
529506 213
529612 208
529719 207
529825 207
529932 137
530039 207
530146 210
530252 209
530358 210
530465 210
530571 210
530678 206
530784 210
530891 208
530998 207
531105 212
531211 208
531317 209
531424 206
531530 210
531637 206
531743 206
531850 208
531956 196
532063 206
532170 209
532276 213
532383 211
532489 209
532596 213
532702 211
532808 211
532915 209
533022 209
533129 211
533235 207
533342 208
533448 206
533555 212
533661 210
533767 209
533874 208
533980 224
534087 207
534193 210
534300 212
534406 252
534512 210
534619 211
534725 212
534832 181
534938 207
535046 209
535152 208
535259 209
535365 208
535471 211
535578 208
535684 212
535791 208
535897 210
536005 214
536111 209
536218 209
536324 210
536430 141
536537 214
536643 210
536750 211
536856 185
536963 212
537070 212
537177 208
537283 207
537389 210
537496 210
537602 210
537709 215
537815 208
537922 211
538029 215
538135 214
538242 209
538348 211
538455 203
538561 213
538668 209
538774 215
538880 240
538988 210
539094 209
539201 212
539307 211
539414 210
539520 212
539627 209
539733 213
539839 209
539946 215
540053 210
540160 211
540266 211
540373 210
540479 211
540586 209
540692 213
540798 212
540905 206
541012 147
541119 210
541225 209
541332 213
541438 235
541545 212
541651 204
541757 161
541864 209
541970 211
542078 224
542184 215
542291 211
542397 214
542503 212
542610 210
542716 208
542823 211
542929 211
543037 210
543143 212
543250 201
543356 210
543462 222
543569 210
543675 211
543782 215
543888 212
543996 213
544102 211
544209 212
544315 209
544421 209
544528 208
544634 211
544741 210
544847 206
544954 210
545061 206
545168 216
545274 215
545380 207
545487 246
545593 211
545700 211
545806 210
545913 213
546020 248
546126 208
546233 210
546339 212
546446 210
546552 208
546659 208
546765 207
546871 209
546978 208
547085 209
547192 205
547298 209
547405 210
547511 211
547618 210
547724 211
547830 212
547937 210
548044 245
548151 205
548257 209
548364 208
548470 211
548577 210
548683 210
548789 208
548896 208
549003 207
549110 209
549216 207
549323 209
549429 210
549536 207
549642 207
549748 212
549855 208
549961 205
550069 199
550175 190
550282 208
550388 206
550495 207
550601 208
550707 227
550814 209
550920 210
551028 209
551134 209
551241 207
551347 209
551453 208
551560 209
551666 209
551773 209
551879 210
551987 210
552093 209
552200 212
552306 246
552412 205
552519 209
552625 207
552732 207
552838 171
552945 207
553052 209
553159 211
553265 210
553371 210
553478 209
553584 211
553691 210
553797 209
553904 211
554011 208
554118 209
554224 205
554330 219
554437 209
554543 208
554650 210
554756 210
554863 211
554969 207
555076 215
555183 211
555289 210
555396 209
555502 209
555609 209
555715 212
555821 212
555928 208
556035 211
556142 210
556248 208
556355 213
556461 210
556568 208
556674 212
556780 197
556887 209
556994 212
557101 210
557207 213
557314 211
557420 213
557527 212
557633 211
557739 211
557846 212
557952 215
558060 212
558166 212
558273 207
558379 211
558486 210
558592 210
558698 211
558805 223
558911 209
559019 211
559125 209
559232 207
559338 212
559444 213
559551 212
559657 220
559764 211
559870 210
559977 211
560084 209
560191 212
560297 212
560403 211
560510 211
560616 210
560723 210
560829 216
560936 213
561043 213
561150 213
561256 234
561362 209
561469 213
561575 212
561682 182
561788 215
561895 211
562002 212
562109 210
562215 211
562321 210
562428 208
562534 212
562641 215
562747 212
562854 210
562960 213
563067 212
563174 212
563280 215
563387 213
563493 208
563600 209
563706 236
563812 216
563919 211
564026 208
564133 209
564239 209
564346 210
564452 197
564559 209
564665 211
564771 208
564878 211
564985 213
565092 211
565198 214
565305 312
565411 211
565518 211
565624 211
565730 220
565837 195
565943 210
566051 209
566157 209
566264 207
566370 207
566477 213
566583 209
566689 209
566796 209
566902 206
567010 206
567116 207
567223 209
567329 212
567435 241
567542 205
567648 207
567755 208
567861 211
567968 159
568075 209
568182 207
568288 209
568394 203
568501 206
568607 208
568714 210
568820 206
568927 209
569034 209
569141 208
569247 207
569353 211
569460 193
569566 212
569673 208
569779 208
569886 194
569993 224
570100 208
570206 207
570312 210
570419 210
570525 205
570632 214
570738 207
570845 207
570951 209
571058 209
571165 207
571271 209
571378 210
571484 210
571591 208
571697 209
571803 211
571910 209
572017 207
572124 203
572230 206
572337 208
572443 209
572550 209
572656 222
572762 206
572869 208
572975 209
573083 209
573189 207
573296 210
573402 211
573509 210
573615 206
573721 210
573828 208
573934 208
574042 206
574148 235
574255 212
574361 210
574468 209
574574 211
574680 220
574787 209
574893 208
575001 210
575107 208
575214 212
575320 211
575426 209
575533 207
575639 205
575746 210
575852 209
575959 209
576066 212
576173 199
576279 250
576385 210
576492 215
576598 209
576705 215
576811 212
576918 213
577025 213
577132 211
577238 212
577344 211
577451 210
577557 211
577664 212
577770 215
577877 212
577985 212
578092 211
578198 224
578305 164
578411 212
578517 213
578624 212
578730 215
578837 192
578943 210
579051 211
579157 210
579264 210
579370 210
579476 214
579583 214
579689 213
579796 210
579902 211
580010 214
580116 213
580223 212
580329 212
580435 162
580542 212
580648 207
580755 212
580861 214
580968 175
581075 211
581181 213
581288 211
581394 208
581501 213
581607 209
581714 210
581820 213
581926 213
582034 213
582140 210
582247 210
582353 200
582460 170
582566 213
582673 210
582779 215
582885 212
582993 198
583099 211
583206 212
583312 212
583419 213
583525 208
583632 216
583738 211
583844 211
583951 210
584058 212
584165 192
584271 211
584378 210
584484 210
584591 207
584697 210
584803 206
584910 213
585017 210
585124 209
585230 238
585337 211
585443 210
585549 212
585656 222
585762 210
585869 208
585975 210
586083 210
586189 209
586296 209
586402 208
586508 207
586615 207
586721 207
586828 209
586934 210
587042 206
587148 209
587255 256
587361 211
587467 210
587574 210
587680 189
587787 209
587893 209
588001 213
588107 209
588214 207
588320 207
588426 209
588533 208
588639 210
588746 208
588852 204
588959 210
589066 210
589172 206
589279 201
589385 204
589492 207
589598 210
589705 217
589811 210
589917 210
590025 208
590131 223
590238 205
590344 209
590451 205
590557 208
590664 210
590770 209
590876 208
590985 209
591092 204
591198 211
591305 180
591411 210
591517 211
591624 205
591730 193
591837 209
591943 211
592051 214
592157 207
592264 208
592370 211
592476 207
592583 208
592689 208
592796 210
592902 197
593010 211
593116 210
593222 205
593329 209
593435 209
593542 207
593648 205
593755 211
593861 197
593967 214
594075 210
594181 207
594288 211
594394 213
594501 210
594607 210
594714 210
594820 207
594926 210
595034 209
595140 207
595247 207
595353 202
595460 217
595566 210
595673 210
595779 212
595885 214
595993 230
596099 212
596206 207
596312 210
596419 211
596525 212
596632 214
596738 210
596844 209
596951 210
597058 210
597165 209
597271 196
597378 211
597484 205
597590 210
597697 211
597803 217
597910 210
598017 177
598124 212
598230 208
598337 210
598443 209
598549 213
598656 155
598762 211
598869 209
598975 212
599083 212
599189 213
599296 210
599402 211
599508 221
599615 212
599721 212
599828 211
599934 209
600042 209
600148 180
600255 212
600361 210
600467 211
600574 213
600680 244
600787 210
600893 214
601001 211
601107 210
601213 210
601320 211
601426 210
601533 210
601639 209
601746 210
601852 213
601958 213
602066 210
602172 213
602279 199
602385 212
602492 215
602598 209
602705 210
602811 278
602917 210
603025 210
603131 212
603238 212
603344 212
603451 209
603557 210
603664 208
603770 208
603876 209
603983 212
604090 211
604197 219
604303 228
604410 209
604516 213
604623 212
604729 211
604835 208
604942 208
605049 214
605156 209
605262 209
605369 212
605475 210
605582 210
605688 210
605794 207
605901 212
606008 210
606115 208
606221 210
606328 209
606434 206
606540 212
606647 208
606753 208
606860 207
606966 245
607074 212
607180 207
607287 209
607393 214
607499 208
607606 209
607712 209
607819 208
607925 211
608033 208
608139 208
608246 207
608352 210
608458 208
608565 269
608671 208
608778 207
608884 207
608992 211
609098 210
609205 207
609311 207
609417 208
609524 204
609630 207
609737 209
609843 212
609950 209
610057 208
610163 211
610270 213
610376 208
610483 202
610589 209
610696 206
610802 209
610908 208
611016 209
611122 200
611229 209
611335 207
611442 209
611548 207
611655 206
611761 209
611867 211
611974 207
612081 211
612188 209
612294 210
612401 209
612507 209
612614 209
612720 210
612826 210
612933 211
613040 209
613147 209
613253 209
613360 202
613466 209
613573 209
613679 168
613785 210
613892 211
613999 211
614106 218
614212 210
614319 212
614425 209
614531 210
614638 203
614744 208
614851 210
614957 208
615065 209
615171 209
615278 200
615384 210
615490 207
615597 210
615703 212
615810 209
615916 211
616024 210
616130 254
616237 211
616343 212
616449 214
616556 260
616662 212
616769 207
616875 211
616982 211
617089 213
617196 209
617302 217
617408 213
617515 207
617621 213
617728 215
617834 208
617941 213
618048 210
618155 196
618261 210
618367 206
618474 211
618580 207
618687 208
618793 212
618900 210
619007 213
619114 212
619220 209
619326 216
619433 217
619539 209
619646 211
619752 208
619859 209
619965 210
620072 215
620179 207
620285 211
620392 212
620498 210
620605 210
620711 213
620817 211
620924 212
621031 210
621138 212
621244 212
621351 209
621457 210
621564 210
621670 210
621776 216
621883 212
621990 210
622097 213
622203 213
622310 208
622416 211
622523 211
622629 208
622735 210
622842 213
622948 211
623056 209
623162 211
623269 210
623375 209
623482 211
623588 209
623694 209
623801 211
623907 209
624015 215
624121 173
624228 208
624334 207
624440 208
624547 206
624653 216
624760 209
624866 207
624973 212
625080 210
625187 211
625293 211
625399 211
625506 211
625612 209
625719 210
625825 208
625932 211
626039 211
626146 206
626252 231
626358 211
626465 210
626571 208
626678 208
626784 202
626891 212
626998 209
627105 210
627211 210
627317 207
627424 205
627530 209
627637 207
627743 207
627850 210
627956 211
628063 208
628170 206
628276 199
628383 207
628489 210
628596 210
628702 217
628808 271
628915 207
629022 211
629129 207
629235 207
629342 213
629448 209
629555 209
629661 213
629767 208
629874 207
629980 206
630087 209
630193 214
630300 209
630406 217
630512 105
630619 211
630725 210
630832 212
630938 215
631046 208
631152 209
631259 210
631365 207
631471 208
631578 210
631684 208
631791 208
631897 208
632005 208
632111 207
632218 210
632324 210
632430 212
632537 221
632643 208
632750 211
632856 207
632963 214
633070 212
633177 207
633283 209
633389 207
633496 210
633602 208
633709 209
633815 209
633922 210
634029 209
634135 209
634242 211
634348 211
634455 209
634561 203
634668 211
634774 208
634880 208
634988 212
635094 147
635201 207
635307 208
635414 207
635520 208
635627 209
635733 210
635839 207
635946 211
636053 209
636160 210
636266 209
636373 208
636479 208
636586 206
636692 211
636798 210
636905 211
637012 209
637119 205
637225 147
637332 211
637438 209
637545 205
637651 220
637757 217
637864 209
637970 214
638078 212
638184 210
638291 211
638397 211
638503 213
638610 210
638716 212
638823 211
638929 214
639037 211
639143 210
639250 208
639356 180
639462 211
639569 207
639675 214
639782 205
639888 239
639996 211
640102 213
640209 213
640315 215
640421 210
640528 210
640634 212
640741 214
640847 212
640954 212
641061 211
641168 210
641274 200
641380 247
641487 211
641593 210
641700 210
641806 214
641913 243
642020 210
642126 210
642233 215
642339 185
642446 210
642552 210
642659 214
642765 209
642871 210
642978 208
643085 214
643192 212
643298 212
643405 201
643511 215
643618 212
643724 211
643830 218
643937 210
644044 208
644151 215
644257 209
644364 213
644470 209
644577 210
644683 209
644789 209
644896 211
645003 222
645110 212
645216 209
645323 210
645429 203
645536 209
645642 210
645748 210
645855 187
645961 208
646069 208
646175 209
646282 208
646388 211
646495 210
646601 210
646707 210
646814 208
646920 210
647028 213
647134 215
647241 208
647347 210
647453 203
647560 210
647666 205
647773 209
647879 238
647987 211
648093 210
648200 209
648306 203
648412 210
648519 210
648625 210
648732 208
648838 208
648945 205
649052 201
649159 207
649265 208
649371 210
649478 206
649584 207
649691 207
649797 210
649904 221
650011 209
650118 207
650224 210
650330 194
650437 207
650543 208
650650 202
650756 208
650863 206
650969 211
651076 206
651183 210
651289 205
651396 208
651502 204
651609 210
651715 210
651821 208
651928 212
652035 209
652142 209
652248 209
652355 229
652461 208
652568 210
652674 206
652780 206
652887 204
652994 209
653101 202
653207 210
653314 210
653420 205
653527 211
653633 208
653739 210
653846 210
653952 210
654060 205
654166 207
654273 209
654379 200
654485 209
654592 205
654698 209
654804 221
654911 207
655018 213
655124 210
655231 210
655337 209
655443 211
655549 209
655656 212
655762 211
655868 211
655975 211
656082 209
656188 211
656295 207
656401 203
656507 211
656613 209
656720 209
656826 212
656932 211
657040 213
657146 212
657252 212
657359 211
657465 211
657571 213
657677 205
657784 256
657890 205
657997 212
658104 212
658210 209
658316 214
658423 210
658529 211
658635 206
658741 212
658848 212
658954 210
659061 210
659168 212
659274 214
659380 255
659486 211
659593 213
659699 211
659805 208
659912 211
660019 213
660125 213
660232 211
660338 212
660444 214
660550 211
660657 211
660763 208
660869 212
660976 213
661083 212
661189 211
661296 211
661402 210
661508 217
661614 212
661721 212
661827 212
661933 209
662041 208
662147 205
662253 211
662360 210
662466 201
662572 211
662678 203
662785 215
662891 210
662998 213
663105 215
663211 214
663317 212
663423 213
663530 211
663636 209
663742 211
663849 213
663955 211
664062 212
664169 213
664275 212
664381 232
664487 210
664594 202
664700 211
664806 212
664913 247
665020 212
665126 209
665233 211
665339 210
665445 212
665551 212
665658 210
665764 211
665870 211
665977 211
666084 210
666190 212
666297 215
666403 208
666509 212
666615 209
666722 211
666828 214
666934 209
667042 203
667148 260
667254 211
667360 208
667467 202
667573 212
667679 193
667786 210
667892 212
667999 210
668106 209
668212 209
668318 210
668424 208
668531 210
668637 209
668743 208
668850 210
668956 209
669063 208
669170 210
669276 214
669382 209
669488 210
669595 210
669701 212
669807 214
669914 202
670021 209
670127 211
670234 210
670340 210
670446 209
670552 209
670659 207
670765 209
670871 211
670978 206
671085 211
671191 210
671297 207
671404 146
671510 210
671616 207
671723 210
671829 225
671935 210
672043 214
672149 208
672255 208
672361 212
672468 206
672574 210
672680 207
672787 208
672893 211
673000 204
673107 211
673213 210
673319 212
673425 203
673532 211
673638 211
673744 209
673851 213
673957 212
674064 210
674171 210
674277 208
674383 209
674489 212
674596 210
674702 207
674808 213
674915 209
675022 210
675128 136
675234 210
675341 211
675447 213
675553 200
675660 208
675766 209
675872 209
675978 232
676086 210
676192 213
676298 208
676405 195
676511 206
676617 211
676724 209
676830 207
676936 211
677044 212
677150 208
677256 212
677362 214
677469 214
677575 207
677681 209
677788 212
677894 213
678001 201
678108 210
678214 209
678320 210
678426 222
678533 212
678639 211
678745 211
678852 207
678958 210
679065 214
679171 212
679278 249
679384 211
679490 211
679597 213
679703 200
679809 212
679915 210
680023 211
680129 211
680235 212
680342 212
680448 210
680554 200
680661 212
680767 214
680873 215
680979 211
681086 216
681193 210
681299 209
681405 214
681511 131
681618 210
681724 211
681830 212
681937 213
682044 212
682150 210
682257 210
682363 206
682469 212
682575 205
682682 209
682788 213
682894 212
683002 212
683108 215
683214 211
683321 213
683427 210
683533 200
683639 212
683746 212
683852 209
683958 210
684066 210
684172 212
684278 210
684385 211
684491 211
684597 208
684703 210
684810 206
684916 214
685023 213
685130 212
685236 211
685342 211
685449 209
685555 211
685661 212
685767 205
685874 208
685980 211
686086 211
686193 210
686299 206
686405 210
686511 236
686618 211
686724 216
686830 209
686937 204
687044 211
687150 210
687257 213
687363 206
687469 211
687575 210
687682 212
687788 211
687894 210
688002 210
688108 211
688214 210
688321 207
688427 210
688533 200
688639 210
688746 212
688852 210
688958 210
689066 205
689172 253
689278 207
689385 207
689491 211
689597 208
689703 218
689810 210
689916 210
690023 212
690130 211
690236 208
690342 207
690449 213
690555 206
690661 211
690767 207
690874 209
690980 212
691086 208
691193 209
691299 213
691405 214
691511 198
691618 209
691724 208
691830 210
691937 208
692044 208
692150 205
692257 209
692363 207
692469 209
692575 201
692682 212
692788 208
692894 207
693002 210
693108 210
693214 210
693321 208
693427 208
693533 201
693639 206
693746 208
693852 211
693958 214
694066 209
694172 171
694278 212
694385 210
694491 211
694597 209
694703 275
694810 213
694916 209
695023 211
695130 212
695236 209
695342 211
695449 211
695555 212
695661 210
695767 209
695874 207
695980 211
696086 208
696193 209
696299 204
696405 323
696511 220
696618 210
696724 209
696830 214
696937 206
697044 210
697150 209
697257 213
697363 211
697469 212
697575 213
697682 211
697788 213
697894 212
698002 212
698108 208
698214 213
698321 213
698427 207
698533 208
698639 210
698746 213
698852 215
698958 210
699066 213
699172 187
699278 214
699385 211
699491 214
699597 212
699703 230
699810 208
699916 213
700023 212
700130 215
700236 213
700342 215
700449 216
700555 212
700661 212
700767 212
700874 211
700980 208
701086 213
701193 207
701299 212
701405 207
701511 211
701618 209
701724 210
701830 213
701937 213
702044 212
702150 217
702257 210
702363 208
702469 211
702575 208
702682 210
702788 210
702894 211
703002 213
703108 210
703214 213
703321 213
703427 211
703533 210
703639 210
703746 212
703852 208
703958 214
704066 211
704172 211
704278 204
704385 211
704491 210
704597 210
704703 252
704810 208
704916 210
705023 213
705130 209
705236 209
705342 209
705449 217
705555 211
705661 212
705767 210
705874 209
705980 211
706086 210
706193 209
706299 209
706405 213
706511 210
706618 211
706724 210
706830 209
706937 209
707044 208
707150 216
707257 210
707363 210
707469 209
707575 215
707682 208
707788 209
707894 208
708002 208
708108 212
708214 208
708321 208
708427 212
708533 209
708639 213
708746 208
708852 208
708958 216
709066 238
709172 211
709278 210
709385 208
709491 210
709597 212
709703 210
709810 211
709916 209
710023 208
710130 207
710236 210
710342 211
710449 209
710555 209
710661 209
710767 209
710874 209
710980 208
711086 214
711193 211
711299 210
711405 178
711511 209
711618 209
711724 211
711830 210
711937 209
712044 211
712150 207
712257 209
712363 209
712469 212
712575 209
712682 208
712788 208
712894 210
713002 213
713108 208
713214 210
713321 210
713427 212
713533 208
713639 209
713746 215
713852 213
713958 215
714066 206
714172 217
714278 212
714385 211
714491 211
714597 211
714703 175
714810 209
714916 209
715023 210
715130 213
715236 210
715342 212
715449 209
715555 212
715661 210
715767 210
715874 210
715980 210
716086 210
716193 210
716299 214
716405 213
716511 211
716618 212
716724 208
716830 215
716937 208
717044 211
717150 211
717257 211
717363 208
717469 213
717575 212
717682 204
717788 211
717894 211
718002 212
718108 212
718214 208
718321 213
718427 211
718533 199
718639 215
718746 208
718852 214
718958 211
719066 207
719172 229
719278 211
719385 213
719491 213
719597 212
719703 254
719810 210
719916 212
720023 211
720130 211
720236 212
720342 209
720449 213
720555 209
720661 212
720767 212
720874 212
720980 209
721086 207
721193 210
721299 211
721405 220
721511 210
721618 209
721724 213
721830 215
721937 207
722044 213
722150 213
722257 212
722363 211
722469 210
722575 212
722682 212
722788 211
722894 210
723002 214
723108 209
723214 211
723321 213
723427 211
723533 211
723639 210
723746 214
723852 212
723958 212
724066 217
724172 250
724278 209
724385 208
724491 209
724597 210
724703 204
724810 212
724916 214
725023 210
725130 211
725236 211
725342 214
725449 212
725555 211
725661 210
725767 212
725874 210
725980 211
726086 209
726193 212
726299 208
726405 255
726511 210
726618 208
726724 210
726830 205
726937 196
727044 209
727150 209
727257 208
727363 211
727469 211
727575 204
727682 209
727788 211
727894 210
728002 236
728108 209
728214 216
728321 208
728427 257
728533 212
728639 209
728746 212
728852 215
728958 210
729066 209
729172 211
729278 221
729385 210
729491 209
729597 211
729703 257
729810 209
729916 211
730023 208
730130 207
730236 213
730342 209
730449 212
730555 209
730661 210
730767 210
730874 208
730980 212
731086 208
731193 213
731299 211
731405 209
731511 209
731618 208
731724 201
731830 209
731937 207
732044 216
732150 209
732257 207
732363 207
732469 210
732575 211
732682 206
732788 208
732894 209
733002 127
733108 210
733214 209
733321 210
733427 200
733533 211
733639 209
733746 209
733852 209
733958 209
734066 210
734172 211
734278 256
734385 210
734491 211
734597 210
734703 228
734810 212
734916 210
735023 209
735130 210
735236 211
735342 208
735449 209
735555 211
735661 211
735767 209
735874 210
735980 206
736086 214
736193 211
736299 214
736405 212
736511 212
736618 208
736724 201
736830 212
736937 210
737044 211
737150 208
737257 211
737363 209
737469 210
737575 213
737682 208
737788 211
737894 211
738002 212
738108 211
738214 212
738321 212
738427 210
738533 226
738639 213
738746 214
738852 211
738958 209
739066 215
739172 216
739278 214
739385 213
739491 213
739597 209
739703 265
739810 214
739916 212
740023 213
740130 211
740236 211
740342 212
740449 215
740555 211
740661 213
740767 213
740874 214
740980 211
741086 210
741193 210
741299 206
741405 194
741511 212
741618 214
741724 209
741830 208
741937 226
742044 211
742150 210
742257 212
742363 211
742469 211
742575 210
742682 212
742788 210
742894 210
743002 215
743108 208
743214 213
743321 206
743427 210
743533 211
743639 212
743746 210
743852 209
743958 210
744066 209
744172 223
744278 210
744385 211
744491 212
744597 213
744703 185
744810 210
744916 211
745023 208
745130 212
745236 211
745342 212
745449 209
745555 211
745661 210
745767 210
745874 212
745980 213
746086 210
746193 207
746299 208
746405 264
746511 210
746618 206
746724 211
746830 210
746937 205
747044 208
747150 209
747257 210
747363 210
747469 210
747575 207
747682 210
747788 208
747894 207
748002 217
748108 210
748214 209
748321 211
748427 212
748533 215
748639 210
748746 208
748852 208
748958 214
749066 209
749172 252
749278 211
749385 210
749491 212
749597 206
749703 133
749810 213
749916 205
750023 211
750130 209
750236 207
750342 208
750449 208
750555 209
750661 208
750767 209
750874 208
750980 209
751086 212
751193 209
751299 204
751405 199
751511 209
751618 207
751724 207
751830 213
751937 206
752044 205
752150 210
752257 205
752363 206
752469 208
752575 209
752682 209
752788 208
752894 208
753002 210
753108 211
753214 210
753321 210
753427 211
753533 206
753639 211
753746 209
753852 212
753958 210
754066 210
754172 222
754278 209
754385 212
754491 209
754597 212
754703 208
754810 212
754916 206
755023 210
755130 210
755236 211
755342 211
755449 211
755555 211
755661 209
755767 210
755874 210
755980 212
756086 212
756193 208
756299 200
756405 221
756511 213
756618 203
756724 221
756830 210
756937 213
757044 210
757150 209
757257 215
757363 211
757469 211
757575 213
757682 212
757788 211
757894 209
758002 237
758108 211
758214 211
758321 212
758427 195
758533 211
758639 215
758746 212
758852 256
758958 215
759066 213
759172 210
759278 220
759385 211
759491 213
759597 211
759703 212
759810 214
759916 213
760023 214
760130 211
760236 211
760342 211
760449 216
760555 207
760661 217
760767 210
760874 218
760980 213
761086 208
761193 211
761299 213
761405 211
761511 212
761618 212
761724 209
761830 212
761937 212
762044 209
762150 213
762257 212
762363 211
762469 211
762575 207
762682 212
762788 210
762894 210
763002 228
763108 212
763214 214
763321 209
763427 229
763533 209
763639 210
763746 214
763852 196
763958 212
764066 210
764172 212
764278 208
764385 210
764491 213
764597 213
764703 210
764810 212
764916 209
765023 223
765130 213
765236 210
765342 209
765449 214
765555 209
765661 209
765767 209
765874 212
765980 209
766086 207
766193 208
766299 208
766405 217
766511 207
766618 209
766724 212
766830 208
766937 210
767044 210
767150 208
767257 211
767363 207
767469 208
767575 212
767682 210
767788 209
767894 212
768002 209
768108 209
768214 205
768321 213
768427 211
768533 213
768639 208
768746 211
768852 212
768958 208
769066 210
769172 199
769278 209
769385 209
769491 209
769597 210
769703 204
769810 213
769916 209
770023 210
770130 209
770236 212
770342 210
770449 210
770555 211
770661 208
770767 209
770874 211
770980 211
771086 212
771193 209
771299 216
771405 211
771511 208
771618 210
771724 211
771830 211
771937 151
772044 207
772150 208
772257 208
772363 211
772469 210
772575 209
772682 208
772788 208
772894 211
773002 210
773108 208
773214 212
773321 212
773427 209
773533 211
773639 211
773746 212
773852 211
773958 210
774066 299
774172 209
774278 211
774385 211
774491 209
774597 211
774703 224
774810 211
774916 213
775023 208
775130 208
775236 211
775342 210
775449 208
775555 208
775661 211
775767 213
775874 209
775980 209
776086 212
776193 208
776299 214
776405 216
776511 210
776618 212
776724 205
776830 215
776937 247
777044 210
777150 215
777257 210
777363 210
777469 209
777575 212
777682 212
777788 210
777894 213
778002 213
778108 212
778214 211
778321 212
778427 206
778533 200
778639 211
778746 210
778852 213
778958 216
779066 123
779172 210
779278 214
779385 211
779491 209
779597 212
779703 250
779810 213
779916 215
780023 210
780130 214
780236 214
780342 208
780449 214
780555 211
780661 210
780767 212
780874 211
780980 212
781086 212
781193 211
781299 204
781405 201
781511 211
781618 211
781724 213
781830 212
781937 194
782044 209
782150 210
782257 210
782363 211
782469 211
782575 210
782682 207
782788 216
782894 212
783002 211
783108 213
783214 213
783321 213
783427 215
783533 214
783639 212
783746 211
783852 209
783958 213
784066 169
784172 212
784278 209
784385 213
784491 209
784597 212
784703 130
784810 210
784916 212
785023 212
785130 209
785236 212
785342 211
785449 209
785555 204
785661 209
785767 209
785874 213
785980 211
786086 208
786193 209
786299 209
786405 210
786511 212
786618 213
786724 209
786830 208
786937 211
787044 210
787150 207
787257 207
787363 207
787469 208
787575 199
787682 210
787788 210
787894 208
788002 209
788108 210
788214 211
788321 210
788427 205
788533 213
788639 211
788746 213
788852 137
788958 208
789066 209
789172 214
789278 210
789385 208
789491 209
789597 211
789703 212
789810 210
789916 214
790023 212
790130 211
790236 210
790342 211
790449 212
790555 205
790661 210
790767 209
790874 202
790980 210
791086 207
791193 208
791299 201
791405 207
791511 208
791618 210
791724 218
791830 209
791937 208
792044 208
792150 257
792257 209
792363 208
792469 211
792575 220
792682 207
792788 212
792894 209
793002 212
793108 212
793214 209
793321 209
793427 211
793533 213
793639 208
793746 210
793852 207
793958 210
794066 207
794172 210
794278 210
794385 212
794491 211
794597 208
794703 211
794810 210
794916 210
795023 210
795130 222
795236 210
795342 209
795449 208
795555 211
795661 212
795767 210
795874 209
795980 210
796086 211
796193 211
796299 206
796405 171
796511 210
796618 210
796724 216
796830 209
796937 212
797044 213
797150 210
797257 204
797363 208
797469 211
797575 211
797682 214
797788 213
797894 211
798002 213
798108 209
798214 211
798321 211
798427 211
798533 246
798639 209
798746 211
798852 214
798958 212
799066 214
799172 213
799278 211
799385 214
799491 211
799597 211
799703 213
799810 213
799916 206
800023 212
800130 212
800236 212
800342 212
800449 213
800555 211
800661 211
800767 211
800874 213
800980 214
801086 212
801193 201
801299 208
801405 274
801511 210
801618 210
801724 213
801830 209
801937 198
802044 210
802150 210
802257 211
802363 214
802469 212
802575 210
802682 210
802788 210
802894 210
803002 213
803108 211
803214 208
803321 209
803427 210
803533 176
803639 212
803746 211
803852 211
803958 211
804066 220
804172 211
804278 210
804385 211
804491 210
804597 211
804703 213
804810 212
804916 212
805023 212
805130 211
805236 211
805342 209
805449 212
805555 212
805661 212
805767 211
805874 209
805980 208
806086 208
806193 211
806299 214
806405 206
806511 208
806618 210
806724 210
806830 208
806937 215
807044 210
807150 208
807257 212
807363 207
807469 213
807575 210
807682 208
807788 209
807894 208
808002 208
808108 206
808214 210
808321 209
808427 203
808533 282
808639 208
808746 210
808852 216
808958 206
809066 206
809172 207
809278 210
809385 207
809491 207
809597 212
809703 209
809810 209
809916 209
810023 212
810130 208
810236 208
810342 212
810449 210
810555 209
810661 208
810767 208
810874 208
810980 209
811086 212
811193 211
811299 282
811405 218
811511 209
811618 210
811724 214
811830 210
811937 242
812044 210
812150 208
812257 210
812363 210
812469 208
812575 214
812682 209
812788 209
812894 209
813002 212
813108 209
813214 211
813321 211
813427 211
813533 223
813639 211
813746 212
813852 210
813958 211
814066 165
814172 211
814278 211
814385 212
814491 210
814597 212
814703 212
814810 211
814916 212
815023 210
815130 212
815236 209
815342 209
815449 203
815555 208
815661 212
815767 212
815874 216
815980 210
816086 217
816193 214
816299 210
816405 212
816511 213
816618 210
816724 215
816830 209
816937 211
817044 210
817150 236
817257 212
817363 210
817469 213
817575 166
817682 207
817788 209
817894 210
818002 274
818108 209
818214 211
818321 208
818427 270
818533 212
818639 212
818746 211
818852 215
818958 213
819066 214
819172 213
819278 210
819385 214
819491 214
819597 213
819703 211
819810 213
819916 212
820023 214
820130 211
820236 209
820342 212
820449 203
820555 210
820661 210
820767 210
820874 213
820980 213
821086 211
821193 212
821299 209
821405 213
821511 212
821618 211
821724 214
821830 209
821937 209
822044 213
822150 212
822257 214
822363 210
822469 212
822575 240
822682 210
822788 213
822894 209
823002 144
823108 211
823214 210
823321 212
823427 206
823533 212
823639 211
823746 212
823852 208
823958 211
824066 213
824172 212
824278 210
824385 211
824491 211
824597 211
824703 211
824810 209
824916 212
825023 211
825130 212
825236 211
825342 208
825449 210
825555 209
825661 212
825767 211
825874 209
825980 210
826086 210
826193 210
826299 193
826405 207
826511 210
826618 212
826724 214
826830 209
826937 211
827044 209
827150 211
827257 208
827363 209
827469 209
827575 213
827682 213
827788 210
827894 207
828002 208
828108 210
828214 211
828321 211
828427 208
828533 254
828639 209
828746 210
828852 205
828958 210
829066 224
829172 212
829278 207
829385 210
829491 210
829597 211
829703 208
829810 212
829916 209
830023 209
830130 209
830236 208
830342 210
830449 207
830555 211
830661 209
830767 210
830874 213
830980 208
831086 210
831193 213
831299 214
831405 210
831511 210
831618 209
831724 203
831830 202
831937 233
832044 207
832150 209
832257 208
832363 207
832469 209
832575 209
832682 210
832788 211
832894 208
833002 211
833108 209
833214 209
833321 209
833427 207
833533 213
833639 209
833746 210
833852 211
833958 213
834066 238
834172 212
834278 210
834385 210
834491 211
834597 210
834703 213
834810 214
834916 214
835023 209
835130 210
835236 211
835342 211
835449 210
835555 209
835661 211
835767 213
835874 212
835980 210
836086 212
836193 206
836299 215
836405 209
836511 212
836618 212
836724 219
836830 205
836937 200
837044 209
837150 211
837257 206
837363 211
837469 211
837575 214
837682 213
837788 210
837894 212
838002 210
838108 209
838214 212
838321 212
838427 211
838533 197
838639 209
838746 210
838852 214
838958 214
839066 232
839172 211
839278 212
839385 212
839491 211
839597 213
839703 211
839810 213
839916 213
840023 211
840130 211
840236 212
840342 210
840449 213
840555 212
840661 211
840767 214
840874 208
840980 214
841086 209
841193 206
841299 247
841405 211
841511 210
841618 212
841724 210
841830 222
841937 217
842044 214
842150 213
842257 210
842363 213
842469 211
842575 213
842682 211
842788 211
842894 210
843002 213
843108 211
843214 210
843321 212
843427 211
843533 220
843639 212
843746 212
843852 212
843958 210
844066 209
844172 203
844278 211
844385 211
844491 210
844597 211
844703 212
844810 210
844916 209
845023 215
845130 209
845236 212
845342 210
845449 217
845555 210
845661 212
845767 210
845874 218
845980 209
846086 209
846193 210
846299 210
846405 212
846511 208
846618 210
846724 216
846830 208
846937 213
847044 212
847150 219
847257 206
847363 207
847469 207
847575 200
847682 209
847788 206
847894 210
848002 210
848108 211
848214 209
848321 211
848427 211
848533 211
848639 211
848746 210
848852 207
848958 210
849066 208
849172 206
849278 210
849385 209
849491 209
849597 211
849703 213
849810 210
849916 208
850023 203
850130 210
850236 209
850342 209
850449 210
850555 209
850661 210
850767 209
850874 205
850980 208
851086 208
851193 207
851299 203
851405 209
851511 211
851618 209
851724 276
851830 209
851937 201
852044 208
852150 228
852257 208
852363 210
852469 209
852575 175
852682 209
852788 209
852894 211
853002 208
853108 208
853214 203
853321 219
853427 212
853533 150
853639 211
853746 207
853852 210
853958 211
854066 211
854172 208
854278 211
854385 211
854491 211
854597 210
854703 211
854810 210
854916 210
855023 209
855130 209
855236 211
855342 211
855449 210
855555 209
855661 210
855767 209
855874 213
855980 212
856086 210
856193 211
856299 208
856405 210
856511 210
856618 210
856724 197
856830 211
856937 211
857044 211
857150 253
857257 213
857363 210
857469 209
857575 214
857682 210
857788 211
857894 209
858002 208
858108 214
858214 214
858321 209
858427 212
858533 212
858639 216
858746 208
858852 210
858958 213
859066 214
859172 211
859278 212
859385 219
859491 210
859597 211
859703 212
859810 209
859916 210
860023 213
860130 206
860236 214
860342 209
860449 213
860555 211
860661 212
860767 213
860874 212
860980 212
861086 213
861193 206
861299 195
861405 212
861511 209
861618 210
861724 223
861830 215
861937 211
862044 211
862150 212
862257 210
862363 210
862469 212
862575 212
862682 211
862788 210
862894 209
863002 216
863108 211
863214 209
863321 213
863427 216
863533 249
863639 212
863746 205
863852 210
863958 215
864066 241
864172 213
864278 211
864385 210
864491 211
864597 218
864703 211
864810 211
864916 211
865023 209
865130 211
865236 207
865342 213
865449 212
865555 211
865661 210
865767 210
865874 209
865980 208
866086 212
866193 205
866299 243
866405 208
866511 212
866618 210
866724 211
866830 207
866937 209
867044 209
867150 209
867257 209
867363 208
867469 211
867575 210
867682 210
867788 210
867894 211
868002 208
868108 212
868214 210
868321 210
868427 213
868533 204
868639 208
868746 209
868852 205
868958 207
869066 223
869172 203
869278 210
869385 209
869491 210
869597 208
869703 210
869810 210
869916 206
870023 210
870130 211
870236 209
870342 206
870449 207
870555 212
870661 207
870767 209
870874 210
870980 209
871086 209
871193 202
871299 219
871405 209
871511 210
871618 208
871724 213
871830 271
871937 214
872044 210
