2 566
145 575
251 576
358 572
464 581
570 557
677 576
783 574
889 572
997 576
1103 578
1210 577
1316 577
1422 578
1529 578
1635 577
1741 577
1848 579
1954 580
2061 576
2168 573
2274 578
2380 579
2487 580
2593 581
2699 580
2806 610
2912 577
3019 580
3126 578
3232 572
3338 577
3445 576
3551 577
3657 579
3764 579
3870 580
3976 580
4084 582
4190 577
4297 579
4403 577
4509 575
4616 576
4722 579
4828 571
4935 579
5042 582
5148 578
5255 577
5361 582
5467 570
5574 580
5680 578
5786 579
5893 579
6000 578
6106 578
6213 579
6319 578
6425 582
6532 587
6638 579
6744 579
6851 584
6957 573
7065 568
7171 581
7277 581
7384 582
7490 582
7596 535
7703 581
7809 579
7915 579
8023 580
8129 580
8235 577
8342 577
8448 577
8554 578
8661 579
8767 578
8873 579
8980 579
9086 577
9193 577
9299 574
9405 576
9512 574
9618 575
9724 570
9831 554
9937 578
10045 579
10151 577
10257 573
10364 629
10470 577
10576 578
10683 577
10789 571
10895 575
11003 580
11109 574
11215 577
11322 575
11428 573
11534 577
11641 577
11747 574
11853 577
11960 575
12067 576
12173 574
12280 564
12386 577
12492 575
12599 574
12705 573
12811 580
12918 574
13025 576
13132 587
13238 576
13344 579
13451 574
13557 578
13663 576
13770 572
13876 575
13982 551
14090 575
14196 572
14302 575
14409 577
14515 571
14621 575
14728 576
14834 574
14940 576
15048 575
15154 573
15260 573
15367 574
15473 571
15579 572
15686 575
15792 572
15898 575
16006 575
16112 574
16218 572
16325 572
16431 575
16537 573
16644 576
16750 573
16856 663
16963 577
17070 574
17177 575
17283 499
17389 578
17496 572
17602 575
17708 581
17815 575
17921 570
18028 574
18135 573
18241 574
18347 575
18454 574
18560 574
18666 573
18773 573
18879 576
18987 577
19093 576
19199 577
19306 578
19412 576
19518 577
19625 580
19731 577
19837 578
19944 574
20051 575
20157 574
20264 574
20370 575
20476 574
20583 561
20689 576
20795 577
20902 576
21009 576
21115 577
21222 576
21328 578
21434 576
21541 589
21647 621
21753 579
21860 578
21966 579
22074 577
22180 581
22286 575
22393 578
22499 579
22605 576
22712 581
22818 578
22924 580
23032 581
23138 577
23244 579
23351 577
23457 587
23563 579
23670 576
23776 575
23882 572
23990 582
24096 579
24202 580
24309 581
24415 605
24521 581
24628 577
24734 572
24840 580
24947 580
25054 581
25161 577
25267 581
25373 582
25480 580
25586 580
25692 581
25799 579
25905 573
26012 553
26119 579
26225 578
26331 581
26438 576
26544 565
26650 580
26757 578
26863 581
26969 577
27077 578
27183 577
27289 579
27396 581
27502 582
27608 573
27715 582
27821 581
27927 575
28035 579
28141 581
28248 577
28354 584
28460 578
28567 582
28673 581
28779 553
28886 579
28993 579
29099 578
29206 577
29312 584
29418 574
29525 577
29631 575
29737 577
29844 575
29950 579
30057 581
30164 580
30270 576
30376 579
30483 575
30589 576
30695 579
30802 580
30908 602
31016 575
31122 577
31228 576
31335 573
31441 626
31547 575
31654 573
31760 576
31866 574
31973 575
32080 571
32186 573
32293 576
32399 574
32505 574
32612 572
32718 570
32824 575
32931 566
33038 568
33144 577
33251 573
33357 575
33463 575
33570 560
33676 574
33782 574
33889 570
33996 575
34103 573
34209 573
34315 575
34422 571
34528 575
34634 577
34741 571
34847 578
34953 575
35061 575
35167 577
35273 573
35380 572
35486 575
35592 574
35699 572
35805 539
35911 572
36019 576
36125 576
36231 597
36338 576
36444 575
36550 574
36657 575
36763 573
36869 575
36976 576
37083 571
37190 574
37296 570
37402 572
37509 578
37615 577
37721 571
37828 576
37934 567
38041 576
38148 572
38254 575
38360 565
38467 597
38573 581
38679 576
38786 576
38892 571
39000 574
39106 576
39212 577
39319 579
39425 575
39531 576
39638 575
39744 574
39850 575
39957 578
40064 517
40170 573
40277 576
40383 541
40489 578
40596 575
40702 576
40808 573
40915 575
41022 575
41128 576
41235 576
41341 578
41447 571
41554 583
41660 580
41766 577
41873 577
41979 579
42086 577
42193 579
42299 577
42405 582
42512 576
42618 577
42724 580
42831 577
42937 581
43044 581
43151 575
43257 599
43363 579
43470 577
43576 579
43682 541
43789 579
43895 583
44003 580
44109 580
44215 582
44322 579
44428 580
44534 580
44641 579
44747 578
44853 575
44960 579
45067 580
45173 580
45280 572
45386 580
45492 577
45599 579
45705 587
45811 580
45918 578
46025 579
46131 517
46238 578
46344 583
46450 578
46557 568
46663 582
46769 577
46876 579
46982 581
47089 578
47196 584
47302 587
47408 582
47515 581
47621 573
47727 582
47834 580
47940 576
48048 580
48154 579
48260 582
48367 577
48473 580
48579 574
48686 574
48792 580
48898 577
49006 578
49112 583
49218 577
49325 577
49431 579
49537 574
49644 577
49750 577
49856 576
49963 576
50070 590
50177 576
50283 591
50389 576
50496 575
50602 577
50708 577
50815 578
50921 576
51028 573
51135 574
51241 576
51347 576
51454 576
51560 574
51666 576
51773 575
51879 569
51986 589
52093 569
52199 580
52305 574
52412 574
52518 603
52624 575
52731 574
52837 576
52943 578
53051 575
53157 575
53264 575
53370 574
53476 576
53583 574
53689 575
53795 575
53902 570
54009 580
54115 605
54222 573
54328 573
54434 575
54541 569
54647 583
54753 572
54860 575
54966 578
55073 573
55180 576
55286 573
55392 576
55499 575
55605 571
55711 576
55818 572
55924 573
56032 578
56138 571
56244 576
56351 574
56457 572
56563 574
56670 575
56776 575
56882 529
56990 574
57096 577
57202 511
57309 596
57415 571
57521 572
57628 577
57734 570
57840 575
57947 572
58054 574
58160 578
58267 573
58373 571
58479 575
58586 574
58692 576
58798 576
58905 565
59012 561
59119 576
59225 575
59331 577
59438 580
59544 606
59650 570
59757 574
59863 572
59969 574
60077 576
60183 577
60289 576
60396 575
60502 575
60608 573
60715 574
60821 580
60927 577
61035 582
61141 577
61247 580
61354 575
61460 577
61566 578
61673 591
61779 578
61885 581
61993 583
62099 577
62206 558
62312 576
62418 578
62525 577
62631 578
62737 580
62844 579
62950 579
63057 578
63164 576
63270 576
63376 576
63483 579
63589 578
63695 576
63802 578
63908 576
64015 580
64122 582
64228 592
64334 613
64441 580
64547 574
64653 580
64760 576
64866 578
64972 575
65080 583
65186 577
65293 578
65399 583
65505 579
65612 581
65718 578
65824 582
65931 573
66038 511
66144 577
66251 582
66357 579
66463 580
66570 611
66676 579
66782 577
66889 579
66996 578
67102 582
67209 577
67315 580
67421 579
67528 579
67634 577
67740 578
67847 579
67953 579
68061 583
68167 579
68273 579
68380 578
68486 575
68592 576
68699 559
68805 577
68911 576
69019 580
69125 578
69231 565
69338 572
69444 577
69550 578
69657 579
69763 578
69869 579
69976 576
70083 579
70190 578
70296 574
70402 579
70509 576
70615 576
70721 574
70828 571
70934 579
71041 573
71148 577
71254 577
71360 577
71467 577
71573 570
71679 577
71786 576
71892 572
71999 570
72106 615
72212 576
72318 577
72425 577
72531 603
72637 575
72744 575
72850 565
72956 573
73064 576
73170 579
73277 574
73383 573
73489 577
73596 571
73702 574
73808 575
73915 575
74022 573
74128 576
74235 575
74341 576
74447 573
74554 574
74660 577
74766 576
74873 574
74979 577
75086 573
75193 574
75299 574
75405 573
75512 573
75618 573
75724 568
75831 573
75937 576
76045 573
76151 572
76257 540
76364 571
76470 572
76576 573
76683 570
76789 574
76895 573
77003 571
77109 575
77215 575
77322 577
77428 567
77534 573
77641 573
77747 573
77853 575
77960 570
78067 574
78173 572
78280 575
78386 574
78492 575
78599 577
78705 572
78811 577
78918 578
79025 579
79132 575
79238 577
79344 577
79451 572
79557 575
79663 576
79770 573
79876 576
79982 576
80090 582
80196 576
80302 576
80409 571
80515 574
80621 568
80728 578
80834 578
80940 579
81048 579
81154 577
81261 578
81367 577
81473 577
81580 578
81686 573
81792 578
81899 578
82006 577
82112 579
82219 579
82325 576
82431 576
82538 580
82644 577
82750 555
82857 579
82963 578
83070 578
83177 579
83283 609
83389 580
83496 574
83602 578
83708 578
83815 580
83921 579
84029 581
84135 579
84241 578
84348 578
84454 577
84560 580
84667 579
84773 579
84879 577
84987 579
85093 577
85199 577
85306 581
85412 613
85518 585
85625 581
85731 578
85837 579
85944 579
86051 577
86157 578
86264 579
86370 579
86476 574
86583 577
86689 580
86795 577
86902 576
87009 579
87116 514
87222 579
87328 580
87435 576
87541 571
87647 550
87754 578
87860 581
87966 577
88074 580
88180 574
88286 578
88393 576
88499 576
88605 576
88712 578
88818 577
88924 576
89032 575
89138 576
89244 578
89351 574
89457 576
89563 578
89670 573
89776 562
89882 578
89990 576
90096 577
90203 577
90309 609
90415 576
90522 576
90628 578
90734 575
90841 576
90947 575
91054 581
91161 576
91267 575
91373 574
91480 575
91586 574
91692 573
91799 576
91905 576
92012 579
92119 575
92225 573
92331 567
92438 555
92544 578
92650 575
92757 574
92863 575
92969 576
93077 575
93183 576
93290 574
93396 574
93502 578
93609 572
93715 574
93821 575
93928 573
94035 569
94141 571
94248 574
94354 575
94460 574
94567 571
94673 560
94779 571
94886 576
94993 571
95099 573
95206 607
95312 569
95418 573
95525 573
95631 580
95737 574
95844 572
95950 573
96058 577
96164 574
96270 574
96377 575
96483 575
96589 580
96696 577
96802 582
96908 571
97016 570
97122 575
97228 578
97335 598
97441 576
97547 574
97654 571
97760 575
97866 571
97973 629
98080 574
98187 578
98293 575
98399 575
98506 563
98612 573
98718 576
98825 576
98931 526
99038 578
99145 579
99251 577
99357 579
99464 577
99570 572
99676 578
99783 575
99889 585
99996 579
100103 582
100209 576
100315 578
100422 572
100528 573
100634 576
100741 577
100847 575
100953 582
101061 580
101167 576
101274 576
101380 617
101486 578
101593 576
101699 579
101805 549
101912 576
102019 580
102125 577
102232 534
102338 579
102444 581
102551 578
102657 580
102763 579
102870 580
102976 580
103083 578
103190 579
103296 578
103402 584
103509 577
103615 575
103721 579
103828 582
103934 578
104042 581
104148 578
104254 576
104361 577
104467 577
104573 582
104680 613
104786 577
104892 579
105000 576
105106 591
105212 576
105319 581
105425 578
105531 573
105638 579
105744 579
105850 577
105957 570
106064 580
106170 578
106277 572
106383 580
106489 578
106596 579
106702 571
106808 579
106915 579
107022 578
107129 576
107235 578
107341 583
107448 576
107554 580
107660 577
107767 578
107873 579
107979 570
108086 580
108193 579
108299 579
108405 579
108512 579
108618 587
108724 569
108831 576
108937 579
109045 576
109151 577
109257 572
109364 575
109470 578
109576 569
109683 579
109789 580
109895 576
110003 579
110109 577
110215 578
110322 582
110428 578
110534 578
110641 575
110747 580
110853 575
110960 567
111067 577
111173 572
111280 570
111386 570
111492 575
111599 574
111705 571
111811 577
111918 574
112025 577
112132 573
112238 572
112344 575
112451 571
112557 576
112663 575
112770 573
112876 575
112982 464
113090 572
113196 576
113302 572
113409 568
113515 571
113621 546
113728 571
113834 571
113940 571
114048 575
114154 574
114261 574
114367 574
114473 577
114580 576
114686 576
114792 575
114899 574
115006 575
115112 574
115219 574
115325 574
115431 573
115538 571
115644 581
115750 556
115857 576
115963 575
116070 573
116177 576
116283 588
116389 578
116496 574
116602 574
116708 573
116815 573
116921 573
117029 574
117135 574
117241 573
117348 573
117454 571
117560 576
117667 576
117773 577
117879 572
117987 572
118093 574
118199 574
118306 573
118412 632
118518 575
118625 575
118731 574
118837 576
118944 576
119051 577
119157 575
119264 579
119370 577
119476 575
119583 573
119689 575
119795 576
119902 574
120009 481
120116 575
120222 574
120328 574
120435 564
120541 573
120647 531
120754 573
120860 578
120966 577
121074 579
121180 574
121286 577
121393 577
121499 578
121605 580
121712 578
121818 577
121924 579
122032 577
122138 579
122244 578
122351 584
122457 580
122563 579
122670 586
122776 553
122882 577
122990 579
123096 576
123203 579
123309 616
123415 577
123522 584
123628 580
123734 575
123841 577
123947 578
124054 578
124161 583
124267 576
124373 580
124480 580
124586 580
124692 578
124799 572
124905 579
125012 583
125119 573
125225 577
125331 574
125438 572
125544 583
125650 577
125757 580
125863 579
125969 582
126077 582
126183 578
126290 578
126396 578
126502 581
126609 577
126715 579
126821 577
126928 578
127035 586
127141 575
127248 580
127354 578
127460 578
127567 579
127673 582
127779 579
127886 576
127993 582
128099 581
128206 620
128312 576
128418 577
128525 579
128631 578
128737 577
128844 578
128950 576
129058 578
129164 579
129270 577
129377 583
129483 578
129589 577
129696 575
129802 584
129908 578
130016 576
130122 576
130228 580
130335 580
130441 576
130547 580
130654 574
130760 576
130866 576
130973 574
131080 579
131187 575
131293 576
131399 578
131506 579
131612 572
131718 576
131825 575
131931 562
132038 571
132145 573
132251 576
132357 572
132464 571
132570 579
132676 562
132783 575
132889 573
132996 577
133103 588
133209 574
133315 578
133422 575
133528 575
133634 578
133741 572
133847 576
133953 570
134061 573
134167 576
134274 572
134380 560
134486 572
134593 571
134699 575
134805 506
134912 576
135019 582
135125 575
135232 572
135338 571
135444 571
135551 577
135657 572
135763 571
135870 574
135976 573
136083 576
136190 575
136296 573
136402 573
136509 576
136615 574
136721 575
136828 574
136934 572
137042 581
137148 572
137254 576
137361 575
137467 574
137573 574
137680 513
137786 573
137892 576
138000 575
138106 562
138212 576
138319 577
138425 574
138531 570
138638 574
138744 575
138850 575
138957 575
139064 578
139170 574
139277 574
139383 572
139489 576
139596 572
139702 574
139808 575
139915 574
140022 574
140129 575
140235 577
140341 576
140448 578
140554 665
140660 578
140767 577
140873 575
140979 582
141086 574
141193 578
141299 583
141405 504
141512 576
141618 575
141724 576
141831 583
141937 577
142045 576
142151 578
142257 584
142364 579
142470 582
142576 578
142683 581
142789 581
142895 577
143003 582
143109 575
143215 576
143322 581
143428 578
143534 577
143641 580
143747 576
143853 621
143960 581
144067 581
144173 579
144280 578
144386 614
144492 583
144599 577
144705 578
144811 579
144918 578
145025 584
145132 578
145238 578
145344 580
145451 579
145557 581
145663 578
145770 579
145876 574
145982 647
146090 580
146196 576
146302 581
146409 579
146515 584
146621 581
146728 578
146834 579
146940 582
147048 579
147154 584
147261 581
147367 580
147473 583
147580 576
147686 576
147792 579
147899 580
148006 580
148112 580
148219 580
148325 577
148431 575
148538 575
148644 578
148750 577
148857 578
148963 581
149070 576
149177 578
149283 573
149389 577
149496 578
149602 575
149708 578
149815 582
149921 579
150029 578
150135 577
150241 574
150348 575
150454 575
150560 576
150667 583
150773 572
150879 602
150987 571
151093 575
151199 577
151306 575
151412 598
151518 576
151625 575
151731 577
151837 576
151944 574
152051 574
152157 576
152264 576
152370 573
152476 579
152583 573
152689 574
152795 576
152902 574
153009 589
153116 575
153222 573
153328 575
153435 575
153541 557
153647 575
153754 573
153860 571
153966 571
154074 574
154180 574
154286 573
154393 573
154499 575
154605 576
154712 573
154818 574
154924 571
155032 577
155138 573
155244 581
155351 573
155457 572
155563 572
155670 572
155776 572
155882 575
155990 575
156096 571
156203 575
156309 575
156415 569
156522 575
156628 576
156734 577
156841 574
156947 576
157054 530
157161 573
157267 576
157373 575
157480 538
157586 575
157692 570
157799 576
157905 576
158012 577
158119 574
158225 568
158331 575
158438 576
158544 575
158650 576
158757 572
158863 576
158969 575
159077 578
159183 576
159290 577
159396 580
159502 584
159609 575
159715 576
159821 574
159928 573
160035 578
160141 576
160248 576
160354 556
160460 575
160567 574
160673 579
160779 569
160886 573
160993 573
161099 579
161206 579
161312 579
161418 576
161525 579
161631 576
161737 576
161844 578
161950 579
162058 578
162164 579
162270 576
162377 584
162483 582
162589 579
162696 581
162802 572
162908 576
163016 577
163122 577
163228 570
163335 582
163441 579
163547 578
163654 569
163760 580
163866 578
163973 579
164080 585
164187 579
164293 578
164399 580
164506 578
164612 573
164718 580
164825 575
164931 580
165038 581
165145 576
165251 579
165357 580
165464 580
165570 575
165676 575
165783 580
165889 581
165996 580
166103 581
166209 582
166315 575
166422 578
166528 584
166634 579
166741 573
166847 579
166953 610
167061 575
167167 579
167274 577
167380 583
167486 580
167593 575
167699 578
167805 488
167912 576
168019 579
168125 576
168232 580
168338 579
168444 578
168551 575
168657 578
168763 577
168870 578
168976 577
169083 576
169190 578
169296 578
169402 582
169509 578
169615 576
169721 579
169828 582
169934 576
170042 578
170148 578
170254 538
170361 580
170467 576
170573 577
170680 568
170786 572
170892 574
171000 574
171106 578
171212 574
171319 574
171425 575
171531 577
171638 575
171744 571
171850 573
171957 577
172064 575
172170 574
172277 577
172383 567
172489 501
172596 573
172702 572
172808 576
172915 574
173022 576
173129 576
173235 576
173341 574
173448 577
173554 575
173660 572
173767 572
173873 573
173979 572
174086 591
174193 573
174299 574
174405 573
174512 576
174618 575
174724 561
174831 575
174937 574
175045 576
175151 575
175257 570
175364 575
175470 570
175576 574
175683 573
175789 573
175895 574
176003 573
176109 569
176215 573
176322 574
176428 574
176534 574
176641 574
176747 573
176853 575
176960 578
177067 567
177173 578
177280 573
177386 525
177492 572
177599 574
177705 575
177811 574
177918 571
178025 572
178132 576
178238 579
178344 574
178451 574
178557 577
178663 575
178770 575
178876 572
178982 613
179090 575
179196 578
179302 577
179409 574
179515 556
179621 577
179728 570
179834 576
179940 575
180048 575
180154 576
180261 574
180367 573
180473 575
180580 575
180686 579
180792 579
180899 576
181006 583
181112 597
181219 576
181325 582
181431 574
181538 581
181644 581
181750 569
181857 587
181963 580
182070 577
182177 578
182283 576
182389 582
182496 580
182602 574
182708 578
182815 580
182921 576
183029 578
183135 576
183241 579
183348 577
183454 572
183560 584
183667 580
183773 586
183879 568
183987 581
184093 577
184199 566
184306 579
184412 580
184518 574
184625 579
184731 578
184837 578
184944 577
185051 585
185157 576
185264 580
185370 579
185476 580
185583 577
185689 579
185795 581
185902 583
186009 576
186116 582
186222 589
186328 595
186435 577
186541 578
186647 579
186754 582
186860 578
186966 580
187074 583
187180 575
187286 581
187393 579
187499 578
187605 577
187712 576
187818 579
187924 580
188032 579
188138 578
188244 579
188351 580
188457 577
188563 578
188670 577
188776 583
188882 577
188990 577
189096 576
189203 579
189309 576
189415 575
189522 575
189628 589
189734 576
189841 578
189947 579
190054 575
190161 579
190267 579
190373 578
190480 518
190586 575
190692 582
190799 576
190905 588
191012 573
191119 574
191225 568
191331 575
191438 573
191544 574
191650 566
191757 576
191863 574
191969 577
192077 584
192183 575
192290 574
192396 575
192502 577
192609 572
192715 575
192821 575
192928 570
193035 579
193141 575
193248 577
193354 540
193460 573
193567 575
193673 574
193779 597
193886 575
193993 576
194099 573
194206 574
194312 571
194418 571
194525 574
194631 572
194737 574
194844 578
194950 575
195058 572
195164 574
195270 571
195377 571
195483 572
195589 570
195696 574
195802 578
195908 572
196016 575
196122 570
196228 535
196335 574
196441 573
196547 574
196654 563
196760 575
196866 573
196973 572
197080 572
197187 574
197293 573
197399 576
197506 574
197612 571
197718 573
197825 575
197931 575
198038 574
198145 574
198251 573
198357 574
198464 574
198570 574
198676 568
198783 575
198889 573
198996 579
199103 574
199209 579
199315 570
199422 572
199528 576
199634 575
199741 572
199847 569
199953 575
200061 575
200167 578
200274 573
200380 574
200486 577
200593 633
200699 576
200805 583
200912 573
201019 579
201125 573
201232 577
201338 579
201444 578
201551 578
201657 581
201763 577
201870 579
201976 579
202083 575
202190 581
202296 581
202402 583
202509 578
202615 571
202721 588
202828 566
202934 581
203042 578
203148 579
203254 582
203361 580
203467 575
203573 578
203680 581
203786 579
203892 579
204000 577
204106 580
204212 577
204319 578
204425 581
204531 577
204638 577
204744 584
204850 575
204957 545
205064 580
205170 575
205277 573
205383 579
205489 508
205596 580
205702 583
205808 580
205915 578
206022 579
206129 577
206235 578
206341 580
206448 578
206554 587
206660 577
206767 578
206873 578
206979 572
207086 575
207193 581
207299 575
207405 578
207512 572
207618 621
207724 583
207831 579
207937 581
208045 581
208151 576
208257 576
208364 579
208470 579
208576 577
208683 579
208789 576
208895 578
209003 579
209109 572
209215 577
209322 574
209428 576
209534 578
209641 578
209747 580
209853 603
209960 579
210067 577
210173 582
210280 585
210386 582
210492 578
210599 576
210705 576
210811 576
210918 572
211025 578
211132 576
211238 575
211344 579
211451 575
211557 576
211663 574
211770 574
211876 574
211982 636
212090 577
212196 575
212302 581
212409 571
212515 573
212621 575
212728 575
212834 583
212940 580
213048 578
213154 576
213261 573
213367 577
213473 573
213580 579
213686 576
213792 576
213899 575
214006 573
214112 569
214219 575
214325 576
214431 574
214538 573
214644 574
214750 573
214857 577
214963 575
215070 574
215177 575
215283 570
215389 577
215496 571
215602 576
215708 575
215815 575
215921 573
216029 509
216135 576
216241 574
216348 574
216454 576
216560 577
216667 576
216773 572
216879 548
216987 572
217093 574
217199 576
217306 574
217412 572
217518 576
217625 575
217731 574
217837 574
217944 567
218051 576
218157 574
218264 572
218370 577
218476 575
218583 574
218689 577
218795 575
218902 570
219009 573
219116 577
219222 576
219328 549
219435 578
219541 575
219647 574
219754 611
219860 577
219966 573
220074 577
220180 576
220286 578
220393 575
220499 576
220605 575
220712 580
220818 578
220924 577
221032 578
221138 579
221244 575
221351 571
221457 576
221563 581
221670 578
221776 577
221882 582
221990 579
222096 575
222203 585
222309 580
222415 579
222522 582
222628 579
222734 577
222841 583
222947 580
223054 576
223161 577
223267 578
223373 576
223480 580
223586 578
223692 578
223799 572
223905 551
224012 582
224119 577
224225 576
224331 563
224438 579
224544 579
224650 581
224757 578
224863 574
224969 577
225077 579
225183 577
225290 580
225396 577
225502 576
225609 579
225715 578
225821 580
225928 574
226035 623
226141 578
226248 579
226354 581
226460 576
226567 547
226673 580
226779 580
226886 581
226993 581
227099 579
227206 580
227312 580
227418 576
227525 573
227631 573
227737 577
227844 581
227950 583
228058 580
228164 576
228270 577
228377 578
228483 576
228589 571
228696 585
228802 575
228908 577
229016 575
229122 575
229228 555
229335 576
229441 578
229547 580
229654 578
229760 576
229866 577
229973 576
230080 580
230187 579
230293 578
230399 577
230506 576
230612 575
230718 576
230825 573
230931 599
231038 575
231145 581
231251 573
231357 556
231464 574
231570 580
231676 574
231783 574
231889 574
231996 578
232103 575
232209 575
232315 577
232422 574
232528 575
232634 572
232741 573
232847 577
232953 578
233061 638
233167 578
233274 578
233380 575
233486 579
233593 576
233699 574
233805 574
233912 574
234019 577
234125 572
234232 576
234338 575
234444 574
234551 576
234657 577
234763 573
234870 575
234976 574
235083 574
235190 573
235296 574
235402 577
235509 572
235615 569
235721 575
235828 575
235934 573
236042 574
236148 571
236254 547
236361 573
236467 573
236573 576
236680 576
236786 573
236892 573
237000 573
237106 574
237212 572
237319 576
237425 574
237531 572
237638 573
237744 573
237850 573
237957 572
238064 579
238170 575
238277 572
238383 580
238489 577
238596 576
238702 576
238808 572
238915 574
239022 578
239129 577
239235 576
239341 577
239448 575
239554 575
239660 578
239767 574
239873 574
239979 574
240086 579
240193 576
240299 577
240405 573
240512 579
240618 600
240724 578
240831 578
240937 578
241045 576
241151 578
241257 576
241364 578
241470 577
241576 577
241683 575
241789 576
241895 578
242003 546
242109 576
242215 579
242322 579
242428 532
242534 581
242641 579
242747 579
242853 595
242960 579
243067 581
243173 582
243280 574
243386 577
243492 578
243599 574
243705 576
243811 579
243918 577
244025 579
244132 580
244238 579
244344 577
244451 578
244557 581
244663 581
244770 579
244876 575
244982 579
245090 578
245196 586
245302 537
245409 575
245515 581
245621 578
245728 584
245834 581
245940 578
246048 579
246154 580
246261 577
246367 581
246473 580
246580 576
246686 579
246792 579
246899 573
247006 583
247112 580
247219 580
247325 581
247431 579
247538 578
247644 583
247750 580
247857 580
247963 578
248070 581
248177 581
248283 578
248389 579
248496 583
248602 569
248708 579
248815 583
248921 576
249029 483
249135 575
249241 579
249348 579
249454 584
249560 575
249667 579
249773 575
249879 578
249987 575
250093 579
250199 579
250306 578
250412 578
250518 576
250625 576
250731 580
250837 575
250944 577
251051 577
251157 573
251264 576
251370 575
251476 575
251583 573
251689 575
251795 573
251902 569
252009 575
252116 573
252222 575
252328 575
252435 584
252541 564
252647 574
252754 574
252860 573
252966 573
253074 573
253180 577
253286 581
253393 578
253499 574
253605 575
253712 570
253818 573
253924 574
254032 579
254138 571
254244 574
254351 574
254457 574
254563 584
254670 619
254776 574
254882 574
254990 571
255096 573
255203 564
255309 573
255415 572
255522 575
255628 576
255734 573
255841 574
255947 579
256054 573
256161 575
256267 573
256373 572
256480 576
256586 571
256692 569
256799 498
256905 573
257012 572
257119 575
257225 580
257331 556
257438 572
257544 575
257650 577
257757 574
257863 569
257969 578
258077 575
258183 576
258290 573
258396 575
258502 573
258609 568
258715 575
258821 580
258928 567
259035 576
259141 575
259248 580
259354 580
259460 569
259567 569
259673 577
259779 571
259886 578
259993 578
260099 575
260206 571
260312 573
260418 574
260525 576
260631 577
260737 576
260844 577
260950 576
261058 577
261164 578
261270 576
261377 579
261483 578
261589 584
261696 569
261802 574
261908 575
262016 578
262122 576
262228 539
262335 571
262441 581
262547 581
262654 575
262760 577
262866 579
262973 580
263080 582
263187 576
263293 577
263399 578
263506 579
263612 575
263718 574
263825 508
263931 580
264038 580
264145 581
264251 583
264357 565
264464 582
264570 580
264676 580
264783 585
264889 582
264996 583
265103 581
265209 578
265315 578
265422 576
265528 580
265634 579
265741 574
265847 580
265953 568
266061 581
266167 583
266274 578
266380 586
266486 586
266593 575
266699 583
266805 579
266912 575
267019 582
267125 579
267232 579
267338 583
267444 581
267551 579
267657 580
267763 576
267870 580
267976 578
268083 578
268190 578
268296 579
268402 582
268509 578
268615 579
268721 566
268828 580
268934 578
269042 577
269148 576
269254 562
269361 579
269467 579
269573 576
269680 580
269786 577
269892 567
270000 577
270106 576
270212 575
270319 580
270425 579
270531 579
270638 575
270744 576
270850 575
270957 574
271064 575
271170 577
271277 577
271383 573
271489 574
271596 575
271702 544
271808 576
271915 573
272022 574
272129 573
272235 573
272341 573
272448 575
272554 573
272660 576
272767 572
272873 573
272979 576
273086 573
273193 575
273299 579
273405 578
273512 577
273618 574
273724 579
273831 576
273937 576
274045 575
274151 575
274257 574
274364 574
274470 577
274576 601
274683 574
274789 579
274895 573
275003 573
275109 573
275215 575
275322 574
275428 498
275534 574
275641 575
275747 573
275853 584
275960 573
276067 577
276173 570
276280 576
276386 575
276492 579
276599 575
276705 574
276811 573
276918 572
277025 577
277132 571
277238 575
277344 575
277451 570
277557 576
277663 574
277770 575
277876 571
277982 575
278090 574
278196 573
278302 571
278409 575
278515 577
278621 576
278728 580
278834 575
278940 578
279048 577
279154 576
279261 570
279367 577
279473 579
279580 575
279686 576
279792 569
279899 585
280006 594
280112 575
280219 573
280325 577
280431 585
280538 573
280644 642
280750 581
280857 577
280963 576
281070 577
281177 576
281283 578
281389 575
281496 577
281602 578
281708 579
281815 576
281921 578
282029 574
282135 576
282241 581
282348 580
282454 578
282560 580
282667 574
282773 578
282879 578
282987 576
283093 576
283199 578
283306 535
283412 576
283518 579
283625 579
283731 579
283837 582
283944 580
284051 579
284157 579
284264 577
284370 574
284476 578
284583 577
284689 579
284795 581
284902 576
285009 579
285116 578
285222 580
285328 573
285435 588
285541 579
285647 578
285754 579
285860 580
285966 580
286074 582
286180 580
286286 580
286393 583
286499 577
286605 578
286712 578
286818 578
286924 578
287032 583
287138 579
287244 586
287351 577
287457 586
287563 582
287670 659
287776 580
287882 577
287990 581
288096 579
288203 474
288309 580
288415 576
288522 577
288628 577
288734 577
288841 579
288947 577
289054 578
289161 576
289267 576
289373 579
289480 579
289586 578
289692 574
289799 526
289905 576
290012 578
290119 576
290225 579
290331 567
290438 576
290544 575
290650 578
290757 574
290863 577
290969 576
291077 577
291183 573
291290 574
291396 577
291502 575
291609 576
291715 578
291821 579
291928 569
292035 575
292141 572
292248 574
292354 572
292460 610
292567 578
292673 573
292779 575
292886 575
292993 572
293099 572
293206 579
293312 576
293418 578
293525 574
293631 575
293737 572
293844 572
293950 573
294058 572
294164 576
294270 574
294377 576
294483 572
294589 573
294696 612
294802 575
294908 574
295016 573
295122 578
295228 573
295335 573
295441 574
295547 576
295654 572
295760 571
295866 572
295973 575
296080 573
296187 575
296293 574
296399 575
296506 573
296612 571
296718 572
296825 579
296931 571
297038 575
297145 572
297251 569
297357 579
297464 572
297570 575
297676 574
297783 572
297889 577
297996 575
298103 576
298209 577
298315 574
298422 574
298528 575
298634 575
298741 573
298847 576
298953 579
299061 573
299167 575
299274 575
299380 573
299486 576
299593 576
299699 578
299805 577
299912 573
300019 574
300125 574
300232 576
300338 574
300444 576
300551 526
300657 579
300763 574
300870 575
300976 568
301083 577
301190 578
301296 580
301402 618
301509 581
301615 577
301721 580
301828 583
301934 576
302042 578
302148 578
302254 579
302361 582
302467 576
302573 593
302680 580
302786 578
302892 577
303000 577
303106 575
303212 578
303319 577
303425 571
303531 584
303638 578
303744 578
303850 583
303957 578
304064 578
304170 580
304277 579
304383 584
304489 575
304596 578
304702 579
304808 641
304915 581
305022 581
305129 579
305235 580
305341 576
305448 579
305554 579
305660 581
305767 579
305873 574
305979 577
306086 580
306193 577
306299 573
306405 579
306512 577
306618 580
306724 578
306831 579
306937 580
307045 578
307151 582
307257 579
307364 582
307470 580
307576 632
307683 581
307789 578
307895 575
308003 572
308109 574
308215 578
308322 577
308428 581
308534 574
308641 576
308747 582
308853 578
308960 580
309067 576
309173 578
309280 570
309386 577
309492 576
309599 575
309705 577
309811 585
309918 579
310025 583
310132 577
310238 578
310344 576
310451 576
310557 576
310663 576
310770 576
310876 542
310982 574
311090 574
311196 582
311302 579
311409 584
311515 576
311621 574
311728 574
311834 577
311940 577
312048 576
312154 578
312261 573
312367 574
312473 577
312580 574
312686 573
312792 573
312899 574
313006 541
313112 575
313219 584
313325 578
313431 573
313538 593
313644 578
313750 573
313857 573
313963 571
314070 573
314177 573
314283 571
314389 571
314496 573
314602 572
314708 575
314815 575
314921 573
315029 572
315135 575
315241 573
315348 576
315454 572
315560 573
315667 570
315773 578
315879 574
315987 575
316093 568
316199 578
316306 569
316412 573
316518 574
316625 574
316731 575
316837 572
316944 573
317051 573
317157 571
317264 572
317370 572
317476 572
317583 574
317689 576
317795 576
317902 573
318009 574
318116 575
318222 577
318328 578
318435 595
318541 576
318647 575
318754 577
318860 576
318966 573
319074 576
319180 576
319286 575
319393 578
319499 575
319605 574
319712 572
319818 575
319924 571
320032 509
320138 574
320244 575
320351 574
320457 577
320563 579
320670 575
320776 578
320882 576
320990 572
321096 573
321203 577
321309 578
321415 577
321522 579
321628 580
321734 575
321841 580
321947 580
322054 578
322161 579
322267 576
322373 582
322480 578
322586 577
322692 574
322799 566
322905 578
323012 579
323119 579
323225 579
323331 571
323438 576
323544 581
323650 579
323757 580
323863 575
323969 581
324077 580
324183 581
324290 577
324396 582
324502 581
324609 576
324715 578
324821 584
324928 585
325035 577
325141 578
325248 578
325354 580
325460 587
325567 582
325673 574
325779 578
325886 578
325993 579
326099 577
326206 578
326312 579
326418 580
326525 580
326631 581
326737 580
326844 583
326950 541
327058 579
327164 578
327270 578
327377 581
327483 579
327589 579
327696 578
327802 633
327908 577
328016 578
328122 579
328228 577
328335 579
328441 576
328547 585
328654 574
328760 576
328866 580
328973 583
329080 574
329187 577
329293 576
329399 564
329506 576
329612 575
329718 579
329825 582
329931 576
330038 578
330145 577
330251 579
330357 577
330464 577
330570 578
330676 562
330783 577
330889 577
330996 578
331103 573
331209 575
331315 577
331422 575
331528 575
331634 576
331741 573
331847 576
331953 581
332061 583
332167 577
332274 566
332380 572
332486 577
332593 573
332699 580
332805 580
332912 566
333019 577
333125 564
333232 574
333338 578
333444 572
333551 614
333657 576
333763 571
333870 574
333976 638
334083 574
334190 575
334296 571
334402 572
334509 573
334615 573
334721 574
334828 573
334934 572
335042 574
335148 573
335254 574
335361 575
335467 571
335573 579
335680 574
335786 572
335892 575
336000 574
336106 575
336212 573
336319 572
336425 471
336531 578
336638 570
336744 572
336850 573
336957 576
337064 573
337170 572
337277 571
337383 563
337489 575
337596 572
337702 576
337808 575
337915 576
338022 576
338129 574
338235 575
338341 574
338448 576
338554 573
338660 573
338767 574
338873 583
338979 582
339086 575
339193 575
339299 574
339405 572
339512 575
339618 576
339724 574
339831 575
339937 575
340045 575
340151 578
340257 569
340364 574
340470 576
340576 577
340683 579
340789 578
340895 581
341003 576
341109 549
341215 579
341322 579
341428 575
341534 580
341641 576
341747 583
341853 579
341960 577
342067 578
342173 581
342280 577
342386 580
342492 580
342599 576
342705 581
342811 579
342918 573
343025 581
343132 574
343238 579
343344 580
343451 575
343557 581
343663 578
343770 577
343876 577
343982 583
344090 580
344196 574
344302 577
344409 608
344515 576
344621 578
344728 576
344834 574
344940 583
345048 580
345154 584
345261 579
345367 580
345473 583
345580 579
345686 582
345792 580
345899 590
346006 506
346112 577
346219 580
346325 580
346431 573
346538 640
346644 582
346750 578
346857 582
346963 579
347070 580
347177 581
347283 576
347389 582
347496 582
347602 578
347708 579
347815 581
347921 578
348029 580
348135 577
348241 578
348348 582
348454 577
348560 578
348667 575
348773 574
348879 579
348987 576
349093 577
349199 577
349306 577
349412 577
349518 577
349625 573
349731 578
349837 578
349944 578
350051 579
350157 578
350264 575
350370 577
350476 575
350583 575
350689 575
350795 574
350902 593
351009 573
351116 572
351222 584
351328 573
351435 598
351541 577
351647 575
351754 574
351860 576
351966 575
352074 574
352180 570
352286 573
352393 574
352499 573
352605 572
352712 573
352818 577
352924 582
353032 549
353138 576
353244 576
353351 575
353457 572
353563 576
353670 575
353776 573
353882 575
353990 577
354096 570
354203 573
354309 574
354415 573
354522 575
354628 573
354734 571
354841 578
354947 575
355054 576
355161 575
355267 573
355373 577
355480 574
355586 578
355692 568
355799 573
355905 573
356012 574
356119 573
356225 632
356331 575
356438 564
356544 577
356650 605
356757 575
356863 575
356969 572
357077 569
357183 581
357290 575
357396 577
357502 574
357609 573
357715 572
357821 578
357928 573
358035 574
358141 574
358248 581
358354 578
358460 578
358567 576
358673 585
358779 577
358886 583
358993 575
359099 562
359206 578
359312 571
359418 574
359525 591
359631 573
359737 577
359844 572
359950 564
360058 575
360164 577
360270 576
360377 574
360483 576
360589 575
360696 580
360802 574
360908 575
361016 578
361122 576
361228 577
361335 574
361441 579
361547 584
361654 579
361760 577
361866 578
361973 578
362080 577
362187 578
362293 578
362399 574
362506 582
362612 577
362718 579
362825 514
362931 576
363038 586
363145 578
363251 593
363357 573
363464 576
363570 580
363676 566
363783 580
363889 578
363996 580
364103 578
364209 583
364315 578
364422 582
364528 580
364634 581
364741 580
364847 585
364953 578
365061 574
365167 579
365274 574
365380 579
365486 577
365593 577
365699 584
365805 580
365912 580
366019 582
366125 610
366232 577
366338 580
366444 571
366551 607
366657 580
366763 575
366870 579
366976 618
367083 581
367190 579
367296 578
367402 579
367509 581
367615 578
367721 581
367828 581
367934 577
368042 579
368148 576
368254 577
368361 578
368467 577
368573 589
368680 576
368786 577
368892 580
369000 567
369106 576
369212 577
369319 577
369425 576
369531 579
369638 581
369744 569
369850 567
369957 577
370064 578
370170 576
370277 621
370383 575
370489 576
370596 575
370702 575
370808 576
370915 577
371022 576
371129 574
371235 576
371341 575
371448 575
371554 574
371660 577
371767 574
371873 580
371979 603
372086 574
372193 575
372299 575
372405 571
372512 609
372618 575
372724 571
372831 572
372937 576
373045 578
373151 579
373257 573
373364 576
373470 576
373576 571
373683 574
373789 576
373895 569
374003 575
374109 637
374215 582
374322 576
374428 575
374534 580
374641 555
374747 571
374853 574
374960 574
375067 573
375173 579
375280 573
375386 572
375492 574
375599 572
375705 576
375811 576
375918 570
376025 576
376132 572
376238 575
376344 574
376451 572
376557 576
376663 576
376770 577
376876 521
376982 570
377090 569
377196 574
377302 593
377409 572
377515 574
377621 574
377728 573
377834 576
377940 575
378048 575
378154 576
378261 575
378367 576
378473 577
378580 571
378686 576
378792 578
378899 573
379006 487
379112 577
379219 576
379325 575
379431 577
379538 604
379644 579
379750 574
379857 576
379963 573
380070 574
380177 576
380283 574
380389 575
380496 579
380602 575
380708 577
380815 578
380921 577
381029 576
381135 577
381241 575
381348 578
381454 576
381560 583
381667 579
381773 576
381879 577
381987 576
382093 579
382199 573
382306 581
382412 579
382518 577
382625 580
382731 578
382837 577
382944 579
383051 585
383157 578
383264 577
383370 577
383476 577
383583 574
383689 577
383795 579
383902 534
384009 579
384116 582
384222 581
384328 594
384435 579
384541 571
384647 574
384754 578
384860 661
384966 579
385074 577
385180 579
385286 577
385393 578
385499 524
385605 581
385712 578
385818 578
385924 579
386032 579
386138 577
386244 578
386351 600
386457 577
386563 579
386670 578
386776 580
386882 581
386990 580
387096 569
387203 581
387309 578
387415 578
387522 570
387628 576
387734 579
387841 578
387947 580
388054 578
388161 577
388267 579
388373 577
388480 579
388586 577
388692 577
388799 582
388905 573
389012 580
389119 576
389225 602
389331 575
389438 576
389544 583
389650 619
389757 576
389863 581
389969 580
390077 580
390183 578
390290 576
390396 579
390502 580
390609 577
390715 575
390821 582
390928 575
391035 576
391141 574
391248 580
391354 574
391460 571
391567 576
391673 578
391779 570
391886 577
391993 580
392099 600
392206 574
392312 572
392418 575
392525 615
392631 575
392737 574
392844 569
392950 583
393058 578
393164 570
393270 571
393377 575
393483 574
393589 576
393696 572
393802 572
393908 574
394016 570
394122 573
394228 574
394335 573
394441 572
394547 577
394654 575
394760 574
394866 573
394973 582
395080 576
395187 575
395293 573
395399 577
395506 570
395612 573
395718 575
395825 557
395931 573
396038 571
396145 573
396251 577
396357 572
396464 573
396570 575
396676 578
396783 573
396889 574
396996 577
397103 574
397209 572
397315 575
397422 582
397528 574
397634 577
397741 573
397847 575
397953 575
398061 574
398167 575
398274 568
398380 575
398486 573
398593 574
398699 576
398805 576
398912 574
399019 577
399125 575
399232 578
399338 575
399444 572
399551 577
399657 576
399763 575
399870 574
399976 572
400083 610
400190 576
400296 572
400402 574
400509 573
400615 580
400721 579
400828 579
400934 577
401042 580
401148 576
401254 577
401361 579
401467 574
401573 578
401680 575
401786 578
401892 575
402000 578
402106 581
402212 580
402319 582
402425 574
402531 579
402638 581
402744 582
402850 578
402957 578
403064 577
403170 575
403277 619
403383 574
403489 576
403596 580
403702 577
403808 581
403915 580
404022 580
404129 579
404235 579
404341 575
404448 578
404554 582
404660 578
404767 578
404873 584
404979 593
405086 577
405193 586
405299 584
405405 601
405512 582
405618 581
405724 579
405831 578
405937 581
406045 578
406151 578
406257 583
406364 581
406470 578
406576 580
406683 579
406789 580
406895 577
407003 576
407109 573
407215 580
407322 578
407428 580
407534 575
407641 590
407747 571
407853 579
407960 578
408067 579
408173 579
408280 575
408386 580
408492 580
408599 579
408705 580
408811 578
408918 581
409025 577
409132 575
409238 575
409344 577
409451 579
409557 577
409663 591
409770 678
409876 579
409982 578
410090 577
410196 591
410302 640
410409 577
410515 576
410621 576
410728 574
410834 574
410940 575
411048 577
411154 577
411261 570
411367 575
411473 575
411580 572
411686 579
411792 576
411899 582
412006 574
412112 575
412219 574
412325 574
412431 587
412538 569
412644 574
412750 573
412857 574
412963 576
413070 575
413177 577
413283 576
413389 575
413496 565
413602 573
413708 571
413815 575
413921 572
414029 573
414135 571
414241 573
414348 567
414454 571
414560 575
414667 575
414773 568
414879 576
414987 572
415093 572
415199 590
415306 574
415412 571
415518 575
415625 570
415731 576
415837 573
415944 572
416051 573
416157 570
416264 573
416370 571
416476 574
416583 572
416689 575
416795 571
416902 569
417009 575
417116 574
417222 571
417328 574
417435 571
417541 572
417647 577
417754 571
417860 573
417966 578
418074 558
418180 566
418286 573
418393 585
418499 543
418605 574
418712 575
418818 575
418924 590
419032 576
419138 577
419244 577
419351 577
419457 572
419563 577
419670 574
419776 572
419882 576
419990 575
420096 577
420203 574
420309 575
420415 574
420522 578
420628 576
420734 578
420841 577
420947 578
421054 582
421161 577
421267 578
421373 501
421480 581
421586 578
421692 583
421799 559
421905 579
422012 579
422119 577
422225 579
422331 575
422438 577
422544 581
422650 582
422757 577
422863 583
422969 571
423077 611
423183 580
423290 580
423396 579
423502 574
423609 580
423715 593
423821 579
423928 581
424035 578
424141 578
424248 576
424354 563
424460 576
424567 580
424673 580
424779 578
424886 579
424993 577
425099 578
425206 580
425312 579
425418 581
425525 577
425631 579
425737 579
425844 577
425950 584
426058 577
426164 580
426270 579
426377 584
426483 572
426589 583
426696 580
426802 581
426908 578
427016 579
427122 580
427228 578
427335 580
427441 579
427547 581
427654 578
427760 579
427866 576
427973 578
428080 583
428187 574
428293 575
428399 579
428506 581
428612 573
428718 616
428825 578
428931 577
429038 574
429145 576
429251 661
429357 575
429464 579
429570 580
429676 577
429783 577
429889 578
429996 579
430103 578
430209 579
430315 577
430422 576
430528 578
430634 577
430741 572
430847 575
430953 576
431061 572
431167 582
431274 571
431380 568
431486 575
431593 574
431699 574
431805 575
431912 575
432019 576
432125 572
432232 572
432338 573
432444 573
432551 577
432657 576
432763 576
432870 576
432976 577
433083 571
433190 575
433296 573
433402 577
433509 569
433615 584
433721 574
433828 573
433934 572
434042 575
434148 571
434254 573
434361 574
434467 574
434573 573
434680 577
434786 575
434892 574
435000 573
435106 576
435212 572
435319 572
435425 573
435531 573
435638 581
435744 597
435850 571
435957 572
436064 577
436171 572
436277 572
436384 574
436490 574
436596 574
436703 577
436809 574
436916 574
437023 573
437130 570
437236 569
437342 573
437449 570
437555 575
437662 576
437768 566
437875 599
437981 573
438089 573
438195 576
438301 615
438408 574
438514 573
438621 574
438727 574
438834 577
438940 574
439048 576
439154 578
439260 574
439367 576
439473 575
439580 578
439686 577
439793 583
439899 573
440007 576
440113 574
440219 575
440326 574
440432 590
440539 575
440645 576
440752 577
440858 580
440964 576
441072 577
441178 578
441285 576
441391 578
441498 579
441604 581
441711 590
441817 578
441923 577
442031 578
442137 575
442244 579
442350 580
442457 575
442563 579
442669 581
442776 578
442882 578
442990 577
443096 576
443203 578
443309 579
443416 576
443522 579
443628 579
443735 581
443841 582
443948 560
444055 580
444162 579
444268 581
444375 663
444481 577
444587 577
444694 580
444800 578
444907 581
445014 582
445121 589
445227 580
445334 580
445440 580
445546 580
445653 581
445759 582
445866 578
445972 582
446080 579
446186 582
446292 575
446399 580
446505 580
446612 579
446718 577
446825 584
446931 581
447039 579
447145 579
447251 579
447358 582
447464 579
447571 596
447677 578
447784 578
447890 580
447998 635
448104 577
448210 573
448317 579
448423 641
448530 577
448636 579
448743 577
448849 537
448955 578
449063 575
449169 575
449276 577
449382 579
449489 576
449595 576
449702 578
449808 579
449914 581
450022 581
450128 577
450235 580
450341 580
450448 559
450554 577
450660 577
450767 578
450873 610
450980 576
451087 575
451193 580
451299 578
451406 558
451512 573
451619 574
451725 574
451832 572
451938 576
452046 575
452152 574
452258 572
452365 573
452471 573
452578 576
452684 574
452791 576
452897 574
453005 526
453111 576
453217 573
453324 580
453430 575
453537 571
453643 574
453750 578
453856 571
453962 574
454070 571
454176 575
454283 573
454389 571
454496 575
454602 573
454708 577
454815 576
454921 570
455029 579
455135 571
455242 576
455348 573
455455 568
455561 580
455667 574
455774 573
455880 574
455988 574
456094 577
456201 573
456307 573
456414 572
456520 573
456626 575
456733 577
456839 572
456946 574
457053 570
457160 572
457266 574
457373 570
457479 572
457585 566
457692 615
457798 573
457905 577
458012 572
458119 576
458225 576
458331 577
458438 577
458544 576
458651 575
458757 578
458864 576
458970 581
459078 576
459184 573
459290 579
459397 577
459503 574
459610 570
459716 570
459823 573
459929 575
460037 574
460143 576
460249 640
460356 576
460462 576
460569 574
460675 576
460782 578
460888 580
460996 579
461102 577
461208 578
461315 579
461421 584
461528 580
461634 576
461741 576
461847 560
461953 578
462061 577
462167 580
462274 579
462380 569
462487 578
462593 576
462699 578
462806 578
462912 578
463020 580
463126 579
463233 578
463339 578
463446 576
463552 581
463658 578
463765 580
463871 578
463978 560
464085 575
464192 573
464298 576
464405 569
464511 579
464617 580
464724 578
464830 579
464937 578
465044 579
465151 581
465257 581
465364 581
465470 581
465576 579
465683 578
465789 579
465896 583
466003 574
466110 585
466216 582
466323 582
466429 570
466535 578
466642 583
466748 581
466855 581
466961 583
467069 580
467175 578
467282 582
467388 583
467494 575
467601 579
467707 579
467814 583
467920 580
468028 576
468134 580
468240 575
468347 576
468453 577
468560 576
468666 601
468773 578
468879 579
468987 575
469093 577
469199 578
469306 576
469412 578
469519 579
469625 579
469732 577
469838 576
469944 577
470052 588
470158 580
470265 584
470371 584
470478 578
470584 574
470691 570
470797 570
470903 572
471011 573
471117 575
471224 578
471330 577
471437 577
471543 575
471650 575
471756 574
471862 576
471969 577
472076 573
472183 574
472289 574
472396 574
472502 574
472608 575
472715 574
472821 571
472928 579
473035 579
473142 577
473248 558
473355 573
473461 577
473567 574
473674 517
473780 572
473887 578
473994 575
474101 575
474207 571
474314 574
474420 576
474526 576
474633 575
474739 576
474846 573
474952 575
475060 575
475166 575
475273 587
475379 575
475485 574
475592 574
475698 568
475805 574
475911 573
476019 577
476125 573
476231 571
476338 576
476444 582
476551 576
476657 572
476764 574
476870 579
476976 577
477084 575
477190 575
477297 573
477403 570
477510 574
477616 572
477723 595
477829 577
477935 575
478043 580
478149 575
478256 577
478362 574
478469 575
478575 573
478682 575
478788 574
478894 573
479002 576
479108 577
479215 576
479321 576
479428 577
479534 574
479641 575
479747 583
479853 568
479960 575
480067 576
480174 577
480280 580
480387 577
480493 573
480599 575
480706 572
480812 575
480919 578
481026 576
481133 578
481239 576
481346 578
481452 578
481558 583
481665 540
481771 578
481878 579
481985 578
482092 581
482198 583
482305 578
482411 588
482517 579
482624 576
482730 580
482837 579
482943 580
483051 579
483157 577
483264 580
483370 580
483476 574
483583 579
483689 572
483796 602
483902 581
484010 583
484116 581
484223 609
484329 578
484435 578
484542 584
484648 579
484755 582
484861 578
484968 576
485075 581
485181 580
485288 578
485394 580
485501 580
485607 580
485714 587
485820 616
485926 579
486034 581
486140 580
486247 579
486353 578
486460 581
486566 581
486673 581
486779 579
486885 579
486993 579
487099 580
487206 581
487312 579
487419 578
487525 581
487632 579
487738 578
487844 575
487951 563
488058 581
488165 576
488271 581
488378 577
488484 578
488591 579
488697 579
488803 578
488910 578
489017 576
489124 575
489230 577
489337 576
489443 579
489549 580
489656 576
489762 578
489869 581
489975 581
490083 577
490189 580
490296 579
490402 571
490508 572
490615 577
490721 576
490828 573
490934 576
491042 574
491148 573
491255 577
491361 573
491467 576
491574 575
491680 574
491787 578
491893 576
492001 581
492107 532
492214 575
492320 573
492426 571
492533 569
492639 575
492746 572
492852 575
492959 576
493066 578
493172 575
493279 574
493385 575
493492 575
493598 572
493705 573
493811 574
493917 573
494025 567
494131 571
494238 575
494344 575
494451 578
494557 574
494664 617
494770 576
494876 573
494985 572
495092 578
495198 577
495305 572
495411 571
495517 572
495624 573
495730 575
495837 574
495943 573
496051 574
496157 570
496264 575
496370 572
496476 574
496583 573
496689 574
496796 576
496902 578
497010 574
497116 576
497222 537
497329 573
497435 574
497542 572
497648 572
497755 575
497861 577
497967 576
498075 575
498181 574
498288 575
498394 574
498501 576
498607 574
498714 523
498820 577
498926 578
499034 577
499140 579
499247 571
499353 581
499460 572
499566 572
499673 582
499779 574
499885 574
499993 576
500099 575
500206 572
500312 576
500419 576
500525 577
500632 570
500738 578
500844 574
500951 578
501058 578
501165 581
501271 578
501378 577
501484 578
501590 578
501697 581
501803 577
501910 577
502017 575
502124 584
502230 578
502337 580
502443 581
502549 580
502656 579
502762 578
502869 569
502975 578
503083 574
503189 580
503296 580
503402 579
503508 579
503615 577
503721 580
503828 580
503934 579
504042 581
504148 580
504255 582
504361 581
504467 580
504574 586
504680 581
504787 579
504893 581
505001 582
505107 575
505213 580
505320 578
505426 581
505533 580
505639 581
505746 588
505852 579
505958 575
506066 579
506172 580
506279 579
506385 577
506492 578
506598 546
506705 580
506811 578
506917 579
507025 582
507131 582
507238 582
507344 577
507451 577
507557 578
507664 576
507770 569
507876 580
507983 578
508090 577
508197 526
508303 577
508410 577
508516 577
508623 575
508729 578
508835 577
508942 583
509049 608
509156 577
509262 577
509369 577
509475 577
509582 577
509688 578
509794 599
509901 583
510008 576
510115 577
510221 582
510328 571
510434 578
510540 579
510647 574
510753 575
510860 568
510966 578
511074 578
511180 577
511287 576
511393 573
511499 575
511606 575
511712 578
511819 581
511925 669
512033 575
512139 574
512246 579
512352 608
512458 575
512565 576
512671 578
512778 572
512884 579
512992 576
513098 575
513205 574
513311 574
513417 576
513524 573
513630 574
513737 572
513843 579
513950 588
514057 575
514163 572
514270 577
514376 579
514483 578
514589 572
514696 574
514802 575
514908 574
515016 572
515122 575
515229 574
515335 574
515442 573
515548 575
515655 575
515761 574
515867 573
515974 576
516081 575
516188 571
516294 574
516401 579
516507 571
516614 575
516720 579
516826 571
516933 573
517040 572
517147 572
517253 577
517360 575
517466 574
517573 574
517679 575
517785 576
517892 574
517999 581
518106 512
518212 581
518319 573
518425 575
518531 568
518638 565
518744 577
518851 572
518957 579
519065 576
519171 576
519278 578
519384 577
519490 575
519597 576
519703 576
519810 576
519916 574
520024 573
520130 574
520237 573
520343 576
520449 576
520556 577
520662 565
520769 575
520875 576
520982 576
521089 582
521196 576
521302 579
521408 577
521515 578
521621 578
521728 580
521834 576
521941 575
522048 578
522155 577
522261 579
522367 578
522474 577
522580 583
522687 582
522793 661
522900 579
523007 580
523114 574
523220 575
523326 568
523433 581
523539 579
523646 580
523752 582
523859 580
523965 579
524072 576
524179 581
524285 579
524392 575
524498 579
524605 579
524711 579
524817 582
524924 592
525031 579
525138 580
525244 570
525351 581
525457 594
525564 582
525670 580
525776 578
525883 578
525990 581
526097 580
526203 581
526310 577
526416 579
526523 578
526629 582
526735 580
526842 578
526948 579
527056 579
527162 578
527269 580
527375 575
527482 550
527588 579
527694 581
527801 580
527907 579
528015 579
528121 573
528228 579
528334 577
528440 577
528547 582
528653 578
528760 576
528866 578
528973 593
529080 577
529187 580
529293 576
529399 580
529506 575
529612 580
529719 586
529825 573
529932 579
530039 579
530146 576
530252 578
530358 577
530465 577
530571 566
530678 575
530784 577
530891 577
530998 577
531105 576
531211 572
531317 577
531424 575
531530 578
531637 576
531743 577
531850 573
531956 575
532063 574
532170 575
532276 574
532383 574
532489 574
532596 571
532702 576
532808 572
532915 577
533022 589
533129 575
533235 579
533342 573
533448 569
533555 573
533661 574
533767 573
533874 574
533980 571
534087 571
534193 564
534300 571
534406 572
534512 572
534619 565
534725 573
534832 573
534938 570
535046 576
535152 574
535259 573
535365 575
535471 537
535578 573
535684 576
535791 575
535897 515
536005 577
536111 573
536218 569
536324 574
536430 573
536537 574
536643 577
536750 574
536856 574
536963 574
537070 579
537177 574
537283 574
537389 571
537496 574
537602 574
537709 577
537815 576
537922 574
538029 573
538135 576
538242 576
538348 569
538455 626
538561 575
538668 575
538774 574
538880 580
538988 577
539094 576
539201 577
539307 569
539414 575
539520 581
539627 575
539733 573
539839 576
539946 576
540053 582
540160 572
540266 577
540373 576
540479 578
540586 563
540692 579
540798 575
540905 576
541012 579
541119 579
541225 577
541332 577
541438 580
541545 579
541651 577
541757 579
541864 578
541970 578
542078 567
542184 578
542291 579
542397 577
542503 579
542610 586
542716 598
542823 576
542929 579
543037 580
543143 579
543250 575
543356 578
543462 581
543569 575
543675 585
543782 584
543888 581
543996 582
544102 570
544209 580
544315 577
544421 581
544528 580
544634 582
544741 524
544847 579
544954 577
545061 579
545168 582
545274 579
545380 579
545487 579
545593 581
545700 582
545806 578
545913 579
546020 579
546126 569
546233 579
546339 582
546446 580
546552 580
546659 580
546765 580
546871 566
546978 579
547085 580
547192 581
547298 577
547405 564
547511 579
547618 578
547724 579
547830 579
547937 577
548044 580
548151 578
548257 578
548364 580
548470 578
548577 576
548683 577
548789 580
548896 581
549003 576
549110 577
549216 577
549323 580
549429 593
549536 578
549642 581
549748 576
549855 578
549961 574
550069 581
550175 578
550282 577
550388 578
550495 576
550601 576
550707 577
550814 574
550920 578
551028 560
551134 567
551241 575
551347 575
551453 570
551560 605
551666 575
551773 575
551879 573
551987 573
552093 575
552200 571
552306 576
552412 574
552519 574
552625 573
552732 575
552838 572
552945 574
553052 575
553159 571
553265 578
553371 577
553478 566
553584 569
553691 565
553797 575
553904 570
554011 572
554118 575
554224 574
554330 573
554437 574
554543 575
554650 573
554756 575
554863 573
554969 575
555076 578
555183 576
555289 571
555396 576
555502 572
555609 576
555715 534
555821 574
555928 572
556035 575
556142 575
556248 471
556355 577
556461 579
556568 574
556674 573
556780 565
556887 575
556994 574
557101 580
557207 571
557314 575
557420 577
557527 568
557633 575
557739 573
557846 576
557952 576
558060 572
558166 576
558273 571
558379 575
558486 576
558592 573
558698 576
558805 576
558911 576
559019 573
559125 576
559232 575
559338 576
559444 562
559551 573
559657 576
559764 577
559870 585
559977 575
560084 574
560191 573
560297 571
560403 587
560510 576
560616 579
560723 577
560829 580
560936 578
561043 578
561150 572
561256 577
561362 572
561469 577
561575 576
561682 576
561788 579
561895 581
562002 580
562109 578
562215 580
562321 595
562428 580
562534 578
562641 578
562747 673
562854 576
562960 576
563067 578
563174 583
563280 579
563387 580
563493 581
563600 579
563706 578
563812 581
563919 576
564026 580
564133 579
564239 579
564346 602
564452 578
564559 580
564665 579
564771 538
564878 580
564985 578
565092 580
565198 578
565305 577
565411 580
565518 590
565624 576
565730 580
565837 582
565943 568
566051 581
566157 578
566264 579
566370 582
566477 578
566583 581
566689 579
566796 610
566902 579
567010 579
567116 581
567223 583
567329 581
567435 574
567542 579
567648 581
567755 578
567861 579
567968 582
568075 581
568182 579
568288 580
568394 577
568501 580
568607 579
568714 583
568820 651
568927 578
569034 575
569141 576
569247 518
569353 576
569460 578
569566 578
569673 575
569779 579
569886 580
569993 581
570100 575
570206 579
570312 577
570419 572
570525 575
570632 575
570738 574
570845 579
570951 573
571058 577
571165 573
571271 614
571378 573
571484 568
571591 572
571697 566
571803 578
571910 576
572017 575
572124 576
572230 576
572337 576
572443 573
572550 575
572656 573
572762 578
572869 579
572975 613
573083 585
573189 578
573296 576
573402 572
573509 572
573615 573
573721 574
573828 573
573934 576
574042 575
574148 571
574255 576
574361 576
574468 574
574574 571
574680 574
574787 575
574893 576
575001 581
575107 574
575214 574
575320 573
575426 577
575533 577
575639 575
575746 574
575852 571
575959 575
576066 576
576173 575
576279 577
576385 574
576492 574
576598 576
576705 574
576811 568
576918 571
577025 565
577132 574
577238 572
577344 571
577451 576
577557 573
577664 579
577770 575
577877 576
577985 579
578092 577
578198 575
578305 577
578411 575
578517 580
578624 578
578730 576
578837 576
578943 577
579051 589
579157 576
579264 578
579370 573
579476 575
579583 569
579689 551
579796 573
579902 577
580010 576
580116 580
580223 576
580329 576
580435 579
580542 575
580648 577
580755 577
580861 574
580968 580
581075 576
581181 575
581288 578
581394 580
581501 579
581607 580
581714 577
581820 584
581926 581
582034 574
582140 582
582247 613
582353 581
582460 579
582566 583
582673 580
582779 580
582885 568
582993 580
583099 576
583206 579
583312 580
583419 580
583525 580
583632 580
583738 581
583844 552
583951 578
584058 578
584165 581
584271 572
584378 595
584484 581
584591 581
584697 579
584803 579
584910 576
585017 580
585124 581
585230 580
585337 579
585443 579
585549 564
585656 580
585762 578
585869 577
585975 621
586083 577
586189 580
586296 548
586402 579
586508 578
586615 580
586721 578
586828 581
586934 582
587042 577
587148 579
587255 582
587361 578
587467 579
587574 578
587680 581
587787 577
587893 581
588001 577
588107 578
588214 581
588320 614
588426 578
588533 576
588639 578
588746 585
588852 576
588959 579
589066 578
589172 575
589279 579
589385 576
589492 577
589598 579
589705 578
589811 576
589917 581
590025 579
590131 580
590238 578
590344 580
590451 574
590557 578
590664 577
590770 564
590876 577
590985 576
591092 576
591198 577
591305 572
591411 574
591517 574
591624 575
591730 577
591837 575
591943 574
592051 575
592157 575
592264 573
592370 552
592476 580
592583 575
592689 577
592796 563
592902 577
593010 576
593116 574
593222 572
593329 574
593435 573
593542 572
593648 582
593755 574
593861 570
593967 579
594075 575
594181 575
594288 572
594394 572
594501 575
594607 577
594714 576
594820 576
594926 576
595034 576
595140 567
595247 541
595353 573
595460 571
595566 574
595673 569
595779 574
595885 574
595993 575
596099 576
596206 577
596312 576
596419 574
596525 575
596632 572
596738 577
596844 576
596951 574
597058 572
597165 572
597271 575
597378 625
597484 573
597590 576
597697 574
597803 575
597910 582
598017 577
598124 574
598230 572
598337 577
598443 577
598549 577
598656 576
598762 574
598869 574
598975 597
599083 579
599189 575
599296 573
599402 575
599508 577
599615 574
599721 573
599828 574
599934 578
600042 577
600148 576
600255 575
600361 575
600467 574
600574 576
600680 579
600787 577
600893 579
601001 544
601107 575
601213 575
601320 581
601426 586
601533 622
601639 578
601746 578
601852 581
601958 577
602066 579
602172 579
602279 578
602385 578
602492 578
602598 575
602705 577
602811 580
602917 580
603025 576
603131 573
603238 581
603344 578
603451 576
603557 579
603664 549
603770 580
603876 574
603983 578
604090 580
604197 578
604303 579
604410 579
604516 576
604623 579
604729 579
604835 580
604942 578
605049 582
605156 579
605262 580
605369 584
605475 583
605582 572
605688 612
605794 581
605901 580
606008 580
606115 580
606221 589
606328 581
606434 578
606540 578
606647 578
606753 580
606860 581
606966 580
607074 581
607180 579
607287 584
607393 580
607499 580
607606 581
607712 570
607819 610
607925 578
608033 578
608139 580
608246 603
608352 577
608458 581
608565 577
608671 580
608778 577
608884 578
608992 577
609098 578
609205 576
609311 577
609417 578
609524 579
609630 578
609737 581
609843 579
609950 572
610057 578
610163 579
610270 568
610376 610
610483 575
610589 575
610696 573
610802 574
610908 577
611016 574
611122 574
611229 574
611335 580
611442 575
611548 574
611655 574
611761 578
611867 584
611974 538
612081 574
612188 571
612294 573
612401 572
612507 547
612614 573
612720 578
612826 574
612933 574
613040 573
613147 575
613253 574
613360 579
613466 577
613573 574
613679 573
613785 572
613892 573
613999 575
614106 573
614212 572
614319 568
614425 573
614531 574
614638 572
614744 583
614851 573
614957 574
615065 576
615171 574
615278 572
615384 575
615490 572
615597 574
615703 575
615810 576
615916 573
616024 575
616130 573
616237 572
616343 573
616449 571
616556 574
616662 573
616769 564
616875 573
616982 575
617089 566
617196 582
617302 572
617408 574
617515 574
617621 575
617728 577
617834 574
617941 575
618048 577
618155 575
618261 577
618367 576
618474 575
618580 576
618687 576
618793 577
618900 580
619007 577
619114 576
619220 637
619326 576
619433 576
619539 576
619646 580
619752 573
619859 575
619965 578
620072 574
620179 571
620285 575
620392 577
620498 577
620605 575
620711 578
620817 574
620924 575
621031 576
621138 578
621244 570
621351 578
621457 580
621564 576
621670 594
621776 579
621883 582
621990 576
622097 578
622203 580
622310 578
622416 583
622523 579
622629 576
622735 579
622842 575
622948 578
623056 579
623162 577
623269 573
623375 575
623482 586
623588 580
623694 582
623801 582
623907 581
624015 580
624121 582
624228 581
624334 578
624440 576
624547 582
624653 575
624760 579
624866 580
624973 579
625080 580
625187 577
625293 580
625399 580
625506 581
625612 579
625719 578
625825 581
625932 580
626039 579
626146 578
626252 577
626358 579
626465 581
626571 580
626678 580
626784 579
626891 578
626998 574
627105 586
627211 581
627317 580
627424 581
627530 585
627637 597
627743 580
627850 581
627956 577
628063 580
628170 580
628276 577
628383 574
628489 578
628596 602
628702 580
628808 577
628915 575
629022 579
629129 579
629235 577
629342 585
629448 577
629555 577
629661 579
629767 579
629874 578
629980 577
630087 583
630193 583
630300 587
630406 572
630512 578
630619 578
630725 573
630832 575
630938 573
631046 574
631152 576
631259 575
631365 577
631471 577
631578 575
631684 580
631791 570
631897 580
632005 576
632111 575
632218 574
632324 606
632430 574
632537 571
632643 571
632750 577
632856 576
632963 577
633070 575
633177 578
633283 576
633389 573
633496 577
633602 573
633709 573
633815 573
633922 548
634029 573
634135 572
634242 574
634348 565
634455 646
634561 573
634668 581
634774 573
634880 573
634988 575
635094 571
635201 574
635307 575
635414 574
635520 573
635627 579
635733 571
635839 574
635946 575
636053 575
636160 571
636266 575
636373 574
636479 568
636586 574
636692 574
636798 573
636905 574
637012 572
637119 575
637225 574
637332 582
637438 573
637545 574
637651 574
637757 577
637864 576
637970 565
638078 513
638184 574
638291 576
638397 576
638503 581
638610 549
638716 576
638823 575
638929 578
639037 575
639143 576
639250 579
639356 577
639462 572
639569 579
639675 564
639782 573
639888 574
639996 573
640102 575
640209 580
640315 573
640421 577
640528 577
640634 579
640741 559
640847 579
640954 579
641061 579
641168 578
641274 578
641380 578
641487 578
641593 582
641700 575
641806 576
641913 579
642020 580
642126 579
642233 576
642339 576
642446 564
642552 579
642659 577
642765 578
642871 525
642978 576
643085 581
643192 566
643298 575
643405 579
643511 580
643618 582
643724 577
643830 581
643937 584
644044 639
644151 581
644257 579
644364 583
644470 577
644577 582
644683 578
644789 579
644896 577
645003 578
645110 580
645216 582
645323 582
645429 582
645536 583
645642 579
645748 579
645855 579
645961 579
646069 580
646175 579
646282 579
646388 580
646495 614
646601 579
646707 577
646814 580
646920 551
647028 578
647134 581
647241 579
647347 576
647453 579
647560 578
647666 577
647773 577
647879 580
647987 579
648093 576
648200 582
648306 577
648412 578
648519 569
648625 578
648732 579
648838 577
648945 600
649052 574
649159 578
649265 576
649371 577
649478 579
649584 577
649691 579
649797 582
649904 575
650011 579
650118 577
650224 576
650330 580
650437 576
650543 578
650650 578
650756 575
650863 578
650969 578
651076 575
651183 578
651289 575
651396 577
651502 576
651609 578
651715 573
651821 574
651928 573
652035 574
652142 572
652248 572
652355 571
652461 576
652568 576
652674 576
652780 575
652887 578
652994 577
653101 576
653207 577
653314 576
653420 573
653527 571
653633 578
653739 593
653846 575
653952 573
654060 575
654166 573
654273 576
654379 571
654485 574
654592 575
654698 575
654804 570
654911 573
655018 576
655124 573
655231 574
655337 575
655443 574
655549 573
655656 568
655762 583
655868 575
655975 591
656082 575
656188 562
656295 582
656401 574
656507 573
656613 576
656720 571
656826 572
656932 573
657040 573
657146 571
657252 575
657359 573
657465 576
657571 576
657677 575
657784 572
657890 573
657997 578
658104 574
658210 574
658316 574
658423 573
658529 575
658635 554
658741 573
658848 578
658954 572
659061 577
659168 576
659274 578
659380 580
659486 578
659593 577
659699 581
659805 576
659912 577
660019 574
660125 576
660232 574
660338 583
660444 577
660550 576
660657 578
660763 579
660869 555
660976 578
661083 577
661189 581
661296 584
661402 607
661508 580
661614 580
661721 575
661827 579
661933 582
662041 580
662147 578
662253 579
662360 573
662466 574
662572 576
662678 576
662785 577
662891 578
662998 549
663105 567
663211 579
663317 579
663423 578
663530 583
663636 559
663742 579
663849 577
663955 578
664062 578
664169 580
664275 579
664381 580
664487 577
664594 578
664700 579
664806 579
664913 577
665020 580
665126 579
665233 581
665339 581
665445 582
665551 580
665658 580
665764 581
665870 549
665977 580
666084 580
666190 591
666297 577
666403 579
666509 584
666615 583
666722 579
666828 581
666934 579
667042 577
667148 582
667254 576
667360 582
667467 580
667573 581
667679 579
667786 582
667892 579
667999 609
668106 577
668212 580
668318 578
668424 577
668531 570
668637 576
668743 576
668850 577
668956 572
669063 578
669170 576
669276 581
669382 579
669488 576
669595 579
669701 577
669807 581
669914 582
670021 580
670127 578
670234 576
670340 577
670446 572
670552 575
670659 574
670765 568
670871 575
670978 572
671085 578
671191 576
671297 573
671404 576
671510 575
671616 573
671723 575
671829 573
671935 576
672043 575
672149 579
672255 574
672361 576
672468 568
672574 575
672680 576
672787 575
672893 575
673000 577
673107 573
673213 577
673319 626
673425 575
673532 574
673638 574
673744 586
673851 572
673957 570
674064 572
674171 573
674277 573
674383 578
674489 573
674596 574
674702 574
674808 574
674915 573
675022 574
675128 577
675234 573
675341 578
675447 574
675553 574
675660 572
675766 564
675872 574
675978 575
676086 570
676192 572
676298 574
676405 573
676511 574
676617 575
676724 571
676830 576
676936 576
677044 592
677150 577
677256 571
677362 576
677469 554
677575 578
677681 579
677788 573
677894 578
678001 577
678108 575
678214 575
678320 589
678426 576
678533 575
678639 576
678745 565
678852 573
678958 577
679065 577
679171 576
679278 577
679384 576
679490 568
679597 576
679703 578
679809 572
679915 588
680023 574
680129 571
680235 575
680342 568
680448 577
680554 576
680661 578
680767 581
680873 578
680979 581
681086 579
681193 577
681299 578
681405 579
681511 576
681618 580
681724 579
681830 576
681937 576
682044 555
682150 577
682257 579
682363 578
682469 618
682575 579
682682 580
682788 577
682894 541
683002 576
683108 577
683214 578
683321 576
683427 579
683533 581
683639 582
683746 577
683852 581
683958 579
684066 579
684172 577
684278 581
684385 580
684491 579
684597 577
684703 580
684810 580
684916 579
685023 577
685130 580
685236 580
685342 575
685449 582
685555 582
685661 579
685767 581
685874 580
685980 579
686086 578
686193 581
686299 577
686405 580
686511 577
686618 451
686724 578
686830 580
686937 580
687044 581
687150 580
687257 580
687363 579
687469 582
687575 581
687682 579
687788 587
687894 569
688002 580
688108 578
688214 577
688321 577
688427 579
688533 577
688639 578
688746 579
688852 556
688958 576
689066 576
689172 579
689278 580
689385 576
689491 577
689597 579
689703 577
689810 579
689916 576
690023 577
690130 577
690236 579
690342 577
690449 576
690555 569
690661 563
690767 576
690874 576
690980 575
691086 578
691193 606
691299 576
691405 570
691511 573
691618 573
691724 572
691830 567
691937 574
692044 572
692150 576
692257 573
692363 572
692469 578
692575 574
692682 575
692788 586
692894 589
693002 578
693108 575
693214 577
693321 581
693427 568
693533 572
693639 576
693746 575
693852 573
693958 574
694066 571
694172 573
694278 572
694385 577
694491 575
694597 575
694703 575
694810 575
694916 576
695023 572
695130 572
695236 575
695342 573
695449 571
695555 569
695661 534
695767 573
695874 575
695980 572
696086 573
696193 513
696299 572
696405 575
696511 578
696618 574
696724 571
696830 573
696937 573
697044 574
697150 581
697257 568
697363 576
697469 576
697575 576
697682 575
697788 577
697894 557
698002 577
698108 574
698214 575
698321 570
698427 532
698533 572
698639 572
698746 568
698852 577
698958 578
699066 577
699172 581
699278 576
699385 573
699491 575
699597 574
699703 577
699810 576
699916 580
700023 578
700130 575
700236 575
700342 576
700449 576
700555 576
700661 573
700767 572
700874 576
700980 580
701086 572
701193 551
701299 578
701405 579
701511 577
701618 586
701724 579
701830 579
701937 577
702044 578
702150 578
702257 578
702363 585
702469 603
702575 579
702682 578
702788 577
702894 537
703002 577
703108 575
703214 578
703321 574
703427 576
703533 577
703639 576
703746 576
703852 578
703958 577
704066 586
704172 580
704278 577
704385 581
704491 579
704597 584
704703 577
704810 581
704916 581
705023 581
705130 580
705236 582
705342 582
705449 579
705555 579
705661 574
705767 578
705874 579
705980 573
706086 578
706193 587
706299 579
706405 576
706511 579
706618 580
706724 579
706830 582
706937 579
707044 557
707150 580
707257 581
707363 580
707469 617
707575 579
707682 580
707788 580
707894 594
708002 577
708108 577
708214 577
708321 576
708427 577
708533 575
708639 576
708746 578
708852 577
708958 577
709066 578
709172 579
709278 574
709385 578
709491 580
709597 582
709703 585
709810 557
709916 574
710023 578
710130 579
710236 576
710342 576
710449 584
710555 568
710661 579
710767 574
710874 571
710980 579
711086 574
711193 579
711299 570
711405 573
711511 568
711618 575
711724 576
711830 575
711937 573
712044 576
712150 574
712257 573
712363 572
712469 574
712575 573
712682 580
712788 581
712894 613
713002 574
713108 574
713214 575
713321 575
713427 574
713533 571
713639 571
713746 578
713852 573
713958 570
714066 576
714172 570
714278 576
714385 572
714491 577
714597 575
714703 574
714810 573
714916 579
715023 470
715130 574
715236 570
715342 577
715449 576
715555 567
715661 591
715767 574
715874 573
715980 571
716086 572
716193 595
716299 573
716405 575
716511 574
716618 577
716724 577
716830 575
716937 576
717044 573
717150 570
717257 569
717363 573
717469 573
717575 576
717682 575
717788 573
717894 539
718002 575
718108 572
718214 576
718321 583
718427 539
718533 575
718639 581
718746 575
718852 572
718958 577
719066 577
719172 576
719278 575
719385 575
719491 581
719597 574
719703 576
719810 576
719916 573
720023 529
720130 586
720236 573
720342 574
720449 572
720555 577
720661 511
720767 577
720874 575
720980 579
721086 578
721193 647
721299 577
721405 576
721511 578
721618 579
721724 578
721830 574
721937 576
722044 578
722150 581
722257 577
722363 584
722469 577
722575 580
722682 580
722788 578
722894 542
723002 573
723108 581
723214 579
723321 576
723427 560
723533 582
723639 581
723746 584
723852 580
723958 581
724066 576
724172 579
724278 583
724385 582
724491 584
724597 576
724703 576
724810 581
724916 582
725023 575
725130 579
725236 582
725342 579
725449 582
725555 581
725661 581
725767 578
725874 578
725980 579
726086 580
726193 588
726299 579
726405 580
726511 576
726618 579
726724 582
726830 586
726937 578
727044 580
727150 581
727257 580
727363 578
727469 581
727575 581
727682 578
727788 580
727894 586
728002 578
728108 575
728214 590
728321 582
728427 676
728533 578
728639 575
728746 576
728852 570
728958 571
729066 579
729172 577
729278 578
729385 579
729491 569
729597 573
729703 576
729810 577
729916 569
730023 579
730130 578
730236 579
730342 560
730449 577
730555 577
730661 574
730767 584
730874 576
730980 577
731086 573
731193 531
731299 573
731405 573
731511 576
731618 554
731724 573
731830 576
731937 577
732044 564
732150 572
732257 571
732363 574
732469 580
732575 574
732682 575
732788 577
732894 577
733002 575
733108 578
733214 578
733321 573
733427 572
733533 573
733639 580
733746 572
733852 572
733958 576
734066 574
734172 574
734278 577
734385 574
734491 574
734597 576
734703 574
734810 580
734916 579
735023 575
735130 571
735236 578
735342 579
735449 573
735555 575
735661 573
735767 614
735874 573
735980 574
736086 574
736193 639
736299 575
736405 570
736511 571
736618 560
736724 569
736830 572
736937 574
737044 573
737150 575
737257 573
737363 577
737469 572
737575 579
737682 572
737788 573
737894 575
738002 574
738108 573
738214 580
738321 575
738427 573
738533 576
738639 574
738746 576
738852 575
738958 576
739066 575
739172 577
739278 577
739385 573
739491 570
739597 579
739703 574
739810 568
739916 568
740023 570
740130 575
740236 573
740342 560
740449 577
740555 576
740661 579
740767 558
740874 575
740980 581
741086 577
741193 578
741299 580
741405 579
741511 579
741618 603
741724 577
741830 571
741937 574
742044 579
742150 580
742257 581
742363 579
742469 577
742575 577
742682 579
742788 579
742894 578
743002 565
743108 579
743214 574
743321 578
743427 580
743533 576
743639 580
743746 577
743852 579
743958 583
744066 580
744172 578
744278 582
744385 579
744491 578
744597 580
744703 579
744810 580
744916 574
745023 568
745130 578
745236 577
745342 578
745449 585
745555 608
745661 585
745767 578
745874 578
745980 580
746086 580
746193 594
746299 578
746405 579
746511 578
746618 576
746724 581
746830 579
746937 580
747044 579
747150 578
747257 579
747363 578
747469 581
747575 579
747682 579
747788 581
747894 612
748002 579
748108 575
748214 574
748321 485
748427 563
748533 576
748639 579
748746 578
748852 576
748958 575
749066 579
749172 579
749278 577
749385 578
749491 580
749597 581
749703 581
749810 581
749916 578
750023 512
750130 574
750236 577
750342 578
750449 575
750555 579
750661 575
750767 579
750874 577
750980 576
751086 576
751193 572
751299 573
751405 576
751511 574
751618 575
751724 573
751830 576
751937 572
752044 573
752150 573
752257 575
752363 574
752469 572
752575 576
752682 576
752788 572
752894 594
753002 580
753108 577
753214 578
753321 552
753427 578
753533 573
753639 574
753746 573
753852 572
753958 573
754066 586
754172 576
754278 575
754385 574
754491 572
754597 575
754703 575
754810 573
754916 566
755023 612
755130 576
755236 570
755342 573
755449 565
755555 588
755661 575
755767 574
755874 574
755980 572
756086 573
756193 575
756299 573
756405 575
756511 570
756618 571
756724 573
756830 576
756937 573
757044 572
757150 572
757257 571
757363 573
757469 577
757575 578
757682 575
757788 573
757894 576
758002 583
758108 573
758214 575
758321 574
758427 571
758533 574
758639 574
758746 575
758852 577
758958 573
759066 576
759172 578
759278 575
759385 574
759491 584
759597 584
759703 576
759810 575
759916 579
760023 574
760130 578
760236 577
760342 552
760449 579
760555 573
760661 574
760767 601
760874 577
760980 581
761086 575
761193 561
761299 577
761405 577
761511 579
761618 575
761724 578
761830 579
761937 576
762044 574
762150 581
762257 580
762363 582
762469 578
762575 575
762682 583
762788 575
762894 578
763002 577
763108 580
763214 576
763321 577
763427 581
763533 580
763639 583
763746 579
763852 582
763958 579
764066 583
764172 579
764278 579
764385 579
764491 578
764597 581
764703 577
764810 579
764916 580
765023 579
765130 579
765236 580
765342 591
765449 581
765555 579
765661 579
765767 594
765874 578
765980 579
766086 578
766193 575
766299 575
766405 578
766511 579
766618 600
766724 580
766830 577
766937 577
767044 580
767150 577
767257 580
767363 577
767469 577
767575 580
767682 577
767788 581
767894 577
768002 577
768108 576
768214 571
768321 576
768427 575
768533 577
768639 580
768746 579
768852 579
768958 576
769066 569
769172 576
769278 575
769385 579
769491 580
769597 578
769703 574
769810 577
769916 584
770023 574
770130 578
770236 576
770342 559
770449 573
770555 577
770661 574
770767 604
770874 575
770980 575
771086 573
771193 600
771299 572
771405 576
771511 574
771618 570
771724 571
771830 578
771937 574
772044 572
772150 575
772257 576
772363 572
772469 575
772575 576
772682 576
772788 578
772894 617
773002 574
773108 576
773214 568
773321 580
773427 572
773533 574
773639 572
773746 573
773852 571
773958 575
774066 576
774172 575
774278 579
774385 576
774491 575
774597 575
774703 571
774810 575
774916 574
775023 595
775130 576
775236 573
775342 572
775449 571
775555 548
775661 576
775767 573
775874 573
775980 573
776086 573
776193 517
776299 573
776405 572
776511 574
776618 575
776724 577
776830 570
776937 573
777044 572
777150 571
777257 574
777363 574
777469 574
777575 574
777682 573
777788 603
777894 577
778002 582
778108 574
778214 570
778321 532
778427 573
778533 575
778639 576
778746 573
778852 576
778958 572
779066 577
779172 573
779278 586
779385 577
779491 577
779597 577
779703 574
779810 576
779916 572
780023 614
780130 576
780236 579
780342 576
780449 574
780555 564
780661 577
780767 578
780874 575
780980 577
781086 578
781193 663
781299 578
781405 576
781511 576
781618 577
781724 576
781830 580
781937 574
782044 581
782150 579
782257 578
782363 583
782469 578
782575 577
782682 579
782788 619
782894 576
783002 580
783108 580
783214 578
783321 576
783427 579
783533 584
783639 577
783746 574
783852 581
783958 580
784066 578
784172 585
784278 580
784385 579
784491 580
784597 579
784703 579
784810 581
784916 588
785023 591
785130 578
785236 578
785342 580
785449 583
785555 650
785661 580
785767 575
785874 591
785980 581
786086 580
786193 586
786299 576
786405 576
786511 578
786618 627
786724 575
786830 577
786937 580
787044 557
787150 575
787257 578
787363 581
787469 581
787575 577
787682 577
787788 578
787894 580
788002 578
788108 578
788214 581
788321 578
788427 577
788533 578
788639 581
788746 575
788852 577
788958 575
789066 576
789172 577
789278 580
789385 581
789491 611
789597 578
789703 576
789810 579
789916 610
790023 576
790130 574
790236 579
790342 569
790449 575
790555 574
790661 576
790767 569
790874 573
790980 574
791086 575
791193 620
791299 573
791405 571
791511 573
791618 595
791724 573
791830 575
791937 577
792044 575
792150 575
792257 575
792363 574
792469 571
792575 576
792682 575
792788 566
792894 573
793002 576
793108 576
793214 570
793321 572
793427 575
793533 573
793639 564
793746 574
793852 571
793958 575
794066 503
794172 574
794278 574
794385 576
794491 514
794597 576
794703 576
794810 575
794916 593
795023 574
795130 570
795236 572
795342 577
795449 576
795555 570
795661 571
795767 572
795874 573
795980 575
796086 573
796193 570
796299 574
796405 572
796511 575
796618 577
796724 573
796830 578
796937 575
797044 575
797150 571
797257 573
797363 573
797469 576
797575 575
797682 583
797788 574
797894 572
798002 572
798108 577
798214 584
798321 549
798427 574
798533 575
798639 577
798746 575
798852 577
798958 576
799066 576
799172 576
799278 579
799385 577
799491 574
799597 575
799703 576
799810 578
799916 578
800023 619
800130 575
800236 574
800342 576
800449 575
800555 532
800661 578
800767 577
800874 581
800980 577
801086 577
801193 586
801299 575
801405 579
801511 577
801618 575
801724 580
801830 576
801937 582
802044 581
802150 582
802257 581
802363 581
802469 577
802575 579
802682 582
802788 555
802894 574
803002 578
803108 576
803214 579
803321 577
803427 578
803533 581
803639 579
803746 577
803852 578
803958 581
804066 578
804172 581
804278 580
804385 577
804491 582
804597 582
804703 579
804810 582
804916 575
805023 543
805130 576
805236 582
805342 578
805449 581
805555 553
805661 577
805767 579
805874 579
805980 578
806086 579
806193 574
806299 577
806405 578
806511 579
806618 579
806724 579
806830 577
806937 582
807044 579
807150 578
807257 581
807363 579
807469 580
807575 576
807682 584
807788 641
807894 577
808002 579
808108 577
808214 580
808321 614
808427 577
808533 576
808639 578
808746 577
808852 577
808958 573
809066 578
809172 575
809278 581
809385 580
809491 575
809597 579
809703 571
809810 579
809916 574
810023 630
810130 579
810236 578
810342 574
810449 573
810555 557
810661 576
810767 567
810874 577
810980 574
811086 574
811193 574
811299 577
811405 577
811511 573
811618 576
811724 582
811830 572
811937 574
812044 576
812150 578
812257 570
812363 580
812469 575
812575 575
812682 580
812788 575
812894 576
813002 574
813108 576
813214 577
813321 547
813427 574
813533 574
813639 573
813746 575
813852 574
813958 574
814066 575
814172 573
814278 574
814385 575
814491 572
814597 576
814703 576
814810 577
814916 576
815023 575
815130 572
815236 577
815342 510
815449 571
815555 574
815661 564
815767 570
815874 572
815980 575
816086 574
816193 580
816299 575
816405 574
816511 569
816618 570
816724 575
816830 573
816937 570
817044 569
817150 574
817257 575
817363 581
817469 576
817575 574
817682 574
817788 576
817894 571
818002 574
818108 576
818214 578
818321 574
818427 575
818533 579
818639 574
818746 575
818852 575
818958 577
819066 597
819172 578
819278 573
819385 582
819491 588
819597 576
819703 579
819810 574
819916 538
820023 576
820130 576
820236 576
820342 578
820449 576
820555 578
820661 578
820767 583
820874 575
820980 577
821086 578
821193 574
821299 579
821405 576
821511 579
821618 578
821724 579
821830 579
821937 576
822044 579
822150 580
822257 577
822363 569
822469 581
822575 577
822682 577
822788 578
822894 578
823002 577
823108 578
823214 573
823321 585
823427 578
823533 579
823639 578
823746 581
823852 580
823958 582
824066 523
824172 579
824278 579
824385 580
824491 580
824597 580
824703 576
824810 582
824916 575
825023 582
825130 576
825236 579
825342 576
825449 571
825555 562
825661 570
825767 578
825874 578
825980 579
826086 579
826193 577
826299 579
826405 577
826511 581
826618 579
826724 578
826830 584
826937 583
827044 579
827150 581
827257 580
827363 579
827469 578
827575 581
827682 580
827788 603
827894 579
828002 579
828108 577
828214 578
828321 547
828427 576
828533 578
828639 577
828746 577
828852 576
828958 576
829066 577
829172 576
829278 581
829385 579
829491 581
829597 577
829703 575
829810 576
829916 583
830023 576
830130 580
830236 578
830342 579
830449 575
830555 673
830661 576
830767 574
830874 573
830980 574
831086 577
831193 573
831299 577
831405 573
831511 574
831618 575
831724 574
831830 572
831937 575
832044 573
832150 571
832257 575
832363 578
832469 575
832575 576
832682 573
832788 551
832894 575
833002 577
833108 576
833214 572
833321 562
833427 573
833533 572
833639 574
833746 573
833852 572
833958 575
834066 575
834172 575
834278 575
834385 574
834491 576
834597 576
834703 573
834810 572
834916 583
835023 575
835130 573
835236 570
835342 575
835449 575
835555 534
835661 573
835767 574
835874 573
835980 574
836086 575
836193 573
836299 574
836405 572
836511 576
836618 575
836724 571
836830 570
836937 575
837044 575
837150 573
837257 573
837363 574
837469 572
837575 574
837682 566
837788 522
837894 574
838002 574
838108 576
838214 573
838321 542
838427 573
838533 579
838639 575
838746 579
838852 577
838958 576
839066 577
839172 577
839278 575
839385 577
839491 576
839597 575
839703 573
839810 575
839916 582
840023 575
840130 575
840236 578
840342 579
840449 574
840555 626
840661 576
840767 579
840874 577
840980 573
841086 583
841193 577
841299 580
841405 578
841511 578
841618 581
841724 578
841830 577
841937 580
842044 558
842150 580
842257 579
842363 579
842469 580
842575 577
842682 572
842788 581
842894 577
843002 582
843108 579
843214 575
843321 578
843427 576
843533 579
843639 571
843746 578
843852 581
843958 581
844066 577
844172 576
844278 582
844385 580
844491 618
844597 578
844703 580
844810 579
844916 575
845023 585
845130 575
845236 582
845342 578
845449 584
845555 577
845661 574
845767 577
845874 581
845980 577
846086 578
846193 577
846299 579
846405 580
846511 579
846618 579
846724 578
846830 578
846937 579
847044 574
847150 580
847257 576
847363 567
847469 577
847575 578
847682 579
847788 576
847894 579
848002 579
848108 579
848214 578
848321 576
848427 574
848533 577
848639 576
848746 574
848852 578
848958 577
849066 591
849172 578
849278 582
849385 579
849491 553
849597 584
849703 579
849810 577
849916 605
850023 579
850130 574
850236 573
850342 573
850449 578
850555 576
850661 575
850767 577
850874 576
850980 574
851086 576
851193 576
851299 571
851405 573
851511 573
851618 572
851724 576
851830 575
851937 575
852044 574
852150 574
852257 577
852363 575
852469 576
852575 574
852682 577
852788 566
852894 577
853002 575
853108 576
853214 576
853321 537
853427 568
853533 571
853639 573
853746 574
853852 573
853958 570
854066 576
854172 575
854278 572
854385 577
854491 574
854597 574
854703 574
854810 570
854916 582
855023 570
855130 572
855236 573
855342 582
855449 572
855555 578
855661 572
855767 573
855874 574
855980 575
856086 571
856193 575
856299 572
856405 570
856511 575
856618 573
856724 572
856830 576
856937 574
857044 573
857150 573
857257 572
857363 573
857469 574
857575 575
857682 577
857788 594
857894 575
858002 577
858108 570
858214 582
858321 579
858427 577
858533 574
858639 570
858746 576
858852 576
858958 576
859066 577
859172 581
859278 577
859385 577
859491 576
859597 575
859703 576
859810 559
859916 575
860023 575
860130 574
860236 574
860342 580
860449 562
860555 574
860661 576
860767 577
860874 579
860980 578
861086 578
861193 577
861299 579
861405 576
861511 577
861618 577
861724 575
861830 576
861937 577
862044 582
862150 580
862257 579
862363 580
862469 580
862575 577
862682 566
862788 599
862894 581
863002 579
863108 577
863214 528
863321 576
863427 583
863533 579
863639 581
863746 579
863852 580
863958 576
864066 580
864172 579
864278 581
864385 579
864491 581
864597 583
864703 579
864810 582
864916 581
865023 578
865130 580
865236 582
865342 578
865449 588
865555 578
865661 578
865767 579
865874 582
865980 581
866086 579
866193 578
866299 579
866405 578
866511 577
866618 582
866724 579
866830 582
866937 579
867044 575
867150 585
867257 578
867363 579
867469 576
867575 580
867682 572
867788 618
867894 578
868002 578
868108 577
868214 692
868321 580
868427 577
868533 576
868639 581
868746 577
868852 575
868958 578
869066 585
869172 578
869278 572
869385 577
869491 578
869597 584
869703 579
869810 577
869916 589
870023 577
870130 578
870236 573
870342 581
870449 573
870555 573
870661 572
870767 576
870874 572
870980 579
871086 573
871193 569
871299 577
871405 573
871511 571
871618 580
871724 576
871830 571
871937 572
872044 571
