1.75 0.43 1856.84 33.64
19.46 6.40 1770.90 33.69
35.78 6.34 1683.65 33.28
52.28 6.42 1598.06 32.38
68.68 6.36 1516.18 32.11
85.03 6.32 1435.12 32.38
101.62 6.39 1356.31 31.29
117.93 6.34 1279.25 29.75
134.37 6.42 1206.87 29.15
150.81 6.36 1135.87 27.42
167.09 6.32 1068.59 26.42
183.68 6.37 1005.40 22.87
200.12 6.36 945.59 24.35
216.53 6.26 889.56 22.40
233.12 6.36 839.93 20.90
249.31 6.33 795.28 21.75
265.87 6.39 754.21 20.93
282.25 6.35 717.21 14.72
298.56 6.26 685.18 16.58
315.21 6.35 659.09 15.02
331.43 6.31 638.78 14.64
347.93 6.37 622.43 13.97
364.34 6.32 612.62 13.74
380.62 6.27 607.96 14.63
397.31 6.33 609.68 12.83
413.53 6.29 617.21 13.79
430.00 6.36 628.87 13.19
446.46 6.29 642.25 21.15
462.75 6.24 665.06 15.62
479.31 6.31 692.15 16.88
495.68 6.43 722.34 17.81
512.15 6.50 758.46 19.14
528.59 6.44 798.75 21.71
544.84 6.39 841.03 21.61
561.40 6.46 888.84 23.06
577.75 6.41 941.28 25.00
594.18 6.50 996.78 24.64
610.65 6.42 1052.12 27.31
626.96 6.36 1113.93 26.56
643.40 6.46 1179.21 27.21
659.75 6.41 1245.81 28.29
676.18 6.49 1313.93 28.78
692.71 6.40 1384.78 29.27
708.93 6.36 1455.71 29.97
725.37 6.46 1529.59 29.64
742.00 6.46 1602.31 31.13
758.43 6.55 1678.31 31.04
774.96 6.45 1753.31 30.82
791.12 6.45 1827.81 30.53
807.62 6.51 1902.06 32.77
824.00 6.44 1977.09 34.70
840.43 6.55 2048.53 29.14
856.96 6.45 2119.71 28.15
873.21 6.42 2189.34 28.45
889.68 6.49 2257.00 27.53
906.06 6.42 2321.53 26.65
922.43 6.37 2385.34 25.38
938.90 6.44 2445.78 24.62
955.25 6.42 2502.40 23.70
971.68 6.49 2556.28 22.19
988.06 6.42 2606.37 22.00
1004.46 6.35 2653.25 19.28
1020.96 6.43 2693.75 24.65
1037.31 6.41 2734.96 18.15
1053.81 6.48 2770.84 16.68
1070.15 6.41 2801.68 14.95
1086.68 6.42 2829.40 13.60
1103.18 6.52 2850.34 14.63
1119.40 6.47 2868.37 11.93
1136.15 6.60 2882.87 10.87
1152.53 6.51 2892.87 12.71
1168.78 6.46 2895.46 10.74
1185.34 6.55 2895.34 10.46
1201.84 6.60 2891.00 10.43
1218.43 6.73 2881.53 11.17
1234.78 6.63 2868.06 13.52
1251.15 6.66 2850.59 13.91
1267.96 6.72 2828.00 13.26
1284.21 6.67 2802.68 15.09
1300.75 6.76 2773.09 16.71
1317.15 6.66 2739.03 16.73
1333.37 6.64 2702.62 18.59
1350.15 6.68 2660.71 20.86
1366.37 6.64 2617.65 19.68
1382.96 6.54 2570.31 20.15
1399.65 6.65 2518.40 26.97
1415.84 6.63 2468.71 22.91
1432.53 6.71 2413.21 24.45
1448.81 6.62 2358.84 23.83
1465.18 6.51 2301.65 25.27
1481.90 6.58 2240.84 25.47
1498.12 6.74 2179.46 26.47
1514.87 6.81 2117.37 26.50
1531.21 6.71 2055.25 26.68
1547.53 6.79 1991.84 27.35
1564.25 6.71 1929.34 26.25
1580.46 6.66 1866.56 26.89
1597.00 6.78 1803.28 26.30
1613.40 6.66 1745.62 27.58
1629.62 6.65 1683.40 25.57
1646.18 6.72 1623.96 25.42
1662.50 6.64 1565.00 23.87
1679.03 6.76 1509.93 22.94
1695.56 6.64 1454.62 22.63
1711.81 6.58 1403.28 21.63
1728.37 6.69 1353.34 20.95
1744.71 6.65 1305.71 19.29
1761.15 6.72 1261.15 19.02
1777.56 6.64 1220.25 18.71
1793.90 6.57 1182.15 16.90
1810.40 6.68 1147.62 12.95
1826.93 6.58 1114.68 14.29
1843.28 6.67 1086.75 12.82
1859.71 6.59 1061.75 12.08
1876.21 6.55 1040.46 11.57
1892.75 6.62 1024.06 11.31
1909.09 6.53 1006.53 16.29
1925.40 6.65 999.28 10.08
1941.90 6.54 994.96 10.57
1958.25 6.53 991.12 8.13
1974.78 6.59 993.31 7.60
1991.12 6.52 997.75 7.59
2007.65 6.59 1007.53 9.03
2024.12 6.53 1022.46 17.35
2040.43 6.51 1037.68 11.51
2056.90 6.59 1056.90 10.66
2073.34 6.47 1080.18 12.06
2089.65 6.43 1106.62 12.54
2106.09 6.53 1136.06 14.35
2122.43 6.51 1169.00 14.64
2138.90 6.59 1203.62 15.22
2155.34 6.48 1241.50 15.79
2171.62 6.43 1281.15 17.69
2188.15 6.50 1324.53 18.16
2204.46 6.51 1368.93 18.21
2221.03 6.58 1413.12 23.59
2237.43 6.48 1462.03 19.58
2253.78 6.45 1512.50 20.70
2270.21 6.54 1563.18 20.45
2286.62 6.51 1613.87 22.89
2303.00 6.61 1667.93 21.58
2319.46 6.47 1720.40 21.22
2335.84 6.45 1774.71 24.64
2352.46 6.53 1826.53 21.67
2368.84 6.47 1879.71 21.17
2385.50 6.65 1933.28 20.66
2401.84 6.60 1986.59 20.68
2418.25 6.56 2036.81 20.54
2434.75 6.58 2085.43 21.10
2451.15 6.55 2133.84 20.22
2467.59 6.55 2182.71 18.79
2484.09 6.84 2228.84 19.11
2500.50 6.97 2271.00 18.96
2516.84 6.88 2312.84 18.49
2533.31 6.81 2351.81 17.58
2549.68 6.86 2390.50 16.55
2566.12 6.84 2424.50 15.31
2582.53 6.98 2454.71 15.15
2598.87 6.88 2484.00 15.91
2615.31 6.82 2510.62 14.19
2631.68 6.88 2534.12 11.47
2648.12 6.83 2553.68 12.47
2664.53 6.95 2572.78 10.62
2680.87 6.88 2584.21 10.81
2697.37 6.80 2597.25 10.70
2713.75 6.86 2603.53 8.64
2730.21 6.86 2608.18 9.43
2746.59 6.99 2609.65 9.10
2762.93 6.91 2606.78 9.88
2779.53 6.79 2601.75 9.16
2795.81 6.89 2592.09 11.38
2812.21 6.88 2581.18 10.32
2828.65 6.95 2567.75 10.98
2845.00 6.87 2549.87 11.51
2861.50 6.83 2529.81 12.71
2877.84 6.90 2507.15 12.21
2894.25 6.88 2482.09 14.19
2910.68 6.81 2453.09 14.28
2927.00 6.86 2422.31 14.92
2943.46 6.83 2390.96 16.17
2959.93 6.85 2355.75 16.43
2976.28 6.84 2319.90 23.59
2992.75 6.76 2282.00 17.58
3009.09 6.84 2242.59 19.35
3025.59 6.80 2200.71 18.15
3042.06 6.84 2156.00 20.18
3058.37 6.83 2115.71 19.54
3074.84 6.76 2071.25 19.69
3091.15 6.83 2027.43 20.80
3107.65 6.79 1982.65 18.85
3124.00 6.89 1935.90 20.00
3140.31 6.83 1893.03 21.00
3156.87 6.75 1848.25 18.88
3173.15 6.80 1803.25 18.96
3189.68 6.78 1760.09 17.71
3206.03 6.91 1717.40 18.50
3222.40 6.85 1674.03 17.16
3238.96 6.78 1633.43 18.37
3255.25 6.86 1596.43 18.29
3271.71 6.88 1556.50 16.93
3288.06 6.92 1520.56 16.22
3304.43 6.86 1485.12 14.92
3320.96 6.76 1452.87 14.36
3337.40 6.82 1421.56 13.62
3353.84 6.83 1393.75 14.81
3370.25 6.74 1365.37 15.03
3386.71 6.91 1342.34 11.73
3403.21 6.82 1319.59 10.87
3419.53 6.88 1300.65 10.41
3436.00 6.89 1285.90 9.68
3452.40 6.80 1271.21 9.32
3468.71 6.90 1261.06 7.81
3485.37 7.10 1252.21 8.15
3501.65 7.19 1247.50 12.37
3518.03 7.20 1243.53 7.04
3534.56 7.09 1245.12 9.00
3550.87 7.21 1245.37 7.37
3567.43 7.14 1252.28 8.49
3583.65 7.25 1257.12 7.85
3600.03 7.19 1269.53 8.53
3616.59 7.10 1283.81 15.33
3632.84 7.21 1296.00 7.92
3649.46 7.08 1315.31 10.91
3665.75 7.01 1337.28 11.87
3682.06 7.18 1355.75 11.35
3698.68 7.05 1381.25 12.03
3714.90 7.15 1405.68 15.49
3731.62 7.17 1435.28 14.28
3747.87 7.10 1464.40 14.11
3764.25 7.30 1496.06 15.20
3780.78 7.13 1528.68 15.06
3797.03 7.23 1562.65 16.61
3813.56 7.21 1598.59 20.69
3829.87 7.13 1632.65 16.83
3846.21 7.27 1670.43 17.09
3862.78 7.15 1708.31 18.30
3879.09 7.23 1745.28 17.62
3895.53 7.24 1782.81 17.45
3911.90 7.13 1821.00 17.29
3928.18 7.29 1858.62 17.71
3944.78 7.15 1896.34 17.83
3961.09 7.23 1933.65 20.64
3977.59 7.25 1969.93 17.07
3994.06 7.12 2007.25 17.05
4010.37 7.28 2041.53 17.60
4026.90 7.17 2075.75 16.45
4043.15 7.24 2109.65 16.26
4059.65 7.24 2141.71 14.84
4076.06 7.12 2171.59 15.07
4092.40 7.28 2201.50 15.55
4108.87 7.16 2228.81 13.54
4125.12 7.09 2256.34 12.37
4141.59 7.24 2278.31 12.03
4158.12 7.10 2299.71 11.03
4174.43 7.19 2321.15 11.10
4190.96 7.15 2336.81 12.81
4207.25 7.07 2353.53 8.80
4223.84 7.31 2366.50 10.02
4240.31 7.17 2377.96 8.23
4256.68 7.26 2386.71 7.27
4273.15 7.25 2393.81 7.61
4289.43 7.15 2397.43 6.29
4305.84 7.28 2399.75 6.43
4322.34 7.16 2397.75 6.82
4338.71 7.23 2396.53 6.05
4355.15 7.25 2392.34 6.96
4371.56 7.17 2383.00 10.31
4388.00 7.35 2375.25 7.55
4404.46 7.20 2363.96 8.08
4420.68 7.28 2350.28 7.97
4437.34 7.27 2334.65 8.86
4453.71 7.17 2317.56 9.36
4470.25 7.34 2297.68 10.59
4486.84 7.61 2277.12 11.78
4503.09 7.70 2254.71 12.91
4519.62 7.69 2229.90 14.27
4536.00 7.76 2205.31 15.50
4552.34 7.75 2179.46 13.70
4568.81 7.65 2150.21 15.58
4585.12 7.70 2122.03 15.64
4601.62 7.71 2092.18 16.04
4617.93 7.61 2061.53 16.40
4634.28 7.71 2031.56 16.04
4650.84 7.64 1998.56 17.18
4667.12 7.71 1967.06 16.34
4683.59 7.76 1935.43 14.15
4699.96 7.60 1902.00 16.94
4716.31 7.69 1870.50 19.44
4732.87 7.66 1838.81 17.11
4749.15 7.73 1807.18 16.87
4765.56 7.78 1776.43 17.20
4782.15 7.61 1745.65 16.43
4798.50 7.71 1715.12 16.61
4814.96 7.70 1687.18 15.92
4831.31 7.72 1658.50 16.48
4847.68 7.75 1633.71 16.25
4864.21 7.64 1606.09 15.27
4880.53 7.73 1583.09 14.42
4897.00 7.70 1560.25 14.38
4913.40 7.74 1539.37 13.84
4929.68 7.79 1519.93 12.99
4946.18 7.65 1501.09 12.07
4962.56 7.71 1486.96 20.16
4979.03 7.71 1469.96 11.11
4995.43 7.80 1457.90 10.47
5011.71 7.78 1446.56 9.57
5028.18 7.69 1438.62 8.98
5044.78 7.74 1431.96 8.22
5061.18 7.73 1425.68 7.67
5077.50 7.68 1423.40 8.78
5093.87 7.79 1421.12 8.26
5110.31 7.70 1421.90 6.79
5126.71 7.77 1424.90 7.34
5143.12 7.78 1429.34 6.87
5159.56 7.66 1435.96 7.82
5175.90 7.78 1444.18 7.49
5192.40 7.73 1455.25 9.49
5208.75 7.80 1466.71 8.64
5225.15 7.83 1478.87 10.33
5241.68 7.71 1493.87 8.57
5258.00 7.82 1511.31 9.11
5274.40 7.80 1528.46 10.06
5290.81 7.82 1548.90 10.52
5307.18 7.82 1569.06 10.84
5323.68 7.69 1590.65 12.25
5340.25 7.91 1613.62 13.39
5356.65 7.86 1637.40 14.24
5373.15 7.92 1661.37 13.92
5389.65 8.08 1687.62 14.04
5406.12 7.94 1714.65 15.82
5422.43 8.03 1740.00 14.90
5439.12 8.09 1767.21 15.41
5455.46 8.12 1793.78 15.56
5471.81 8.14 1821.84 15.96
5488.37 8.14 1849.43 15.42
5504.68 8.22 1876.12 15.69
5521.15 8.23 1904.21 17.55
5537.53 8.26 1927.68 16.47
5553.90 8.31 1954.75 13.07
5570.37 8.18 1981.93 16.25
5586.75 8.26 2006.43 14.93
5603.15 8.25 2030.09 14.73
5619.62 8.29 2055.25 16.51
5635.87 8.29 2076.96 14.24
5652.50 8.16 2098.75 14.28
5668.84 8.23 2118.46 14.84
5685.18 8.28 2136.25 12.92
5701.78 8.24 2154.59 12.81
5718.00 8.23 2170.90 12.37
5734.75 8.44 2184.96 12.49
5751.12 8.49 2198.96 12.98
5767.37 8.50 2211.00 10.24
5784.03 8.53 2219.96 13.02
5800.21 8.47 2230.09 9.09
5816.65 8.49 2238.40 11.56
5833.12 8.46 2241.56 12.19
5849.37 8.48 2246.53 8.96
5866.06 8.47 2248.15 8.76
5882.34 8.52 2249.18 6.86
5898.81 8.56 2247.90 6.82
5915.21 8.53 2245.18 6.72
5931.46 8.55 2240.62 6.55
5948.03 8.47 2235.87 6.33
5964.37 8.52 2226.09 8.78
5980.81 8.54 2218.34 6.68
5997.25 8.58 2208.09 6.57
6013.50 8.57 2197.09 7.75
6030.06 8.50 2182.90 8.52
6046.43 8.54 2168.96 9.46
6062.84 8.55 2154.15 11.12
6079.28 8.58 2135.15 8.58
6095.46 8.54 2119.15 9.96
6112.06 8.52 2101.15 9.83
6128.40 8.55 2080.53 11.12
6144.71 8.59 2059.84 11.42
6161.40 8.56 2039.50 12.72
6177.62 8.52 2017.96 12.84
6194.25 8.51 1994.59 12.62
6210.56 8.55 1971.40 13.61
6226.84 8.58 1950.28 13.52
6243.56 8.63 1926.50 13.94
6259.75 8.58 1906.25 19.72
6276.25 8.62 1880.50 13.36
6292.65 8.57 1857.87 13.69
6309.03 8.57 1835.68 13.66
6325.59 8.49 1812.62 12.83
6341.87 8.56 1791.09 13.51
6358.34 8.61 1770.12 13.04
6374.81 8.61 1749.25 13.42
6391.06 8.60 1728.00 11.74
6407.68 8.53 1710.40 15.68
6423.93 8.60 1690.03 14.15
6440.40 8.66 1671.59 13.25
6456.81 8.69 1652.90 20.45
6473.03 8.65 1639.75 10.30
6489.84 9.34 1625.18 10.94
6506.15 9.40 1612.34 11.62
6522.56 9.43 1599.87 9.28
6539.00 9.48 1587.56 16.20
6555.21 9.43 1578.53 8.89
6571.84 9.39 1569.12 8.50
6588.15 9.43 1563.84 8.31
6604.56 9.44 1557.75 8.03
6621.00 9.46 1552.25 7.86
6637.18 9.41 1550.78 7.65
6653.84 9.41 1547.12 7.77
6670.15 9.43 1548.87 6.90
6686.53 9.47 1550.25 6.72
6703.03 9.46 1552.75 7.63
6719.25 9.45 1557.65 7.34
6735.84 9.45 1562.12 7.56
6752.18 9.47 1569.75 8.87
6768.50 9.53 1576.53 8.39
6785.06 9.50 1585.93 8.74
6801.28 9.45 1595.78 9.61
6817.75 9.50 1605.93 9.95
6834.21 9.47 1619.62 11.53
6850.46 9.51 1632.40 11.10
6867.06 9.53 1646.65 12.98
6883.31 9.47 1662.75 11.87
6899.78 9.51 1677.06 15.89
6916.21 9.49 1694.78 13.18
6932.40 9.54 1711.93 13.37
6949.00 9.41 1729.62 14.29
6965.31 9.47 1748.56 15.77
6981.78 9.51 1766.81 14.22
6998.31 9.55 1788.87 17.39
7014.46 9.52 1807.65 17.39
7031.06 9.47 1823.53 15.45
7047.43 9.50 1844.68 14.39
7063.90 9.54 1863.50 16.86
7080.25 9.54 1884.56 13.89
7096.43 9.50 1902.37 14.67
7113.03 9.49 1922.03 14.59
7129.37 9.52 1939.09 15.68
7145.87 9.58 1957.84 14.07
7162.25 9.54 1975.43 14.16
7178.46 9.51 1991.15 13.28
7195.15 9.55 2009.46 12.76
7211.56 9.60 2025.18 13.33
7227.84 9.64 2038.34 11.86
7244.40 9.63 2053.06 11.56
7260.62 9.59 2063.75 22.36
7277.09 9.61 2077.87 11.13
7293.59 9.61 2089.50 10.83
7309.90 9.64 2099.12 11.35
7326.50 9.70 2108.68 8.87
7342.71 9.63 2116.62 8.97
7359.21 9.67 2122.37 9.16
7375.78 9.72 2127.87 9.76
7392.09 9.78 2132.56 6.82
7408.59 9.66 2134.12 17.13
7424.90 9.74 2138.18 7.40
7441.40 9.80 2140.81 5.92
7457.81 9.79 2140.37 5.92
7474.03 9.77 2138.34 5.68
7490.71 9.95 2133.93 7.26
7506.93 9.87 2132.46 6.15
7523.37 9.90 2126.90 7.32
7539.78 9.94 2122.56 7.24
7556.15 9.99 2115.43 10.09
7572.81 10.04 2106.00 7.85
7589.06 9.96 2098.06 9.76
7605.56 9.99 2089.68 14.87
7621.90 10.01 2075.93 10.42
7638.12 9.97 2065.68 9.03
7654.78 10.06 2053.90 11.86
7671.09 9.96 2039.65 12.05
7687.43 10.03 2025.93 12.84
7703.90 10.01 2012.65 13.14
7720.25 10.09 1996.68 11.96
7736.75 10.03 1982.37 12.70
7753.18 10.09 1965.78 13.33
7769.40 10.07 1950.53 12.64
7786.00 10.14 1934.53 13.34
7802.21 10.07 1916.81 13.70
7818.68 10.09 1901.06 13.34
7835.15 10.08 1884.21 16.03
7851.40 10.07 1868.25 13.65
7868.18 10.33 1854.18 15.78
7884.46 10.28 1836.43 14.11
7900.90 10.28 1821.03 14.01
7917.40 10.29 1804.53 13.50
7933.59 10.30 1789.09 13.80
7950.18 10.33 1775.87 14.93
7966.46 10.28 1760.53 16.39
7982.84 10.26 1747.09 13.06
7999.40 10.35 1732.96 14.27
8015.59 10.33 1721.09 11.39
8032.15 10.36 1709.84 11.53
8048.50 10.29 1698.43 10.91
8064.87 10.27 1689.59 10.35
8081.37 10.37 1679.78 9.90
8097.56 10.32 1672.15 9.46
8114.12 10.38 1665.21 10.47
8130.46 10.31 1656.56 9.95
8146.81 10.29 1651.00 9.30
8163.31 10.36 1648.84 7.92
8179.56 10.32 1644.96 7.91
8196.09 10.27 1641.84 6.16
8212.50 10.33 1639.46 7.83
8228.75 10.32 1640.28 5.22
8245.53 10.52 1639.40 5.89
8261.81 10.52 1642.09 7.95
8278.25 10.51 1643.25 6.20
8294.71 10.50 1647.03 5.26
8311.15 10.48 1651.65 9.55
8327.68 10.54 1656.50 5.87
8344.03 10.54 1662.18 6.07
8360.43 10.49 1670.09 7.34
8376.93 10.53 1676.25 8.28
8393.21 10.55 1687.43 12.05
8409.71 10.56 1697.21 12.92
8426.06 10.55 1706.00 9.20
8442.50 10.53 1715.84 9.03
8458.93 10.58 1726.40 9.74
8475.15 10.58 1738.28 10.27
8491.78 10.70 1751.71 10.36
8508.09 10.67 1763.15 11.07
8524.50 10.65 1776.18 10.32
8540.93 10.72 1791.65 18.99
8557.18 10.72 1803.34 12.22
8573.78 10.75 1816.68 12.12
8590.06 10.68 1830.09 12.20
8606.50 10.65 1843.03 14.38
8622.87 10.74 1858.81 12.27
8639.15 10.72 1871.43 13.62
8655.71 10.74 1885.28 12.20
8672.03 10.68 1900.68 17.65
8688.43 10.73 1912.28 12.95
8704.87 10.70 1924.90 10.88
8721.18 10.76 1939.28 12.82
8737.75 10.83 1950.68 13.42
8754.06 10.72 1962.68 11.77
8770.37 10.74 1973.71 11.62
8786.87 10.75 1985.65 12.98
8803.18 10.76 1995.65 11.42
8819.65 10.87 2005.09 11.90
8836.06 10.72 2016.68 17.39
8852.40 10.81 2022.84 11.18
8868.90 10.83 2029.93 13.81
8885.21 10.80 2038.06 12.42
8901.65 10.80 2043.15 9.65
8918.09 10.76 2048.34 8.92
8934.31 10.83 2053.68 8.26
8950.90 10.83 2056.78 9.10
8967.21 10.80 2059.09 8.67
8983.59 10.76 2061.50 7.81
9000.25 10.92 2062.87 8.28
9016.53 10.97 2063.34 7.63
9033.09 11.00 2060.78 9.16
9049.37 10.89 2061.50 7.51
9065.81 10.90 2059.78 7.47
9082.21 10.94 2055.62 7.24
9098.53 10.97 2052.31 7.04
9115.06 11.02 2047.12 9.08
9131.28 10.88 2043.62 8.99
9147.78 10.94 2036.87 7.77
9164.18 10.94 2028.56 8.05
9180.53 10.97 2023.59 10.50
9197.21 11.20 2013.87 8.66
9213.53 11.08 2005.71 7.72
9229.90 11.18 1996.46 8.25
9246.37 11.14 1986.28 9.86
9262.75 11.20 1977.09 9.22
9279.18 11.29 1967.62 10.11
9295.53 11.11 1955.56 10.36
9311.90 11.18 1945.37 10.66
9328.53 11.30 1934.31 11.69
9344.90 11.36 1922.00 9.97
9361.31 11.31 1908.56 11.18
9377.96 11.49 1898.21 10.76
9394.28 11.54 1886.56 11.12
9410.75 11.51 1875.65 10.98
9427.21 11.61 1862.09 13.65
9443.53 11.51 1851.56 11.37
9460.03 11.58 1842.68 18.58
9476.40 11.83 1827.84 10.80
9492.84 11.65 1817.15 11.49
9509.25 11.80 1805.65 12.03
9525.56 11.74 1796.87 10.42
9542.03 11.79 1786.93 10.38
9558.37 11.85 1777.40 10.80
9574.81 11.69 1768.25 9.57
9591.18 11.79 1759.65 11.26
9607.56 11.74 1751.75 12.92
9624.00 11.79 1743.84 8.64
9640.37 11.85 1738.25 10.25
9656.78 11.71 1730.59 8.38
9673.15 11.76 1725.62 8.28
9689.50 11.81 1719.87 7.54
9705.93 11.65 1714.06 14.56
9722.50 12.07 1711.75 8.47
9738.90 11.94 1709.56 6.93
9755.28 11.98 1706.71 7.62
9771.62 12.07 1704.81 6.51
9788.06 11.85 1704.59 7.47
9804.43 12.04 1704.28 6.73
9820.84 12.00 1705.62 7.09
9837.28 11.98 1707.90 7.77
9853.71 12.18 1708.56 7.31
9870.12 11.97 1711.87 7.03
9886.53 12.14 1715.40 7.54
9902.90 12.11 1720.71 8.04
9919.37 12.08 1723.65 7.58
9935.65 12.15 1729.06 7.83
9952.09 11.98 1735.93 8.85
9968.50 12.12 1743.34 10.54
9984.93 12.17 1748.25 7.75
10001.40 12.16 1756.37 8.35
10017.68 12.22 1762.40 7.76
10034.12 12.07 1768.03 12.76
10050.56 12.16 1779.53 9.87
10066.90 12.15 1789.40 9.74
10083.37 12.19 1799.15 11.70
10099.68 12.22 1808.21 11.07
10116.09 12.09 1818.78 12.37
10132.50 12.15 1825.84 10.35
10148.87 12.19 1835.84 11.16
10165.28 12.05 1847.18 10.18
10181.75 12.29 1856.34 10.66
10198.15 12.20 1866.62 9.42
10214.56 12.22 1876.06 10.32
10230.87 12.33 1886.37 10.25
10247.37 12.17 1894.81 9.65
10263.71 12.29 1904.96 9.21
10280.12 12.30 1914.90 9.60
10296.62 12.28 1925.25 11.66
10312.87 12.33 1932.53 8.58
10329.37 12.22 1940.40 8.18
10345.71 12.33 1947.71 8.94
10362.18 12.36 1957.37 8.28
10378.65 12.32 1963.84 7.36
10394.90 12.35 1969.18 8.84
10411.34 12.23 1975.53 10.09
10427.81 12.42 1982.65 8.83
10444.21 12.38 1985.68 8.44
10460.59 12.35 1991.87 6.61
10476.90 12.51 1996.62 7.68
10493.43 12.37 2000.06 6.50
10509.78 12.45 2003.65 6.79
10526.18 12.48 2005.93 8.37
10542.59 12.47 2007.00 6.82
10558.90 12.51 2007.78 7.22
10575.37 12.39 2008.78 7.18
10591.75 12.47 2010.43 13.06
10608.15 12.46 2007.31 11.98
10624.56 12.48 2007.06 7.08
10640.90 12.51 2004.40 7.58
10657.34 12.41 2002.71 6.77
10673.71 12.44 1999.28 7.17
10690.06 12.52 1996.18 7.62
10706.56 12.48 1992.43 8.98
10722.90 12.57 1988.96 12.76
10739.34 12.47 1982.53 8.29
10755.75 12.49 1976.62 9.14
10772.00 12.52 1971.78 10.71
10788.59 12.53 1964.96 8.85
10804.87 12.57 1956.78 12.36
10821.28 12.53 1950.31 10.68
10837.75 12.49 1941.56 12.87
10854.15 12.73 1935.87 10.92
10870.68 12.73 1928.37 13.88
10887.00 12.74 1920.21 11.51
10903.43 12.74 1911.50 11.10
10919.84 12.67 1903.59 11.12
10936.09 12.78 1895.28 13.22
10952.62 12.63 1887.43 12.28
10968.96 12.70 1877.87 12.04
10985.46 12.81 1870.93 12.25
11001.87 12.77 1861.21 12.44
11018.15 12.83 1852.96 11.76
11034.62 12.70 1848.12 19.41
11051.03 12.76 1837.59 10.43
11067.37 12.73 1829.28 10.44
11083.84 12.79 1822.56 12.05
11100.15 12.83 1814.65 10.31
11116.59 12.73 1805.71 13.22
11132.96 12.76 1802.40 13.00
11149.31 12.75 1794.81 10.64
11165.78 12.77 1789.21 9.28
11182.21 12.90 1784.68 12.23
11198.62 12.81 1779.34 10.69
11215.03 12.83 1773.46 8.82
11231.34 12.92 1769.71 8.25
11247.93 12.93 1765.28 7.67
11264.21 12.93 1760.62 9.22
11280.65 12.97 1758.68 7.02
11297.09 12.89 1756.09 6.93
11313.34 12.92 1753.68 7.74
11329.90 12.95 1753.06 5.59
11346.18 12.93 1752.12 6.13
11362.65 12.97 1751.84 6.42
11379.12 12.93 1752.28 5.44
11395.37 12.96 1753.37 9.27
11411.87 12.89 1755.00 5.98
11428.37 13.09 1755.43 6.68
11444.78 13.05 1758.96 7.46
11461.21 13.09 1761.09 7.65
11477.59 13.40 1764.18 5.42
11494.12 13.32 1767.81 6.15
11510.43 13.29 1770.68 7.06
11526.81 13.32 1774.46 6.77
11543.25 13.32 1780.18 7.20
11559.56 13.43 1786.18 7.64
11576.09 13.36 1790.96 8.85
11592.40 13.32 1796.71 8.54
11608.78 13.32 1801.87 8.89
11625.18 13.30 1807.21 12.55
11641.56 13.43 1815.09 9.06
11658.06 13.38 1821.59 8.83
11674.40 13.32 1829.12 9.47
11690.71 13.39 1834.71 8.53
11707.18 13.30 1841.25 10.76
11723.46 13.29 1846.50 20.49
11740.00 13.36 1857.65 10.70
11756.37 13.28 1865.00 10.29
11772.65 13.40 1872.06 9.98
11789.18 13.30 1878.25 9.94
11805.43 13.29 1887.84 17.35
11821.90 13.39 1892.37 10.25
11838.34 13.25 1898.12 9.55
11854.65 13.43 1905.15 10.27
11871.18 13.36 1908.84 14.44
11887.50 13.39 1918.00 10.32
11903.90 13.40 1924.50 9.75
11920.34 13.30 1929.37 9.35
11936.62 13.45 1933.71 8.40
11953.15 13.37 1939.21 9.16
11969.50 13.39 1943.56 9.17
11985.96 13.50 1947.75 8.81
12002.40 13.44 1952.84 7.93
12018.68 13.57 1956.18 7.60
12035.25 13.53 1958.00 9.91
12051.59 13.48 1960.90 7.47
12067.93 13.50 1964.75 7.52
12084.37 13.46 1965.62 6.63
12100.68 13.57 1968.40 8.05
12117.18 13.52 1969.40 7.78
12133.53 13.46 1969.53 14.04
12149.90 13.54 1969.00 10.05
12166.34 13.47 1969.28 6.03
12182.75 13.59 1968.56 6.94
12199.21 13.62 1967.87 5.46
12215.59 13.54 1965.09 6.01
12231.93 13.73 1963.56 5.94
12248.46 13.62 1960.81 6.39
12264.75 13.63 1959.12 7.09
12281.18 13.71 1955.96 6.56
12297.59 13.55 1952.37 6.05
12313.87 13.67 1948.25 8.65
12330.43 13.64 1944.71 7.25
12346.71 13.63 1939.40 6.68
12363.25 13.79 1934.65 11.62
12379.71 13.68 1930.87 7.06
12395.93 13.75 1924.87 8.99
12412.50 13.76 1919.40 8.76
12428.81 13.73 1915.71 9.69
12445.31 13.84 1908.62 8.13
12461.65 13.73 1904.06 8.08
12477.93 13.92 1898.09 9.24
12494.56 13.89 1889.75 8.88
12510.84 13.83 1885.71 8.89
12527.28 13.92 1879.12 9.05
12543.65 13.85 1873.34 9.18
12559.93 13.92 1866.46 9.52
12576.50 13.89 1861.50 9.21
12592.78 13.81 1854.87 9.72
12609.25 13.92 1849.75 9.63
12625.62 13.86 1842.06 14.66
12641.93 13.92 1838.09 9.55
12658.46 13.91 1832.84 9.08
12674.78 13.81 1827.68 8.75
12691.12 13.92 1823.15 8.23
12707.62 13.86 1820.46 10.60
12723.90 13.93 1814.43 14.57
12740.43 13.92 1809.43 10.78
12756.78 13.81 1806.65 8.22
12773.06 13.93 1803.43 8.48
12789.62 13.86 1799.25 8.27
12805.87 13.93 1794.71 11.44
12822.34 13.94 1795.00 9.93
12838.78 13.81 1791.43 7.79
12855.00 13.88 1789.96 7.06
12871.62 13.92 1788.15 8.00
12887.87 13.93 1786.03 6.98
12904.37 13.99 1785.43 6.97
12920.75 13.84 1785.84 6.80
12936.93 13.92 1785.09 9.02
12953.59 13.93 1785.15 6.89
12969.84 13.83 1786.50 8.00
12986.31 13.96 1787.78 8.17
13002.75 13.91 1788.12 6.94
13018.96 13.95 1790.06 6.66
13035.59 14.00 1791.87 9.88
13051.87 13.87 1795.00 9.11
13068.28 13.96 1797.09 7.00
13084.71 13.93 1799.21 7.42
13100.96 13.95 1803.90 6.74
13117.56 14.02 1806.28 7.96
13133.84 13.89 1808.34 19.16
13150.21 13.96 1814.75 7.49
13166.68 13.94 1818.03 7.48
13183.00 14.00 1823.96 8.91
13199.56 14.08 1826.90 7.33
13215.87 13.93 1831.18 8.08
13232.31 14.23 1837.09 7.13
13248.87 14.17 1840.43 7.60
13265.12 14.19 1846.96 7.51
13281.59 14.25 1852.06 7.72
13298.03 14.12 1857.78 9.68
13314.25 14.18 1862.34 7.88
13330.84 14.18 1865.00 10.44
13347.09 14.19 1872.18 8.12
13363.62 14.29 1878.25 11.10
13380.06 14.16 1881.90 8.22
13396.28 14.21 1887.56 7.49
13412.84 14.23 1892.34 7.97
13429.09 14.13 1895.31 8.91
13445.59 14.24 1900.31 8.07
13462.00 14.20 1905.96 8.81
13478.40 14.74 1908.75 8.11
13494.96 14.70 1913.68 7.39
13511.25 14.64 1915.62 7.76
13527.71 14.76 1919.84 9.22
13544.12 14.72 1923.59 7.99
13560.34 14.73 1926.06 7.21
13576.93 14.73 1929.09 7.25
13593.21 14.66 1932.37 8.58
13609.65 14.72 1934.37 7.11
13626.06 14.71 1936.18 14.45
13642.31 14.62 1936.50 6.12
13658.90 14.75 1935.25 18.52
13675.21 14.66 1939.21 7.37
13691.56 14.76 1939.81 6.72
13708.06 14.71 1940.68 6.85
13724.28 14.63 1940.81 7.41
13740.87 14.76 1938.93 9.39
13757.21 14.66 1938.12 9.69
13773.50 14.77 1937.96 7.49
13790.06 14.71 1937.37 6.86
13806.25 14.64 1935.75 7.51
13822.78 14.79 1934.15 7.23
13839.21 14.66 1932.31 7.95
13855.46 14.76 1928.53 10.06
13872.03 14.73 1927.18 8.61
13888.25 14.64 1923.93 8.26
13904.78 14.79 1921.53 7.85
13921.18 14.67 1916.56 12.53
13937.43 14.78 1914.56 9.29
13953.96 14.70 1910.31 11.26
13970.25 14.64 1908.31 8.48
13986.93 15.03 1903.53 8.21
14003.34 14.94 1899.43 9.05
14019.53 14.96 1895.09 8.24
14036.12 14.97 1890.56 12.90
14052.43 14.87 1886.21 11.02
14068.87 14.99 1883.37 8.79
14085.28 14.94 1877.71 11.22
14101.50 14.86 1872.75 8.94
14118.09 14.99 1870.15 7.76
14134.40 14.90 1866.84 13.25
14150.78 14.96 1859.53 12.00
14167.25 14.95 1857.00 8.09
14183.68 15.13 1852.12 7.89
14200.25 15.27 1848.25 7.72
14216.59 15.17 1845.87 8.98
14232.90 15.32 1841.00 7.69
14249.46 15.25 1837.90 7.54
14265.68 15.17 1833.78 7.58
14282.21 15.37 1830.81 7.52
14298.62 15.20 1827.12 7.61
14314.87 15.31 1824.09 6.99
14331.43 15.27 1823.87 11.08
14347.65 15.18 1819.31 7.05
14364.34 15.53 1815.09 15.42
14380.78 15.41 1814.50 7.98
14397.03 15.51 1813.12 5.68
14413.56 15.49 1810.34 8.27
14429.81 15.38 1812.53 8.12
14446.31 15.49 1811.18 9.98
14462.71 15.45 1809.75 6.73
14478.96 15.61 1807.34 8.67
14495.59 15.58 1808.56 5.67
14511.87 15.58 1809.59 6.52
14528.31 15.60 1809.21 7.51
14544.71 15.57 1807.81 7.43
14560.96 15.61 1810.96 5.65
14577.53 15.57 1813.15 8.27
14593.81 15.51 1812.46 6.89
14610.25 15.56 1813.90 7.19
14626.65 15.56 1815.50 8.06
14642.93 15.56 1818.18 6.84
14659.46 15.56 1819.68 8.12
14675.81 15.51 1821.81 7.80
14692.18 15.63 1823.87 7.11
14708.65 15.56 1827.59 7.72
14724.90 15.57 1830.93 8.59
14741.43 15.57 1834.50 8.42
14757.81 15.51 1836.96 9.61
14774.12 15.64 1840.15 8.45
14790.65 15.56 1843.81 8.86
14806.87 15.58 1847.31 9.08
14823.37 15.63 1850.71 9.46
14839.81 15.51 1853.62 9.20
14856.09 15.63 1858.75 10.08
14872.62 15.57 1860.78 9.95
14888.87 15.58 1864.78 9.72
14905.34 15.59 1869.28 8.52
14921.78 15.51 1874.06 11.66
14938.00 15.65 1876.31 8.91
14954.59 15.58 1880.03 9.07
14970.87 15.58 1882.37 8.78
14987.37 15.68 1885.43 8.80
15003.78 15.59 1889.75 8.57
15020.00 15.66 1892.71 9.13
15036.56 15.62 1894.93 9.72
15052.87 15.53 1897.81 10.67
15069.34 15.69 1901.12 8.88
15085.71 15.59 1907.31 16.56
15101.96 15.61 1907.31 8.09
15118.50 15.60 1907.00 11.33
15134.84 15.55 1910.34 10.00
15151.28 15.68 1914.56 16.73
15167.68 15.60 1914.03 7.27
15184.03 15.71 1914.96 7.57
15200.50 15.66 1916.75 7.19
15216.87 15.60 1918.78 6.23
15233.21 15.77 1918.46 7.42
15249.75 15.69 1921.31 10.32
15266.03 15.76 1922.21 18.49
15282.50 15.80 1920.06 8.68
15298.90 15.64 1919.43 5.63
15315.18 15.76 1919.59 5.67
15331.71 15.71 1918.12 6.73
15348.00 15.76 1916.37 11.59
15364.50 15.80 1919.25 10.12
15380.93 15.68 1915.46 5.48
15397.18 15.78 1914.84 6.25
15413.71 15.76 1914.84 7.17
15430.00 15.76 1911.12 5.89
15446.50 15.80 1907.00 15.37
15462.87 15.72 1906.75 10.87
15479.15 15.79 1905.50 7.47
15495.75 15.86 1902.59 6.91
15512.00 15.76 1897.75 18.98
15528.46 15.81 1896.21 8.47
15544.87 15.84 1895.31 7.56
15561.12 15.81 1890.75 12.29
15577.71 15.89 1888.09 8.79
15593.96 15.78 1886.21 8.26
15610.40 15.78 1882.43 9.32
15626.81 15.83 1880.78 9.91
15643.09 15.79 1877.81 9.09
15659.68 15.91 1873.46 8.83
15675.96 15.78 1871.06 8.72
15692.31 15.80 1868.12 8.66
15708.81 15.83 1865.03 10.56
15725.06 15.80 1863.53 9.96
15741.62 15.88 1859.71 9.19
15757.96 15.78 1856.46 8.16
15774.25 15.81 1856.59 12.58
15790.81 15.83 1850.40 8.44
15807.03 15.81 1847.40 8.32
15823.53 15.90 1845.28 9.10
15839.96 15.78 1842.90 8.64
15856.21 15.81 1839.90 8.56
15872.78 15.85 1838.21 9.28
15889.00 15.76 1836.96 8.73
15905.53 15.90 1834.34 8.20
15921.93 15.79 1832.68 8.22
15938.18 15.83 1830.68 10.42
15954.75 15.86 1830.46 7.71
15971.00 15.76 1830.43 9.95
15987.50 15.86 1827.87 8.68
16003.93 15.87 1827.09 7.86
16020.15 15.86 1826.34 7.42
16036.75 15.94 1827.53 12.01
16053.03 15.80 1825.90 8.30
16069.46 15.86 1825.65 6.88
16085.87 15.87 1826.65 8.91
16102.12 15.83 1825.93 7.00
16118.71 15.96 1829.37 14.69
16135.00 15.83 1828.93 14.38
16151.40 15.86 1825.90 8.50
16167.84 15.88 1829.00 6.55
16184.15 15.89 1829.03 9.20
16200.68 15.98 1832.28 6.02
16217.03 15.88 1832.81 6.50
16233.34 15.95 1834.96 7.07
16249.87 15.93 1837.59 7.47
16266.12 15.90 1837.53 10.91
16282.62 16.04 1842.56 10.19
16299.03 15.88 1843.21 6.58
16315.31 15.95 1844.96 7.04
16331.84 15.95 1846.28 9.48
16348.09 15.90 1852.75 17.74
16364.65 16.08 1853.06 8.16
16381.06 15.92 1854.87 7.42
16397.31 15.95 1856.18 12.32
16413.81 15.96 1859.50 6.75
16430.12 15.95 1862.31 6.60
16446.62 15.98 1866.12 7.74
16463.00 15.96 1867.46 8.67
16479.21 15.96 1870.03 7.37
16495.81 15.96 1872.59 9.20
16512.12 15.95 1875.00 7.58
16528.59 16.05 1878.18 7.08
16544.96 15.98 1880.21 7.53
16561.21 15.96 1882.56 9.35
16577.78 15.99 1884.81 7.20
16594.06 15.92 1887.15 7.55
16610.50 15.92 1889.03 7.94
16626.90 15.97 1891.03 7.40
16643.21 15.96 1893.25 8.12
16659.75 16.01 1895.37 7.99
16676.06 15.92 1897.12 6.71
16692.43 15.99 1897.50 7.65
16708.90 15.97 1899.00 7.05
16725.18 15.97 1901.09 8.53
16741.71 16.02 1901.81 8.40
16758.06 15.92 1903.50 6.72
16774.37 16.00 1900.34 16.83
16790.90 15.97 1904.56 7.64
