1.87 0.33 1890.46 26.03
19.59 6.20 1822.71 25.17
35.90 6.32 1756.25 25.96
52.28 6.25 1690.68 25.99
68.81 6.34 1626.87 24.63
85.28 6.40 1562.53 24.54
101.90 6.29 1500.59 23.83
118.18 6.39 1441.12 22.27
134.56 6.35 1387.78 27.09
151.09 6.42 1330.43 20.43
167.28 6.37 1277.09 21.10
183.90 6.29 1229.78 20.72
200.25 6.38 1183.28 19.91
216.62 6.34 1139.53 18.21
233.15 6.41 1099.21 17.38
249.43 6.37 1063.53 17.92
266.06 6.28 1030.78 16.80
282.40 6.38 1000.34 14.72
298.75 6.33 975.00 15.23
315.25 6.42 955.28 13.78
331.50 6.36 936.59 12.73
348.12 6.28 923.59 12.75
364.62 6.39 913.53 13.78
381.00 6.33 908.59 12.62
397.46 6.26 905.87 17.57
413.78 6.37 909.78 13.52
430.28 6.31 915.50 13.38
446.78 6.37 926.18 15.08
463.00 6.33 939.84 15.42
479.59 6.24 957.31 15.86
495.87 6.34 976.37 17.21
512.34 6.29 1003.25 16.98
528.93 6.33 1030.59 19.29
545.12 6.31 1062.84 18.81
561.90 6.24 1096.90 19.67
578.15 6.35 1134.31 19.39
594.62 6.29 1174.06 20.20
611.18 6.34 1216.09 20.68
627.37 6.32 1260.03 21.25
644.06 6.20 1306.87 21.72
660.34 6.30 1355.59 22.39
676.75 6.26 1404.59 22.29
693.31 6.31 1455.40 21.87
709.71 6.31 1509.46 23.18
726.28 6.21 1562.06 23.52
742.62 6.31 1615.15 23.07
759.06 6.42 1670.12 22.11
775.59 6.47 1724.56 24.58
791.81 6.45 1778.75 23.32
808.31 6.37 1834.31 22.44
824.90 6.46 1887.03 20.66
841.25 6.44 1940.03 22.31
857.81 6.49 1990.71 21.47
874.03 6.47 2043.00 20.15
890.53 6.37 2091.81 20.10
906.93 6.45 2139.00 19.98
923.18 6.45 2185.15 19.01
939.75 6.48 2227.46 18.64
956.00 6.45 2271.34 18.14
972.50 6.38 2309.00 16.59
988.96 6.44 2347.00 16.24
1005.21 6.44 2380.06 16.35
1021.87 6.46 2410.93 15.47
1038.21 6.42 2440.37 14.09
1054.68 6.33 2466.31 13.72
1071.15 6.47 2489.28 12.86
1087.43 6.44 2508.12 11.94
1104.09 6.36 2525.81 11.69
1120.43 6.47 2537.03 14.20
1136.84 6.42 2546.12 14.01
1153.37 6.45 2555.40 11.08
1169.62 6.43 2559.03 10.17
1186.15 6.33 2558.28 12.80
1202.56 6.43 2557.03 13.82
1219.00 6.37 2549.50 12.06
1235.56 6.45 2539.12 13.66
1251.81 6.42 2529.34 11.67
1268.28 6.34 2512.59 12.60
1284.71 6.42 2496.34 13.19
1301.09 6.37 2475.93 15.45
1317.68 6.41 2451.43 16.12
1334.06 6.41 2425.65 14.97
1350.56 6.32 2397.37 15.36
1366.93 6.40 2366.71 17.20
1383.28 6.36 2334.62 16.86
1399.84 6.42 2299.21 17.67
1416.09 6.38 2263.96 17.15
1432.65 6.30 2223.78 18.87
1449.15 6.39 2186.40 18.70
1465.46 6.34 2145.28 19.20
1482.09 6.39 2103.93 18.18
1498.37 6.33 2061.68 18.47
1514.87 6.25 2019.21 18.27
1531.37 6.34 1974.59 19.35
1547.65 6.30 1930.15 18.86
1564.28 6.21 1887.59 18.26
1580.56 6.35 1844.78 18.33
1597.00 6.25 1799.50 16.74
1613.43 6.34 1757.53 17.11
1629.75 6.29 1716.84 15.84
1646.31 6.18 1672.71 16.79
1662.65 6.31 1634.87 17.42
1679.18 6.23 1595.12 14.33
1695.65 6.31 1557.03 15.75
1711.93 6.30 1521.37 14.20
1728.50 6.19 1486.59 13.08
1744.84 6.28 1453.65 13.10
1761.21 6.40 1423.40 13.37
1777.78 6.45 1394.87 11.23
1794.06 6.41 1367.40 11.74
1810.62 6.50 1345.18 9.18
1826.90 6.45 1321.62 10.75
1843.21 6.41 1304.06 13.82
1859.81 6.46 1287.56 11.99
1876.15 6.39 1271.68 10.71
1892.75 6.29 1258.18 9.27
1909.00 6.42 1248.93 9.01
1925.34 6.37 1242.28 7.99
1941.93 6.43 1238.78 8.19
1958.12 6.40 1236.71 10.02
1974.65 6.29 1237.43 11.59
1991.15 6.38 1240.81 8.50
2007.53 6.32 1247.81 8.34
2024.15 6.39 1256.71 8.96
2040.40 6.36 1268.09 10.39
2056.87 6.26 1280.46 10.71
2073.25 6.40 1295.81 12.98
2089.62 6.33 1313.43 12.23
2106.15 6.44 1334.84 13.31
2122.43 6.38 1355.81 12.95
2138.93 6.30 1380.62 14.53
2155.31 6.38 1405.84 13.42
2171.62 6.35 1433.68 13.63
2188.15 6.41 1461.53 14.34
2204.40 6.38 1490.25 18.92
2220.93 6.29 1521.75 16.22
2237.31 6.40 1555.81 15.20
2253.87 6.37 1588.62 17.95
2270.40 6.47 1622.81 15.83
2286.65 6.41 1658.15 15.58
2303.18 6.32 1693.34 17.05
2319.56 6.42 1727.40 16.28
2335.84 6.39 1764.87 15.67
2352.43 6.29 1798.40 15.52
2368.71 6.41 1834.25 15.34
2385.31 6.30 1869.62 14.94
2401.65 6.42 1903.15 14.67
2418.06 6.36 1938.59 14.59
2434.59 6.25 1971.71 13.43
2450.90 6.37 2003.46 14.45
2467.31 6.31 2035.40 13.21
2483.84 6.39 2066.90 12.98
2500.15 6.32 2094.21 12.19
2516.71 6.20 2121.15 11.11
2533.03 6.33 2147.34 11.56
2549.46 6.23 2171.62 10.38
2565.96 6.37 2195.03 10.10
2582.18 6.33 2213.28 15.01
2598.78 6.23 2234.75 9.46
2615.18 6.32 2251.59 9.25
2631.59 6.22 2267.53 12.29
2648.28 6.31 2281.40 10.16
2664.53 6.29 2291.18 8.82
2681.09 6.21 2299.96 8.12
2697.43 6.35 2307.68 8.74
2713.81 6.26 2311.28 10.25
2730.37 6.32 2314.21 10.32
2746.65 6.26 2315.78 8.09
2763.21 6.17 2312.75 9.11
2779.62 6.27 2310.78 8.64
2795.87 6.22 2305.21 9.23
2812.53 6.30 2297.62 13.07
2828.81 6.26 2288.81 12.43
2845.25 6.18 2277.96 9.41
2861.65 6.29 2264.65 12.20
2878.00 6.23 2248.50 10.33
2894.56 6.30 2231.78 10.71
2910.81 6.25 2213.50 12.14
2927.15 6.22 2193.40 11.22
2943.71 6.26 2174.06 10.21
2959.96 6.21 2150.56 13.66
2976.59 6.27 2125.59 12.44
2992.84 6.24 2102.50 11.92
3009.21 6.15 2077.62 12.53
3025.96 6.32 2051.37 12.11
3042.28 6.24 2023.93 12.16
3058.81 6.17 1997.15 12.22
3075.25 6.36 1969.15 14.45
3091.65 6.27 1940.09 12.31
3108.15 6.38 1912.25 12.43
3124.40 6.33 1882.71 11.37
3141.03 6.20 1853.25 12.96
3157.37 6.34 1827.18 14.21
3173.71 6.22 1798.65 11.00
3190.25 6.37 1770.93 11.07
3206.53 6.30 1745.59 15.08
3222.93 6.22 1718.40 10.70
3239.37 6.34 1693.28 11.04
3255.71 6.28 1668.65 9.28
3272.28 6.36 1643.09 9.36
3288.53 6.31 1621.59 9.89
3305.06 6.18 1598.50 8.60
3321.46 6.31 1578.96 8.32
3337.87 6.20 1559.68 7.59
3354.34 6.31 1541.81 7.99
3370.62 6.28 1526.59 7.40
3387.12 6.18 1510.96 10.70
3403.53 6.31 1498.06 7.82
3419.93 6.19 1487.03 6.78
3436.43 6.30 1477.00 6.30
3452.68 6.30 1468.65 6.72
3469.12 6.21 1461.50 6.03
3485.56 6.31 1456.28 6.92
3501.93 6.22 1454.50 7.90
3518.37 6.15 1453.46 8.40
3535.03 6.37 1453.71 8.30
3551.43 6.31 1455.31 7.45
3567.87 6.41 1459.31 7.90
3584.18 6.36 1465.56 8.64
3600.65 6.27 1469.12 15.62
3617.21 6.54 1480.31 11.47
3633.59 6.39 1489.87 10.55
3650.12 6.52 1500.37 9.98
3666.37 6.48 1513.06 9.71
3682.90 6.42 1528.00 10.80
3699.28 6.55 1542.53 10.63
3715.65 6.44 1559.65 11.50
3732.18 6.50 1577.28 12.01
3748.40 6.47 1594.46 11.29
3765.06 6.37 1614.15 12.37
3781.31 6.53 1633.71 11.90
3797.68 6.39 1655.06 11.40
3814.25 6.49 1678.15 19.97
3830.46 6.47 1700.00 13.77
3847.03 6.38 1722.03 11.87
3863.34 6.54 1745.87 12.01
3879.75 6.40 1768.43 12.44
3896.25 6.51 1790.68 11.61
3912.50 6.47 1813.28 13.65
3928.93 6.41 1836.12 11.31
3945.37 6.50 1862.46 12.51
3961.65 6.40 1882.59 14.88
3978.28 6.50 1904.12 10.50
3994.62 6.44 1926.28 10.64
4010.93 6.37 1947.65 10.94
4027.43 6.50 1967.31 10.67
4043.78 6.42 1986.43 10.55
4060.28 6.35 2006.03 10.25
4076.81 6.73 2025.40 9.85
4093.21 6.66 2043.06 8.96
4109.65 6.72 2059.34 8.95
4125.93 6.67 2073.96 9.63
4142.71 6.72 2089.09 8.04
4159.03 6.82 2100.34 8.03
4175.43 6.71 2112.68 7.14
4191.87 6.81 2122.71 6.94
4208.15 6.79 2131.71 6.71
4224.71 6.72 2140.21 7.68
4241.00 6.83 2145.62 6.69
4257.46 6.73 2150.81 6.08
4273.96 6.79 2154.00 6.32
4290.28 6.75 2156.31 7.85
4306.81 6.70 2156.71 6.50
4323.25 6.78 2157.81 11.16
4339.65 6.70 2154.78 8.58
4356.03 6.82 2150.43 7.85
4372.34 6.76 2147.21 7.62
4388.96 6.70 2139.43 9.21
4405.37 6.77 2133.00 7.72
4421.90 6.76 2124.65 8.82
4438.43 6.88 2115.34 8.73
4454.75 6.80 2106.09 10.80
4471.12 6.79 2093.59 9.16
4487.50 6.83 2080.59 10.82
4504.03 6.75 2067.62 10.14
4520.56 6.74 2053.06 10.09
4536.90 6.77 2036.06 12.48
4553.40 6.79 2022.40 11.13
4569.81 6.87 2005.90 11.81
4586.15 6.79 1988.62 10.75
4602.65 6.78 1972.68 13.97
4619.03 6.81 1952.90 10.92
4635.43 6.79 1935.06 12.52
4651.84 6.90 1916.96 10.61
4668.18 6.83 1897.40 11.44
4684.68 6.78 1881.34 11.41
4701.18 6.83 1860.53 11.48
4717.53 6.81 1843.50 10.96
4734.06 6.84 1823.84 10.84
4750.40 6.77 1806.12 9.22
4767.06 6.78 1789.25 10.44
4783.50 6.82 1770.87 9.57
4799.87 6.74 1754.25 8.70
4816.34 6.90 1736.87 12.99
4832.71 6.87 1722.34 9.20
4849.18 6.82 1706.46 8.98
4865.59 6.89 1690.15 12.94
4881.90 6.82 1679.09 9.25
4898.34 6.93 1666.18 8.55
4914.75 6.86 1654.90 7.99
4931.12 6.84 1643.50 7.35
4947.56 6.87 1634.96 7.39
4963.90 6.77 1623.93 8.25
4980.37 6.91 1618.31 7.44
4996.75 6.78 1608.75 9.88
5013.18 6.82 1603.65 11.64
5029.62 6.90 1600.18 6.66
5046.15 6.76 1598.15 7.46
5062.53 6.76 1593.96 8.29
5078.96 6.81 1593.06 6.68
5095.37 6.83 1592.46 8.24
5111.78 6.91 1593.59 7.21
5128.12 6.89 1596.43 6.50
5144.56 6.83 1598.68 10.03
5161.03 6.85 1603.62 7.69
5177.37 6.86 1609.00 8.28
5193.78 6.92 1614.65 8.55
5210.12 6.89 1622.81 8.76
5226.56 6.83 1629.90 8.21
5243.06 6.91 1639.25 7.77
5259.37 6.85 1648.18 7.52
5275.78 6.89 1659.84 9.01
5292.18 6.89 1670.96 10.18
5308.75 6.77 1682.50 7.36
5325.21 6.85 1696.21 8.76
5341.53 6.77 1709.25 8.46
5357.96 6.91 1721.87 12.63
5374.40 6.88 1734.96 9.09
5390.75 6.78 1751.40 8.37
5407.28 6.87 1765.84 8.35
5423.59 6.79 1779.90 8.67
5440.09 6.93 1798.46 16.02
5456.46 6.86 1812.31 10.72
5472.78 6.87 1827.12 11.97
5489.31 6.89 1840.18 8.71
5505.62 6.83 1854.93 9.87
5522.06 6.90 1869.84 9.85
5538.53 6.91 1885.50 8.18
5554.90 6.93 1900.09 6.80
5571.37 6.97 1913.50 7.57
5587.71 6.96 1926.93 7.89
5604.12 6.96 1941.15 6.62
5620.59 6.96 1953.46 5.71
5636.90 7.00 1965.62 9.40
5653.46 7.01 1976.90 5.83
5669.87 7.05 1986.65 5.95
5686.21 6.95 1998.21 6.78
5702.71 6.96 2006.43 7.01
5719.06 6.99 2015.53 5.19
5735.53 7.00 2023.71 5.60
5751.93 7.06 2029.87 6.29
5768.28 6.95 2035.09 6.58
5784.68 6.99 2042.50 7.92
5801.09 6.95 2045.12 5.46
5817.59 7.04 2049.15 5.66
5833.96 7.08 2051.18 6.43
5850.28 6.99 2056.15 10.53
5866.71 7.00 2054.28 6.37
5883.12 6.96 2054.03 5.62
5899.53 7.10 2053.31 6.82
5915.90 7.04 2050.96 6.28
5932.31 6.99 2045.96 14.95
5948.71 6.99 2044.43 8.28
5965.09 6.98 2041.06 7.40
5981.53 7.08 2034.43 7.68
5997.96 6.98 2028.90 7.08
6014.40 7.03 2023.62 10.63
6030.84 7.03 2015.87 12.41
6047.25 7.01 2005.53 12.04
6063.56 6.99 1996.90 9.41
6080.06 7.05 1987.93 8.91
6096.40 7.07 1978.15 8.97
6112.90 7.07 1971.15 11.77
6129.31 7.13 1957.68 8.53
6145.65 7.08 1947.06 9.66
6162.12 7.10 1936.78 8.84
6178.43 7.10 1925.21 9.66
6194.93 7.16 1912.00 8.53
6211.28 7.13 1900.21 9.00
6227.62 7.07 1889.93 9.83
6244.09 7.13 1876.78 8.09
6260.46 7.11 1863.81 9.03
6277.12 7.11 1852.12 8.51
6293.43 7.14 1839.12 8.49
6309.87 7.05 1828.21 8.40
6326.34 7.12 1814.46 8.76
6342.71 7.08 1803.96 8.40
6359.15 7.19 1792.00 9.20
6375.50 7.13 1783.53 7.48
6391.96 7.07 1773.21 7.91
6408.37 7.14 1762.31 7.35
6424.71 7.10 1752.53 7.36
6441.21 7.19 1743.50 6.59
6457.59 7.12 1735.90 10.02
6474.03 7.17 1727.43 6.87
6490.40 7.16 1721.03 8.20
6506.78 7.16 1714.37 8.11
6523.15 7.12 1707.87 5.97
6539.62 7.18 1701.50 6.98
6556.18 7.27 1699.09 7.58
6572.59 7.27 1694.15 5.91
6588.93 7.22 1692.59 12.62
6605.37 7.25 1687.65 6.33
6621.84 7.31 1687.84 6.90
6638.15 7.26 1686.03 5.69
6654.59 7.29 1684.75 8.66
6671.06 7.29 1686.03 6.55
6687.50 7.25 1686.75 12.94
6704.06 7.36 1689.81 7.05
6720.43 7.33 1692.34 6.80
6737.03 7.35 1695.96 6.97
6753.46 7.41 1697.96 8.92
6769.90 7.31 1704.56 11.94
6786.28 7.40 1709.34 7.35
6802.62 7.33 1714.31 7.94
6819.31 7.57 1720.90 7.29
6835.71 7.63 1727.68 7.60
6852.12 7.51 1734.18 6.89
6868.50 7.62 1743.50 9.38
6884.87 7.54 1751.21 7.44
6901.25 7.60 1760.15 8.51
6917.68 7.62 1768.56 7.04
6934.12 7.53 1777.62 7.71
6950.50 7.57 1786.93 8.55
6966.87 7.55 1795.90 7.95
6983.28 7.54 1806.81 8.27
6999.78 7.57 1815.75 7.34
7016.18 7.56 1827.62 10.08
7032.62 7.63 1835.65 7.75
7048.96 7.56 1846.53 9.21
7065.37 7.51 1856.59 9.03
7081.90 7.65 1865.37 8.33
7098.21 7.57 1874.81 7.35
7114.65 7.66 1883.78 7.85
7131.00 7.70 1893.00 7.63
7147.43 7.55 1902.65 6.61
7163.90 7.65 1911.28 7.22
7180.21 7.62 1918.93 6.74
7196.59 7.61 1926.65 9.05
7212.96 7.67 1932.81 11.35
7229.37 7.53 1942.15 7.12
7245.84 7.68 1949.03 6.87
7262.21 7.64 1955.03 6.32
7278.68 7.63 1960.25 6.61
7295.09 7.69 1966.06 6.64
7311.43 7.58 1970.90 6.78
7327.90 7.68 1974.12 6.07
7344.31 7.65 1977.84 6.72
7360.68 7.69 1981.59 5.97
7377.12 7.70 1983.71 7.13
7393.46 7.59 1985.12 6.52
7409.93 7.71 1986.87 6.21
7426.37 7.70 1987.00 6.30
7442.75 7.70 1986.96 5.93
7459.25 7.76 1985.46 5.57
7475.53 7.69 1984.84 6.37
7491.96 7.74 1982.93 5.94
7508.37 7.76 1981.03 6.61
7524.81 7.78 1978.62 7.43
7541.40 7.92 1976.09 6.87
7557.68 7.85 1971.68 5.74
7574.18 7.95 1967.93 7.79
7590.50 7.94 1962.31 6.47
7607.00 7.95 1956.71 7.47
7623.53 8.05 1952.03 7.53
7639.78 7.99 1948.62 13.76
7656.28 8.03 1939.50 6.29
7672.65 8.04 1933.34 6.66
7689.00 7.90 1925.40 7.58
7705.53 8.06 1919.31 8.00
7721.93 8.02 1909.87 8.87
7738.40 8.04 1904.37 6.00
7754.87 8.18 1895.81 6.43
7771.15 8.07 1888.21 7.22
7787.68 8.19 1880.56 6.58
7804.09 8.20 1871.21 8.71
7820.56 8.20 1865.12 6.64
7836.87 8.23 1857.84 7.43
7853.18 8.11 1848.93 5.38
7869.68 8.21 1839.96 7.05
7886.06 8.21 1834.25 6.08
7902.53 8.25 1824.65 5.82
7918.87 8.23 1820.28 10.09
7935.25 8.07 1808.78 18.07
7951.75 8.16 1804.71 5.40
7968.12 8.17 1798.68 6.49
7984.65 8.26 1792.40 3.91
8001.12 8.21 1786.31 4.90
8017.43 8.15 1779.71 9.55
8033.96 8.25 1775.87 5.57
8050.28 8.24 1768.93 7.13
8066.71 8.26 1766.78 5.54
8083.15 8.25 1761.59 7.18
8099.46 8.18 1758.09 6.42
8116.00 8.34 1755.21 7.50
8132.43 8.45 1752.46 5.67
8148.78 8.34 1751.18 5.41
8165.25 8.36 1749.25 5.79
8181.59 8.34 1748.50 6.51
8198.03 8.39 1747.56 5.51
8214.43 8.45 1748.25 7.39
8230.75 8.35 1748.25 5.44
8247.28 8.43 1748.87 5.63
8263.59 8.37 1748.75 5.34
8280.06 8.40 1751.06 7.09
8296.43 8.44 1753.09 8.49
8312.75 8.30 1754.65 6.75
8329.46 8.46 1758.28 6.38
8345.78 8.44 1762.06 5.95
8362.21 8.50 1764.96 7.81
8378.59 8.48 1767.93 8.12
8394.90 8.37 1771.78 12.78
8411.46 8.48 1778.12 7.89
8427.78 8.46 1783.18 6.75
8444.37 8.58 1788.71 7.09
8460.78 8.55 1793.09 7.72
8477.09 8.51 1799.28 6.68
8493.59 8.57 1805.56 6.70
8509.90 8.56 1812.68 10.12
8526.31 8.55 1817.03 7.28
8542.75 8.53 1824.18 7.51
8559.06 8.49 1829.68 7.08
8575.56 8.59 1835.59 7.12
8591.93 8.59 1841.50 9.01
8608.50 8.84 1849.68 8.04
8624.96 8.83 1854.96 8.57
8641.31 8.85 1861.78 7.86
8657.75 8.84 1868.28 6.69
8674.37 9.04 1874.87 7.92
8690.71 8.91 1880.62 8.53
8707.18 8.90 1885.00 8.05
8723.59 8.96 1891.12 7.61
8739.96 8.93 1897.50 6.63
8756.65 9.27 1902.50 7.45
8772.93 9.12 1907.78 7.65
8789.40 9.14 1911.96 6.83
8805.84 9.28 1915.87 7.43
8822.25 9.22 1918.96 8.82
8838.71 9.35 1923.46 7.09
8855.00 9.22 1928.34 7.24
8871.37 9.19 1930.53 7.32
8887.81 9.29 1932.28 8.33
8904.15 9.27 1936.65 7.31
8920.71 9.35 1937.56 7.13
8937.00 9.25 1939.40 7.59
8953.37 9.20 1941.46 6.51
8969.81 9.31 1942.25 6.81
8986.18 9.29 1943.75 8.33
9002.65 9.25 1943.34 6.43
9019.15 9.34 1942.71 6.57
9035.53 9.30 1942.00 6.54
9052.03 9.45 1940.87 7.89
9068.34 9.36 1939.21 6.36
9084.78 9.32 1938.62 6.71
9101.21 9.40 1937.15 6.55
9117.53 9.32 1933.87 7.18
9134.21 9.75 1931.65 7.79
9150.56 9.61 1927.87 7.50
9167.03 9.61 1926.00 12.25
9183.40 9.68 1920.50 7.88
9199.78 9.62 1917.78 7.50
9216.21 9.75 1913.50 6.74
9232.53 9.62 1908.15 8.70
9249.12 9.71 1903.75 8.99
9265.53 9.77 1900.56 7.27
9281.93 9.68 1895.15 8.02
9298.34 9.79 1890.90 6.15
9314.65 9.68 1885.96 6.94
9331.06 9.67 1880.68 7.56
9347.53 9.76 1877.34 7.81
9363.87 9.76 1870.65 7.51
9380.34 9.79 1865.28 6.75
9396.68 9.69 1860.03 7.14
9413.18 9.74 1854.78 6.40
9429.65 9.86 1849.53 12.04
9446.03 9.85 1846.31 8.34
9462.43 9.84 1839.25 6.81
9478.81 9.84 1834.43 6.18
9495.15 9.77 1830.09 6.80
9511.65 9.92 1825.43 6.57
9527.93 9.77 1822.31 6.75
9544.37 9.79 1817.25 5.73
9560.81 9.84 1813.15 6.22
9577.12 9.78 1809.75 5.37
9593.65 9.94 1805.96 8.78
9609.93 9.83 1803.34 5.50
9626.40 9.86 1801.75 11.66
9642.84 9.91 1797.12 6.18
9659.21 9.81 1794.87 9.50
9675.62 9.96 1794.96 7.26
9692.00 9.81 1792.12 13.73
9708.46 9.84 1789.15 8.70
9724.93 9.94 1788.21 6.63
9741.31 9.85 1789.56 10.18
9757.71 10.01 1788.28 7.33
9774.12 9.91 1786.53 6.16
9790.53 9.93 1786.06 6.51
9807.06 10.18 1788.34 6.89
9823.46 10.11 1787.53 6.04
9839.84 10.18 1788.56 6.11
9856.21 10.09 1788.46 9.49
9872.65 10.10 1791.53 5.37
9889.03 10.19 1793.31 5.37
9905.43 10.16 1795.34 5.81
9921.84 10.18 1797.09 5.90
9938.37 10.05 1799.18 6.57
9954.75 10.04 1802.93 5.98
9971.15 10.15 1805.50 6.14
9987.56 10.05 1808.59 7.08
10004.00 10.09 1812.34 6.19
10020.31 10.07 1815.28 7.66
10036.68 10.03 1819.50 7.21
10053.15 10.15 1821.90 9.36
10069.59 10.09 1826.65 6.30
10086.09 10.21 1832.31 8.53
10102.40 10.16 1836.09 6.89
10118.84 10.20 1839.18 8.09
10135.25 10.34 1844.31 6.54
10151.65 10.18 1847.84 8.10
10168.12 10.25 1855.28 13.91
10184.40 10.23 1857.21 7.11
10200.84 10.20 1861.06 5.98
10217.18 10.28 1864.62 7.02
10233.62 10.20 1868.59 6.69
10250.09 10.27 1872.90 6.67
10266.40 10.27 1876.46 9.27
10282.87 10.22 1879.87 6.97
10299.25 10.32 1886.00 8.66
10315.56 10.15 1888.03 6.10
10332.06 10.24 1891.65 7.61
10348.40 10.27 1894.40 7.73
10364.84 10.27 1897.50 6.36
10381.25 10.32 1899.87 5.69
10397.56 10.15 1902.90 5.98
10414.06 10.25 1905.50 5.87
10430.40 10.31 1907.03 5.89
10446.84 10.26 1909.46 5.19
10463.28 10.34 1911.18 6.40
10479.50 10.25 1912.34 8.63
10495.96 10.25 1914.12 8.79
10512.37 10.36 1913.93 7.19
10528.75 10.21 1915.28 5.80
10545.25 10.33 1915.93 6.41
10561.50 10.25 1915.06 7.33
10577.93 10.27 1915.81 5.68
10594.43 10.45 1918.28 11.83
10610.78 10.32 1914.15 5.92
10627.28 10.41 1913.12 9.09
10643.62 10.35 1913.53 7.08
10660.09 10.37 1909.93 8.41
10676.46 10.43 1910.34 6.29
10692.84 10.30 1909.84 10.06
10709.37 10.39 1906.87 8.58
10725.65 10.37 1902.93 9.86
10742.12 10.39 1901.56 8.87
10758.53 10.48 1899.00 8.94
10774.84 10.33 1897.34 6.99
10791.37 10.47 1895.12 11.17
10807.68 10.47 1890.96 6.12
10824.15 10.47 1887.84 7.54
10840.56 10.56 1886.50 9.78
10856.84 10.37 1883.18 7.96
10873.40 10.51 1878.81 6.98
10889.65 10.49 1874.75 8.09
10906.06 10.44 1869.81 10.48
10922.56 10.56 1868.68 6.75
10938.81 10.43 1866.50 6.46
10955.37 10.53 1862.87 7.07
10971.65 10.53 1859.37 7.22
10988.03 10.44 1855.37 7.92
11004.59 10.55 1851.75 6.87
11020.81 10.43 1849.62 6.95
11037.31 10.50 1844.28 7.68
11053.65 10.53 1844.87 18.21
11070.03 10.50 1839.31 6.04
11086.53 10.52 1836.71 7.46
11102.81 10.44 1836.40 17.88
11119.34 10.60 1830.71 7.73
11135.71 10.69 1828.65 6.90
11152.06 10.57 1826.34 8.40
11168.59 10.61 1822.46 10.00
11184.87 10.61 1821.84 6.47
11201.31 10.59 1820.31 7.02
11217.71 10.69 1817.34 9.95
11234.00 10.55 1817.43 5.36
11250.56 10.65 1815.90 6.51
11266.87 10.66 1816.62 7.37
11283.31 10.61 1815.12 6.09
11299.68 10.68 1814.15 6.16
11316.00 10.57 1812.62 6.51
11332.56 10.65 1813.25 7.67
11348.87 10.66 1813.75 7.85
11365.25 10.61 1816.09 11.60
11381.71 10.69 1813.62 5.72
11398.00 10.57 1815.37 6.95
11414.59 10.67 1814.46 7.01
11430.84 10.65 1818.37 8.34
11447.28 10.64 1817.46 6.41
11463.68 10.68 1819.28 6.70
11480.00 10.64 1819.84 7.46
11496.53 10.67 1822.78 8.38
11512.81 10.70 1824.15 6.83
11529.18 10.62 1824.28 12.00
11545.62 10.63 1829.06 12.99
11561.96 10.63 1829.71 6.91
11578.46 10.67 1831.87 6.48
11594.84 10.74 1834.00 6.42
11611.18 10.71 1836.03 7.28
11627.65 10.68 1839.68 6.98
11644.00 10.71 1841.43 7.53
11660.50 10.71 1845.68 7.17
11676.87 10.79 1848.75 7.00
11693.18 10.64 1849.03 8.41
11709.71 10.69 1854.87 7.62
11726.21 10.86 1859.37 15.94
11742.78 10.94 1859.34 6.89
11759.06 10.95 1861.62 6.16
11775.40 10.88 1865.00 7.13
11791.90 10.92 1868.25 6.47
11808.25 10.95 1869.81 6.25
11824.78 10.97 1872.28 5.89
11841.06 10.95 1876.87 9.21
11857.40 10.92 1874.93 8.90
11873.93 10.96 1879.21 5.81
11890.18 10.92 1882.06 6.34
11906.75 11.02 1883.93 6.45
11923.00 10.92 1885.31 6.44
11939.34 10.93 1886.34 6.62
11955.90 10.99 1889.09 6.07
11972.15 10.97 1888.75 9.51
11988.68 11.04 1892.25 5.49
12005.00 10.92 1895.00 5.56
12021.34 10.93 1894.65 5.76
12037.87 11.00 1895.28 6.12
12054.15 10.97 1896.15 5.85
12070.78 11.26 1896.93 5.86
12087.18 11.22 1897.87 6.23
12103.56 11.23 1898.28 6.13
12120.09 11.30 1897.75 5.74
12136.40 11.40 1897.12 9.06
12152.78 11.26 1896.37 6.93
12169.21 11.26 1897.68 7.69
12185.53 11.27 1896.59 7.18
12202.06 11.30 1895.71 6.25
12218.31 11.30 1895.37 6.86
12234.71 11.29 1894.21 7.11
12251.18 11.31 1893.21 7.10
12267.50 11.30 1891.37 9.31
12284.00 11.27 1891.06 6.90
12300.34 11.31 1889.37 6.70
12316.65 11.26 1887.56 8.24
12333.18 11.31 1885.81 7.16
12349.50 11.30 1884.43 7.40
12365.96 11.32 1878.37 18.03
12382.28 11.27 1880.50 7.47
12398.62 11.22 1878.53 8.02
12415.18 11.31 1877.34 7.79
12431.46 11.31 1872.75 8.99
12447.93 11.31 1872.40 7.67
12464.31 11.30 1870.53 7.55
12480.59 11.27 1867.78 7.67
12497.15 11.34 1863.90 8.08
12513.43 11.36 1862.84 7.79
12529.84 11.29 1862.31 10.32
12546.25 11.27 1858.68 6.62
12562.59 11.27 1857.87 7.56
12579.09 11.30 1854.93 6.58
12595.59 11.62 1852.25 6.15
12611.93 11.52 1852.34 6.88
12628.34 11.47 1848.68 7.75
12644.87 11.57 1848.40 7.44
12661.37 11.54 1845.43 6.54
12677.68 11.61 1842.90 7.70
12694.12 11.57 1842.34 6.57
12710.53 11.51 1839.62 7.16
12726.93 11.63 1838.15 7.43
12743.43 11.65 1838.50 6.95
12759.78 11.71 1837.56 6.30
12776.15 11.67 1836.12 6.59
12792.59 11.66 1833.75 6.55
12808.93 11.69 1833.68 6.43
12825.40 11.63 1833.59 6.59
12841.71 11.64 1830.96 9.68
12858.12 11.67 1831.31 11.39
12874.59 11.66 1831.12 6.47
12890.90 11.71 1831.71 7.03
12907.37 11.68 1831.50 7.18
12923.71 11.64 1831.78 6.80
12940.09 11.73 1832.28 6.22
12956.56 11.69 1833.15 5.37
12972.84 11.72 1832.78 5.38
12989.34 11.71 1833.93 6.31
13005.68 11.62 1834.50 5.83
13022.09 11.73 1835.75 6.25
13038.50 11.66 1836.43 6.37
13054.90 11.82 1836.25 6.10
13071.37 11.83 1837.78 5.99
13087.68 11.72 1839.28 5.85
13104.12 11.79 1840.84 6.11
13120.75 12.05 1841.78 6.53
13137.00 12.06 1844.28 6.88
13153.46 12.01 1846.31 8.25
13169.84 11.96 1846.90 6.41
13186.18 12.00 1850.93 16.14
13202.71 12.05 1850.12 6.56
13219.00 12.06 1851.43 6.46
13235.40 12.04 1853.56 6.21
13251.81 12.01 1854.68 6.57
13268.12 11.99 1857.28 6.86
13284.65 12.03 1858.06 6.51
13300.96 12.01 1860.15 6.20
13317.34 12.02 1861.37 7.63
13333.81 12.01 1863.50 5.67
13350.12 11.99 1865.81 6.80
13366.59 12.02 1867.81 6.61
13382.96 12.01 1868.96 5.39
13399.34 12.02 1870.21 7.43
13415.81 12.01 1871.53 6.77
13432.06 11.98 1873.03 9.74
13448.59 12.02 1875.03 6.01
13464.96 12.01 1878.18 11.30
13481.28 12.02 1877.28 6.68
13497.78 12.04 1878.00 10.19
13514.03 12.02 1879.34 6.87
13530.53 12.01 1881.87 7.79
13546.90 11.99 1881.87 6.82
13563.25 11.98 1883.37 8.83
13579.75 12.05 1882.59 7.10
13596.25 12.46 1884.18 6.66
13612.68 12.44 1884.84 7.94
13629.12 12.47 1885.09 6.12
13645.43 12.45 1885.34 7.77
13662.03 12.56 1887.00 8.66
13678.28 12.52 1885.81 5.82
13694.75 12.49 1885.68 6.56
13711.15 12.48 1886.18 7.31
13727.46 12.45 1884.75 7.85
13744.12 12.70 1884.81 7.41
13760.40 12.66 1885.59 7.08
13776.78 12.63 1886.03 6.66
13793.25 12.67 1884.25 8.25
13809.53 12.59 1882.00 9.49
13826.06 12.64 1881.28 8.92
13842.40 12.66 1882.50 7.91
13858.71 12.62 1881.78 6.65
13875.25 12.67 1880.75 10.12
13891.50 12.61 1881.75 13.40
13908.03 12.69 1878.31 6.20
13924.40 12.66 1877.71 7.74
13940.65 12.61 1875.96 6.80
13957.21 12.70 1874.15 6.78
13973.46 12.65 1874.71 10.26
13989.96 12.65 1872.15 5.88
14006.37 12.65 1870.40 7.09
14022.65 12.61 1868.68 7.73
14039.18 12.71 1867.37 7.35
14055.53 12.75 1867.15 7.61
14071.96 12.73 1864.87 6.54
14088.37 12.74 1864.25 6.76
14104.68 12.68 1861.53 7.73
14121.46 13.22 1860.53 6.57
14137.68 13.16 1858.34 6.84
14154.21 13.19 1858.34 8.19
14170.56 13.13 1856.87 5.56
14186.90 13.18 1855.93 7.58
14203.43 13.22 1853.59 5.97
14219.68 13.16 1852.75 5.95
14236.09 13.16 1850.96 7.25
14252.53 13.17 1850.28 6.09
14268.84 13.16 1848.56 6.38
14285.37 13.20 1846.21 9.75
14301.68 13.16 1847.40 6.15
14318.00 13.13 1847.37 7.40
14334.53 13.17 1845.87 7.44
14350.84 13.16 1844.96 6.96
14367.34 13.25 1845.34 7.76
14383.68 13.16 1843.50 6.54
14400.00 13.13 1843.90 12.82
14416.53 13.17 1843.31 6.64
14432.81 13.18 1843.53 8.10
14449.31 13.18 1842.81 6.27
14465.68 13.16 1841.65 17.95
14481.96 13.18 1843.40 6.59
14498.50 13.20 1845.96 13.30
14514.75 13.16 1843.87 7.11
14531.25 13.17 1843.46 7.61
14547.62 13.15 1843.62 6.21
14563.93 13.15 1844.06 6.66
14580.50 13.28 1844.75 6.67
14596.75 13.19 1844.65 6.17
14613.28 13.32 1844.81 7.42
14629.62 13.21 1847.15 8.85
14645.93 13.24 1846.59 6.57
14662.53 13.30 1846.75 8.71
14678.75 13.24 1848.75 6.95
14695.25 13.30 1849.96 6.54
14711.68 13.27 1851.00 7.10
14727.96 13.25 1852.75 9.57
14744.56 13.39 1854.87 7.61
14760.84 13.34 1853.84 6.76
14777.25 13.34 1854.31 7.26
14793.68 13.35 1855.12 7.81
14810.00 13.35 1857.43 6.93
14826.53 13.38 1858.46 6.90
14842.84 13.34 1861.65 7.92
14859.21 13.34 1860.68 6.12
14875.68 13.35 1860.53 10.77
14891.96 13.37 1859.96 18.49
14908.50 13.43 1864.56 6.29
14924.84 13.34 1865.43 6.07
14941.12 13.35 1867.62 6.99
14957.65 13.38 1868.71 6.52
14973.90 13.34 1869.00 7.87
14990.46 13.46 1870.65 5.87
15006.81 13.33 1870.68 7.61
15023.09 13.33 1871.34 8.15
15039.62 13.40 1873.06 6.33
15055.96 13.46 1876.09 17.82
15072.50 13.59 1876.65 9.56
15088.84 13.48 1875.37 6.19
15105.21 13.57 1877.53 7.92
15121.75 13.62 1876.93 6.97
15138.00 13.63 1877.87 6.95
15154.53 13.66 1878.90 7.98
15170.84 13.53 1878.12 6.63
15187.15 13.55 1879.34 6.49
15203.71 13.62 1879.00 6.50
15220.00 13.63 1879.71 6.81
15236.43 13.62 1879.43 5.88
15252.81 13.57 1879.50 5.96
15269.12 13.57 1879.43 7.39
15285.65 13.61 1879.28 7.07
15301.96 13.56 1879.40 6.15
15318.37 13.61 1877.59 7.26
15334.81 13.57 1879.65 7.15
15351.12 13.57 1878.87 6.74
15367.62 13.65 1878.81 6.69
15383.96 13.56 1877.53 6.22
15400.31 13.57 1876.81 6.13
15416.81 13.57 1876.62 6.73
15433.09 13.59 1876.15 6.71
15449.62 13.65 1875.28 6.67
15465.96 13.56 1875.50 10.15
15482.25 13.61 1874.09 6.25
15498.78 13.60 1873.15 7.43
15515.03 13.59 1870.93 7.95
15531.56 13.64 1871.25 6.07
15547.90 13.55 1869.28 8.96
15564.21 13.57 1869.84 6.78
15580.81 13.75 1868.56 5.84
15597.09 13.72 1867.75 6.35
15613.59 13.79 1866.03 5.91
15629.93 13.68 1866.15 6.55
15646.25 13.75 1864.50 6.66
15662.84 13.77 1863.53 5.99
15679.12 13.79 1863.18 6.39
15695.59 13.82 1860.90 7.22
15712.00 13.73 1861.06 6.60
15728.34 13.81 1859.96 6.56
15745.00 14.07 1857.25 7.95
15761.31 14.02 1859.50 6.98
15777.75 14.13 1856.87 5.49
15794.15 14.04 1857.53 5.67
15810.46 14.06 1854.37 7.86
15826.96 14.06 1854.59 7.84
15843.31 14.02 1853.65 9.46
15859.71 14.13 1855.75 10.87
15876.15 14.04 1853.21 6.69
15892.40 14.01 1853.06 9.04
15908.93 14.10 1851.87 5.79
15925.31 14.02 1852.03 5.79
15941.62 14.12 1851.00 6.33
15958.12 14.07 1850.31 6.26
15974.37 14.05 1850.78 7.79
15990.90 14.13 1852.09 9.74
16007.28 14.01 1851.15 6.22
16023.62 14.12 1849.46 6.56
16040.06 14.07 1850.50 5.71
16056.40 14.10 1850.50 6.34
16072.87 14.17 1849.12 11.18
16089.25 14.07 1851.68 8.54
16105.68 14.27 1850.93 8.17
16122.15 14.25 1850.87 7.78
16138.43 14.27 1851.34 6.61
16154.93 14.29 1851.56 6.39
16171.31 14.25 1852.65 7.30
16187.62 14.27 1853.00 6.50
16204.12 14.25 1853.87 6.59
16220.43 14.27 1853.50 6.67
16236.87 14.32 1853.87 8.42
16253.28 14.29 1853.93 9.20
16269.59 14.30 1855.40 6.13
16286.06 14.24 1857.03 8.12
16302.43 14.27 1857.40 6.37
16318.81 14.32 1859.12 7.34
16335.28 14.29 1858.34 9.53
16351.56 14.23 1859.62 6.03
16368.03 14.28 1859.37 8.34
16384.43 14.27 1861.71 6.31
16400.75 14.26 1861.62 6.36
16417.25 14.22 1862.56 7.39
16433.50 14.19 1863.68 5.84
16450.03 14.28 1864.68 7.29
16466.43 14.27 1864.90 7.64
16482.71 14.30 1865.12 7.03
16499.18 14.23 1862.84 16.68
16515.46 14.23 1867.68 6.88
16531.96 14.28 1867.96 5.76
16548.37 14.26 1868.59 17.90
16564.68 14.27 1868.43 6.87
16581.18 14.32 1869.96 6.61
16597.53 14.37 1870.18 6.86
16613.96 14.36 1872.00 10.30
16630.37 14.33 1871.93 6.60
16646.65 14.34 1872.50 7.52
16663.28 14.37 1872.53 7.32
16679.56 14.39 1872.81 7.39
16696.03 14.43 1874.87 6.59
16712.50 14.45 1873.25 6.85
16728.84 14.49 1874.15 6.98
16745.28 14.43 1874.21 6.51
16761.65 14.49 1874.09 8.39
16778.03 14.50 1875.18 6.78
16794.46 14.49 1875.93 12.34
