1.90 0.29 1857.46 35.31
19.40 6.58 1771.40 35.26
35.90 6.50 1688.03 35.06
52.31 6.60 1601.96 35.21
68.59 6.56 1522.03 34.09
85.12 6.63 1441.40 30.73
101.65 6.68 1362.53 31.56
118.15 6.57 1286.12 31.49
134.50 6.67 1217.90 31.38
150.78 6.65 1147.15 28.77
167.31 6.54 1082.15 27.18
183.65 6.68 1020.84 26.00
200.00 6.61 964.90 24.61
216.50 6.67 912.37 22.96
232.81 6.65 864.18 22.33
249.28 6.55 820.59 20.92
265.62 6.68 781.81 18.57
281.93 6.62 747.53 18.58
298.50 6.67 720.93 15.43
314.75 6.66 695.68 16.79
331.34 6.54 681.21 14.07
347.71 6.67 669.78 12.76
364.00 6.61 663.56 11.27
380.56 6.66 661.65 12.44
396.81 6.65 666.90 11.23
413.28 6.55 676.75 11.35
429.75 6.63 692.50 12.88
446.06 6.60 711.43 13.64
462.59 6.66 738.25 14.68
478.87 6.64 768.40 15.22
495.31 6.54 803.31 19.34
511.75 6.63 840.40 18.94
528.09 6.60 885.56 19.79
544.68 6.64 934.03 21.48
560.96 6.63 985.06 22.55
577.43 6.52 1041.46 24.74
593.87 6.61 1099.96 25.24
610.15 6.60 1161.78 26.02
626.75 6.46 1227.78 26.82
643.06 6.61 1293.53 27.87
659.50 6.52 1362.65 28.82
675.96 6.59 1433.96 29.36
692.28 6.57 1505.65 28.81
708.81 6.45 1580.34 30.26
725.15 6.59 1654.65 30.78
741.50 6.53 1728.59 30.11
758.06 6.57 1803.90 30.99
774.37 6.55 1879.37 29.90
790.90 6.43 1953.21 29.91
807.31 6.56 2029.09 30.18
823.68 6.49 2098.75 28.71
840.21 6.54 2169.15 28.18
856.53 6.52 2238.31 25.74
872.93 6.43 2303.18 27.28
889.40 6.51 2367.87 25.91
905.78 6.47 2430.84 25.66
922.50 6.56 2489.06 24.20
938.81 6.56 2542.68 25.79
955.18 6.46 2594.53 21.71
971.81 7.05 2640.96 21.52
988.12 7.19 2685.15 20.65
1004.59 7.06 2725.53 19.10
1021.03 7.20 2760.40 17.46
1037.34 7.13 2792.50 15.39
1054.00 7.10 2817.90 14.06
1070.40 7.24 2838.50 15.23
1086.87 7.16 2857.43 12.45
1103.18 7.15 2869.78 12.60
1119.65 7.23 2876.06 10.59
1136.06 7.14 2879.75 11.40
1152.46 7.28 2876.68 13.87
1168.87 7.16 2873.18 13.69
1185.18 7.15 2861.62 12.14
1201.62 7.24 2845.18 12.68
1218.06 7.14 2826.46 15.09
1234.43 7.29 2801.25 14.59
1250.84 7.17 2772.96 16.80
1267.18 7.15 2739.62 17.80
1283.68 7.22 2704.46 19.26
1300.06 7.12 2663.96 21.03
1316.46 7.29 2620.62 29.33
1332.90 7.17 2573.43 23.46
1349.28 7.13 2524.28 23.48
1365.75 7.22 2471.37 24.66
1382.09 7.11 2416.71 25.58
1398.43 7.27 2359.96 25.46
1414.90 7.17 2300.68 27.19
1431.34 7.09 2239.68 27.41
1447.78 7.23 2176.56 28.79
1464.09 7.12 2115.00 28.55
1480.62 7.24 2049.21 28.18
1497.09 7.16 1984.28 28.96
1513.43 7.09 1919.21 29.20
1530.03 7.21 1854.90 28.87
1546.34 7.12 1789.90 27.19
1562.71 7.09 1728.75 27.94
1579.40 7.14 1664.28 30.55
1595.71 7.08 1602.37 26.58
1612.25 7.19 1544.12 27.98
1628.71 7.07 1482.21 25.08
1645.12 7.06 1427.81 23.58
1661.62 7.12 1374.65 22.98
1678.15 7.02 1322.75 21.74
1694.62 7.16 1275.59 20.50
1711.03 7.04 1229.34 18.82
1727.65 6.98 1188.00 17.95
1744.06 7.10 1148.71 16.60
1760.50 6.96 1113.37 16.98
1777.18 7.09 1081.34 13.57
1793.46 6.99 1054.71 13.28
1809.96 6.94 1028.43 14.16
1826.56 7.03 1010.25 9.37
1842.87 6.95 992.75 8.62
1859.50 7.05 985.00 15.73
1876.09 6.96 975.40 9.22
1892.46 6.87 971.18 7.81
1909.12 6.98 971.90 10.24
1925.43 6.88 976.03 8.04
1941.90 7.00 985.03 9.19
1958.43 6.88 997.68 10.71
1974.87 6.93 1013.53 12.32
1991.31 7.10 1034.25 14.76
2007.84 6.96 1058.62 14.45
2024.37 7.04 1087.12 15.48
2040.71 7.03 1115.81 16.72
2057.09 6.91 1152.06 18.70
2073.59 7.07 1191.59 33.06
2089.87 6.99 1228.00 20.08
2106.46 7.09 1273.28 21.43
2122.71 7.07 1317.46 21.60
2139.09 6.93 1367.43 25.57
2155.59 7.08 1413.84 23.27
2171.81 7.02 1464.90 24.07
2188.31 7.07 1517.18 24.08
2204.75 7.05 1571.71 26.64
2221.09 6.93 1626.25 25.45
2237.56 7.10 1682.09 25.11
2253.81 7.02 1736.84 26.12
2270.31 7.07 1794.31 24.50
2286.75 7.04 1850.50 24.68
2303.09 6.93 1905.71 24.96
2319.53 7.08 1959.43 26.41
2335.87 6.99 2015.93 24.64
2352.25 6.90 2069.90 23.78
2368.75 7.05 2122.75 22.32
2385.12 6.91 2173.31 21.87
2401.65 7.01 2222.50 21.71
2417.90 6.97 2270.06 21.74
2434.34 6.85 2314.06 20.31
2450.81 7.01 2358.71 19.02
2467.15 6.90 2397.18 18.69
2483.90 7.05 2435.96 16.46
2500.12 7.02 2469.18 15.21
2516.62 6.88 2501.00 14.16
2533.31 7.08 2529.46 13.06
2549.56 6.99 2554.21 11.65
2566.21 7.05 2576.15 10.69
2582.68 7.07 2594.43 9.59
2599.09 7.00 2608.00 13.31
2615.62 7.08 2620.34 8.76
2631.87 7.06 2629.25 8.87
2648.37 7.09 2629.62 9.88
2664.78 7.04 2633.37 8.10
2681.21 6.96 2630.59 8.57
2697.65 7.08 2625.31 11.86
2714.00 7.03 2614.37 10.46
2730.50 7.07 2603.37 13.65
2746.87 7.03 2584.65 12.32
2763.31 6.95 2563.09 15.04
2779.71 7.07 2542.62 15.26
2796.12 7.01 2516.25 15.65
2812.71 6.90 2488.37 18.25
2829.09 7.02 2455.50 17.28
2845.46 6.94 2422.09 18.52
2861.93 7.06 2385.46 19.11
2878.34 6.98 2346.09 20.19
2894.75 6.92 2307.71 17.73
2911.25 7.05 2265.90 23.90
2927.56 6.96 2220.43 21.65
2944.03 7.07 2175.06 22.01
2960.53 6.97 2127.40 23.45
2977.03 8.02 2080.62 25.59
2993.56 8.11 2032.37 26.05
3009.87 8.06 1982.18 26.50
3026.34 7.98 1934.78 26.22
3042.78 8.13 1887.28 28.02
3059.18 8.05 1838.06 26.88
3075.68 8.15 1789.46 25.44
3092.03 8.15 1740.96 24.75
3108.46 8.06 1695.75 25.11
3124.81 8.14 1650.53 24.16
3141.25 8.09 1604.31 23.08
3157.62 8.05 1563.46 22.86
3174.03 8.15 1520.50 23.19
3190.43 8.07 1482.12 19.86
3206.78 8.15 1444.03 19.83
3223.21 8.10 1410.15 19.65
3239.56 8.05 1375.34 17.70
3256.03 8.15 1345.78 15.92
3272.40 8.07 1316.75 14.69
3288.87 8.11 1291.37 13.45
3305.18 8.07 1270.34 12.22
3321.62 8.00 1249.81 11.07
3338.12 8.06 1232.78 12.11
3354.56 8.01 1219.53 9.37
3370.93 8.09 1209.25 10.00
3387.31 8.02 1199.87 7.73
3403.71 7.97 1195.28 9.05
3420.12 8.06 1195.40 7.43
3436.62 7.98 1195.50 8.79
3453.09 8.05 1201.03 8.61
3469.46 7.99 1209.15 9.97
3485.87 7.94 1221.78 11.26
3502.21 8.02 1234.37 12.19
3518.68 7.98 1248.34 17.49
3535.15 8.09 1268.43 14.25
3551.53 8.04 1293.03 21.17
3568.09 7.93 1314.56 14.96
3584.43 8.08 1341.65 15.03
3600.84 7.99 1369.31 16.84
3617.34 7.90 1400.31 18.93
3633.84 7.99 1434.31 18.22
3650.18 7.92 1467.50 21.33
3666.71 8.00 1505.93 20.29
3683.18 7.91 1543.50 20.00
3699.53 7.84 1581.37 20.45
3716.15 7.99 1622.56 21.50
3732.56 7.89 1664.43 22.65
3748.96 7.98 1704.75 22.30
3765.56 7.90 1748.06 22.23
3781.93 7.82 1790.78 22.14
3798.34 7.95 1832.40 21.74
3814.81 7.87 1874.96 21.69
3831.28 7.97 1919.15 22.65
3847.65 7.90 1957.93 21.07
3864.03 7.82 1998.56 21.16
3880.40 7.94 2037.62 21.13
3896.84 7.88 2077.84 19.54
3913.43 8.01 2115.46 21.02
3929.87 7.93 2152.09 17.58
3946.18 7.89 2187.09 17.41
3962.62 7.96 2221.21 16.50
3979.09 8.04 2251.31 16.26
3995.53 8.16 2281.15 14.80
4012.00 8.09 2307.46 15.22
4028.34 8.02 2332.59 13.17
4044.84 8.26 2354.78 14.99
4061.31 8.14 2376.25 11.50
4077.62 8.25 2394.25 10.25
4094.21 8.28 2411.59 12.42
4110.59 8.21 2422.53 9.42
4126.96 8.33 2432.78 8.10
4143.40 8.22 2439.90 7.91
4159.71 8.32 2444.12 8.18
4176.12 8.31 2446.00 7.25
4192.56 8.22 2445.71 8.01
4208.93 8.31 2442.43 9.98
4225.37 8.23 2435.93 9.39
4241.68 8.33 2428.50 9.89
4258.09 8.32 2417.25 11.50
4274.53 8.21 2404.25 11.57
4290.93 8.30 2386.96 17.42
4307.40 8.21 2368.50 14.26
4323.71 8.31 2349.93 15.22
4340.15 8.27 2327.56 15.42
4356.59 8.15 2302.25 16.39
4372.93 8.29 2276.53 16.98
4389.53 8.17 2247.81 17.69
4405.87 8.27 2219.12 18.13
4422.28 8.22 2187.37 18.37
4438.68 8.14 2155.25 19.49
4455.06 8.20 2122.96 19.46
4471.59 8.18 2087.62 20.07
4487.93 8.14 2050.90 21.22
4504.37 8.24 2016.96 20.01
4520.96 8.14 1981.09 20.52
4537.31 8.27 1943.03 20.38
4553.75 8.20 1906.50 20.82
4570.25 8.12 1869.18 20.89
4586.59 8.28 1830.62 26.16
4602.93 8.15 1799.46 20.95
4619.43 8.29 1762.12 19.81
4635.84 8.21 1726.65 18.92
4652.25 8.11 1694.53 20.76
4668.62 8.24 1660.75 18.70
4685.03 8.13 1628.25 17.59
4701.53 8.30 1596.93 16.38
4717.93 8.21 1568.46 15.64
4734.37 8.10 1541.56 14.57
4750.78 8.28 1514.90 14.06
4767.21 8.16 1490.18 15.57
4783.62 8.30 1468.21 11.96
4800.00 8.23 1447.56 11.99
4816.50 8.14 1429.18 11.02
4832.90 8.27 1413.81 10.78
4849.28 8.17 1399.78 11.32
4865.75 8.31 1388.34 9.26
4882.15 8.23 1378.59 8.79
4898.46 8.19 1370.81 7.38
4915.00 8.27 1366.50 10.23
4931.37 8.19 1364.18 8.85
4947.71 8.17 1363.78 8.49
4964.28 8.36 1366.15 8.51
4980.71 8.30 1369.28 10.12
4997.12 8.43 1375.96 9.59
5013.53 8.33 1385.43 12.43
5029.90 8.43 1396.65 11.06
5046.31 8.43 1409.62 12.85
5062.71 8.32 1423.28 14.22
5079.15 8.47 1442.28 13.54
5095.59 8.38 1462.09 14.51
5111.90 8.31 1481.28 15.05
5128.34 8.45 1503.75 15.71
5144.71 8.33 1526.43 16.48
5161.15 8.51 1552.81 17.02
5177.50 8.37 1580.03 18.24
5193.90 8.31 1605.96 19.74
5210.31 8.47 1636.25 17.62
5226.68 8.32 1665.43 19.25
5243.12 8.50 1695.18 19.38
5259.50 8.37 1726.56 19.51
5275.87 8.33 1757.62 18.84
5292.46 8.43 1789.25 19.09
5308.84 8.28 1822.84 18.53
5325.18 8.45 1853.46 18.64
5341.78 8.30 1885.12 18.88
5358.18 8.27 1917.81 18.30
5374.62 8.39 1948.37 17.40
5391.00 8.24 1979.43 16.76
5407.31 8.41 2007.78 18.10
5423.75 8.32 2037.31 15.75
5440.25 8.26 2065.31 16.31
5456.65 8.37 2092.65 14.40
5473.03 8.28 2117.87 15.26
5489.37 8.41 2144.03 12.98
5505.84 8.34 2166.31 14.26
5522.34 8.31 2187.09 13.19
5538.71 8.47 2207.28 10.95
5555.09 8.35 2225.87 10.74
5571.78 8.38 2241.50 11.52
5588.18 8.48 2257.28 8.47
5604.62 8.38 2270.25 9.05
5621.00 8.55 2281.15 8.03
5637.34 8.42 2289.53 6.91
5653.78 8.37 2298.06 9.12
5670.21 8.48 2301.00 7.51
5686.59 8.35 2304.09 6.01
5703.00 8.55 2305.25 9.00
5719.43 8.42 2303.46 7.69
5735.84 8.38 2300.56 7.33
5752.31 8.51 2296.59 7.90
5768.71 8.39 2288.84 8.29
5785.00 8.54 2278.71 10.32
5801.46 8.45 2267.03 12.69
5818.03 8.45 2256.75 11.66
5834.43 8.55 2242.50 12.08
5850.84 8.44 2226.15 14.01
5867.18 8.57 2208.25 13.23
5883.59 8.51 2190.00 13.52
5900.06 8.45 2169.34 14.62
5916.68 8.75 2147.90 17.00
5933.03 8.63 2126.84 20.65
5949.40 8.76 2102.06 15.45
5965.96 8.93 2076.28 16.10
5982.37 8.91 2052.09 17.40
5998.81 8.92 2025.43 17.33
6015.18 8.95 1998.37 19.03
6031.56 8.89 1971.15 18.92
6048.06 8.99 1943.65 18.31
6064.46 8.94 1915.15 19.64
6080.81 8.92 1888.31 16.95
6097.43 9.17 1863.84 22.94
6113.81 9.14 1832.96 17.43
6130.21 9.20 1806.40 17.14
6146.68 9.16 1779.09 16.93
6162.96 9.18 1753.03 17.17
6179.40 9.15 1727.21 15.88
6195.78 9.15 1704.75 17.51
6212.18 9.21 1677.96 15.31
6228.65 9.17 1657.15 13.98
6244.93 9.17 1635.40 13.49
6261.34 9.16 1615.46 11.82
6277.78 9.15 1596.34 12.04
6294.21 9.21 1577.75 11.41
6310.68 9.17 1562.03 10.41
6326.93 9.16 1547.71 10.01
6343.40 9.16 1535.81 10.15
6359.84 9.15 1523.43 8.40
6376.25 9.21 1512.81 7.60
6392.68 9.13 1505.34 8.07
6408.93 9.13 1499.40 6.08
6425.40 9.14 1493.53 6.63
6441.81 9.17 1489.59 8.52
6458.21 9.08 1488.87 5.83
6474.62 9.12 1489.31 6.67
6491.00 9.15 1491.71 7.05
6507.43 9.15 1496.00 7.33
6523.93 9.22 1501.28 8.22
6540.31 9.19 1508.53 8.94
6556.75 9.24 1517.18 10.09
6573.25 9.30 1527.96 11.22
6589.62 9.37 1540.53 11.49
6606.09 9.32 1553.50 12.01
6622.46 9.34 1568.71 13.17
6638.87 9.30 1584.53 13.38
6655.21 9.28 1601.84 16.31
6671.65 9.36 1619.56 14.38
6688.12 9.31 1639.09 15.63
6704.50 9.37 1659.65 15.96
6721.00 9.33 1680.31 16.08
6737.37 9.29 1702.62 15.93
6753.90 9.42 1721.21 23.59
6770.37 9.36 1747.28 17.28
6786.62 9.41 1771.28 16.98
6803.12 9.38 1795.12 17.50
6819.46 9.35 1819.09 17.32
6835.93 9.43 1842.93 17.09
6852.37 9.38 1867.25 18.04
6868.78 9.42 1890.06 17.51
6885.25 9.40 1914.43 17.30
6901.62 9.42 1937.81 16.49
6918.03 9.38 1959.81 16.29
6934.53 9.41 1983.56 17.17
6950.90 9.47 2003.96 14.75
6967.50 9.51 2025.25 12.59
6983.84 9.51 2046.06 14.09
7000.31 9.62 2065.46 15.12
7016.75 9.55 2081.90 12.97
7033.06 9.51 2099.81 12.46
7049.50 9.56 2115.00 12.08
7065.87 9.51 2131.31 11.11
7082.34 9.69 2143.43 11.05
7098.81 9.63 2154.50 11.73
7115.06 9.59 2166.03 10.76
7131.50 9.63 2174.62 9.04
7147.90 9.55 2182.62 8.78
7164.25 9.75 2187.50 8.07
7180.75 9.62 2191.03 13.00
7197.03 9.55 2192.87 15.23
7213.50 9.63 2196.09 8.60
7229.90 9.55 2197.78 7.83
7246.21 9.62 2193.78 18.52
7262.75 9.62 2192.81 7.23
7279.00 9.56 2187.84 9.90
7295.46 9.65 2182.96 8.34
7311.90 9.55 2176.06 8.53
7328.18 9.62 2167.03 9.33
7344.68 9.57 2156.65 9.50
7360.96 9.53 2145.96 10.52
7377.46 9.64 2133.43 10.58
7393.90 9.55 2120.65 10.91
7410.21 9.62 2106.43 9.01
7426.62 9.59 2090.06 12.25
7442.96 9.54 2073.18 12.67
7459.43 9.65 2056.00 12.70
7476.00 9.63 2035.71 14.30
7492.28 9.64 2018.46 15.08
7508.75 9.64 1998.96 12.84
7525.09 9.62 1979.09 13.30
7541.53 9.76 1960.00 13.26
7558.00 9.71 1939.28 13.32
7574.37 9.73 1919.00 14.96
7590.78 9.75 1896.75 14.04
7607.15 9.66 1876.18 12.65
7623.50 9.83 1854.75 14.20
7640.00 9.73 1835.40 12.90
7656.34 9.70 1814.84 13.73
7672.75 9.74 1793.87 13.51
7689.15 9.66 1775.71 12.25
7705.53 9.73 1756.75 11.41
7722.06 9.74 1738.43 11.03
7738.40 9.71 1720.34 10.61
7754.81 9.79 1705.00 13.18
7771.25 9.69 1688.59 9.58
7787.56 9.74 1673.43 9.34
7804.06 9.74 1658.40 10.17
7820.56 9.83 1645.50 9.47
7837.03 9.96 1632.31 14.93
7853.43 9.85 1623.31 7.76
7869.81 9.93 1613.40 7.10
7886.34 9.93 1604.71 7.29
7902.65 9.93 1597.87 7.24
7919.12 10.04 1592.34 7.29
7935.56 9.97 1587.18 7.43
7951.90 10.01 1585.28 6.67
7968.56 10.41 1582.75 6.30
7984.78 10.45 1583.46 6.97
8001.43 10.52 1583.90 7.60
8017.84 10.61 1587.50 8.73
8034.25 10.56 1589.43 9.31
8050.71 10.53 1596.00 20.32
8066.96 10.52 1600.03 10.59
8083.46 10.62 1607.12 9.98
8099.93 10.72 1615.34 10.29
8116.28 10.70 1626.37 14.35
8132.75 10.62 1634.12 11.39
8149.06 10.63 1645.46 12.87
8165.40 10.67 1659.21 13.56
8181.93 10.72 1672.12 13.65
8198.25 10.67 1688.46 15.30
8214.71 10.62 1701.90 14.41
8231.06 10.63 1713.96 17.36
8247.40 10.67 1731.87 14.40
8263.93 10.72 1748.28 14.57
8280.15 10.61 1767.21 15.18
8296.65 10.63 1782.71 15.14
8313.03 10.64 1801.15 14.32
8329.37 10.66 1819.46 14.35
8345.87 10.58 1836.78 14.46
8362.12 10.60 1855.15 13.99
8378.62 10.60 1873.84 14.27
8395.06 10.63 1890.65 14.26
8411.34 10.68 1908.21 13.73
8427.84 10.60 1926.00 12.45
8444.09 10.62 1943.50 12.98
8460.56 10.59 1959.28 12.35
8477.03 10.68 1974.43 12.32
8493.40 10.68 1991.06 11.69
8509.87 10.62 2006.25 11.31
8526.31 10.78 2019.43 10.61
8542.71 10.80 2034.18 10.32
8559.28 10.91 2046.15 8.85
8575.65 10.91 2056.21 9.03
8592.09 10.84 2067.78 8.36
8608.43 10.84 2077.81 8.04
8624.78 10.91 2086.84 8.07
8641.31 10.93 2092.84 11.32
8657.59 10.90 2100.25 7.77
8674.06 10.84 2102.59 16.29
8690.40 10.85 2111.28 11.48
8706.90 10.97 2112.00 6.39
8723.62 11.03 2114.96 7.08
8739.87 10.95 2116.40 7.45
8756.46 11.04 2114.46 7.36
8772.90 11.07 2114.96 15.17
8789.25 11.11 2112.21 10.38
8805.78 11.10 2106.84 8.15
8822.09 11.14 2102.93 9.71
8838.50 11.07 2097.65 11.32
8854.96 11.13 2089.68 10.13
8871.28 11.13 2081.06 13.52
8887.75 11.08 2072.25 10.30
8904.15 11.18 2060.56 15.98
8920.59 11.14 2051.59 15.52
8937.00 11.18 2041.40 12.10
8953.43 11.17 2030.34 13.11
8969.96 11.37 2017.65 13.77
8986.31 11.29 2004.50 13.61
9002.71 11.34 1990.46 14.67
9019.15 11.39 1975.78 13.73
9035.53 11.30 1962.25 15.37
9051.96 11.43 1948.09 16.02
9068.31 11.29 1931.78 15.07
9084.84 11.53 1914.21 13.46
9101.31 11.60 1899.34 15.22
9117.59 11.50 1883.78 13.83
9134.09 11.53 1868.18 13.84
9150.43 11.51 1852.03 16.84
9166.75 11.55 1836.34 15.26
9183.31 11.60 1821.68 13.60
9199.59 11.50 1805.00 17.55
9216.03 11.49 1792.50 12.67
9232.43 11.51 1780.53 22.26
9248.71 11.53 1765.50 12.09
9265.28 11.61 1752.25 11.28
9281.56 11.52 1738.21 13.31
9298.00 11.51 1728.25 9.83
9314.43 11.51 1717.15 9.84
9330.68 11.52 1708.78 11.25
9347.21 11.57 1696.78 8.71
9363.56 11.52 1689.65 8.23
9380.00 11.51 1679.93 8.07
9396.43 11.51 1674.75 6.80
9412.68 11.52 1668.90 6.42
9429.18 11.59 1663.84 5.64
9445.50 11.52 1659.28 5.62
9461.90 11.51 1655.43 10.57
9478.59 11.69 1654.40 6.16
9494.90 11.65 1653.68 5.30
9511.37 11.75 1653.71 6.21
9527.75 11.70 1654.81 5.48
9544.09 11.71 1655.81 7.37
9560.62 11.78 1658.84 6.50
9576.93 11.71 1662.46 8.60
9593.43 11.76 1668.09 9.14
9609.81 11.74 1673.09 7.78
9626.03 11.75 1680.12 8.44
9642.62 11.81 1687.59 8.83
9658.90 11.68 1695.93 11.33
9675.34 11.70 1703.31 8.77
9691.78 11.75 1714.09 10.73
9708.03 11.75 1724.56 11.24
9724.68 11.84 1733.40 11.64
9740.96 11.70 1747.28 13.45
9757.50 11.84 1757.53 12.32
9773.84 11.78 1771.09 13.92
9790.09 11.79 1782.75 17.17
9806.78 11.95 1795.65 12.39
9823.03 11.85 1808.78 12.69
9839.56 11.92 1823.12 13.03
9855.93 11.87 1835.12 14.55
9872.18 11.88 1849.75 11.64
9888.78 11.95 1863.65 12.93
9905.18 12.03 1876.81 14.53
9921.68 12.09 1890.75 12.41
9938.06 12.05 1901.62 16.65
9954.37 12.05 1916.43 12.20
9971.09 12.83 1928.71 12.34
9987.40 12.84 1941.62 12.01
10003.87 12.89 1952.78 13.82
10020.28 12.80 1965.50 12.57
10036.62 12.84 1976.50 13.78
10053.09 12.88 1985.90 10.91
10069.43 12.85 1995.96 10.69
10085.84 12.90 2006.03 12.16
10102.25 12.86 2013.68 9.55
10118.59 12.88 2021.34 9.05
10135.09 12.91 2029.62 9.74
10151.43 12.91 2035.18 8.49
10167.75 12.95 2039.03 8.60
10184.25 12.86 2044.46 7.79
10200.59 12.88 2049.03 7.65
10217.09 12.91 2051.65 7.16
10233.40 12.88 2055.40 10.27
10249.75 12.95 2054.28 7.45
10266.25 12.86 2054.53 7.25
10282.53 12.91 2055.00 8.04
10299.03 12.93 2052.62 7.78
10315.40 12.88 2050.78 8.62
10331.71 12.94 2049.46 10.24
10348.21 12.85 2044.18 9.30
10364.50 12.87 2039.53 8.78
10381.03 12.93 2033.56 10.73
10397.40 12.88 2027.34 9.61
10413.68 12.92 2021.93 11.89
10430.18 12.87 2013.50 10.78
10446.46 12.89 2005.21 10.93
10462.96 12.92 1996.65 11.57
10479.37 12.82 1986.21 11.61
10495.71 12.95 1978.96 11.65
10512.21 12.90 1967.59 11.57
10528.53 12.95 1958.75 12.90
10544.90 12.96 1946.65 11.14
10561.50 13.00 1935.03 12.22
10577.87 13.08 1922.65 11.99
10594.37 13.06 1912.93 12.66
10610.68 13.04 1899.65 11.37
10627.03 13.13 1889.09 17.11
10643.46 13.01 1876.25 11.90
10659.87 13.08 1862.90 13.77
10676.34 13.08 1853.00 11.05
10692.65 13.06 1842.37 11.55
10709.03 13.13 1829.87 11.33
10725.50 13.02 1820.50 11.71
10741.93 13.10 1808.21 10.79
10758.34 13.13 1799.03 10.54
10774.71 13.10 1788.62 9.65
10791.06 13.16 1776.37 16.81
10807.65 13.22 1769.21 8.99
10824.03 13.29 1760.50 8.51
10840.46 13.27 1752.46 9.00
10856.87 13.27 1745.37 8.57
10873.18 13.31 1738.09 7.91
10889.65 13.22 1732.25 8.13
10906.03 13.30 1727.50 11.58
10922.50 13.30 1720.96 7.32
10938.84 13.17 1717.28 7.49
10955.28 13.54 1714.15 7.82
10971.78 13.62 1711.21 8.39
10988.15 13.59 1708.90 7.40
11004.53 13.60 1708.71 8.97
11020.96 13.61 1707.34 8.95
11037.34 13.57 1707.78 8.63
11053.81 13.69 1709.03 9.58
11070.12 13.56 1710.81 8.39
11086.53 13.60 1713.28 9.62
11102.96 13.66 1716.31 9.21
11119.31 13.59 1719.71 9.26
11135.81 13.75 1723.96 10.97
11152.12 13.62 1729.09 11.06
11168.37 13.61 1736.03 12.85
11184.96 13.66 1739.68 13.21
11201.31 13.59 1747.03 12.63
11217.68 13.63 1756.28 12.96
11234.09 13.61 1761.37 14.76
11250.34 13.57 1772.40 14.96
11266.93 13.67 1780.34 13.68
11283.25 13.62 1789.78 12.71
11299.65 13.66 1797.81 12.44
11316.09 13.61 1806.71 13.72
11332.34 13.57 1818.18 12.69
11348.90 13.67 1828.68 12.50
11365.21 13.60 1837.96 12.15
11381.62 13.55 1847.84 11.17
11398.06 13.59 1858.71 12.04
11414.34 13.57 1867.81 11.72
11430.87 13.69 1879.18 10.83
11447.18 13.63 1888.56 10.60
11463.59 13.58 1898.50 11.55
11480.06 13.64 1909.06 10.54
11496.37 13.60 1917.56 10.52
11512.96 13.77 1927.62 8.79
11529.25 13.68 1935.34 9.98
11545.62 13.68 1945.71 7.95
11562.09 13.73 1951.75 7.96
11578.40 13.67 1960.59 7.64
11594.93 13.81 1968.21 13.32
11611.28 13.71 1974.59 7.15
11627.50 13.70 1977.87 18.41
11644.06 13.74 1986.00 5.90
11660.40 13.67 1994.03 16.24
11676.78 13.71 1995.78 6.38
11693.15 13.66 1999.46 5.01
11709.46 13.67 2003.18 5.73
11726.03 13.75 2005.43 6.77
11742.43 13.69 2007.15 5.76
11758.81 13.78 2008.46 6.05
11775.25 13.72 2007.34 7.27
11791.53 13.71 2009.50 6.72
11808.09 13.84 2009.53 10.28
11824.40 13.77 2006.50 7.25
11840.81 13.73 2006.25 7.73
11857.25 13.75 2003.71 8.30
11873.53 13.74 2001.12 8.66
11890.09 13.84 1997.12 9.07
11906.40 13.77 1992.62 9.35
11922.78 13.72 1987.87 9.80
11939.25 13.75 1982.28 10.38
11955.59 13.96 1975.59 11.50
11972.09 14.06 1971.09 11.04
11988.46 14.03 1964.03 11.23
12004.84 14.03 1956.62 11.43
12021.28 14.06 1949.62 11.49
12037.62 13.98 1941.53 12.56
12054.09 14.12 1932.62 12.51
12070.46 14.03 1925.06 11.49
12086.78 13.98 1917.09 12.40
12103.25 14.07 1908.56 11.81
12119.59 14.00 1899.78 12.27
12136.03 14.01 1889.59 13.68
12152.37 14.00 1881.43 13.03
12168.68 14.03 1873.06 12.45
12185.25 14.07 1866.56 16.14
12201.56 13.97 1855.78 12.37
12218.03 14.01 1847.03 12.38
12234.37 14.00 1839.15 12.82
12250.68 14.03 1829.00 12.67
12267.21 14.08 1822.15 10.70
12283.50 14.01 1815.34 10.68
12299.96 14.03 1807.96 11.22
12316.34 13.99 1800.75 12.31
12332.65 14.02 1792.68 9.22
12349.18 14.08 1785.37 12.26
12365.50 14.01 1780.09 7.24
12381.93 13.99 1775.09 7.28
12398.34 13.99 1769.53 7.72
12414.62 13.98 1765.65 8.04
12431.12 14.07 1761.34 6.21
12447.46 14.03 1757.87 6.97
12463.93 14.04 1755.87 7.64
12480.40 14.10 1752.68 6.57
12496.68 14.04 1748.90 9.61
12513.25 14.19 1748.18 8.68
12529.56 14.12 1748.87 6.54
12545.87 14.07 1748.37 7.86
12562.40 14.17 1747.93 7.11
12578.68 14.09 1749.00 7.45
12595.18 14.12 1748.28 20.79
12611.56 14.12 1751.90 8.79
12627.78 14.12 1754.75 7.96
12644.37 14.19 1760.40 11.69
12660.68 14.09 1759.75 12.13
12677.12 14.10 1764.50 9.24
12693.53 14.14 1769.90 9.15
12709.78 14.12 1774.84 8.53
12726.34 14.20 1781.15 11.01
12742.71 14.11 1784.46 10.89
12759.12 14.15 1791.18 10.06
12775.56 14.16 1797.25 12.23
12791.81 14.14 1806.31 12.94
12808.34 14.22 1812.25 14.20
12824.68 14.19 1818.50 10.65
12841.09 14.11 1825.46 11.04
12857.56 14.18 1833.06 11.32
12873.78 14.13 1841.21 13.73
12890.34 14.22 1847.93 10.17
12906.68 14.19 1856.43 11.53
12923.06 14.09 1862.34 10.70
12939.53 14.14 1871.81 11.82
12955.90 14.51 1878.15 12.09
12972.40 14.58 1886.25 10.76
12988.81 14.59 1894.50 12.63
13005.18 14.65 1901.75 10.29
13021.59 14.58 1907.21 10.70
13037.96 14.53 1915.15 9.97
13054.43 14.66 1921.78 10.38
13070.81 14.59 1928.15 9.31
13087.15 14.54 1934.28 11.63
13103.56 14.59 1940.12 9.79
13119.93 14.55 1944.28 9.26
13136.37 14.64 1950.90 9.04
13152.78 14.60 1954.40 8.11
13169.06 14.58 1958.93 8.53
13185.56 14.59 1962.09 8.35
13201.93 14.55 1965.56 8.36
13218.34 14.62 1966.71 12.50
13234.75 14.58 1970.37 10.26
13251.03 14.58 1970.75 11.51
13267.53 14.60 1973.87 7.09
13283.87 14.59 1973.81 7.31
13300.31 14.64 1974.15 8.03
13316.71 14.56 1973.12 8.29
13333.00 14.57 1973.53 7.31
13349.50 14.60 1974.31 8.30
13365.87 14.59 1972.34 8.38
13382.28 14.61 1969.50 7.99
13398.68 14.52 1968.43 8.59
13415.00 14.57 1964.18 7.88
13431.46 14.62 1961.59 8.44
13447.81 14.59 1957.75 8.30
13464.25 14.64 1953.00 8.23
13480.65 14.57 1949.06 10.80
13497.00 14.57 1943.56 9.26
13513.59 14.74 1939.03 8.92
13529.93 14.71 1934.53 11.28
13546.25 14.62 1927.93 10.33
13562.71 14.70 1922.25 8.89
13579.03 14.65 1915.43 9.79
13595.56 14.78 1911.46 13.91
13611.93 14.71 1903.34 10.46
13628.15 14.67 1897.75 9.05
13644.68 14.71 1889.87 9.41
13661.03 14.65 1884.56 9.59
13677.50 14.77 1876.75 9.15
13693.87 14.70 1870.96 8.72
13710.12 14.67 1862.53 10.12
13726.65 14.72 1857.03 10.79
13743.12 14.73 1851.15 9.40
13759.53 14.85 1844.46 9.09
13775.93 14.75 1838.75 10.08
13792.21 14.75 1832.93 9.83
13808.68 14.78 1825.34 8.73
13825.06 14.77 1819.93 8.39
13841.50 14.81 1815.00 8.24
13857.90 14.73 1810.09 8.06
13874.18 14.74 1804.75 7.78
13890.68 14.78 1801.06 8.25
13907.06 14.77 1798.03 9.35
13923.46 14.78 1794.75 8.92
13939.90 14.73 1789.12 7.90
13956.21 14.86 1786.00 7.51
13972.68 14.91 1784.59 7.37
13989.06 14.90 1781.68 9.25
14005.43 14.96 1780.34 7.18
14021.87 14.93 1779.81 10.36
14038.25 14.88 1778.71 8.34
14054.68 14.97 1777.03 8.49
14071.06 14.90 1776.50 8.52
14087.43 14.96 1777.21 8.70
14103.81 14.91 1778.93 10.06
14120.21 14.90 1779.81 8.98
14136.65 14.99 1780.93 8.65
14153.03 14.91 1783.06 9.94
14169.34 15.01 1784.84 9.22
14185.81 14.91 1787.50 10.58
14202.18 14.87 1790.59 9.29
14218.62 14.96 1793.93 9.89
14235.03 14.91 1797.87 10.14
14251.31 15.00 1804.68 16.49
14267.78 14.91 1806.37 11.50
14284.12 14.90 1811.06 9.77
14300.59 14.98 1815.59 10.18
14317.00 14.89 1821.78 11.46
14333.25 14.88 1826.43 10.40
14349.75 14.91 1831.90 12.47
14366.12 14.90 1837.87 14.63
14382.53 14.91 1842.00 10.23
14399.00 14.89 1848.75 10.95
14415.25 14.88 1854.43 10.01
14431.71 14.93 1859.87 9.20
14448.06 14.90 1866.09 10.03
14464.62 15.10 1872.15 12.62
14481.06 15.07 1877.25 13.30
14497.40 15.06 1882.09 10.24
14513.87 15.11 1887.96 9.02
14530.25 15.11 1892.84 9.23
14546.62 15.17 1899.84 9.05
14563.03 15.11 1904.62 7.94
14579.40 15.11 1907.90 8.85
14595.84 15.15 1915.28 11.92
14612.25 15.11 1918.12 8.19
14628.53 15.22 1922.62 7.59
14645.00 15.12 1926.50 6.83
14661.37 15.08 1930.00 11.89
14677.81 15.16 1932.90 8.28
14694.21 15.13 1936.25 6.91
14710.50 15.21 1938.43 7.41
14726.93 15.09 1941.12 6.95
14743.40 15.11 1942.71 6.79
14759.81 15.22 1945.25 7.38
14776.25 15.16 1946.56 6.24
14792.50 15.13 1945.28 12.01
14808.93 15.12 1948.15 7.67
14825.34 15.15 1948.18 7.32
14841.78 15.18 1948.00 6.61
14858.21 15.14 1947.37 7.53
14874.46 15.12 1946.31 7.81
14890.93 15.12 1944.65 8.08
14907.34 15.15 1941.28 12.42
14923.78 15.18 1940.65 9.82
14940.18 15.11 1939.18 9.14
14956.65 15.80 1937.21 8.45
14973.09 15.83 1932.50 9.51
14989.65 15.99 1930.96 9.49
15006.00 16.02 1928.18 9.65
15022.43 15.99 1924.03 9.38
15038.81 15.94 1918.53 10.35
15055.21 16.00 1916.96 11.54
15071.65 15.99 1912.00 10.55
15088.00 16.02 1908.46 12.49
15104.37 15.97 1902.65 11.16
15120.78 15.96 1897.53 10.64
15137.18 16.01 1892.43 11.05
15153.59 15.98 1888.06 11.66
15169.90 16.07 1885.21 14.95
15186.34 15.93 1878.84 11.98
15202.75 15.93 1873.28 10.46
15219.18 16.01 1868.43 10.59
15235.56 15.95 1862.43 12.56
15251.87 16.07 1857.34 9.98
15268.31 15.94 1853.34 9.86
15284.68 15.97 1849.00 8.96
15301.15 16.04 1842.93 8.84
15317.53 15.93 1839.12 8.59
15333.84 16.06 1835.18 7.94
15350.28 15.94 1830.62 9.43
15366.68 15.97 1825.53 10.15
15383.12 16.01 1822.65 7.77
15399.53 15.93 1819.93 7.47
15415.81 15.94 1815.25 9.09
15432.25 15.96 1813.34 6.48
15448.65 15.99 1811.00 6.70
15465.06 16.02 1808.96 6.96
15481.50 15.99 1805.90 8.59
15497.84 15.98 1804.50 9.51
15514.43 16.17 1802.90 6.17
15530.84 16.20 1801.34 7.14
15547.18 16.23 1801.75 9.09
15563.59 16.17 1800.15 6.77
15579.96 16.17 1799.21 6.23
15596.40 16.21 1798.75 13.98
15612.81 16.17 1799.68 7.63
15629.09 16.28 1800.65 6.84
15645.56 16.18 1801.46 7.08
15661.93 16.14 1803.56 10.28
15678.34 16.19 1803.65 8.44
15694.75 16.16 1806.87 7.95
15711.06 16.27 1809.43 9.42
15727.53 16.19 1810.46 8.67
15744.09 16.31 1813.34 8.35
15760.46 16.38 1815.75 9.59
15776.90 16.32 1817.65 11.64
15793.21 16.44 1823.28 9.78
15809.65 16.36 1827.06 9.35
15826.03 16.35 1828.96 9.34
15842.43 16.35 1833.87 8.56
15858.87 16.30 1838.03 10.45
15875.15 16.32 1841.03 9.66
15891.62 16.32 1844.93 10.59
15908.00 16.31 1852.37 12.06
15924.43 16.35 1853.87 11.79
15940.87 16.30 1859.00 10.36
15957.21 16.55 1863.56 9.97
15973.62 16.45 1868.18 11.26
15990.03 16.48 1872.56 10.71
16006.40 16.54 1874.87 9.68
16022.87 16.54 1878.37 11.89
16039.25 16.58 1884.12 10.36
16055.62 16.52 1888.09 11.04
16072.03 16.48 1892.18 10.34
16088.40 16.54 1894.68 10.88
16104.78 16.49 1899.78 9.49
16121.21 16.60 1903.25 9.06
16137.56 16.50 1907.06 9.02
16154.00 16.50 1909.15 9.11
16170.31 16.59 1912.37 10.97
16186.78 16.49 1914.53 7.99
16203.15 16.45 1917.43 8.17
16219.56 16.50 1920.09 7.94
16236.00 16.50 1923.37 14.11
16252.28 16.58 1924.03 6.87
16268.75 16.50 1926.37 6.93
16285.09 16.49 1924.81 10.08
16301.53 16.52 1928.40 8.81
16317.96 16.48 1928.34 7.54
16334.25 16.58 1928.28 6.65
16350.68 16.46 1928.84 7.91
16367.06 16.45 1928.53 7.23
16383.50 16.49 1927.56 7.32
16399.96 16.48 1928.09 14.42
16416.25 16.58 1925.90 7.42
16432.65 16.48 1924.78 8.51
16449.03 16.48 1922.71 8.79
16465.46 16.54 1923.56 10.27
16481.93 16.54 1918.62 8.74
16498.28 16.61 1916.71 8.95
16514.75 16.60 1914.53 7.83
16531.09 16.56 1912.81 9.02
16547.50 16.65 1907.18 12.32
16563.87 16.56 1906.34 8.43
16580.28 16.67 1903.34 9.58
16596.68 16.60 1898.78 9.46
16613.09 16.56 1896.84 8.26
16629.37 16.66 1892.28 8.86
16645.84 16.57 1890.93 11.98
16662.21 16.53 1886.09 8.78
16678.65 16.61 1881.81 9.15
16695.06 16.57 1878.21 8.46
16711.34 16.66 1875.59 8.22
16727.81 16.58 1873.06 12.27
16744.25 16.57 1867.15 8.65
16760.65 16.67 1863.40 9.45
16777.12 16.65 1859.90 8.81
16793.37 16.70 1855.81 9.13
