1.90 0.29 1859.31 34.72
19.50 6.39 1768.59 33.00
36.00 6.48 1681.15 31.95
52.28 6.42 1595.65 31.85
68.84 6.51 1512.28 31.21
85.09 6.46 1431.59 31.83
101.50 6.39 1348.53 29.29
118.03 6.48 1272.59 29.87
134.34 6.41 1195.18 27.88
150.78 6.35 1122.71 27.08
167.12 6.45 1053.59 26.39
183.53 6.39 988.03 25.62
200.06 6.47 923.34 23.35
216.34 6.42 864.25 23.83
232.90 6.33 810.56 23.78
249.40 6.49 760.87 21.95
265.68 6.47 715.21 21.97
282.31 6.52 671.28 21.34
298.56 6.46 635.03 20.91
315.28 6.47 603.68 21.96
331.65 6.55 578.78 19.96
348.18 6.62 558.53 23.00
364.71 6.66 544.93 20.08
381.06 6.60 536.59 18.68
397.50 6.54 531.56 18.51
413.93 6.59 532.78 18.95
430.21 6.59 539.46 17.65
446.84 6.63 552.62 21.34
463.12 6.58 566.15 20.58
479.59 6.53 586.90 22.20
496.03 6.76 611.68 21.48
512.34 6.71 640.53 21.96
528.90 6.79 674.56 23.71
545.18 6.75 713.62 24.22
561.65 6.69 754.59 26.48
578.09 6.74 799.84 25.87
594.40 6.69 850.21 27.40
610.90 6.80 905.37 28.11
627.25 6.73 962.46 29.20
643.65 6.70 1023.59 30.05
660.15 6.73 1087.68 31.24
676.46 6.67 1153.59 31.27
693.03 6.76 1223.15 32.48
709.25 6.69 1296.40 31.73
725.81 6.68 1369.87 32.09
742.25 6.72 1445.50 32.44
758.75 6.66 1522.87 32.66
775.28 6.76 1598.62 33.89
791.59 6.66 1680.56 32.31
808.03 6.67 1758.84 32.48
824.43 6.71 1837.50 32.33
840.81 6.63 1917.28 31.47
857.31 6.75 1997.59 30.66
873.62 6.65 2073.81 31.36
890.00 6.64 2152.65 30.25
906.46 6.70 2229.46 29.59
922.81 6.63 2303.81 27.96
939.18 6.61 2375.93 27.36
955.62 6.64 2447.37 26.02
972.09 6.59 2515.40 25.03
988.62 6.67 2582.68 24.51
1005.00 6.59 2643.09 23.03
1021.40 6.57 2701.87 21.79
1037.93 6.63 2758.84 20.63
1054.25 6.59 2815.25 24.44
1070.96 6.70 2859.37 20.21
1087.21 6.64 2905.18 17.71
1103.71 6.60 2944.06 19.20
1120.09 6.64 2983.31 15.56
1136.43 6.57 3014.59 14.88
1153.03 6.68 3041.46 14.10
1169.31 6.60 3064.28 13.74
1185.75 6.58 3084.06 14.56
1202.18 6.62 3097.06 14.05
1218.46 6.57 3104.43 14.44
1235.21 6.67 3109.78 15.66
1251.50 6.59 3108.93 15.47
1267.90 6.58 3102.68 14.52
1284.34 6.64 3093.43 16.10
1300.68 6.59 3078.53 17.70
1317.31 6.69 3058.59 19.00
1333.59 6.66 3034.68 20.01
1349.90 6.62 3005.50 20.03
1366.43 6.70 2973.37 20.41
1382.81 6.61 2935.75 23.12
1399.28 6.57 2894.62 23.93
1415.84 6.65 2850.87 23.66
1432.09 6.60 2801.90 25.41
1448.65 6.66 2749.59 26.65
1465.00 6.59 2695.34 26.14
1481.59 6.86 2636.28 27.90
1498.03 6.92 2576.06 28.61
1514.43 6.90 2511.56 29.44
1530.87 6.81 2446.37 29.73
1547.25 6.90 2377.56 31.25
1563.68 6.82 2310.25 31.94
1580.12 6.90 2237.28 30.15
1596.40 6.86 2165.40 29.21
1612.90 6.79 2091.03 30.38
1629.34 6.87 2019.43 33.24
1645.62 6.84 1943.31 30.37
1662.06 6.73 1867.68 29.97
1678.43 6.84 1796.03 29.81
1695.09 6.80 1720.62 29.29
1711.59 6.85 1646.00 28.57
1727.84 6.84 1574.40 26.93
1744.25 6.78 1505.59 26.76
1760.68 6.84 1435.34 25.94
1777.12 6.80 1368.12 25.51
1793.68 6.85 1303.34 24.47
1809.96 6.80 1239.56 23.18
1826.40 6.73 1180.21 21.64
1842.84 6.80 1123.28 20.16
1859.31 6.71 1068.28 20.55
1875.78 6.81 1017.06 18.24
1892.06 6.77 967.75 19.61
1908.40 6.69 924.62 17.88
1924.87 6.77 885.90 14.70
1941.28 6.71 848.28 14.14
1957.75 6.79 817.25 15.32
1974.06 6.78 789.12 12.63
1990.43 6.69 764.78 12.19
2007.12 6.75 744.75 11.94
2023.46 6.70 729.43 11.64
2039.93 6.82 719.65 12.91
2056.28 6.75 713.00 12.04
2072.65 6.69 711.06 13.01
2089.15 6.78 713.93 12.88
2105.46 6.74 721.81 14.07
2121.84 6.67 731.18 15.02
2138.37 6.76 748.75 17.32
2154.78 6.67 767.59 17.27
2171.28 6.76 792.06 17.74
2187.62 6.71 820.06 18.62
2204.00 6.63 853.03 19.74
2220.43 6.72 887.78 21.50
2237.03 6.75 928.03 23.15
2253.50 6.89 972.15 23.43
2269.93 6.78 1018.90 23.68
2286.25 6.75 1068.25 25.44
2302.75 6.88 1122.65 27.83
2319.06 6.80 1179.06 32.80
2335.59 6.94 1234.06 27.37
2352.00 6.86 1294.25 26.94
2368.25 6.85 1358.43 28.55
2384.71 6.88 1421.06 28.56
2401.15 6.83 1486.43 28.46
2417.84 7.05 1553.12 29.60
2434.18 6.96 1618.93 36.00
2450.65 6.95 1692.00 29.66
2467.09 6.99 1760.71 29.84
2483.62 7.26 1829.34 29.67
2500.03 7.21 1897.87 21.29
2516.43 7.25 1968.43 29.55
2532.81 7.25 2037.37 29.06
2549.28 7.27 2105.25 28.99
2565.68 7.24 2171.81 29.57
2582.09 7.16 2237.90 27.13
2598.40 7.27 2301.34 26.53
2614.84 7.15 2360.90 29.40
2631.31 7.26 2420.81 31.40
2647.71 7.18 2481.31 22.77
2664.06 7.16 2535.40 21.76
2680.46 7.27 2588.56 22.26
2696.90 7.20 2638.46 20.57
2713.34 7.28 2684.81 18.27
2729.96 7.30 2727.75 17.97
2746.34 7.22 2767.43 16.93
2762.62 7.32 2803.40 16.50
2779.09 7.28 2835.68 15.74
2795.53 7.17 2864.03 14.51
2811.93 7.25 2888.93 13.17
2828.34 7.23 2911.53 13.96
2844.71 7.28 2928.78 16.93
2861.25 7.22 2940.31 13.63
2877.62 7.12 2949.68 15.06
2894.00 7.22 2953.12 13.20
2910.40 7.20 2952.59 12.62
2926.78 7.25 2948.43 14.12
2943.25 7.22 2939.96 13.99
2959.59 7.14 2928.25 15.42
2976.03 7.19 2912.15 15.80
2992.43 7.20 2891.78 17.53
3008.84 7.25 2866.75 17.91
3025.31 7.22 2839.84 19.13
3041.65 7.15 2808.12 20.30
3058.06 7.23 2773.18 21.09
3074.40 7.16 2732.28 23.82
3090.81 7.26 2692.40 23.06
3107.28 7.21 2647.78 23.49
3123.59 7.17 2600.53 25.10
3140.18 7.32 2549.37 24.88
3156.56 7.23 2496.84 26.04
3173.03 7.30 2442.09 26.38
3189.46 7.30 2383.90 26.88
3205.93 7.18 2325.37 27.69
3222.37 7.33 2261.93 29.57
3238.78 7.35 2203.31 27.73
3255.21 7.21 2139.75 27.81
3271.62 7.34 2075.62 27.74
3287.96 7.26 2010.68 30.15
3304.43 7.38 1945.75 27.30
3320.84 7.38 1881.46 27.48
3337.28 7.27 1816.37 26.76
3353.71 7.38 1751.65 27.79
3370.03 7.32 1688.25 27.22
3386.65 7.40 1623.15 26.88
3403.06 7.39 1562.65 24.75
3419.40 7.30 1502.62 24.15
3435.87 7.38 1443.53 24.06
3452.21 7.35 1384.34 23.17
3468.68 7.41 1331.21 21.82
3485.37 7.63 1280.90 28.40
3501.75 7.67 1226.71 21.66
3518.34 7.65 1178.43 19.39
3534.68 7.61 1133.93 18.28
3551.12 7.63 1091.90 17.59
3567.62 7.64 1053.59 18.77
3583.96 7.53 1015.53 16.71
3600.31 7.62 984.03 14.35
3616.78 7.57 954.62 14.42
3633.12 7.63 930.84 14.86
3649.62 7.63 907.81 11.84
3665.96 7.54 891.18 12.13
3682.40 7.60 875.25 15.60
3698.75 7.64 866.75 11.03
3715.12 7.62 858.84 13.35
3731.68 7.66 859.03 14.34
3747.93 7.56 859.34 12.09
3764.37 7.65 864.62 12.60
3780.78 7.66 873.53 14.34
3797.15 7.64 886.62 15.02
3813.68 7.63 903.09 14.15
3829.96 7.54 923.84 16.32
3846.40 7.64 946.09 19.17
3862.81 7.62 976.34 20.76
3879.28 7.59 1007.34 20.80
3895.71 7.63 1038.78 22.56
3911.93 7.56 1077.40 21.29
3928.34 7.60 1117.43 22.85
3944.81 7.62 1161.84 27.41
3961.21 7.63 1206.28 25.02
3977.65 7.62 1253.93 24.38
3994.03 7.56 1304.34 25.24
4010.37 7.61 1355.75 25.47
4026.87 7.63 1410.65 26.41
4043.25 7.49 1465.28 27.28
4059.62 7.58 1522.06 28.26
4076.03 7.56 1580.56 26.51
4092.40 7.60 1639.75 27.35
4108.84 7.64 1701.96 29.99
4125.18 7.53 1761.12 27.41
4141.62 7.61 1821.25 26.50
4158.06 7.58 1882.93 27.49
4174.46 7.62 1943.03 26.59
4190.90 7.65 2003.71 25.90
4207.25 7.52 2063.50 26.60
4223.71 7.64 2120.62 25.51
4240.12 7.64 2178.71 24.69
4256.50 7.63 2234.62 24.88
4273.00 7.68 2289.34 23.23
4289.34 7.57 2342.21 19.38
4305.84 7.79 2394.21 23.16
4322.18 7.78 2441.09 21.17
4338.68 7.75 2487.96 17.66
4355.15 7.83 2531.06 18.83
4371.43 7.68 2571.43 18.09
4387.84 7.80 2610.96 17.06
4404.31 7.85 2647.15 15.64
4420.71 7.84 2679.46 14.58
4437.21 7.86 2707.65 13.83
4453.59 7.74 2732.50 12.43
4469.96 7.90 2756.37 11.23
4486.50 8.43 2775.18 11.13
4502.84 8.26 2790.28 11.26
4519.40 8.45 2802.71 13.83
4535.68 8.36 2809.53 11.45
4552.15 8.44 2814.84 10.20
4568.59 8.41 2816.09 11.41
4584.87 8.28 2814.03 12.58
4601.37 8.43 2807.37 12.19
4617.78 8.32 2797.53 13.23
4634.21 8.27 2783.78 13.86
4650.62 8.41 2767.75 16.59
4666.93 8.28 2745.78 16.17
4683.53 8.44 2723.12 19.37
4699.81 8.40 2696.78 18.95
4716.25 8.28 2665.46 19.80
4732.71 8.44 2633.59 20.28
4749.09 8.35 2597.31 21.63
4765.46 8.50 2558.84 23.18
4781.81 8.47 2516.43 23.48
4798.25 8.28 2475.18 24.17
4814.71 8.44 2430.09 24.49
4831.15 8.33 2381.50 24.96
4847.56 8.47 2330.40 26.54
4864.00 8.40 2280.59 26.27
4880.40 8.24 2229.00 27.28
4896.87 8.42 2174.18 26.20
4913.28 8.30 2119.46 27.10
4929.65 8.45 2064.18 27.66
4946.00 8.40 2005.46 28.05
4962.34 8.25 1951.43 26.71
4978.87 8.42 1893.75 27.24
4995.18 8.34 1836.90 26.29
5011.62 8.44 1780.56 26.34
5028.00 8.38 1726.50 25.82
5044.37 8.26 1669.78 24.08
5060.87 8.41 1615.75 24.34
5077.18 8.34 1560.84 22.78
5093.59 8.30 1510.09 22.50
5109.96 8.40 1458.46 21.78
5126.34 8.29 1410.43 19.84
5142.87 8.44 1364.12 19.36
5159.21 8.36 1320.46 18.46
5175.71 8.30 1277.15 17.40
5192.15 8.42 1237.00 16.09
5208.65 8.30 1198.84 15.13
5225.15 8.52 1164.96 14.42
5241.59 8.52 1134.46 16.26
5257.96 8.36 1103.90 13.49
5274.43 8.49 1076.59 11.51
5290.81 8.40 1054.90 11.41
5307.43 8.82 1032.21 13.33
5323.78 8.76 1018.62 12.81
5340.34 8.73 1003.68 9.92
5356.71 8.88 994.25 11.67
5373.18 8.80 988.46 10.76
5389.59 8.89 985.28 10.68
5405.96 8.85 985.00 14.36
5422.34 8.80 989.62 13.04
5438.81 8.90 996.59 13.84
5455.15 8.86 1006.75 14.91
5471.68 8.99 1020.31 20.26
5488.03 9.02 1038.59 18.14
5504.50 9.00 1060.18 20.06
5521.00 9.10 1081.65 19.84
5537.34 9.08 1109.15 21.26
5553.87 9.10 1137.53 22.24
5570.18 9.02 1169.75 22.64
5586.62 8.96 1204.62 23.12
5603.06 9.06 1240.50 24.85
5619.53 9.03 1279.50 25.67
5635.90 9.09 1321.28 25.79
5652.21 9.01 1365.06 26.59
5668.62 8.98 1410.06 26.98
5685.12 9.06 1457.18 30.61
5701.43 9.07 1504.71 27.98
5717.87 9.10 1554.25 28.16
5734.31 9.05 1605.84 29.41
5750.68 9.01 1657.37 29.19
5767.06 9.12 1709.93 28.57
5783.43 9.10 1762.46 28.42
5799.87 9.10 1815.06 28.49
5816.25 9.03 1868.18 28.06
5832.68 9.02 1920.28 29.18
5849.09 9.08 1972.87 27.81
5865.46 9.06 2026.43 26.75
5881.84 8.96 2077.34 26.91
5898.28 9.06 2129.18 25.08
5914.65 9.05 2177.59 25.06
5931.12 9.08 2224.96 24.10
5947.40 9.05 2271.62 23.88
5963.78 8.97 2315.84 22.18
5980.28 9.06 2358.96 20.72
5996.75 9.06 2400.90 20.56
6013.18 9.09 2438.81 19.26
6029.53 9.06 2474.71 17.34
6045.87 8.98 2510.28 16.30
6062.31 9.06 2540.84 16.50
6078.75 9.06 2570.68 14.10
6095.15 9.10 2595.84 14.32
6111.46 9.03 2618.90 15.47
6127.90 9.05 2640.28 12.36
6144.31 9.09 2656.87 10.78
6160.75 9.05 2671.68 11.15
6177.12 9.12 2683.34 10.58
6193.53 9.09 2690.96 10.91
6209.96 9.05 2696.25 10.44
6226.34 9.16 2696.46 10.66
6242.81 9.14 2695.56 11.03
6259.21 9.17 2691.75 12.99
6275.59 9.11 2682.53 13.07
6292.06 9.14 2672.15 14.19
6308.37 9.19 2659.78 17.48
6324.84 9.27 2642.00 16.95
6341.25 9.12 2620.93 17.61
6357.62 9.21 2598.00 18.64
6374.06 9.18 2572.21 17.98
6390.46 9.24 2545.28 20.13
6407.03 9.41 2514.09 21.79
6423.34 9.28 2479.90 22.05
6439.75 9.33 2445.12 23.40
6456.25 9.32 2407.37 23.57
6472.62 9.38 2368.56 23.95
6489.28 10.29 2327.78 27.87
6505.62 10.31 2284.53 29.29
6522.03 10.25 2238.65 29.15
6538.46 10.26 2193.31 29.07
6554.87 10.28 2146.37 30.55
6571.28 10.28 2099.81 30.26
6587.65 10.31 2050.28 29.78
6603.96 10.25 2000.56 29.97
6620.62 10.25 1951.93 28.88
6637.00 10.29 1901.62 29.44
6653.34 10.23 1852.78 28.95
6669.71 10.20 1802.25 28.98
6686.31 10.35 1756.21 35.82
6702.75 10.37 1704.28 28.58
6719.18 10.39 1655.81 27.66
6735.56 10.34 1610.06 27.25
6751.93 10.31 1564.56 25.76
6768.34 10.40 1520.25 25.50
6784.78 10.43 1475.40 23.84
6801.18 10.39 1436.37 21.10
6817.56 10.34 1396.21 21.96
6834.06 10.32 1359.15 20.82
6850.46 10.39 1323.03 19.44
6867.15 10.46 1289.34 18.84
6883.59 10.44 1257.25 17.86
6899.87 10.41 1228.78 17.42
6916.28 10.35 1202.03 18.59
6932.68 10.43 1181.81 13.69
6949.09 10.43 1161.31 13.90
6965.46 10.45 1143.00 11.68
6981.87 10.41 1126.84 11.59
6998.25 10.39 1115.71 9.54
7014.71 10.43 1107.21 11.75
7031.12 10.43 1099.90 10.07
7047.43 10.44 1096.71 9.88
7063.84 10.41 1095.90 10.46
7080.25 10.39 1098.40 10.34
7096.71 10.43 1104.37 11.73
7113.06 10.39 1113.68 14.54
7129.40 10.37 1124.37 13.96
7145.87 10.45 1139.21 14.58
7162.31 10.42 1155.50 16.18
7178.71 10.45 1175.46 17.80
7195.09 10.38 1198.37 19.40
7211.62 10.41 1223.09 19.10
7228.28 10.68 1250.37 20.72
7244.81 10.74 1282.00 23.62
7261.25 10.69 1311.18 24.47
7277.65 10.66 1345.15 24.30
7294.03 10.71 1382.06 24.47
7310.43 10.78 1417.87 26.15
7326.87 10.82 1459.21 27.48
7343.34 10.78 1500.03 26.76
7359.65 10.84 1542.12 28.50
7376.03 10.74 1584.37 28.81
7392.40 10.77 1628.84 27.82
7409.09 11.09 1674.21 29.58
7425.43 11.07 1719.15 29.07
7441.93 11.11 1766.12 29.63
7458.18 11.01 1810.78 30.03
7474.84 11.28 1858.34 29.72
7491.28 11.32 1905.50 30.08
7507.68 11.31 1950.68 31.27
7524.18 11.39 1997.21 28.85
7540.46 11.28 2041.78 28.99
7557.12 11.32 2087.37 28.60
7573.59 11.36 2129.84 28.03
7589.87 11.33 2172.40 27.12
7606.34 11.38 2213.65 25.80
7622.71 11.29 2254.34 24.18
7639.12 11.34 2289.96 24.64
7655.59 11.35 2327.43 23.20
7671.87 11.37 2360.62 21.90
7688.34 11.36 2392.28 23.91
7704.68 11.39 2424.96 20.00
7721.28 11.42 2452.34 18.70
7737.71 11.41 2477.00 18.54
7754.06 11.46 2501.15 16.55
7770.40 11.43 2521.00 15.11
7786.81 11.45 2541.21 16.50
7803.25 11.38 2555.84 15.36
7819.62 11.41 2568.56 13.91
7836.03 11.46 2578.21 13.80
7852.40 11.41 2585.75 11.79
7868.84 11.44 2590.46 11.98
7885.25 11.41 2592.43 14.16
7901.65 11.46 2591.62 12.01
7917.96 11.38 2588.78 12.93
7934.40 11.41 2581.12 14.20
7950.84 11.44 2572.18 14.34
7967.21 11.44 2560.84 14.63
7983.62 11.47 2546.37 15.73
8000.09 11.43 2529.59 17.53
8016.53 11.46 2511.00 18.57
8033.00 11.49 2489.53 19.75
8049.37 11.48 2464.31 20.50
8065.75 11.47 2439.18 22.66
8082.09 11.43 2409.46 22.69
8098.53 11.46 2379.21 23.58
8114.96 11.48 2344.53 24.27
8131.40 11.57 2311.84 24.44
8147.78 11.51 2276.18 25.36
8164.18 11.47 2241.03 30.85
8180.56 11.51 2201.34 28.48
8197.06 11.52 2161.65 27.10
8213.43 11.58 2120.68 27.90
8229.78 11.56 2078.75 28.21
8246.25 11.57 2035.40 29.48
8262.62 11.53 1993.09 29.63
8279.06 11.54 1950.87 29.20
8295.43 11.62 1907.78 28.85
8311.84 11.63 1863.09 28.76
8328.21 11.63 1820.84 29.51
8344.65 11.56 1778.06 28.22
8361.00 11.60 1735.00 27.34
8377.37 11.53 1693.59 26.63
8393.87 11.65 1651.59 26.55
8410.25 11.67 1611.75 26.61
8426.65 11.70 1573.25 24.80
8443.03 11.64 1535.43 24.51
8459.37 11.57 1498.25 22.98
8475.90 11.78 1462.50 23.08
8492.31 11.81 1429.75 21.71
8508.75 11.85 1399.25 21.04
8525.09 11.77 1369.31 19.19
8541.50 11.88 1342.37 17.71
8557.93 11.80 1316.75 17.03
8574.40 11.84 1292.09 17.18
8590.71 11.80 1271.65 15.58
8607.09 11.80 1253.21 13.46
8623.53 11.88 1235.87 11.47
8639.87 11.81 1223.50 10.66
8656.37 11.82 1212.59 9.24
8672.68 11.83 1203.68 7.83
8689.09 11.81 1197.46 8.21
8705.46 11.81 1193.25 7.83
8721.90 11.83 1193.00 8.38
8738.37 11.82 1195.18 8.60
8754.68 11.85 1199.18 8.71
8771.09 11.87 1206.53 12.13
8787.46 11.86 1215.93 11.89
8803.90 11.83 1226.78 13.12
8820.28 11.79 1242.06 13.69
8836.62 11.88 1257.84 15.64
8853.09 11.85 1277.37 16.48
8869.50 11.87 1299.06 19.05
8885.90 11.86 1321.34 18.78
8902.28 11.83 1347.65 19.97
8918.68 11.90 1374.31 21.36
8935.06 11.83 1404.00 21.95
8951.50 11.87 1434.15 22.97
8967.87 11.89 1465.37 24.52
8984.21 11.81 1500.31 23.96
9000.68 11.96 1535.40 26.48
9017.06 11.85 1571.46 25.56
9033.53 11.89 1609.65 27.53
9049.84 11.85 1647.65 26.87
9066.25 11.82 1686.25 27.26
9082.62 11.92 1724.59 28.37
9099.03 11.84 1766.50 27.81
9115.46 11.86 1807.56 27.61
9131.81 11.90 1845.12 29.53
9148.21 11.87 1887.31 26.10
9164.62 11.83 1928.68 28.45
9181.03 11.87 1968.43 28.38
9197.56 11.91 2009.18 27.31
9213.84 11.91 2047.28 26.44
9230.21 11.93 2086.25 25.98
9246.59 11.92 2122.68 26.25
9263.09 11.90 2159.09 24.45
9279.53 11.88 2194.18 23.89
9295.96 12.13 2228.50 24.59
9312.34 12.09 2260.25 22.40
9328.71 12.08 2288.06 19.60
9345.21 12.10 2317.90 21.14
9361.56 12.08 2345.62 19.13
9377.93 12.15 2372.56 17.78
9394.40 12.17 2395.84 17.17
9410.78 12.16 2416.40 16.03
9427.18 12.22 2435.00 15.40
9443.53 12.13 2451.50 15.54
9460.00 12.32 2466.18 13.25
9476.46 12.39 2478.09 13.25
9492.87 12.49 2488.12 12.23
9509.40 12.53 2494.87 12.75
9525.75 12.51 2500.28 12.40
9542.15 12.56 2502.93 11.58
9558.62 12.49 2502.71 11.77
9575.06 12.59 2500.09 11.72
9591.40 12.54 2495.96 14.31
9607.78 12.56 2488.93 14.24
9624.15 12.56 2477.71 15.10
9640.56 12.50 2466.25 15.90
9657.06 12.59 2451.71 16.85
9673.40 12.58 2435.62 17.80
9689.71 12.46 2419.18 21.06
9706.06 12.59 2397.12 19.52
9722.78 12.69 2374.96 21.73
9739.31 12.81 2349.59 21.65
9755.56 12.75 2324.46 24.12
9771.90 12.71 2293.62 25.41
9788.31 12.81 2266.43 24.76
9804.75 12.69 2235.43 25.48
9821.21 12.79 2203.12 26.64
9837.50 12.79 2170.15 27.30
9853.96 12.74 2136.62 29.10
9870.40 12.84 2099.84 28.19
9886.78 12.72 2062.53 30.96
9903.25 12.85 2026.87 28.42
9919.53 12.85 1988.90 30.25
9935.96 12.74 1951.50 30.19
9952.40 12.84 1915.71 28.98
9968.71 12.76 1874.96 29.69
9985.15 12.79 1838.09 29.05
10001.50 12.81 1800.34 28.91
10017.96 12.75 1763.15 29.44
10034.40 12.84 1726.81 29.03
10050.75 12.77 1689.53 27.77
10067.15 12.79 1653.84 28.15
10083.50 12.81 1620.25 26.71
10099.90 12.71 1587.09 25.70
10116.40 12.84 1554.87 23.89
10132.90 12.94 1524.28 25.01
10149.25 12.85 1496.03 24.82
10165.65 12.91 1466.15 24.62
10182.06 12.86 1439.09 20.14
10198.62 12.98 1415.84 18.51
10214.93 12.97 1391.18 17.61
10231.25 12.91 1369.78 16.36
10247.71 12.99 1352.40 15.14
10264.12 12.89 1334.93 14.41
10280.59 12.96 1320.68 14.30
10297.15 13.33 1307.34 12.73
10313.46 13.24 1297.53 11.79
10329.90 13.38 1289.56 9.01
10346.34 13.23 1283.43 9.53
10362.78 13.40 1279.00 8.90
10379.06 13.33 1276.25 11.38
10395.50 13.28 1279.46 9.57
10411.93 13.44 1281.90 8.82
10428.28 13.32 1287.53 8.92
10444.75 13.41 1295.00 10.58
10461.09 13.37 1304.87 12.53
10477.53 13.39 1316.87 13.37
10493.93 13.50 1330.87 14.18
10510.34 13.45 1346.43 15.16
10526.81 13.54 1363.50 18.35
10543.18 13.56 1383.46 18.82
10559.59 13.41 1406.59 19.25
10576.03 13.55 1429.81 21.09
10592.43 13.48 1455.18 24.42
10608.78 13.55 1481.96 22.20
10625.18 13.56 1510.09 24.11
10641.53 13.43 1539.56 25.12
10658.03 13.55 1570.03 25.01
10674.40 13.52 1602.00 25.60
10690.71 13.50 1631.03 29.06
10707.21 13.66 1666.43 27.34
10723.59 13.49 1700.93 28.40
10740.09 13.62 1735.68 28.67
10756.43 13.57 1771.03 28.26
10772.71 13.58 1805.09 28.07
10789.15 13.67 1841.28 29.03
10805.59 13.49 1877.06 28.42
10822.06 13.64 1911.18 28.20
10838.31 13.58 1948.06 27.81
10854.75 13.59 1981.84 29.19
10871.15 13.67 2015.25 26.68
10887.59 13.53 2053.28 27.25
10904.06 13.69 2081.31 25.82
10920.31 13.60 2114.71 25.21
10936.71 13.49 2145.90 23.39
10953.12 13.63 2175.28 24.27
10969.56 13.56 2204.43 23.14
10985.96 13.62 2231.18 21.91
11002.28 13.64 2256.43 21.89
11018.68 13.49 2281.90 19.92
11035.12 13.63 2302.78 18.50
11051.56 13.56 2324.46 18.88
11067.90 13.58 2341.65 17.38
11084.28 13.64 2359.93 15.51
11100.65 13.48 2374.78 15.99
11117.12 13.63 2388.03 14.57
11133.50 13.60 2399.43 12.76
11149.81 13.57 2408.75 13.01
11166.28 13.64 2415.21 11.38
11182.62 13.51 2420.25 10.24
11199.15 13.65 2422.59 10.52
11215.50 13.60 2424.62 10.93
11231.81 13.62 2422.28 10.07
11248.25 13.73 2418.40 10.59
11264.65 13.52 2411.56 11.35
11281.18 13.70 2405.21 12.44
11297.50 13.67 2394.62 13.77
11313.84 13.72 2383.50 14.70
11330.28 13.78 2368.96 14.65
11346.68 13.58 2352.81 16.34
11363.12 13.76 2336.15 17.14
11379.40 13.68 2316.65 18.81
11395.96 13.84 2297.34 22.94
11412.40 13.96 2273.59 20.14
11428.75 13.81 2251.53 25.23
11445.21 13.93 2223.78 22.76
11461.50 13.90 2196.75 23.63
11478.09 14.29 2171.43 20.30
11494.53 14.44 2140.46 25.73
11510.90 14.32 2110.40 26.08
11527.31 14.32 2080.56 28.19
11543.65 14.41 2045.43 34.35
11560.09 14.31 2014.56 29.32
11576.56 14.46 1985.90 28.23
11592.90 14.33 1951.00 29.24
11609.31 14.36 1918.56 29.29
11625.65 14.41 1884.28 28.46
11642.00 14.28 1847.93 36.50
11658.53 14.44 1818.59 28.30
11674.87 14.37 1784.78 28.89
11691.28 14.37 1752.46 28.78
11707.68 14.59 1722.00 27.55
11724.09 14.38 1690.03 26.61
11740.59 14.45 1660.65 26.79
11756.96 14.47 1630.31 25.56
11773.25 14.46 1601.96 24.20
11789.68 14.59 1574.03 23.70
11806.09 14.38 1548.53 22.80
11822.56 14.47 1520.71 26.28
11838.87 14.50 1499.78 20.88
11855.40 14.55 1477.75 20.75
11871.84 14.68 1457.25 18.65
11888.21 14.49 1436.62 19.36
11904.62 14.54 1422.06 16.20
11920.96 14.63 1406.28 15.11
11937.37 14.50 1391.59 15.73
11953.81 14.66 1382.68 13.57
11970.18 14.53 1372.12 13.15
11986.56 14.51 1364.12 10.22
12002.90 14.61 1357.56 9.83
12019.34 14.50 1354.65 9.11
12035.81 14.66 1351.68 10.88
12052.18 14.53 1352.81 8.95
12068.56 14.51 1354.62 11.30
12084.90 14.61 1358.81 9.73
12101.28 14.45 1364.78 10.71
12117.75 14.62 1373.43 12.60
12134.12 14.57 1382.53 13.41
12150.50 14.55 1394.00 14.59
12166.90 14.61 1409.81 17.48
12183.25 14.47 1422.81 16.88
12199.87 14.61 1439.93 18.23
12216.28 14.66 1459.15 20.81
12232.56 14.65 1479.09 20.22
12249.00 14.72 1500.43 21.02
12265.40 14.57 1523.15 22.21
12281.93 14.72 1549.31 22.31
12298.31 14.78 1572.59 24.70
12314.62 14.75 1598.28 24.58
12331.03 14.86 1627.15 25.87
12347.50 14.73 1654.56 25.98
12363.84 14.74 1684.09 27.81
12380.21 14.80 1715.34 26.22
12396.84 15.12 1740.15 35.86
12413.25 15.22 1774.81 29.02
12429.68 15.19 1802.75 35.60
12446.03 15.09 1835.96 29.84
12462.40 15.18 1868.93 29.12
12478.87 15.22 1898.96 29.32
12495.28 15.32 1928.87 29.82
12511.71 15.29 1960.21 30.11
12528.03 15.17 1989.93 30.22
12544.53 15.39 2020.96 29.68
12561.00 15.31 2048.46 27.43
12577.40 15.38 2074.90 28.74
12593.78 15.31 2103.46 26.69
12610.15 15.29 2129.21 26.52
12626.53 15.39 2154.68 24.55
12642.93 15.33 2177.75 22.76
12659.37 15.36 2202.00 22.39
12675.75 15.34 2224.31 21.20
12692.12 15.30 2244.28 20.60
12708.65 15.62 2261.81 19.53
12725.09 15.52 2279.53 19.05
12741.50 15.52 2295.59 17.65
12757.90 15.54 2308.78 15.64
12774.21 15.52 2321.59 15.30
12790.59 15.60 2329.46 13.03
12807.06 15.50 2337.65 12.49
12823.46 15.54 2346.78 19.61
12839.81 15.57 2350.62 10.39
12856.25 15.54 2352.37 10.38
12872.62 15.62 2354.18 10.05
12889.06 15.55 2353.12 11.52
12905.43 15.50 2350.28 9.72
12921.78 15.58 2345.78 9.72
12938.25 15.54 2338.37 9.96
12954.62 15.62 2329.12 13.73
12971.03 15.58 2320.65 12.82
12987.37 15.48 2309.84 13.10
13003.71 15.61 2296.75 15.36
13020.18 15.53 2281.25 16.49
13036.62 15.62 2266.09 16.92
13053.00 15.53 2247.28 18.85
13069.37 15.48 2228.68 20.41
13085.71 15.61 2208.03 20.62
13102.15 15.52 2186.81 21.64
13118.56 15.56 2161.81 22.59
13134.96 15.59 2138.93 24.54
13151.34 15.54 2113.56 23.93
13167.75 15.63 2088.90 25.87
13184.15 15.57 2061.71 25.77
13200.65 15.62 2033.21 27.18
13217.00 15.61 2006.15 28.49
13233.31 15.58 1977.28 27.85
13249.68 15.67 1948.71 27.38
13266.15 15.57 1919.53 28.07
13282.65 15.65 1890.90 29.58
13299.03 15.73 1861.81 28.41
13315.34 15.63 1830.46 33.42
13331.71 15.72 1803.68 29.63
13348.18 15.62 1775.62 28.11
13364.56 15.61 1746.71 27.85
13380.93 15.75 1719.25 27.14
13397.37 15.69 1697.40 31.77
13413.78 15.83 1668.09 25.74
13430.15 15.73 1644.18 27.96
13446.53 15.64 1618.12 24.67
13462.90 15.79 1593.18 23.28
13479.37 15.77 1573.15 22.83
13495.81 15.93 1551.84 21.61
13512.18 15.83 1533.15 21.19
13528.56 15.82 1514.25 19.28
13544.93 15.90 1497.31 18.42
13561.40 15.81 1482.87 16.85
13577.78 15.85 1468.06 15.43
13594.18 15.85 1455.71 14.75
13610.53 15.77 1445.84 13.65
13626.90 15.88 1436.68 11.82
13643.34 15.83 1429.65 11.12
13659.78 15.85 1423.25 9.18
13676.15 15.89 1419.53 9.28
13692.50 15.79 1416.84 10.72
13708.87 15.99 1417.62 7.52
13725.34 15.86 1418.43 8.80
13741.81 15.91 1419.34 16.60
13758.18 15.93 1426.28 9.96
13774.46 15.85 1431.62 14.87
13790.87 15.99 1440.84 11.68
13807.34 15.86 1451.62 12.83
13823.78 15.94 1461.28 16.71
13840.06 15.91 1474.56 15.45
13856.50 15.87 1489.68 16.25
13872.90 16.01 1504.68 17.08
13889.34 15.90 1523.62 19.20
13905.78 15.99 1541.06 19.79
13922.03 15.97 1560.31 21.93
13938.50 15.87 1582.78 22.95
13954.90 16.01 1604.34 24.00
13971.28 15.91 1626.00 24.75
13987.65 15.91 1649.31 25.41
14004.00 15.97 1673.81 25.75
14020.46 15.88 1699.50 26.57
14036.87 15.96 1725.59 27.00
14053.28 15.91 1751.21 27.58
14069.62 15.81 1778.28 27.22
14085.96 15.94 1804.93 28.46
14102.43 15.88 1831.90 28.49
14118.87 15.96 1859.68 28.87
14135.25 15.97 1886.12 29.17
14151.59 15.87 1914.00 29.95
14168.00 15.97 1938.53 28.11
14184.40 15.90 1967.71 28.62
14200.93 16.00 1992.43 27.64
14217.28 16.00 2016.56 32.02
14233.56 15.92 2042.06 27.06
14250.03 16.05 2066.34 26.70
14266.43 15.93 2090.93 25.46
14283.09 16.28 2113.34 24.73
14299.37 16.24 2135.03 25.72
14315.68 16.14 2153.53 23.73
14332.12 16.33 2173.00 21.57
14348.56 16.15 2190.75 20.81
14365.03 16.34 2207.46 18.80
14381.34 16.37 2223.18 19.04
14397.75 16.25 2237.18 26.04
14414.18 16.45 2248.34 16.10
14430.53 16.30 2259.81 15.23
14447.03 16.43 2268.84 13.11
14463.34 16.37 2277.00 11.76
14479.75 16.25 2283.46 11.08
14496.18 16.45 2288.03 10.19
14512.53 16.30 2291.53 10.71
14528.96 16.36 2295.25 15.04
14545.31 16.42 2292.40 8.62
14561.75 16.28 2290.03 8.85
14578.21 16.47 2287.40 8.49
14594.56 16.34 2282.28 9.00
14610.93 16.39 2275.96 9.60
14627.31 16.42 2266.65 11.16
14643.68 16.30 2258.28 12.91
14660.21 16.47 2246.15 13.75
14676.50 16.35 2233.15 14.71
14692.87 16.34 2217.71 16.89
14709.28 16.46 2204.43 16.87
14725.71 16.34 2187.62 19.27
14742.21 16.47 2170.03 19.39
14758.53 16.40 2151.59 20.23
14774.81 16.32 2132.06 21.62
14791.21 16.47 2111.18 23.28
14807.71 16.34 2089.78 23.01
14824.18 16.49 2067.78 24.95
14840.40 16.39 2045.59 26.16
14856.81 16.32 2020.81 25.30
14873.21 16.47 1996.53 27.12
14889.65 16.35 1970.93 26.61
14906.15 16.52 1946.25 27.42
14922.37 16.39 1921.71 27.73
14938.81 16.32 1898.00 31.80
14955.21 16.47 1869.78 28.23
14971.62 16.38 1844.09 28.88
14988.06 16.45 1820.62 27.76
15004.31 16.42 1796.62 29.53
15020.78 16.33 1771.50 28.37
15037.21 16.47 1746.68 28.58
15053.62 16.38 1723.00 27.01
15070.03 16.43 1699.90 26.95
15086.31 16.42 1677.43 25.25
15102.75 16.32 1657.03 25.07
15119.21 16.47 1635.84 23.92
15135.56 16.42 1616.75 23.39
15151.96 16.43 1597.71 22.00
15168.34 16.45 1580.12 21.42
15184.75 16.37 1561.21 24.85
15201.25 16.49 1548.81 19.04
15217.56 16.42 1534.96 17.32
15233.87 16.36 1524.28 15.79
15250.28 16.52 1512.37 16.23
15266.75 16.37 1502.09 14.57
15283.46 16.94 1493.53 13.61
15299.71 16.84 1485.37 12.41
15316.09 16.85 1480.25 13.91
15332.50 16.96 1477.46 10.54
15348.96 16.87 1475.21 9.46
15365.40 16.99 1474.81 8.65
15381.65 16.92 1475.81 7.82
15398.15 16.97 1477.34 8.53
15414.53 17.02 1482.06 9.11
15430.93 16.98 1485.75 11.94
15447.40 17.05 1493.12 9.53
15463.62 16.95 1501.50 11.17
15480.12 16.91 1511.50 12.08
15496.50 17.00 1521.09 12.02
15512.93 16.98 1534.15 14.10
15529.37 17.04 1547.43 14.93
15545.59 16.95 1561.96 15.79
15562.09 16.92 1576.59 17.55
15578.50 17.00 1594.53 18.73
15594.90 16.98 1611.56 19.40
15611.31 17.04 1630.46 20.71
15627.59 16.95 1648.15 22.73
15644.03 16.94 1671.21 22.08
15660.50 17.00 1691.87 23.60
15676.84 16.94 1714.03 23.56
15693.28 17.05 1735.56 24.21
15709.53 17.02 1758.31 24.47
15726.03 16.94 1781.90 25.22
15742.50 17.00 1805.56 24.90
15758.84 16.94 1829.18 26.42
15775.15 16.97 1852.87 26.36
15791.53 17.02 1875.90 27.06
15808.03 16.94 1900.87 27.17
15824.46 17.02 1923.40 26.11
15840.71 16.96 1947.18 26.40
15857.15 16.97 1969.78 27.27
15873.53 17.02 1991.71 24.33
15889.96 16.94 2012.78 25.05
15906.43 17.05 2034.81 25.65
15922.65 17.00 2055.71 23.16
15939.12 16.91 2070.87 31.51
15955.50 17.00 2093.46 21.16
15971.93 16.98 2112.34 20.88
15988.37 17.04 2126.59 20.67
16004.59 16.95 2144.93 18.67
16021.09 16.92 2160.21 16.47
16037.50 17.00 2173.53 17.29
16053.93 16.98 2185.71 15.23
16070.37 17.04 2196.90 14.59
16086.59 16.95 2207.96 12.65
16103.06 16.91 2216.18 11.51
16119.53 17.02 2223.31 10.20
16135.87 16.97 2229.50 9.76
16152.31 17.08 2234.18 8.47
16168.62 16.97 2235.87 12.75
16185.06 16.96 2239.71 9.83
16201.53 17.02 2238.75 6.50
16217.87 16.97 2237.84 7.81
16234.21 17.01 2234.03 8.82
16250.59 17.01 2231.03 8.21
16267.09 17.03 2226.09 8.63
16283.56 17.09 2218.84 9.12
16299.87 17.10 2212.46 9.08
16316.25 17.08 2201.75 11.87
16332.59 17.11 2192.15 14.26
16349.06 17.02 2180.37 14.39
16365.50 17.14 2167.65 15.49
16381.93 17.43 2152.93 16.82
16398.37 17.33 2137.68 17.30
16414.71 17.35 2122.50 18.81
16431.15 17.37 2105.03 20.24
16447.59 17.38 2087.31 20.97
16463.87 17.32 2068.37 21.92
16480.34 17.30 2048.03 22.31
16496.68 17.33 2029.93 24.20
16513.15 17.37 2008.59 24.08
16529.56 17.37 1987.87 24.87
16545.81 17.35 1966.53 26.18
16562.31 17.31 1944.18 25.96
16578.68 17.33 1922.59 24.29
16595.12 17.38 1901.18 27.37
16611.50 17.38 1878.56 26.07
16627.78 17.29 1858.21 28.84
16644.25 17.33 1831.71 25.86
16660.68 17.33 1812.53 26.23
16677.09 17.41 1792.43 24.22
16693.46 17.39 1768.84 26.63
16709.75 17.32 1750.31 23.78
16726.25 17.33 1728.78 24.22
16742.68 17.33 1709.62 23.74
16759.09 17.41 1691.53 23.56
16775.37 17.33 1672.37 22.54
16791.71 17.35 1653.65 22.86
16808.25 17.33 1639.12 23.86
16824.65 17.35 1623.12 20.12
16840.96 17.42 1608.78 19.98
16857.37 17.33 1594.90 18.93
16873.71 17.35 1582.31 16.66
16890.18 17.34 1568.96 19.17
16906.62 17.39 1560.96 15.75
16922.90 17.36 1551.43 13.17
16939.34 17.30 1544.46 21.55
16955.68 17.33 1537.43 11.36
16972.15 17.37 1533.37 10.26
16988.56 17.37 1529.59 10.53
17004.81 17.35 1526.50 9.35
17021.31 17.31 1525.12 8.13
17037.68 17.33 1524.75 9.24
17054.15 17.37 1526.87 8.23
17070.56 17.37 1529.59 8.04
17086.78 17.29 1534.00 8.42
17103.28 17.31 1539.78 10.93
17119.71 17.36 1544.65 10.90
17136.15 17.46 1553.96 12.74
17152.50 17.42 1563.56 11.66
17168.84 17.34 1571.87 13.81
17185.31 17.38 1583.71 14.43
17201.71 17.36 1596.03 15.45
17218.15 17.46 1609.53 18.43
17234.40 17.35 1625.37 17.34
17250.78 17.40 1639.40 18.69
17267.37 17.52 1655.75 19.48
17283.78 17.50 1672.68 20.20
17300.15 17.60 1689.71 19.09
17316.46 17.50 1708.84 25.95
17332.87 17.62 1727.68 21.59
17349.34 17.51 1746.15 22.32
17365.71 17.55 1765.09 23.65
17382.28 18.10 1786.90 23.48
17398.68 17.98 1806.71 24.14
17415.12 18.16 1827.31 23.86
17431.50 18.04 1848.00 24.50
17447.93 18.10 1869.18 23.47
17464.21 18.10 1889.06 25.45
17480.68 17.98 1910.75 24.87
17497.06 18.12 1930.62 24.24
17513.50 18.04 1950.40 23.77
17529.90 18.09 1969.87 23.60
17546.18 18.10 1990.43 24.88
17562.65 17.98 2007.90 24.07
17579.03 18.05 2025.93 21.76
17595.46 18.05 2041.59 22.84
17611.84 18.09 2059.56 21.45
17628.18 18.10 2075.65 20.58
17644.59 18.00 2091.81 19.16
17661.03 18.05 2106.12 16.91
17677.43 18.08 2118.87 15.22
17693.81 18.11 2131.87 17.30
17710.12 18.16 2143.25 13.79
17726.59 18.00 2154.59 18.01
17743.03 18.05 2162.81 11.48
17759.43 18.08 2169.40 10.51
17775.68 17.98 2175.62 11.30
17792.12 18.16 2184.81 10.72
17808.59 18.00 2186.03 13.19
17825.00 18.07 2190.00 5.30
17841.31 18.10 2192.28 4.35
17857.68 17.98 2192.50 5.85
17874.12 18.16 2193.03 4.10
17890.53 18.01 2191.59 6.24
17906.96 18.10 2187.03 5.72
17923.25 18.14 2183.84 7.62
17939.68 17.98 2179.62 10.73
17956.06 18.12 2172.15 9.32
17972.50 18.04 2164.34 11.06
17988.90 18.09 2156.21 15.30
18005.18 18.10 2144.87 13.24
18021.65 17.98 2132.68 14.38
18038.03 18.05 2122.37 16.32
18054.50 18.04 2109.15 17.18
18070.90 18.09 2095.56 18.00
18087.18 18.10 2081.34 20.08
18103.62 17.98 2064.75 21.15
18120.12 18.13 2049.96 21.26
18136.53 18.17 2031.90 21.18
18152.90 18.19 2015.81 23.24
18169.25 18.15 1999.21 26.57
18185.68 18.09 1979.28 22.98
18202.12 18.13 1961.53 23.29
18218.53 18.17 1943.40 28.83
18234.78 18.06 1923.03 25.39
18251.21 18.18 1903.21 25.24
18267.71 18.16 1884.31 24.67
18284.18 18.27 1864.68 24.39
18300.46 18.20 1845.53 24.19
18316.81 18.13 1825.00 26.24
18333.21 18.29 1807.62 24.67
18349.68 18.15 1789.34 24.19
18366.12 18.32 1771.62 23.37
18382.40 18.30 1751.96 22.79
18398.87 18.28 1735.43 23.40
18415.25 18.36 1719.75 23.49
18431.65 18.27 1702.71 21.51
18448.09 18.32 1687.96 22.56
18464.37 18.26 1673.18 20.34
18480.87 18.28 1658.06 19.46
18497.21 18.34 1645.96 18.10
18513.65 18.27 1631.78 18.57
18530.06 18.31 1622.09 15.91
18546.31 18.30 1611.37 16.15
18562.81 18.21 1602.40 14.86
18579.21 18.34 1594.96 13.27
18595.62 18.28 1589.50 15.23
18612.00 18.32 1581.84 11.99
18628.31 18.30 1575.15 10.73
18644.75 18.23 1574.18 11.35
18661.21 18.34 1569.18 9.67
18677.59 18.31 1568.65 8.10
18693.96 18.33 1569.96 10.41
18710.28 18.33 1568.65 7.76
18726.75 18.23 1571.06 8.22
18743.21 18.34 1574.65 8.49
18759.56 18.28 1578.71 9.05
18775.87 18.28 1584.53 10.59
18792.25 18.36 1588.56 21.27
18808.75 18.23 1599.59 13.88
18825.15 18.29 1606.59 13.31
18841.43 18.30 1617.25 14.09
18857.87 18.28 1626.71 14.54
18874.25 18.36 1638.06 14.35
18890.68 18.24 1649.93 16.51
18907.12 18.32 1662.96 16.50
18923.40 18.30 1677.03 18.36
18939.87 18.28 1691.03 18.45
18956.21 18.34 1707.06 19.02
18972.65 18.27 1722.62 19.90
18989.06 18.31 1736.68 25.36
19005.31 18.30 1756.75 20.92
19021.81 18.21 1773.00 22.21
19038.21 18.34 1791.09 21.87
19054.65 18.27 1808.06 22.85
19071.06 18.31 1827.09 22.26
19087.31 18.30 1844.06 22.78
19103.78 18.21 1863.40 21.63
19120.25 18.37 1879.93 21.77
19136.62 18.34 1898.84 22.30
19153.00 18.36 1914.84 24.22
19169.34 18.32 1933.34 22.01
19185.78 18.26 1952.68 21.23
19202.25 18.37 1968.21 20.77
19218.62 18.34 1980.87 27.87
19234.90 18.31 2001.12 20.00
19251.28 18.39 2016.43 19.71
19267.93 18.63 2032.03 18.02
19284.37 18.67 2045.56 17.89
19300.68 18.63 2059.15 17.25
19317.06 18.67 2072.06 16.54
19333.40 18.68 2084.28 15.57
19349.90 18.62 2097.06 19.17
19366.37 18.87 2104.71 12.52
19382.65 18.80 2114.06 11.96
19399.12 18.82 2123.37 10.64
19415.46 18.83 2131.50 11.99
19431.93 18.89 2136.25 8.86
19448.34 18.87 2142.31 9.01
19464.59 18.80 2145.25 8.86
19481.12 18.82 2149.34 6.81
19497.43 18.81 2150.62 6.25
19513.90 18.82 2154.56 12.46
19530.31 18.86 2151.03 8.09
19546.53 18.77 2150.59 5.55
19563.09 18.83 2149.18 6.99
19579.43 18.81 2145.40 7.50
19595.87 18.83 2139.53 11.03
19612.25 18.86 2134.53 9.66
19628.53 18.77 2129.03 10.17
19645.03 18.85 2121.43 14.97
19661.43 18.81 2112.96 12.48
19677.81 18.78 2103.93 13.78
19694.21 18.88 2091.56 16.34
19710.46 18.83 2083.87 15.82
19727.03 18.85 2070.81 15.91
19743.43 18.81 2058.62 17.00
19759.81 18.78 2044.46 18.33
19776.12 18.82 2031.15 18.49
19792.46 18.83 2018.90 21.01
19809.03 18.85 2001.56 20.33
19825.40 18.84 1986.75 21.01
19841.68 18.80 1969.84 20.82
19858.12 18.82 1956.03 20.69
19874.46 18.83 1938.71 21.34
19890.96 18.86 1923.18 22.06
19907.37 18.87 1905.03 18.88
19923.62 18.84 1886.62 21.10
19940.12 18.82 1871.56 23.15
19956.43 18.81 1852.87 22.29
19972.90 18.82 1835.81 22.00
19989.31 18.86 1821.53 23.52
20005.53 18.77 1803.90 20.84
20022.09 18.83 1787.96 21.14
20038.43 18.81 1772.75 23.72
20054.90 18.82 1757.09 19.04
20071.31 18.86 1742.40 18.02
20087.53 18.77 1727.43 19.02
20104.06 18.83 1714.15 16.67
20120.62 19.02 1700.71 16.64
20136.96 18.95 1690.34 17.52
20153.37 19.04 1677.84 15.51
20169.71 18.97 1665.78 14.47
20186.18 19.02 1654.84 13.72
20202.59 18.98 1646.53 12.22
20218.96 18.95 1640.40 16.12
20235.28 18.99 1630.65 10.94
20251.68 19.00 1623.62 9.92
20268.40 19.58 1617.34 9.31
20284.81 19.53 1613.37 9.84
20301.15 19.58 1610.34 6.73
20317.50 19.55 1607.03 6.56
20333.90 19.67 1605.78 8.11
20350.37 19.57 1605.68 7.85
20366.78 19.66 1606.28 6.37
20383.12 19.76 1608.53 7.64
20399.53 19.62 1611.68 16.24
20415.93 19.74 1612.75 7.69
20432.34 19.69 1618.12 9.54
20448.75 19.66 1623.87 10.90
20465.06 19.65 1629.71 11.44
20481.53 19.62 1635.93 12.69
20497.90 19.73 1643.87 12.28
20514.34 19.69 1654.12 14.87
20530.71 19.65 1664.50 14.95
20547.00 19.68 1673.78 17.08
20563.50 19.63 1684.46 16.21
20579.90 19.73 1698.71 18.39
20596.31 19.70 1708.96 18.24
20612.65 19.66 1723.87 18.84
20629.00 19.68 1737.03 20.09
20645.43 19.65 1748.31 25.77
20661.84 19.61 1765.37 18.93
20678.28 19.73 1779.96 20.38
20694.62 19.67 1794.21 21.01
20710.96 19.71 1812.28 21.76
20727.43 19.65 1825.87 20.42
20743.84 19.61 1843.12 21.70
20760.28 19.73 1857.56 21.11
20776.53 19.62 1873.90 22.05
20792.93 19.74 1890.25 22.41
20809.43 19.65 1905.46 22.05
20825.81 19.63 1920.43 20.69
20842.15 19.75 1936.68 20.06
20858.53 19.62 1951.75 21.68
20874.93 19.74 1965.68 18.72
20891.37 19.66 1978.84 19.05
20907.78 19.66 1994.50 18.09
20924.09 19.68 2007.43 18.41
20940.53 19.62 2020.93 17.94
20956.90 19.73 2033.03 19.04
20973.34 19.69 2043.81 14.23
20989.71 19.65 2054.68 13.82
21006.00 19.68 2063.59 13.33
21022.50 19.63 2072.56 12.51
21038.90 19.73 2081.12 12.07
21055.34 19.69 2087.78 11.80
21071.71 19.65 2096.03 9.98
21088.00 19.68 2102.37 9.09
21104.46 19.63 2107.06 10.15
21120.87 19.64 2110.50 8.09
21137.31 19.77 2112.31 9.59
21153.65 19.71 2115.62 7.50
21170.03 19.72 2115.40 9.64
21186.46 19.69 2116.18 7.43
21202.87 19.64 2115.75 7.67
21219.31 19.77 2114.90 8.55
21235.56 19.66 2111.84 8.47
21251.96 19.83 2108.40 8.94
21268.50 19.77 2104.28 10.10
21284.93 19.81 2097.93 11.54
21301.28 19.85 2092.75 12.28
21317.59 19.74 2086.25 12.72
21333.96 19.83 2078.00 15.26
21350.46 19.76 2067.21 11.74
21367.03 20.24 2059.09 15.42
21383.31 20.18 2049.34 16.61
21399.71 20.05 2036.71 17.46
21416.12 20.21 2026.75 18.62
21432.53 20.12 2014.59 17.64
21448.96 20.16 2002.31 19.22
21465.25 20.18 1990.90 19.38
21481.71 20.05 1977.09 18.98
21498.09 20.19 1963.18 20.13
21514.53 20.12 1947.81 20.30
21530.93 20.15 1934.15 20.17
21547.21 20.18 1919.09 19.67
21563.68 20.06 1905.15 19.03
21580.09 20.19 1890.78 20.06
21596.50 20.13 1874.81 20.25
21612.84 20.08 1859.59 21.28
21629.21 20.18 1845.81 20.16
21645.62 20.08 1833.93 22.43
21662.09 20.19 1816.90 18.99
21678.46 20.15 1802.40 19.01
21694.81 20.10 1792.12 22.16
21711.12 20.21 1774.40 17.86
21727.62 20.08 1762.25 17.73
21744.09 20.19 1750.18 19.64
21760.46 20.15 1736.46 15.75
21776.71 20.05 1725.78 16.44
21793.12 20.21 1714.43 14.68
21809.62 20.08 1705.03 14.29
21826.06 20.21 1693.37 13.17
21842.34 20.17 1685.09 12.36
21858.71 20.05 1676.28 12.56
21875.12 20.21 1668.93 11.04
21891.56 20.09 1662.93 10.44
21908.00 20.16 1656.84 7.87
21924.28 20.21 1651.37 8.58
21940.71 20.05 1646.62 6.30
21957.09 20.19 1642.78 10.47
21973.53 20.12 1640.87 6.67
21989.93 20.15 1638.68 5.60
22006.21 20.18 1638.15 5.14
22022.68 20.06 1640.09 7.08
22039.09 20.19 1640.84 7.91
22055.53 20.12 1641.37 7.17
22071.90 20.07 1643.93 8.61
22088.21 20.18 1649.09 9.53
22104.65 20.06 1651.46 9.60
22121.09 20.19 1658.40 10.24
22137.46 20.15 1663.62 11.29
22153.81 20.10 1670.00 10.96
22170.21 20.18 1677.65 13.25
22186.62 20.08 1686.96 17.36
22203.09 20.19 1695.56 14.28
22219.46 20.15 1705.21 15.00
22235.71 20.05 1715.62 15.28
22252.25 20.38 1725.96 16.64
22268.68 20.25 1737.15 16.25
22285.15 20.36 1750.34 17.25
22301.46 20.32 1762.31 18.01
22317.81 20.30 1774.25 17.84
22334.21 20.41 1785.96 18.29
22350.65 20.24 1800.12 15.97
22367.31 20.98 1813.81 18.21
22383.59 20.92 1827.78 18.92
22400.06 20.96 1842.93 21.06
22416.40 20.95 1857.65 19.52
22432.84 20.94 1870.12 20.49
22449.28 20.98 1883.18 18.68
22465.56 20.89 1896.81 18.40
22482.06 20.96 1910.18 17.87
22498.37 20.93 1924.15 17.85
22514.84 20.94 1936.71 17.90
22531.25 20.98 1951.15 18.36
22547.50 20.92 1963.96 17.12
22564.00 20.88 1975.03 16.22
22580.37 20.93 1986.18 15.72
22596.81 20.95 1998.34 14.94
22613.18 20.99 2009.28 14.68
22629.50 20.92 2020.34 14.76
22645.93 20.90 2026.43 14.92
22662.37 20.93 2037.78 12.11
22678.78 20.98 2045.15 11.21
22695.15 21.00 2053.09 10.33
22711.46 20.95 2060.43 10.34
22727.93 20.90 2066.09 9.11
22744.37 20.93 2070.96 8.81
22760.75 20.89 2076.09 7.34
22777.06 20.96 2079.93 7.15
22793.43 20.98 2082.25 7.15
22809.93 20.90 2084.25 7.02
22826.34 20.95 2085.50 7.04
22842.62 20.92 2086.81 6.93
22859.06 20.96 2085.18 7.63
22875.40 20.95 2085.62 8.51
22891.87 20.92 2081.71 10.98
22908.31 20.98 2080.56 13.96
22924.59 20.92 2076.34 9.62
22941.06 20.96 2072.96 10.80
22957.37 20.93 2065.78 12.62
22973.84 20.94 2060.00 12.23
22990.25 20.98 2053.78 12.15
23006.50 20.92 2046.15 12.69
23023.00 20.88 2036.93 13.98
23039.37 20.93 2029.71 13.96
23055.84 20.94 2020.03 15.79
23072.25 20.98 2009.50 15.24
23088.50 20.92 1999.62 15.92
23104.96 20.88 1989.93 16.22
23121.37 20.93 1977.62 16.33
23137.78 20.98 1967.09 17.44
23154.15 21.00 1954.40 17.46
23170.50 20.92 1942.75 18.15
23186.93 20.90 1931.93 24.39
23203.37 20.93 1917.65 17.29
23219.75 20.89 1902.65 17.87
23236.06 20.96 1891.15 17.64
23252.46 21.07 1878.65 17.31
23269.00 21.07 1865.65 16.68
23285.40 21.02 1851.84 16.55
23301.71 20.98 1839.46 16.57
23318.09 21.04 1827.31 15.88
23334.46 21.07 1815.65 16.23
23350.96 21.07 1802.34 16.36
23367.37 21.15 1790.65 15.73
23383.68 21.18 1778.34 15.55
23400.12 21.13 1768.34 17.16
23416.46 21.12 1756.43 13.68
23432.90 21.11 1747.09 14.84
23449.34 21.15 1736.78 12.04
23465.62 21.18 1726.37 11.38
23482.12 21.13 1719.56 10.81
23498.43 21.10 1710.65 9.65
23514.90 21.11 1703.15 9.32
23531.31 21.15 1695.62 10.40
23547.56 21.09 1689.53 8.68
23564.09 21.14 1682.62 11.08
23580.43 21.10 1682.03 7.62
23596.87 21.12 1675.12 7.18
23613.25 21.16 1672.34 5.41
23629.56 21.09 1667.56 11.91
23646.03 21.16 1670.00 7.71
23662.43 21.10 1668.12 6.23
23678.84 21.15 1667.28 7.68
23695.21 21.17 1668.71 9.76
23711.50 21.15 1670.46 7.94
23728.03 21.16 1672.21 7.44
23744.43 21.10 1674.59 9.19
23760.84 21.15 1678.78 9.98
23777.12 21.13 1682.46 10.78
23793.50 21.15 1689.21 12.74
23810.00 21.07 1694.40 12.63
23826.40 21.12 1701.59 12.28
23842.71 21.17 1707.87 14.16
23859.12 21.13 1716.09 13.05
23875.46 21.12 1722.75 12.99
23891.93 21.09 1733.37 16.48
23908.37 21.15 1742.65 15.76
23924.65 21.21 1751.84 15.03
23941.12 21.13 1761.87 16.10
23957.43 21.10 1773.37 16.34
23973.90 21.11 1783.34 16.27
23990.31 21.15 1794.21 16.25
24006.56 21.09 1805.96 16.60
24023.09 21.14 1817.65 17.25
24039.43 21.10 1830.25 15.77
24055.90 21.11 1841.78 16.99
24072.31 21.15 1854.46 16.45
24088.56 21.09 1866.00 15.63
24105.06 21.14 1878.43 17.07
24121.43 21.10 1890.21 15.76
24137.84 21.15 1901.25 16.06
24154.21 21.17 1914.53 15.86
24170.56 21.09 1926.21 15.84
24187.03 21.16 1935.68 17.35
24203.43 21.10 1948.50 14.07
24219.84 21.15 1958.81 13.69
24236.12 21.13 1968.71 12.74
24252.68 21.55 1979.15 12.72
24269.15 21.50 1990.12 15.02
24285.56 21.45 1998.37 11.65
24301.93 21.58 2006.34 12.31
24318.25 21.47 2013.21 9.36
24334.65 21.58 2021.53 10.66
24351.18 21.67 2028.50 9.56
24367.56 21.67 2034.56 8.14
24383.90 21.78 2040.50 7.81
24400.31 21.65 2044.71 7.22
24416.71 21.81 2049.06 6.06
24433.12 21.72 2051.53 9.29
24449.53 21.67 2054.75 6.11
24465.87 21.75 2058.06 7.55
24482.31 21.65 2058.28 5.83
24498.65 21.71 2058.59 5.53
24515.12 21.72 2059.21 7.17
24531.50 21.66 2058.37 6.35
24547.81 21.78 2056.43 7.71
24564.28 21.65 2054.21 10.96
24580.65 21.71 2050.90 8.21
24597.09 21.72 2048.34 8.75
24613.43 21.67 2043.31 9.62
24629.81 21.78 2039.12 11.41
24646.21 21.68 2032.62 12.17
24662.62 21.62 2026.34 11.96
24679.06 21.75 2020.18 15.36
24695.40 21.69 2012.68 12.25
24711.78 21.81 2002.81 13.50
24728.21 21.68 1995.46 13.50
24744.62 21.62 1986.84 14.56
24761.06 21.75 1976.65 13.36
24777.31 21.65 1966.31 18.81
24793.75 21.84 1954.59 21.60
24810.21 21.68 1945.65 14.39
24826.59 21.64 1936.62 14.63
24842.93 21.77 1926.46 15.01
24859.31 21.65 1916.06 14.29
24875.71 21.81 1904.56 14.11
24892.15 21.69 1891.40 14.68
24908.56 21.67 1880.96 14.11
24924.90 21.78 1870.28 14.08
24941.31 21.65 1857.75 14.42
24957.65 21.71 1847.37 13.44
24974.12 21.72 1835.71 13.09
24990.50 21.66 1825.25 13.11
25006.81 21.78 1814.71 12.09
25023.28 21.65 1805.00 12.99
25039.65 21.71 1791.96 12.23
25056.12 21.72 1783.40 11.83
25072.50 21.66 1773.68 11.18
25088.81 21.78 1764.87 10.83
25105.25 21.66 1757.34 9.37
25121.62 21.62 1748.21 8.86
25138.06 21.75 1740.25 9.13
25154.40 21.69 1732.90 8.63
25170.81 21.78 1727.65 11.12
25187.21 21.68 1721.09 9.84
25203.62 21.62 1714.25 7.28
25220.06 21.75 1709.34 9.95
25236.31 21.65 1705.65 5.88
25252.96 22.48 1701.56 6.13
25269.43 22.31 1696.12 15.57
25285.87 22.35 1695.78 6.17
25302.21 22.39 1694.59 7.21
25318.56 22.38 1693.18 7.53
25334.96 22.48 1694.18 7.80
25351.43 22.39 1693.78 7.89
25367.87 22.57 1694.12 8.32
25384.15 22.51 1696.18 8.95
25400.59 22.46 1699.21 10.32
25416.96 22.53 1701.62 10.19
25433.37 22.44 1704.75 11.52
25449.81 22.48 1709.00 11.75
25466.09 22.51 1713.96 12.68
25482.59 22.46 1719.15 13.37
25498.93 22.52 1726.28 12.67
25515.37 22.44 1731.87 15.25
25531.78 22.48 1739.34 13.86
25548.06 22.51 1747.00 13.45
25564.56 22.47 1758.03 16.68
25580.93 22.52 1763.50 14.90
25597.34 22.45 1772.09 14.36
25613.71 22.49 1780.12 16.08
25630.06 22.51 1790.46 15.93
25646.46 22.40 1802.37 19.17
25662.93 22.52 1809.90 16.27
25679.31 22.47 1820.81 15.72
25695.68 22.50 1831.50 16.07
25712.00 22.56 1842.12 15.83
25728.46 22.40 1854.03 18.94
25744.93 22.52 1863.62 15.99
25761.31 22.47 1874.56 16.43
25777.59 22.46 1884.09 15.13
25794.00 22.56 1895.90 17.47
25810.46 22.40 1907.00 15.88
25826.90 22.54 1916.00 15.32
25843.18 22.50 1923.31 16.91
25859.59 22.46 1934.40 12.06
25875.96 22.53 1944.84 13.53
25892.40 22.41 1954.65 14.69
25908.84 22.48 1962.68 11.59
25925.12 22.53 1969.12 11.64
25941.59 22.46 1979.15 11.32
25957.93 22.52 1986.43 9.59
25974.37 22.44 1993.40 9.57
25990.78 22.48 1997.65 13.37
26007.06 22.51 2006.00 8.26
26023.56 22.47 2011.21 7.14
26039.93 22.52 2017.53 7.89
26056.37 22.44 2021.31 6.32
26072.78 22.48 2026.31 7.08
26089.06 22.51 2029.18 7.05
26105.50 22.38 2030.09 5.28
26121.93 22.52 2033.15 5.08
26138.31 22.47 2034.09 5.00
26154.68 22.50 2035.03 5.38
26171.06 22.51 2035.12 5.68
26187.46 22.40 2035.25 9.23
26203.93 22.52 2033.31 6.16
26220.31 22.47 2032.06 8.39
26236.62 22.56 2029.84 7.28
26253.06 22.63 2025.75 8.53
26269.53 22.59 2023.96 11.78
26285.96 22.61 2018.40 8.81
26302.28 22.57 2013.62 9.26
26318.62 22.56 2008.25 10.19
26335.03 22.66 2002.34 10.59
26351.65 23.02 1996.43 10.12
26368.03 23.01 1989.46 11.30
26384.31 22.95 1981.81 12.27
26400.78 23.00 1974.12 12.17
26417.12 22.98 1966.90 11.58
26433.56 22.97 1959.56 14.79
26450.00 23.01 1949.56 12.80
26466.28 22.92 1939.40 13.42
26482.78 23.00 1930.78 13.53
26499.09 22.97 1921.40 12.84
26515.56 22.97 1912.78 11.78
26531.96 23.01 1902.34 13.24
26548.21 22.95 1892.84 12.80
26564.75 23.01 1880.96 13.91
26581.09 22.97 1872.43 13.16
26597.50 22.89 1862.43 13.18
26613.90 23.02 1853.78 12.45
26630.21 22.95 1843.43 11.60
26646.68 23.03 1830.90 18.35
26663.09 22.97 1823.62 11.27
26679.46 22.92 1815.37 11.43
26695.87 23.03 1806.12 10.82
26712.18 22.98 1797.84 11.33
26728.68 23.03 1787.90 10.53
26745.09 22.97 1780.65 10.00
26761.46 22.92 1772.71 12.58
26777.78 23.00 1765.50 9.26
26794.15 23.01 1759.59 9.28
26810.68 23.03 1749.78 9.69
26827.06 22.99 1744.75 9.67
26843.34 22.94 1740.96 9.83
26859.78 23.00 1734.50 7.41
26876.12 22.98 1731.28 7.08
26892.59 22.95 1724.00 10.53
26909.03 23.01 1724.31 6.74
26925.31 22.95 1723.09 12.05
26941.78 23.00 1719.18 10.36
26958.09 22.97 1716.12 6.35
26974.56 22.97 1715.00 6.26
26990.96 23.01 1717.81 20.35
27007.21 22.95 1716.06 8.71
27023.75 23.01 1716.18 8.04
27040.09 22.97 1717.03 9.53
27056.53 22.88 1719.15 8.16
27072.96 23.01 1721.09 9.30
27089.21 22.95 1724.75 10.26
27105.71 23.01 1728.43 9.56
27122.09 22.97 1732.21 10.68
27138.46 22.92 1737.21 11.49
27154.87 23.03 1741.34 11.73
27171.21 22.95 1746.90 12.07
27187.68 23.03 1753.21 14.07
27204.09 22.97 1760.15 12.05
27220.46 22.92 1769.78 18.55
27236.84 23.19 1774.03 12.45
27253.21 23.20 1781.71 13.42
27269.75 23.22 1789.18 13.73
27286.15 23.16 1797.12 13.52
27302.50 23.21 1806.40 13.36
27318.84 23.19 1814.87 13.14
27335.21 23.20 1825.15 14.29
27351.93 23.86 1832.00 13.97
27368.31 23.85 1841.50 14.76
27384.65 23.97 1852.03 14.02
27401.06 23.83 1860.75 13.97
27417.43 23.91 1869.18 13.81
27433.87 23.90 1879.00 14.45
27450.28 23.85 1887.96 13.26
27466.59 23.97 1895.87 13.93
27483.06 23.83 1907.43 13.84
27499.40 23.90 1917.31 16.06
27515.87 23.90 1924.31 15.41
27532.25 23.84 1932.25 12.12
27548.53 23.88 1939.28 12.42
27565.03 23.84 1947.34 10.56
27581.40 23.90 1955.84 10.79
27597.84 23.91 1961.09 12.19
27614.18 23.86 1967.75 8.50
27630.53 23.88 1975.68 9.33
27646.96 23.86 1983.00 13.52
27663.40 23.90 1986.09 9.66
27679.81 23.94 1992.15 7.75
27696.15 23.87 1995.53 6.77
27712.46 23.94 2000.43 6.20
27728.96 23.86 2004.96 6.38
27745.37 23.80 2006.56 5.69
27761.81 23.94 2009.81 6.84
27778.06 23.83 2010.65 5.93
27794.46 23.94 2011.53 10.08
27810.96 23.86 2013.50 6.99
27827.34 23.82 2014.09 5.99
27843.68 23.96 2013.96 6.67
27860.06 23.83 2013.40 7.55
27876.43 23.91 2010.81 7.45
27892.90 23.88 2009.56 7.91
27909.31 23.85 2007.06 7.82
27925.62 24.00 2003.62 13.18
27942.06 23.83 2000.59 11.31
27958.40 23.90 1996.15 9.39
27974.87 23.90 1992.21 9.35
27991.25 23.84 1986.34 14.16
28007.53 23.88 1982.37 9.67
28024.03 23.84 1976.53 10.90
28040.40 23.90 1967.62 16.63
28056.87 23.90 1963.65 10.23
28073.25 23.84 1957.25 10.92
28089.53 23.88 1949.43 10.56
28106.00 23.85 1942.28 11.27
28122.40 23.90 1933.21 11.66
28138.81 23.94 1925.78 13.10
28155.15 23.87 1918.43 12.62
28171.53 23.88 1909.53 11.61
28187.96 23.86 1901.21 11.89
28204.37 23.80 1893.31 12.13
28220.81 23.94 1882.96 12.27
28237.09 23.93 1876.00 11.75
28253.56 24.09 1866.34 10.92
28270.00 23.96 1859.90 11.02
28286.40 23.89 1848.50 11.71
28302.78 24.04 1841.15 10.98
28319.09 23.93 1832.56 10.28
28335.53 24.13 1823.18 11.03
28352.00 24.05 1816.75 9.92
28368.40 24.13 1809.28 10.74
28384.71 24.16 1801.06 9.72
28401.12 24.02 1794.37 8.71
28417.50 24.10 1787.21 9.18
28433.93 24.09 1780.28 12.80
28450.37 24.13 1774.65 8.67
28466.68 24.13 1769.28 8.33
28483.12 24.02 1761.18 9.86
28499.46 24.09 1757.46 7.82
28515.93 24.09 1754.12 7.45
28532.31 24.03 1749.50 7.50
28548.62 24.16 1746.18 7.03
28565.09 24.03 1742.46 8.68
28581.46 24.09 1739.87 5.68
28597.90 24.10 1740.09 15.56
28614.25 24.04 1736.50 9.94
28630.62 24.16 1735.37 6.36
28647.03 24.05 1733.96 7.00
28663.46 24.09 1735.09 7.96
28679.87 24.13 1734.90 6.84
28696.21 24.06 1735.18 7.64
28712.59 24.19 1738.43 10.34
28729.03 24.05 1738.46 6.96
28745.46 24.09 1741.06 8.26
28761.87 24.13 1744.81 7.65
28778.12 24.02 1748.50 8.26
28794.53 24.13 1749.96 11.10
28811.03 24.05 1755.87 9.10
28827.43 24.10 1759.81 9.31
28843.75 24.15 1765.50 10.67
28860.12 24.02 1770.81 10.65
28876.50 24.10 1777.12 10.78
28892.96 24.07 1783.15 10.94
28909.40 24.13 1789.93 10.91
28925.71 24.16 1796.43 12.21
28942.12 24.02 1803.71 11.90
28958.46 24.09 1810.84 12.84
28974.93 24.09 1817.93 11.70
28991.31 24.03 1825.59 12.46
29007.62 24.16 1833.78 12.27
29024.09 24.03 1841.25 11.60
29040.46 24.09 1853.15 16.77
29056.93 24.09 1857.87 12.28
29073.31 24.03 1866.12 11.48
29089.62 24.16 1874.81 11.20
29106.06 24.03 1882.50 11.40
29122.46 24.09 1890.21 13.33
29138.87 24.13 1896.78 9.36
29155.21 24.06 1906.09 10.66
29171.62 24.16 1914.15 10.06
29188.03 24.05 1921.09 10.95
29204.46 24.09 1928.18 9.86
29220.87 24.13 1934.90 10.45
29237.28 24.50 1941.93 10.35
29253.68 24.60 1948.53 9.41
29270.15 24.43 1954.12 9.51
29286.62 24.56 1960.93 8.99
29302.93 24.51 1965.37 8.69
29319.28 24.50 1971.87 12.41
29335.75 24.79 1976.18 9.30
29352.18 24.62 1979.00 7.40
29368.62 24.80 1982.59 6.84
29384.90 24.73 1985.81 6.42
29401.37 24.79 1989.03 7.76
29417.71 24.76 1990.59 7.46
29434.12 24.66 1994.09 9.18
29450.59 24.80 1993.25 9.73
29466.84 24.73 1995.59 6.51
29483.34 24.69 1997.31 7.44
29499.68 24.75 1996.68 6.92
29516.12 24.66 1994.71 10.02
29532.56 24.80 1993.90 7.38
29548.81 24.74 1993.34 7.42
29565.31 24.70 1990.59 9.75
29581.68 24.75 1989.53 8.92
29598.09 24.67 1984.18 12.81
29614.50 24.81 1981.31 10.50
29630.81 24.74 1979.78 12.43
29647.21 24.63 1972.18 14.68
29663.68 24.75 1968.93 12.62
29680.06 24.70 1965.87 11.04
29696.46 24.82 1960.46 11.91
29712.75 24.79 1955.06 10.78
29729.21 24.63 1948.40 11.60
29745.68 24.75 1943.68 13.42
29762.06 24.70 1936.06 11.63
29778.37 24.79 1928.21 11.88
29794.75 24.79 1921.90 17.66
29811.21 24.63 1915.28 12.09
29827.65 24.77 1908.62 12.98
29843.93 24.72 1898.75 12.60
29860.37 24.79 1893.00 12.05
29876.71 24.76 1885.71 12.39
29893.15 24.64 1878.40 12.61
29909.62 24.80 1870.96 12.14
29925.87 24.76 1862.96 12.31
29942.34 24.69 1854.71 11.50
29958.68 24.75 1848.37 11.29
29975.12 24.66 1841.03 12.00
29991.56 24.80 1832.90 11.34
30007.81 24.74 1823.78 13.28
30024.31 24.70 1818.53 11.82
30040.68 24.75 1810.71 12.23
30057.12 24.66 1807.25 13.00
30073.56 24.80 1800.68 9.51
30089.81 24.74 1793.34 10.68
30106.25 24.61 1787.78 9.69
30122.68 24.75 1783.81 11.39
30139.06 24.70 1778.59 9.16
30155.46 24.82 1772.96 7.57
30171.81 24.74 1768.59 8.34
30188.21 24.63 1766.03 7.50
30204.68 24.75 1762.18 7.22
30221.06 24.70 1762.09 8.52
30237.59 25.48 1757.28 7.03
30254.00 25.46 1754.37 5.95
30270.46 25.42 1753.78 7.96
30286.90 25.45 1752.25 6.35
30303.25 25.50 1752.37 7.93
30319.59 25.48 1750.65 5.06
30336.00 25.58 1752.09 10.25
30352.50 25.60 1752.21 6.37
30368.87 25.59 1753.28 6.05
30385.18 25.62 1755.31 6.99
30401.62 25.58 1756.68 8.25
30417.96 25.55 1758.96 7.11
30434.40 25.55 1760.00 13.88
30450.84 25.59 1765.50 6.91
30467.15 25.60 1770.31 10.22
30483.62 25.58 1773.37 7.30
30499.93 25.54 1777.56 8.84
30516.40 25.55 1783.46 9.68
30532.81 25.58 1787.71 8.66
30549.09 25.63 1792.75 8.43
30565.59 25.59 1797.78 9.00
30581.93 25.54 1804.15 9.57
30598.37 25.56 1810.50 9.16
30614.75 25.59 1817.62 11.16
30631.06 25.52 1823.18 10.30
30647.53 25.61 1829.68 11.63
30663.93 25.54 1836.65 11.14
30680.34 25.59 1842.87 11.01
30696.71 25.61 1851.28 11.31
30713.03 25.55 1858.56 11.19
30729.53 25.61 1865.00 10.72
30745.93 25.54 1871.03 11.89
30762.34 25.59 1878.46 11.94
30778.62 25.58 1886.56 11.34
30795.00 25.58 1895.15 21.25
30811.53 25.61 1900.09 11.91
30827.90 25.56 1905.75 10.88
30844.21 25.61 1915.84 17.23
30860.62 25.58 1920.56 10.67
30876.96 25.55 1925.37 8.43
30893.43 25.53 1931.71 9.42
30909.87 25.59 1938.06 9.30
30926.18 25.62 1941.68 8.74
30942.62 25.58 1948.03 9.94
30958.93 25.54 1952.62 9.17
30975.40 25.55 1956.81 9.17
30991.81 25.58 1961.37 9.01
31008.09 25.63 1965.81 9.35
31024.59 25.59 1969.40 7.80
31040.93 25.54 1969.06 9.80
31057.40 25.55 1973.96 7.41
31073.81 25.58 1975.93 7.17
31090.06 25.52 1978.46 7.07
31106.56 25.59 1979.12 7.82
31122.93 25.54 1979.68 9.60
31139.34 25.59 1980.40 7.21
31155.71 25.61 1981.06 8.12
31172.06 25.52 1981.03 7.83
31188.53 25.61 1979.90 7.14
31204.93 25.54 1978.68 7.68
31221.37 25.69 1975.90 7.80
31237.65 25.68 1975.15 7.68
31254.06 25.78 1973.28 8.18
31270.56 25.71 1969.43 7.75
31286.96 25.64 1966.06 8.83
31303.31 25.69 1962.93 8.28
31319.65 25.68 1959.15 8.50
31336.21 26.26 1954.15 11.92
31352.65 26.09 1950.00 9.31
31369.03 26.07 1945.18 9.04
31385.37 26.20 1939.18 10.43
31401.78 26.06 1936.18 9.55
31418.15 26.13 1930.12 10.69
31434.59 26.13 1924.06 11.15
31451.00 26.07 1917.31 10.25
31467.31 26.20 1909.25 13.43
31483.78 26.06 1905.15 10.70
31500.12 26.12 1897.18 16.95
31516.59 26.13 1890.62 12.29
31532.96 26.07 1885.21 11.50
31549.28 26.21 1878.68 10.25
31565.75 26.07 1872.53 10.80
31582.09 26.02 1865.81 10.50
31598.56 26.14 1859.56 10.85
31614.90 26.08 1851.53 10.39
31631.28 26.21 1845.40 10.45
31647.68 26.09 1840.65 11.96
31664.09 26.02 1833.81 10.43
31680.53 26.17 1826.71 9.86
31696.87 26.09 1819.50 9.15
31713.21 26.26 1815.84 10.61
31729.68 26.09 1810.18 8.80
31746.09 26.02 1805.03 8.99
31762.53 26.17 1799.84 8.49
31778.78 26.06 1794.90 7.66
31795.21 26.26 1790.62 7.63
31811.68 26.09 1786.18 11.83
31828.06 26.04 1783.78 9.11
31844.40 26.19 1779.84 7.02
31860.78 26.06 1774.87 9.29
31877.15 26.13 1774.15 6.17
31893.62 26.11 1771.43 6.45
31910.03 26.07 1769.18 7.04
31926.34 26.23 1769.53 16.49
31942.78 26.06 1766.68 6.46
31959.12 26.12 1766.90 5.61
31975.59 26.13 1766.37 4.90
31991.96 26.07 1765.59 5.79
32008.28 26.21 1766.78 5.73
32024.75 26.07 1767.43 6.17
32041.09 26.02 1770.71 8.36
32057.59 26.13 1770.09 7.06
32073.96 26.07 1770.56 16.94
32090.28 26.21 1774.65 6.44
32106.71 26.08 1774.15 17.13
32123.09 26.02 1780.46 7.57
32139.53 26.17 1784.81 7.65
32155.87 26.09 1787.53 7.46
32172.28 26.21 1792.87 9.68
32188.68 26.09 1794.87 8.05
32205.09 26.02 1802.00 14.21
32221.59 26.37 1806.12 9.41
32237.84 26.27 1810.71 9.98
32254.31 26.43 1815.78 9.46
32270.75 26.30 1821.71 10.70
32287.18 26.33 1827.46 10.09
32303.53 26.37 1832.96 10.02
32319.84 26.27 1840.87 15.20
32336.50 27.16 1844.87 11.83
32352.93 26.99 1852.37 12.12
32369.37 27.17 1857.06 11.70
32385.65 27.10 1863.65 14.52
32402.09 27.06 1869.46 11.68
32418.46 27.13 1875.78 11.56
32434.87 27.03 1882.43 12.48
32451.34 27.17 1887.46 10.59
32467.62 27.08 1894.12 11.67
32484.09 27.06 1901.84 13.29
32500.43 27.12 1906.59 10.77
32516.87 27.03 1912.71 12.16
32533.28 27.07 1916.84 11.51
32549.56 27.10 1921.28 9.99
32566.06 27.07 1927.31 10.57
32582.43 27.12 1932.09 10.10
32598.84 27.04 1936.78 9.85
32615.21 27.08 1941.06 9.38
32631.56 27.10 1944.93 9.60
32648.00 27.10 1947.96 10.27
32664.43 27.12 1950.96 9.65
32680.81 27.06 1955.43 8.54
32697.18 27.09 1958.50 9.79
32713.53 27.13 1958.68 11.48
32729.96 26.99 1962.62 7.36
32746.43 27.12 1964.00 7.09
32762.81 27.06 1965.40 7.76
32779.09 27.06 1966.84 7.00
32795.50 27.16 1966.46 7.28
32811.96 26.99 1969.37 9.48
32828.40 27.14 1966.68 9.28
32844.68 27.09 1966.96 7.56
32861.09 27.06 1966.25 9.37
32877.46 27.13 1964.31 7.60
32893.90 27.01 1961.53 7.16
32910.37 27.17 1961.00 10.20
32926.65 27.10 1954.62 18.85
32943.09 27.06 1956.03 9.14
32959.43 27.12 1952.12 7.82
32975.87 27.03 1948.18 8.30
32992.28 27.07 1944.46 8.48
33008.56 27.10 1940.56 8.80
33025.06 27.07 1936.59 10.52
33041.43 27.12 1932.06 10.41
33057.87 27.03 1927.81 9.35
33074.28 27.07 1924.21 13.81
33090.56 27.10 1918.71 10.75
33107.03 27.08 1912.71 10.86
33123.43 27.12 1906.90 10.40
33139.81 27.06 1901.81 10.61
33156.18 27.09 1896.28 11.47
33172.56 27.10 1891.65 12.19
33188.96 26.99 1885.81 10.38
33205.43 27.12 1879.25 10.41
33221.84 27.16 1873.46 12.06
33238.15 27.26 1866.96 10.83
33254.53 27.26 1860.90 10.94
33271.00 27.09 1860.46 20.70
33287.46 27.22 1849.84 10.73
33303.78 27.17 1847.06 14.35
33320.15 27.27 1836.71 18.20
33336.56 27.36 1834.00 10.92
33353.03 27.29 1826.90 10.74
33369.43 27.37 1823.56 10.49
33385.71 27.30 1818.09 11.70
33402.15 27.27 1814.34 10.15
33418.53 27.33 1810.03 9.89
33434.96 27.33 1804.43 11.58
33451.40 27.37 1801.25 9.22
33467.65 27.30 1797.56 9.30
33484.15 27.27 1792.43 16.45
33500.50 27.32 1791.68 8.30
33516.93 27.23 1788.87 7.11
33533.37 27.37 1786.43 7.80
33549.62 27.31 1784.87 8.30
33566.12 27.28 1782.62 7.10
33582.50 27.32 1781.71 6.39
