1.87 0.33 3472.76 16.82
18.78 4.58 3414.81 15.50
35.14 4.54 3360.43 15.49
51.67 4.58 3305.09 21.24
67.96 4.56 3252.06 14.19
84.53 4.62 3200.70 13.89
100.82 4.58 3149.59 13.86
117.25 4.54 3099.21 14.72
133.71 4.58 3050.00 14.53
150.03 4.56 3002.89 12.94
166.50 4.63 2956.42 12.67
182.87 4.58 2909.01 14.90
199.25 4.54 2864.87 12.43
215.81 4.60 2820.78 12.39
232.21 5.43 2777.35 14.31
248.70 5.51 2734.28 14.56
265.09 5.45 2693.09 14.99
281.45 5.54 2652.31 13.25
297.95 5.46 2614.43 18.15
314.23 5.44 2572.87 12.57
330.89 5.58 2534.10 11.70
347.26 5.51 2496.06 12.52
363.62 5.59 2459.32 12.70
380.15 5.52 2424.50 13.28
396.37 5.50 2388.68 14.81
412.90 5.56 2352.25 11.16
429.28 5.51 2318.78 12.09
445.67 5.58 2284.42 11.74
462.15 5.53 2252.81 11.33
478.43 5.49 2219.85 10.83
494.93 5.55 2187.65 10.95
511.35 5.49 2157.60 12.86
527.71 5.58 2127.23 10.81
544.23 5.52 2096.45 9.98
560.60 5.51 2067.00 10.36
577.06 5.57 2039.21 10.36
593.50 5.50 2009.98 9.57
609.89 5.58 1982.57 11.05
626.32 5.54 1955.35 9.95
642.67 5.49 1928.57 9.33
659.14 5.55 1903.04 9.87
675.53 5.50 1877.09 9.08
691.87 5.46 1852.32 11.63
708.37 5.53 1827.12 10.46
724.71 5.48 1801.25 10.75
741.20 5.53 1778.79 8.37
757.59 5.49 1755.37 8.03
773.90 5.45 1732.73 8.22
790.40 5.52 1710.26 8.27
806.78 5.47 1688.10 9.57
823.15 5.53 1667.37 8.91
839.70 5.46 1644.21 10.18
856.03 5.43 1624.42 6.25
872.46 5.49 1604.65 6.78
888.85 5.46 1582.92 8.92
905.21 5.53 1564.45 7.18
921.71 5.45 1544.73 8.02
938.07 5.42 1528.42 12.86
954.57 5.50 1507.43 6.67
970.98 5.47 1491.92 10.95
987.34 5.53 1472.39 7.25
1003.87 5.46 1454.82 6.39
1020.20 5.43 1436.90 7.30
1036.60 5.49 1420.65 5.94
1053.12 5.51 1404.96 8.21
1069.60 5.64 1388.18 5.74
1086.07 5.57 1371.78 5.73
1102.45 5.56 1355.37 6.57
1118.93 5.58 1340.57 6.12
1135.26 5.54 1325.78 6.73
1151.67 5.51 1309.84 9.07
1168.14 5.57 1298.34 12.59
1184.46 5.54 1282.82 5.70
1201.06 5.65 1268.45 5.54
1217.50 5.79 1254.81 4.82
1233.92 5.89 1241.14 6.23
1250.35 5.82 1230.43 15.24
1266.71 5.78 1215.18 4.71
1283.09 5.86 1202.71 4.94
1299.67 5.84 1191.34 7.43
1316.20 5.98 1177.29 9.39
1332.57 5.92 1165.62 4.24
1349.03 5.88 1153.73 6.54
1365.40 5.94 1142.26 5.65
1381.82 5.88 1131.73 6.91
1398.26 5.97 1120.56 6.84
1414.64 5.91 1110.07 6.24
1431.07 5.88 1100.28 7.91
1447.51 5.96 1088.76 5.57
1464.04 5.91 1077.46 10.39
1480.48 6.00 1067.68 6.52
1496.92 5.96 1056.89 7.96
1513.46 5.93 1048.12 4.15
1529.87 6.00 1037.57 10.58
1546.25 5.94 1028.43 8.31
1562.65 6.05 1019.92 11.71
1579.06 5.97 1012.39 7.88
1595.43 5.90 1001.93 6.67
1611.90 5.99 993.73 5.23
1628.28 5.93 985.04 4.65
1644.68 5.91 977.62 7.76
1661.10 5.94 969.18 5.43
1677.45 5.89 961.10 5.89
1693.92 5.98 953.46 4.05
1710.34 5.93 945.40 4.10
1726.82 5.90 937.00 4.49
1743.28 5.94 929.92 5.81
1759.78 5.93 922.96 4.19
1776.25 6.00 916.12 5.86
1792.59 5.97 909.31 5.03
1809.15 5.93 901.26 4.63
1825.56 5.98 894.64 4.68
1841.98 5.91 888.21 5.48
1858.45 6.00 881.60 3.93
1874.78 5.96 874.98 6.57
1891.23 5.88 869.67 4.99
1907.60 5.97 862.89 2.99
1924.01 5.90 857.67 4.78
1940.46 5.99 851.65 4.79
1956.78 5.97 844.82 7.50
1973.25 5.88 839.75 3.75
1989.64 5.96 833.81 7.35
2006.17 5.89 828.00 4.08
2022.60 5.98 822.84 5.18
2039.01 5.97 817.67 3.50
2055.37 5.92 812.12 6.83
2071.81 5.99 807.46 3.78
2088.23 5.93 801.82 7.75
2104.75 5.91 797.48 3.62
2121.14 5.97 792.71 5.87
2137.50 5.92 787.64 10.55
2153.90 5.99 783.51 3.85
2170.26 5.95 778.14 4.21
2186.75 5.92 774.15 5.14
2203.12 5.99 770.71 4.09
2219.53 6.07 765.67 6.32
2235.95 6.15 761.20 7.04
2252.35 6.11 757.01 4.56
2268.85 6.14 752.39 4.27
2285.18 6.11 750.32 6.59
2301.65 6.09 744.09 5.64
2318.06 6.19 740.18 5.81
2334.45 6.16 737.42 3.94
2350.93 6.16 734.43 3.74
2367.29 6.15 729.62 5.83
2383.73 6.11 726.50 6.33
2400.14 6.18 722.98 6.46
2416.50 6.13 718.60 6.77
2432.95 6.07 716.07 2.98
2449.29 6.17 713.39 8.90
2465.75 6.14 710.21 9.09
2482.18 6.18 706.25 7.69
2498.54 6.15 703.53 5.02
2515.01 6.12 700.28 5.17
2531.34 6.18 697.85 3.64
2547.82 6.14 694.50 2.71
2564.23 6.20 693.10 4.76
2580.56 6.15 688.42 4.96
2597.10 6.09 685.28 4.12
2613.45 6.16 682.68 3.37
2629.93 6.11 681.39 5.80
2646.37 6.15 678.67 4.96
2662.65 6.12 675.01 3.88
2679.10 6.08 673.18 6.51
2695.48 6.15 670.65 7.23
2711.90 6.12 666.68 6.06
2728.46 6.17 664.75 3.93
2744.76 6.17 662.34 5.08
2761.23 6.11 661.23 7.44
2777.64 6.20 658.84 5.54
2794.00 6.17 656.32 2.78
2810.48 6.19 654.26 3.34
2826.81 6.18 652.17 3.05
2843.31 6.11 650.40 4.68
2859.79 6.20 647.60 5.12
2876.15 6.15 645.54 3.12
2892.62 6.08 642.57 5.90
2908.90 6.20 641.57 3.10
2925.39 6.11 640.21 6.83
2941.78 6.18 636.20 8.25
2958.10 6.16 636.00 4.95
2974.60 6.10 633.18 8.12
2990.95 6.22 630.07 7.85
3007.48 6.12 630.07 3.19
3023.87 6.20 628.14 5.63
3040.17 6.17 627.92 3.89
3056.70 6.13 624.23 8.59
3073.01 6.23 623.35 7.41
3089.48 6.19 622.00 3.41
3105.92 6.22 619.57 8.73
3122.23 6.20 620.15 8.00
3138.75 6.15 615.98 11.78
3155.12 6.24 616.75 3.33
3171.51 6.20 614.56 3.36
3188.00 6.23 612.96 2.94
3204.28 6.25 611.31 5.97
3220.84 6.51 610.64 2.88
3237.20 6.48 608.67 3.29
3253.59 6.55 607.37 3.12
3270.09 6.48 606.15 3.75
3286.42 6.60 604.40 3.53
3302.93 6.55 603.56 2.39
3319.28 6.54 603.15 3.03
3335.64 6.63 601.31 4.09
3352.15 6.54 601.42 8.43
3368.56 6.65 599.17 3.77
3384.98 6.58 598.95 9.35
3401.34 6.53 596.81 4.07
3417.75 6.64 595.12 3.67
3434.25 6.55 596.98 11.41
3450.59 6.66 593.43 3.63
3467.06 6.59 590.79 10.87
3483.45 6.54 590.64 9.14
3499.90 6.69 590.35 3.53
3516.35 6.57 590.57 3.63
3532.70 6.67 588.62 3.57
3549.15 6.66 587.43 3.80
3565.51 6.56 586.93 7.05
3581.89 6.67 585.40 5.18
3598.42 6.61 584.73 4.19
3614.79 6.58 584.17 4.10
3631.21 6.65 581.68 8.55
3647.65 6.57 581.73 3.95
3664.01 6.69 580.31 5.84
3680.45 6.60 579.56 3.61
3696.75 6.59 578.78 9.23
3713.21 6.65 578.25 5.47
3729.65 6.57 578.14 4.02
3746.01 6.72 576.67 6.94
3762.50 6.62 576.45 3.92
3778.84 6.61 574.84 8.48
3795.21 6.70 575.35 2.50
3811.68 6.58 574.14 6.83
3828.06 6.72 573.26 2.31
3844.48 6.65 573.56 3.48
3860.89 6.63 572.79 3.30
3877.28 6.70 571.34 5.88
3893.75 6.57 571.67 5.42
3910.04 6.71 570.46 6.71
3926.54 6.66 569.85 3.73
3942.93 6.64 568.50 5.06
3959.26 6.73 568.29 5.45
3975.85 6.64 567.57 2.98
3992.21 6.75 569.46 12.96
4008.70 6.70 567.20 4.49
4025.09 6.68 566.68 3.67
4041.50 6.82 565.59 4.05
4058.00 6.75 566.00 3.88
4074.32 6.74 564.42 3.14
4090.78 6.80 565.71 7.88
4107.35 6.85 563.00 3.01
4123.70 6.94 562.65 5.57
4140.14 6.85 563.43 5.81
4156.51 6.86 561.89 7.01
4172.85 6.90 561.28 11.10
4189.39 6.87 561.79 3.45
4205.76 7.02 559.96 6.04
4222.25 7.34 560.96 3.95
4238.68 7.44 560.73 5.77
4255.01 7.36 559.85 5.50
4271.53 7.37 558.46 2.83
4287.87 7.42 557.85 3.83
4304.34 7.41 557.07 8.94
4320.84 7.54 558.68 4.00
4337.20 7.50 557.21 3.48
4353.85 7.54 556.09 4.52
4370.17 7.55 557.17 6.78
4386.53 7.48 556.42 7.23
4403.03 7.57 555.76 7.64
4419.29 7.55 554.35 8.88
4435.90 7.60 554.65 3.53
4452.20 7.59 555.71 5.38
4468.54 7.50 554.93 5.22
4485.12 7.62 552.98 11.63
4501.48 7.64 553.62 3.90
4518.06 7.64 553.15 2.46
4534.40 7.66 553.15 6.94
4550.68 7.58 553.48 3.99
4567.21 7.64 551.75 4.86
4583.50 7.62 552.34 3.51
4600.00 7.62 551.98 7.32
4616.48 7.64 552.23 4.84
4632.76 7.59 551.78 7.89
4649.31 7.62 551.29 5.10
4665.62 7.62 550.82 3.95
4682.07 7.55 550.62 3.51
4698.50 7.68 551.10 5.18
4714.76 7.59 551.14 3.67
4731.32 7.62 549.57 4.67
4747.68 7.69 550.06 13.26
4764.18 7.59 549.46 7.77
4780.59 7.69 549.28 3.01
4796.92 7.69 548.15 6.61
4813.48 7.69 547.34 8.22
4829.82 7.70 548.06 11.15
4846.28 7.65 548.87 3.76
4862.78 7.73 549.07 7.82
4879.10 7.72 546.42 6.23
4895.62 7.71 547.39 4.19
4911.92 7.71 546.85 2.74
4928.26 7.63 547.31 5.14
4944.78 7.72 546.26 3.07
4961.07 7.71 545.29 4.29
4977.60 7.74 546.90 4.69
4994.03 7.75 545.39 4.32
5010.34 7.69 545.04 4.15
5026.85 7.74 547.35 13.58
5043.26 7.86 545.95 6.50
5059.78 7.89 545.14 3.54
5076.10 7.88 545.54 4.67
5092.45 7.89 544.90 3.62
5108.98 7.91 545.06 4.22
5125.39 7.95 543.31 8.24
5141.89 7.88 543.81 5.27
5158.23 7.97 543.96 2.54
5174.56 7.95 543.25 5.22
5191.18 8.08 544.29 5.27
5207.53 8.13 543.68 3.08
5224.03 8.23 543.14 7.36
5240.45 8.24 543.20 3.35
5256.78 8.23 542.26 6.69
5273.32 8.23 543.10 7.24
5289.67 8.27 543.09 4.37
5306.12 8.33 542.07 9.65
5322.65 8.44 541.53 14.45
5338.96 8.45 543.29 3.03
5355.48 8.44 541.46 9.08
5371.90 8.46 541.79 10.46
5388.29 8.50 542.98 5.98
5404.76 8.49 542.67 6.91
5421.14 8.51 542.28 4.72
5437.67 8.51 541.07 4.52
5453.98 8.49 542.40 2.88
5470.34 8.44 541.76 3.74
5486.95 8.52 540.26 7.46
5503.26 8.53 541.31 2.26
5519.81 8.51 541.65 5.11
5536.09 8.51 541.25 5.46
5552.46 8.51 543.15 11.89
5568.98 8.55 540.82 6.73
5585.28 8.51 540.50 4.23
5601.79 8.49 540.53 3.10
5618.15 8.50 540.73 7.46
5634.53 8.50 541.26 2.48
5651.04 8.55 540.93 4.48
5667.28 8.50 540.75 4.87
5683.79 8.51 541.10 4.70
5700.12 8.53 541.64 5.46
5716.50 8.49 540.20 3.02
5733.03 8.52 540.53 2.92
5749.37 8.61 538.76 7.55
5765.85 8.60 538.98 6.03
5782.25 8.62 539.93 2.95
5798.65 8.70 539.18 5.14
5815.21 8.71 539.54 2.32
5831.50 8.70 540.67 5.33
5847.93 8.72 538.67 4.71
5864.39 8.73 539.14 5.37
5880.67 8.72 539.06 2.91
5897.21 8.67 538.64 4.31
5913.51 8.72 539.09 3.84
5929.92 8.63 539.06 3.48
5946.42 8.74 539.78 4.35
5962.70 8.74 539.53 3.75
5979.20 8.70 541.29 8.90
5995.64 8.73 539.54 4.49
6012.10 8.68 539.53 9.07
6028.59 8.78 537.39 6.49
6044.87 8.76 540.32 8.79
6061.42 8.80 538.45 3.29
6077.79 8.83 538.67 3.84
6094.20 8.82 538.48 4.59
6110.73 8.91 540.32 9.59
6127.00 8.89 538.73 3.83
6143.45 8.85 537.85 4.73
6159.84 8.90 538.14 3.18
6176.18 8.85 538.20 3.55
6192.70 8.90 538.39 9.19
6209.03 8.92 538.00 3.35
6225.45 8.97 538.78 4.66
6241.89 9.04 538.39 2.23
6258.20 8.99 537.70 3.52
6274.78 8.98 538.17 5.50
6291.14 9.04 538.35 2.76
6307.64 9.13 539.03 8.18
6324.09 9.19 537.06 7.47
6340.39 9.18 538.25 3.76
6356.92 9.14 541.00 14.59
6373.25 9.18 539.18 6.06
6389.65 9.17 537.62 3.67
6406.10 9.21 537.40 2.88
6422.39 9.20 537.01 3.32
6438.98 9.25 537.06 4.76
6455.31 9.27 536.54 7.63
6471.73 9.26 537.67 2.54
6488.28 9.32 539.70 18.90
6504.75 9.44 537.46 6.08
6521.29 9.39 537.29 4.00
6537.65 9.42 537.46 4.12
6554.00 9.44 537.00 3.83
6570.46 9.44 538.00 5.43
6586.79 9.43 537.68 5.72
6603.25 9.38 536.87 2.96
6619.64 9.40 537.92 4.92
6636.07 9.49 536.75 5.95
6652.57 9.46 537.71 6.59
6668.89 9.45 535.79 7.84
6685.31 9.44 536.43 3.85
6701.70 9.46 538.32 5.35
6718.03 9.41 536.56 6.79
6734.57 9.46 537.12 2.48
6750.93 9.50 536.51 8.82
6767.45 9.45 538.21 11.06
6783.84 9.51 536.34 2.51
6800.15 9.49 536.81 4.01
6816.68 9.48 536.95 2.37
6833.07 9.52 536.40 4.08
6849.45 9.49 536.50 3.42
6865.90 9.51 535.45 9.32
6882.29 9.51 535.70 3.16
6898.79 9.49 537.00 4.09
6915.14 9.52 536.23 2.42
6931.54 9.50 536.56 3.18
6948.01 9.52 536.31 1.73
6964.29 9.52 537.34 7.49
6980.79 9.50 537.06 6.77
6997.28 9.57 536.37 2.67
7013.62 9.58 535.01 12.62
7030.10 9.60 537.09 7.86
7046.39 9.58 536.85 3.59
7062.85 9.57 537.54 6.71
7079.25 9.60 536.31 3.11
7095.57 9.65 537.68 5.25
7112.17 9.68 534.06 12.97
7128.43 9.65 536.75 4.25
7144.90 9.62 535.62 7.69
7161.28 9.67 536.43 2.93
7177.59 9.61 536.43 11.02
7194.15 9.69 536.37 6.10
7210.54 9.77 535.28 7.06
7226.98 9.76 536.73 7.70
7243.39 9.88 537.17 8.64
7259.70 9.82 534.75 7.64
7276.26 9.80 536.81 4.03
7292.60 9.90 536.21 4.37
7309.00 9.83 537.04 3.50
7325.43 9.94 536.51 4.11
7341.71 9.92 535.64 3.03
7358.29 9.88 536.09 4.17
7374.67 9.96 536.10 9.42
7391.01 9.88 537.07 4.93
7407.45 9.94 536.00 3.08
7423.73 9.96 535.79 5.76
7440.29 9.93 536.18 3.67
7456.65 9.97 535.26 4.54
7473.01 9.90 536.42 2.39
7489.50 9.99 534.98 7.24
7505.78 10.00 535.06 4.49
7522.31 9.93 536.32 2.97
7538.68 10.05 536.25 5.90
7554.98 9.96 535.92 6.84
7571.50 10.01 535.67 3.07
7587.85 10.02 536.25 4.92
7604.35 9.92 535.89 2.32
7620.73 10.04 535.21 4.13
7637.07 9.99 536.04 5.32
7653.57 10.01 534.93 10.75
7669.85 10.00 535.28 7.40
7686.31 9.93 535.23 7.40
7702.70 10.07 533.56 7.47
7719.03 9.98 536.75 6.89
7735.57 9.95 535.85 2.49
7751.87 10.04 536.87 8.18
7768.31 9.92 535.39 4.65
7784.73 10.07 536.07 3.96
7801.04 10.04 534.23 5.47
7817.62 9.98 537.10 7.65
7833.92 10.07 534.85 4.19
7850.28 9.98 536.03 6.92
7866.73 10.07 535.78 2.55
7883.03 10.05 535.45 2.97
7899.59 9.98 536.42 8.04
7915.92 10.09 535.98 2.55
7932.28 9.98 536.34 3.44
7948.81 10.10 535.75 2.76
7965.14 10.12 534.70 5.69
7981.64 10.05 535.92 4.14
7998.10 10.16 536.68 7.78
8014.46 10.08 536.25 4.20
8030.95 10.16 537.54 7.58
8047.25 10.17 537.75 15.51
8063.78 10.12 559.31 29.46
8080.09 10.19 610.26 34.57
8096.53 10.20 666.25 34.23
8113.07 10.31 722.23 32.52
8129.34 10.30 774.34 32.70
8145.84 10.22 828.82 33.14
8162.20 10.33 878.04 31.39
8178.54 10.30 926.95 31.72
8195.07 10.26 977.10 31.04
8211.37 10.35 1025.34 29.94
8227.82 10.25 1070.85 28.89
8244.20 10.39 1118.93 28.85
8260.51 10.31 1163.50 28.11
8277.09 10.33 1207.26 28.12
8293.39 10.39 1250.31 28.68
8309.81 10.31 1294.26 26.78
8326.20 10.40 1334.21 26.39
8342.53 10.39 1376.25 25.32
8359.09 10.34 1415.82 26.05
8375.46 10.46 1456.95 26.38
8391.82 10.37 1493.78 24.39
