1.92 0.27 3083.65 5.31
18.87 4.57 3093.92 9.04
35.42 4.59 3103.57 6.34
51.76 4.55 3113.29 5.67
68.18 4.63 3121.40 8.73
84.56 4.56 3129.95 8.22
100.96 4.66 3137.70 8.98
117.43 4.59 3145.03 4.32
133.85 4.60 3152.07 6.24
150.32 4.67 3160.04 8.79
166.73 4.61 3164.12 7.21
183.12 4.70 3171.56 5.94
199.54 4.64 3177.23 6.05
216.01 4.64 3183.40 6.03
232.43 4.73 3187.92 4.15
248.87 4.68 3193.57 7.31
265.23 4.76 3196.06 3.24
281.64 4.71 3202.39 7.75
298.00 4.65 3205.29 10.40
314.43 4.73 3206.53 7.14
330.92 4.67 3209.00 13.73
347.35 4.69 3213.73 9.82
363.79 4.75 3215.68 5.23
380.12 4.70 3217.95 6.08
396.56 4.77 3218.21 4.57
412.96 4.75 3218.78 4.68
429.35 4.69 3220.26 3.84
445.79 4.76 3219.51 5.66
462.32 4.74 3220.64 2.91
478.76 4.82 3218.93 5.29
495.31 4.80 3217.73 4.59
511.70 4.71 3218.03 3.52
528.17 4.79 3216.45 2.42
544.53 4.73 3215.43 4.71
560.98 4.80 3213.35 3.05
577.34 4.77 3209.14 6.58
593.67 4.71 3207.51 6.01
610.15 4.77 3204.78 4.47
626.56 4.72 3201.68 6.15
643.07 4.82 3197.42 3.72
659.43 4.78 3193.28 3.28
675.81 4.71 3191.20 13.65
692.25 4.79 3185.10 5.92
708.65 4.76 3179.96 6.08
725.10 4.81 3173.23 7.60
741.56 4.77 3166.87 5.89
757.93 4.70 3161.98 6.00
774.34 4.77 3156.14 12.31
790.82 4.72 3148.31 4.08
807.17 4.66 3141.10 8.22
823.64 4.74 3133.26 8.23
840.03 4.66 3125.42 4.32
856.45 4.74 3117.43 7.12
872.98 4.75 3108.39 9.45
889.35 4.92 3101.53 9.10
905.85 4.88 3091.45 6.36
922.26 4.79 3082.34 11.79
938.68 4.85 3070.67 7.63
955.06 4.84 3061.21 8.14
971.60 4.90 3050.57 4.51
988.03 4.88 3039.78 6.69
1004.43 4.79 3029.89 7.84
1020.89 4.87 3018.06 5.21
1037.21 4.85 3007.26 5.64
1053.65 4.90 2994.90 5.83
1070.09 4.87 2983.96 8.98
1086.46 4.81 2967.90 12.87
1102.95 4.88 2957.59 7.58
1119.28 4.84 2944.93 5.69
1135.75 4.78 2931.90 5.96
1152.12 4.85 2919.21 8.25
1168.51 4.81 2904.95 6.73
1185.00 4.89 2890.71 6.44
1201.45 4.89 2876.26 7.90
1217.92 4.83 2861.82 7.71
1234.28 4.94 2847.09 10.13
1250.71 4.85 2831.70 13.84
1267.09 4.92 2816.64 7.89
1283.48 4.90 2801.40 8.03
1299.92 4.82 2786.15 8.46
1316.32 4.92 2770.87 7.95
1332.70 4.88 2753.28 10.66
1349.07 4.95 2738.71 9.07
1365.53 4.93 2720.93 10.10
1381.87 4.85 2707.32 10.94
1398.39 4.90 2688.04 9.34
1414.75 4.88 2671.46 7.96
1431.20 4.94 2654.25 13.08
1447.60 4.93 2638.79 12.74
1463.96 4.86 2620.15 9.72
1480.48 4.90 2601.25 8.79
1497.00 4.92 2583.35 12.30
1513.65 4.97 2566.26 10.07
1530.09 4.97 2547.73 14.08
1546.37 4.86 2529.48 10.64
1562.82 4.98 2510.62 9.62
1579.18 4.93 2491.07 12.28
1595.62 4.84 2471.53 12.98
1612.07 4.95 2453.21 9.01
1628.39 4.86 2434.21 10.43
1644.84 4.97 2415.51 12.17
1661.17 4.95 2395.42 10.48
1677.60 4.86 2376.37 12.76
1694.07 5.00 2356.43 10.74
1710.40 4.87 2337.25 10.21
1726.95 4.98 2315.46 13.27
1743.28 4.97 2297.15 11.16
1759.79 4.88 2276.42 10.35
1776.26 4.98 2254.73 18.85
1792.73 4.88 2236.92 11.20
1809.20 4.92 2214.96 11.23
1825.56 4.92 2196.84 17.89
1842.00 4.84 2177.37 11.68
1858.50 4.92 2155.45 11.46
1875.03 4.92 2135.84 13.77
1891.53 5.08 2114.68 11.61
1908.00 5.11 2094.04 12.22
1924.40 4.99 2073.70 11.82
1940.87 5.09 2052.29 13.30
1957.21 5.05 2032.40 12.07
1973.70 5.09 2012.12 12.58
1990.20 5.05 1991.32 11.08
2006.62 4.93 1970.95 11.79
2023.07 5.06 1951.39 11.79
2039.42 4.98 1929.75 13.31
2055.76 5.05 1910.96 12.41
2072.29 5.05 1890.34 12.46
2088.64 4.97 1869.68 11.95
2105.07 5.05 1851.03 15.48
2121.45 4.99 1828.03 21.07
2137.79 5.05 1808.90 12.08
2154.39 5.04 1789.35 14.72
2170.68 4.97 1770.07 13.93
2187.12 5.06 1748.82 12.32
2203.51 5.05 1729.15 12.24
2219.90 5.11 1708.29 13.73
2236.35 5.08 1687.76 12.66
2252.68 4.99 1669.71 12.51
2269.14 5.07 1650.57 11.98
2285.51 5.05 1631.07 11.51
2301.87 4.99 1612.45 12.47
2318.37 5.06 1592.68 11.82
2334.68 5.00 1573.15 12.06
2351.15 5.06 1554.68 12.41
2367.53 5.04 1535.12 11.78
2383.92 4.99 1517.28 12.35
2400.50 5.19 1499.56 13.58
2416.78 5.12 1481.15 12.23
2433.25 5.16 1461.53 12.69
2449.71 5.16 1445.39 11.82
2466.20 5.14 1428.21 12.26
2482.76 5.20 1408.53 12.17
2499.15 5.15 1392.01 14.15
2515.57 5.18 1374.23 12.43
2532.03 5.16 1357.73 11.72
2548.43 5.11 1340.65 11.09
2564.81 5.19 1322.48 10.93
2581.17 5.15 1308.42 16.33
2597.62 5.16 1291.18 13.59
2614.06 5.14 1275.96 11.25
2630.39 5.11 1259.06 10.14
2646.84 5.18 1244.51 12.66
2663.17 5.13 1227.32 13.89
2679.71 5.21 1212.26 14.54
2696.12 5.19 1200.29 11.38
2712.45 5.12 1184.98 9.17
2728.95 5.20 1171.31 9.71
2745.40 5.14 1156.21 10.27
2761.82 5.10 1141.96 10.29
2778.28 5.18 1128.15 13.35
2794.60 5.10 1116.20 10.14
2811.06 5.16 1103.09 8.82
2827.46 5.10 1088.70 11.97
2843.93 5.12 1078.62 9.86
2860.45 5.18 1064.71 11.54
2876.84 5.34 1055.93 13.61
2893.23 5.32 1042.50 10.27
2909.64 5.36 1032.17 11.81
2926.03 5.33 1020.92 7.98
2942.59 5.39 1009.43 8.66
2958.89 5.35 999.21 7.36
2975.31 5.30 991.15 9.58
2991.75 5.33 981.93 12.39
3008.14 5.32 970.31 6.88
3024.65 5.40 961.81 7.34
3041.00 5.36 950.28 9.48
3057.37 5.32 943.48 7.20
3073.92 5.42 935.32 9.87
3090.23 5.40 928.23 9.23
3106.76 5.36 921.37 6.72
3123.09 5.41 914.71 5.00
3139.48 5.38 908.23 6.58
3155.98 5.41 900.64 7.66
3172.31 5.39 895.09 5.57
3188.73 5.37 891.42 6.58
3205.10 5.43 886.00 4.95
3221.48 5.40 881.07 7.51
3237.93 5.45 878.18 4.04
3254.32 5.42 873.85 6.57
3270.73 5.40 869.81 5.54
3287.09 5.44 867.53 7.05
3303.45 5.40 863.92 11.94
3319.95 5.44 863.42 3.84
3336.31 5.44 861.37 3.09
3352.68 5.42 861.56 10.21
3369.10 5.44 857.98 6.71
3385.48 5.44 858.82 7.59
3401.98 5.49 858.10 4.32
3418.28 5.46 859.48 3.97
3434.70 5.46 860.89 6.84
3451.15 5.48 861.45 9.66
3467.51 5.48 862.95 5.00
3484.12 5.49 864.26 3.79
3500.50 5.44 866.26 4.78
3516.89 5.48 868.62 7.44
3533.35 5.45 874.00 8.97
3549.70 5.44 876.23 8.82
3566.14 5.41 878.46 13.41
3582.45 5.45 886.25 7.12
3598.85 5.45 890.00 6.50
3615.35 5.43 894.92 6.28
3631.71 5.43 901.31 5.78
3648.12 5.43 911.26 18.60
3664.46 5.47 913.54 7.10
3680.85 5.44 923.01 13.23
3697.31 5.47 927.73 10.01
3713.71 5.43 935.59 8.60
3730.14 5.44 943.62 9.25
3746.50 5.49 955.04 14.39
3762.87 5.42 962.40 9.27
3779.35 5.46 971.59 18.20
3795.81 5.43 983.71 15.52
3812.25 5.45 992.17 11.08
3828.71 5.47 1003.15 11.26
3845.06 5.47 1013.78 10.35
3861.68 5.58 1024.42 11.54
3878.06 5.66 1034.50 16.61
3894.54 5.70 1049.07 11.25
3910.96 5.72 1060.70 12.46
3927.35 5.71 1075.06 12.39
3943.87 5.74 1087.87 12.90
3960.28 5.73 1101.21 13.29
3976.84 5.80 1115.34 13.84
3993.34 5.78 1129.56 15.56
4009.60 5.73 1144.92 14.97
4026.09 5.83 1159.48 14.05
4042.45 5.77 1174.92 20.00
4058.82 5.76 1189.28 14.98
4075.35 5.81 1206.00 15.64
4091.62 5.75 1224.78 20.97
4108.14 5.84 1238.34 16.03
4124.50 5.76 1254.68 17.71
4140.82 5.76 1270.56 16.74
4157.37 5.78 1290.42 19.62
4173.65 5.74 1305.87 17.24
4190.14 5.85 1323.93 17.94
4206.54 5.82 1342.04 18.92
4222.87 5.81 1361.70 19.72
4239.37 5.85 1378.29 19.84
4255.68 5.77 1398.92 19.24
4272.15 5.92 1414.85 21.47
4288.53 5.82 1435.89 20.31
4304.85 5.83 1456.39 21.75
4321.37 5.83 1476.06 20.84
4337.70 5.79 1495.29 20.58
4354.14 5.79 1517.53 22.75
4370.59 5.81 1535.90 21.39
4386.90 5.86 1556.21 23.38
4403.37 5.91 1577.51 22.82
4419.71 5.85 1597.18 22.95
4436.23 5.89 1619.92 21.58
4452.75 5.94 1642.17 24.31
4469.03 5.92 1661.00 24.52
4485.68 5.94 1682.87 23.48
4502.25 5.98 1704.90 23.77
4518.56 5.96 1724.15 26.50
4535.17 5.98 1747.56 25.30
4551.43 5.97 1770.84 26.06
4567.89 6.01 1793.70 26.43
4584.29 5.95 1815.32 26.14
4600.62 5.97 1835.96 26.36
4617.20 5.95 1857.18 27.18
4633.51 5.96 1880.56 25.60
4649.96 6.01 1905.28 30.30
4666.35 5.97 1924.70 26.44
4682.70 5.99 1947.71 28.01
4699.17 5.98 1970.68 26.75
4715.51 5.96 1991.65 27.16
4732.01 6.02 2014.07 27.19
4748.43 5.94 2036.39 27.06
4764.81 5.96 2060.31 28.36
4781.26 5.97 2081.62 29.09
4797.60 5.92 2103.34 28.41
4814.01 5.90 2126.06 28.63
4830.46 5.96 2149.10 27.45
4846.79 5.99 2171.09 28.43
4863.34 6.01 2193.18 26.97
4879.71 6.28 2216.20 28.15
4896.15 6.26 2237.56 28.08
4912.57 6.20 2260.29 28.35
4928.90 6.30 2282.28 28.43
4945.32 6.18 2301.98 28.77
4961.79 6.33 2325.12 27.69
4978.23 6.32 2348.00 28.32
4994.70 6.23 2367.90 28.65
5011.00 6.32 2389.34 28.14
5027.50 6.29 2410.67 30.37
5043.92 6.39 2433.01 29.20
5060.32 6.39 2453.43 28.25
5076.78 6.30 2473.57 29.53
5093.09 6.42 2494.76 27.88
5109.56 6.34 2515.40 27.82
5125.96 6.34 2536.18 27.79
5142.37 6.43 2555.31 29.71
5158.85 6.30 2574.85 26.46
5175.18 6.42 2595.84 27.89
5191.57 6.34 2615.45 27.39
5207.95 6.34 2634.07 26.73
5224.39 6.44 2652.51 27.09
5240.81 6.34 2671.85 27.37
5257.18 6.42 2689.98 25.94
5273.56 6.37 2710.29 26.46
5289.92 6.33 2728.25 28.70
5306.34 6.46 2745.01 25.67
5322.79 6.30 2761.14 26.07
5339.23 6.50 2780.62 27.48
5355.62 6.47 2797.17 24.32
5372.00 6.38 2814.07 26.57
5388.39 6.52 2829.17 23.11
5404.84 6.40 2844.95 24.64
5421.21 6.51 2861.18 22.83
5437.62 6.49 2877.56 28.24
5454.03 6.43 2892.59 22.25
5470.42 6.52 2907.48 21.11
5486.95 6.41 2921.70 21.65
5503.48 6.60 2937.59 21.61
5519.85 6.55 2951.21 22.69
5536.32 6.50 2964.51 20.71
5552.64 6.61 2978.06 19.79
5569.03 6.52 2990.81 19.63
5585.42 6.55 3004.07 19.27
5601.81 6.55 3015.95 17.83
5618.32 6.48 3027.96 17.96
5634.67 6.62 3039.65 17.26
5651.07 6.52 3051.65 16.93
5667.46 6.57 3066.09 27.35
5683.84 6.61 3071.70 16.90
5700.31 6.51 3082.40 15.74
5716.65 6.61 3093.76 15.02
5733.06 6.55 3104.23 15.97
5749.46 6.53 3111.29 14.57
5765.87 6.59 3121.25 13.62
5782.29 6.50 3129.25 19.20
5798.68 6.58 3138.14 12.50
5815.15 6.52 3145.64 13.40
5831.54 6.52 3152.15 11.04
5847.93 6.63 3158.40 10.13
5864.46 6.56 3164.28 11.21
5880.81 6.75 3172.78 9.93
5897.29 6.74 3177.21 8.71
5913.67 6.73 3183.57 11.90
5930.07 6.80 3187.09 8.05
5946.65 6.80 3191.64 7.46
5963.12 7.00 3196.60 9.12
5979.51 6.94 3199.25 6.13
5996.00 6.91 3204.93 8.46
6012.34 6.98 3207.10 6.22
6028.85 6.94 3210.89 10.18
6045.20 7.02 3212.09 7.97
6061.60 6.96 3213.28 8.63
6078.03 6.93 3215.56 5.67
6094.34 7.01 3217.76 5.41
6110.89 6.96 3218.71 3.87
6127.28 7.06 3219.92 3.76
6143.60 6.98 3221.67 6.23
6160.07 6.92 3219.81 5.08
6176.42 7.01 3220.07 5.90
6192.89 6.96 3219.76 3.66
6209.34 7.16 3218.50 10.19
6225.67 7.05 3216.93 4.78
6242.10 7.03 3214.04 4.93
6258.51 7.10 3214.20 9.16
6274.90 7.04 3207.42 11.90
6291.31 7.13 3208.29 7.27
6307.62 7.09 3204.07 7.95
6324.18 7.03 3200.53 9.71
6340.56 7.14 3196.67 9.76
6356.95 7.05 3194.14 12.73
6373.34 7.07 3187.29 9.79
6389.79 7.21 3182.51 10.42
6406.25 7.15 3176.79 12.03
6422.64 7.25 3172.90 10.92
6439.01 7.19 3167.51 14.72
6455.48 7.26 3158.46 18.81
6471.89 7.29 3154.70 12.43
6488.70 7.34 3147.29 13.10
6505.12 7.48 3139.42 14.29
6521.46 7.43 3133.48 16.70
6537.89 7.36 3124.82 15.16
6554.18 7.45 3119.06 20.44
6570.62 7.39 3107.78 16.89
6587.07 7.50 3100.14 17.96
6603.37 7.38 3090.29 17.44
6619.82 7.34 3081.12 18.69
6636.21 7.46 3072.50 18.52
6652.62 7.40 3061.71 20.55
6669.03 7.52 3049.43 23.30
6685.34 7.43 3040.34 21.25
6701.82 7.37 3028.79 20.68
6718.21 7.46 3017.67 21.19
6734.60 7.41 3004.68 25.29
6751.06 7.46 2994.21 21.51
6767.37 7.40 2981.70 22.66
6783.85 7.36 2971.25 23.52
6800.25 7.44 2957.81 22.94
6816.67 7.39 2944.07 23.99
6833.06 7.40 2929.54 28.00
6849.45 7.48 2917.73 25.34
6866.01 7.46 2903.96 26.21
6882.45 7.96 2889.79 25.10
6898.85 7.89 2875.78 26.64
6915.25 7.84 2862.18 26.42
6931.62 7.94 2847.43 28.27
6948.07 7.85 2831.89 27.49
6964.56 8.08 2817.92 27.64
6981.09 8.09 2801.82 29.54
6997.48 7.99 2785.10 29.32
7013.82 8.11 2771.67 29.95
7030.26 8.02 2752.87 29.87
7046.67 8.07 2735.87 30.36
7063.09 8.09 2723.07 34.83
7079.51 8.04 2705.64 33.27
7095.89 8.16 2690.50 31.16
7112.25 8.08 2672.15 33.57
7128.68 8.13 2654.50 31.26
7145.03 8.13 2637.01 31.99
7161.53 8.02 2619.40 33.37
7177.90 8.16 2600.70 32.85
7194.25 8.08 2583.21 34.38
7210.67 8.12 2565.73 33.44
7227.00 8.12 2547.45 34.87
7243.50 8.08 2528.34 34.78
7259.87 8.19 2511.32 35.63
7276.23 8.10 2493.93 37.65
7292.67 8.12 2472.71 35.59
7308.96 8.15 2451.76 37.90
7325.50 8.07 2433.90 36.53
7341.82 8.21 2416.10 38.96
7358.25 8.15 2394.93 36.59
7374.64 8.10 2376.53 37.61
7391.01 8.21 2356.78 39.41
7407.50 8.11 2337.57 38.03
7423.82 8.22 2317.18 37.21
7440.23 8.15 2297.03 37.89
7456.68 8.16 2276.34 39.87
7473.06 8.23 2258.28 38.52
7489.59 8.15 2237.75 38.55
7506.03 8.33 2217.95 39.08
7522.43 8.35 2196.51 40.52
7538.89 8.31 2178.42 40.81
7555.23 8.42 2156.90 39.21
7571.62 8.34 2135.10 41.09
7588.00 8.36 2116.12 40.34
7604.39 8.36 2095.17 40.39
7620.84 8.28 2074.70 39.78
7637.28 8.46 2055.51 39.07
7653.68 8.38 2035.57 43.38
7670.06 8.41 2014.00 39.79
7686.39 8.42 1993.65 39.49
7702.87 8.33 1973.59 39.74
7719.23 8.47 1952.04 40.41
7735.62 8.36 1933.53 41.04
7752.07 8.41 1912.35 40.46
7768.37 8.42 1892.84 39.98
7784.87 8.34 1870.26 40.56
7801.23 8.43 1851.84 39.37
7817.65 8.36 1830.85 39.56
7834.04 8.39 1811.25 40.56
7850.39 8.46 1789.71 39.71
7866.95 8.41 1771.18 40.17
7883.32 8.60 1750.01 41.85
7899.70 8.51 1729.12 41.03
7916.12 8.57 1711.31 40.35
7932.51 8.62 1691.25 39.97
7948.96 8.50 1671.90 39.75
7965.39 8.68 1651.03 39.22
7981.73 8.60 1632.10 38.65
7998.20 8.60 1612.90 38.81
8014.54 8.67 1594.45 42.14
8030.95 8.55 1576.20 39.18
8047.37 8.69 1557.14 38.09
8063.75 8.62 1536.39 36.84
8080.20 8.61 1518.15 37.36
8096.56 8.69 1500.65 37.40
8112.93 8.60 1483.06 36.57
8129.35 8.71 1463.53 36.31
8145.68 8.67 1445.01 37.26
8162.18 8.59 1427.65 37.47
8178.53 8.69 1410.71 36.02
8194.90 8.58 1393.28 35.05
8211.31 8.70 1376.35 34.78
8227.64 8.65 1359.89 34.79
8244.10 8.59 1342.14 34.00
8260.51 8.70 1325.60 33.95
8276.87 8.59 1309.71 33.37
8293.29 8.70 1292.96 33.74
8309.60 8.68 1279.10 33.94
8326.07 8.58 1260.31 35.94
8342.48 8.71 1245.10 30.56
8358.82 8.59 1231.39 32.23
8375.26 8.68 1215.84 30.71
8391.62 8.69 1200.90 30.57
