1.93 0.30 563.34 16.22
18.95 4.57 623.82 17.45
35.28 4.53 678.31 15.06
51.67 4.46 733.42 15.52
68.17 4.68 786.46 15.78
84.53 4.62 840.07 14.82
100.98 4.69 892.28 16.02
117.34 4.66 941.01 15.66
133.75 4.71 992.25 14.12
150.17 4.68 1039.01 14.84
166.57 4.62 1087.93 14.28
183.09 4.69 1134.54 13.32
199.40 4.66 1178.78 14.65
215.93 4.77 1226.21 13.40
232.37 4.76 1267.79 13.57
248.87 4.70 1310.20 13.98
265.25 4.77 1353.75 11.88
281.62 4.73 1395.06 11.85
298.10 4.80 1435.29 12.89
314.48 4.76 1475.14 12.02
330.92 4.69 1513.01 13.15
347.39 4.78 1551.90 11.18
363.73 4.74 1588.32 11.31
380.21 4.80 1626.21 10.75
396.65 4.76 1660.50 12.38
413.01 4.73 1697.64 12.28
429.54 4.85 1730.98 10.92
445.96 4.79 1764.56 13.79
462.40 4.73 1797.98 9.94
478.78 4.82 1831.32 10.49
495.23 4.80 1862.84 9.95
511.68 4.87 1895.20 9.18
528.06 4.81 1923.50 11.44
544.50 4.76 1955.73 10.25
561.10 4.90 1986.21 10.21
577.43 4.84 2015.21 8.67
593.92 4.94 2041.67 8.54
610.29 4.86 2069.67 10.16
626.75 4.78 2098.00 8.68
643.15 4.89 2124.68 7.82
659.50 4.83 2150.34 9.20
676.03 4.88 2175.01 8.63
692.34 4.87 2200.67 9.35
708.82 4.78 2226.15 10.05
725.34 4.91 2251.40 8.45
741.65 4.85 2274.48 10.28
758.25 4.94 2297.85 8.41
774.65 4.89 2321.00 7.35
791.03 4.82 2343.00 8.31
807.48 4.92 2365.64 8.39
823.85 4.83 2386.31 8.20
840.43 4.93 2408.57 8.99
856.78 4.89 2429.01 6.37
873.15 4.82 2448.96 6.68
889.62 4.92 2469.09 10.48
905.96 4.84 2489.45 6.49
922.43 4.81 2507.15 8.63
938.79 4.89 2526.95 6.01
955.18 4.81 2545.60 6.94
971.71 4.89 2563.62 6.76
988.06 4.81 2580.67 6.38
1004.50 4.79 2598.75 6.60
1020.92 4.86 2616.29 6.01
1037.31 4.74 2631.96 5.90
1053.89 5.01 2648.89 5.73
1070.25 4.95 2664.71 7.40
1086.64 5.01 2680.03 5.55
1103.06 4.99 2696.53 5.86
1119.48 4.87 2710.67 6.38
1135.92 4.99 2727.51 7.20
1152.31 4.95 2741.07 5.65
1168.76 5.00 2754.90 5.36
1185.32 5.00 2770.67 6.91
1201.65 4.90 2784.10 7.62
1218.10 5.04 2797.53 4.74
1234.54 4.97 2810.10 5.87
1251.00 5.04 2822.93 5.97
1267.45 5.01 2836.34 4.77
1283.85 4.93 2850.43 6.18
1300.31 5.05 2860.56 5.38
1316.68 4.99 2874.65 5.29
1333.18 5.04 2884.78 4.14
1349.67 5.05 2897.25 7.43
1366.04 4.94 2908.76 7.25
1382.53 5.07 2918.45 7.18
1398.93 5.00 2929.53 8.08
1415.37 4.97 2941.01 5.80
1431.78 5.05 2951.57 8.25
1448.23 4.98 2961.59 4.34
1464.64 5.10 2972.21 5.11
1480.98 5.03 2981.71 5.16
1497.43 4.94 2991.37 5.68
1514.00 5.05 3001.98 5.06
1530.35 4.97 3010.85 5.95
1546.89 5.06 3019.65 4.54
1563.23 5.05 3029.09 6.12
1579.65 4.93 3037.51 5.08
1596.14 5.07 3046.65 4.52
1612.53 4.98 3055.17 3.46
1629.01 5.05 3062.98 3.80
1645.39 4.99 3071.76 3.51
1661.78 4.90 3078.70 5.03
1678.21 5.10 3088.50 4.19
1694.65 5.00 3094.18 7.42
1711.07 5.07 3102.78 4.42
1727.59 5.03 3110.01 3.14
1744.00 4.98 3117.64 4.17
1760.35 5.10 3124.40 7.15
1776.84 5.00 3132.45 3.08
1793.20 5.08 3139.25 4.43
1809.60 5.05 3145.64 3.03
1826.12 4.95 3152.59 5.14
1842.48 5.06 3158.89 5.56
1858.92 5.00 3164.70 6.64
1875.29 4.95 3171.93 3.13
1891.76 5.04 3177.73 4.15
1908.25 4.92 3184.39 2.76
1924.57 5.02 3189.26 5.98
1940.98 5.00 3195.90 5.91
1957.42 4.89 3200.53 4.11
1973.87 5.00 3206.85 5.41
1990.31 4.89 3212.71 9.91
2006.75 4.96 3217.96 5.18
2023.17 4.94 3223.60 4.48
2039.56 4.85 3228.75 5.69
2056.04 5.08 3232.79 4.95
2072.51 5.11 3239.34 4.15
2088.89 5.06 3243.98 3.35
2105.26 5.17 3248.35 4.04
2121.67 5.06 3253.75 4.49
2138.14 5.10 3257.46 3.41
2154.62 5.12 3262.81 7.19
2171.01 5.09 3266.18 3.60
2187.45 5.19 3270.23 4.67
2203.89 5.14 3273.70 3.75
2220.29 5.13 3279.51 4.98
2236.76 5.18 3282.45 5.86
2253.18 5.17 3287.79 2.23
2269.59 5.30 3291.53 2.95
2286.07 5.20 3294.39 7.53
2302.48 5.19 3300.04 4.17
2318.90 5.27 3302.39 4.15
2335.31 5.17 3306.07 5.27
2351.84 5.34 3308.84 4.37
2368.26 5.24 3314.17 3.61
2384.64 5.22 3317.81 6.55
2401.07 5.31 3321.29 8.56
2417.51 5.24 3323.79 3.52
2433.92 5.26 3326.90 7.03
2450.35 5.27 3331.06 3.58
2466.68 5.25 3333.79 9.92
2483.10 5.32 3336.67 5.45
2499.48 5.24 3340.40 4.57
2516.01 5.32 3342.57 5.61
2532.48 5.36 3344.59 4.69
2548.85 5.33 3349.31 6.23
2565.28 5.42 3351.73 8.28
2581.68 5.35 3355.14 5.56
2598.03 5.35 3356.45 10.33
2614.54 5.38 3359.29 3.68
2630.96 5.30 3362.65 3.18
2647.34 5.39 3364.23 4.87
2663.73 5.34 3366.87 3.49
2680.14 5.33 3369.84 2.53
2696.59 5.37 3373.26 7.54
2712.96 5.31 3375.25 4.97
2729.34 5.42 3377.67 6.27
2745.78 5.36 3379.59 3.40
2762.20 5.34 3380.59 9.60
2778.60 5.39 3383.71 2.57
2795.00 5.28 3384.62 4.27
2811.39 5.38 3387.14 5.07
2827.85 5.32 3390.00 3.44
2844.25 5.30 3391.73 2.69
2860.62 5.37 3393.31 2.77
2877.01 5.28 3396.29 3.12
2893.42 5.30 3396.81 8.71
2909.89 5.31 3398.53 4.42
2926.25 5.30 3401.71 5.34
2942.62 5.35 3403.06 7.06
2959.04 5.29 3405.09 6.71
2975.56 5.29 3407.76 9.86
2992.01 5.34 3408.40 3.77
3008.53 5.30 3410.14 3.11
3024.98 5.43 3411.85 2.40
3041.39 5.37 3413.43 4.32
3057.82 5.66 3415.51 3.51
3074.31 5.70 3417.06 2.86
3090.64 5.62 3418.00 3.96
3107.03 5.65 3419.39 5.22
3123.46 5.66 3421.70 2.98
3139.90 5.64 3422.12 7.37
3156.35 5.68 3423.42 5.26
3172.76 5.61 3426.46 5.54
3189.15 5.63 3426.98 4.45
3205.60 5.67 3428.45 2.42
3222.10 5.72 3428.67 6.10
3238.57 5.71 3429.87 5.79
3254.95 5.74 3432.32 4.79
3271.31 5.73 3434.28 3.90
3287.78 5.80 3435.00 3.02
3304.29 5.80 3436.40 5.24
3320.73 5.76 3437.42 4.20
3337.09 5.81 3439.31 4.84
3353.43 5.80 3438.46 7.07
3369.96 5.82 3440.53 3.77
3386.34 5.81 3440.78 6.79
3402.73 5.76 3443.07 4.33
3419.18 5.85 3442.85 5.04
3435.51 5.81 3445.17 4.53
3452.00 5.85 3446.15 5.74
3468.37 5.81 3447.09 13.66
3484.76 5.76 3446.78 6.51
3501.18 5.83 3449.68 5.76
3517.62 5.88 3449.04 7.94
3534.14 5.91 3450.60 4.40
3550.53 5.89 3450.70 5.59
3566.93 5.91 3451.39 7.26
3583.35 5.91 3452.85 4.14
3599.65 5.89 3453.54 3.86
3616.17 5.93 3454.32 5.70
3632.59 5.91 3455.65 3.36
3649.00 5.91 3456.00 3.78
3665.42 5.92 3459.09 11.21
3681.71 5.91 3458.35 3.25
3698.20 5.86 3458.15 5.85
3714.65 5.92 3460.35 5.34
3731.03 5.93 3459.39 4.98
3747.50 5.98 3460.73 3.44
3763.84 5.92 3464.65 13.01
3780.29 5.90 3462.20 3.02
3796.73 5.92 3463.76 3.78
3813.06 5.89 3464.71 9.28
3829.59 5.93 3464.62 4.17
3846.03 5.89 3465.46 2.09
3862.40 5.90 3465.43 2.76
3878.82 5.93 3466.71 3.61
3895.15 5.90 3466.10 6.90
3911.70 5.92 3468.40 2.84
3928.03 5.88 3468.56 3.14
3944.42 5.88 3468.35 5.08
3960.92 5.91 3471.18 9.23
3977.23 5.90 3468.98 6.91
3993.75 5.92 3469.96 3.32
4010.17 5.88 3471.00 6.88
4026.62 5.93 3471.40 2.89
4043.12 5.91 3472.21 2.82
4059.46 6.02 3472.37 3.44
4076.00 6.06 3473.37 2.73
4092.39 6.02 3471.87 7.82
4108.79 6.06 3474.35 3.28
4125.20 6.06 3473.42 5.86
4141.57 6.01 3474.62 11.08
4158.04 6.05 3476.34 3.19
4174.48 6.02 3475.57 2.32
4190.90 6.05 3476.40 3.86
4207.32 6.09 3476.59 3.79
4223.67 6.07 3476.64 9.65
4240.14 6.13 3477.50 6.63
4256.53 6.06 3477.01 5.22
4272.87 6.12 3477.92 2.21
4289.32 6.10 3478.26 4.00
4305.70 6.07 3479.65 3.40
4322.12 6.15 3479.03 2.19
4338.60 6.15 3480.28 6.95
4355.00 6.19 3480.23 3.09
4371.46 6.19 3480.96 2.57
4387.85 6.14 3480.34 5.98
4404.31 6.25 3482.68 8.35
4420.76 6.21 3482.53 11.95
4437.12 6.25 3482.87 5.82
4453.60 6.27 3483.28 5.30
4469.95 6.20 3482.01 8.11
4486.37 6.23 3482.59 2.77
4502.84 6.26 3482.78 2.10
4519.18 6.29 3483.34 5.56
4535.64 6.30 3483.90 3.84
4552.06 6.29 3484.12 4.78
4568.46 6.33 3484.96 9.66
4584.90 6.33 3484.87 3.39
4601.23 6.32 3485.60 5.82
4617.68 6.36 3485.26 5.05
4634.17 6.34 3485.59 3.80
4650.57 6.36 3484.98 5.89
4667.00 6.38 3486.28 3.71
4683.34 6.35 3487.39 11.69
4699.81 6.42 3486.25 3.03
4716.20 6.35 3487.73 6.74
4732.54 6.36 3486.04 6.23
4749.07 6.43 3487.46 2.29
4765.42 6.40 3487.67 5.86
4781.89 6.46 3488.26 3.83
4798.25 6.38 3487.53 4.79
4814.64 6.40 3488.82 14.65
4831.10 6.40 3488.20 2.16
4847.42 6.37 3487.71 4.21
4863.87 6.46 3489.04 6.05
4880.29 6.37 3488.67 4.55
4896.64 6.41 3488.89 3.52
4913.14 6.41 3489.09 5.73
4929.46 6.37 3488.50 6.87
4945.87 6.38 3490.00 2.89
4962.34 6.39 3490.85 7.66
4978.75 6.42 3490.32 2.22
4995.26 6.46 3489.70 4.74
5011.62 6.40 3491.64 3.88
5028.03 6.43 3490.15 7.19
5044.51 6.42 3490.76 4.57
5060.89 6.97 3491.45 8.06
5077.37 6.90 3491.76 3.12
5093.75 6.87 3490.12 8.52
5110.10 6.97 3491.15 3.45
5126.64 6.85 3492.75 10.38
5142.95 6.85 3491.78 4.96
5159.45 6.91 3491.29 7.98
5175.84 6.86 3491.89 3.40
5192.20 6.94 3489.98 9.43
5208.75 6.92 3491.01 6.60
5225.04 6.92 3490.34 10.07
5241.59 7.03 3491.98 5.43
5257.95 6.98 3492.09 3.18
5274.29 7.05 3492.50 4.78
5290.71 6.97 3492.78 3.74
5307.10 6.96 3492.81 4.08
5323.54 7.03 3492.48 3.28
5340.01 7.00 3494.00 3.01
5356.31 7.09 3494.26 7.16
5372.78 7.01 3494.71 7.92
5389.14 6.99 3492.73 13.30
5405.57 7.07 3494.21 3.06
5422.00 7.01 3495.42 4.97
5438.28 7.12 3493.45 3.55
5454.79 7.05 3494.90 7.45
5471.17 7.00 3493.84 3.20
5487.60 7.05 3495.15 4.84
5504.06 7.10 3493.89 3.20
5520.37 7.19 3494.70 2.14
5536.93 7.13 3494.90 3.64
5553.37 7.24 3494.65 2.85
5569.76 7.32 3494.68 2.30
5586.15 7.22 3495.53 6.25
5602.48 7.22 3495.59 4.12
5619.04 7.29 3495.51 3.60
5635.46 7.32 3495.82 4.98
5651.90 7.39 3495.45 2.68
5668.25 7.28 3496.29 4.77
5684.62 7.30 3494.53 4.58
5701.09 7.37 3495.79 4.45
5717.59 7.38 3494.39 9.97
5733.98 7.43 3495.93 9.93
5750.35 7.38 3495.68 3.05
5766.79 7.36 3493.45 10.22
5783.25 7.42 3496.76 2.47
5799.71 7.37 3495.46 7.63
5816.10 7.43 3496.04 4.74
5832.64 7.37 3495.45 6.15
5848.92 7.39 3497.34 4.43
5865.42 7.45 3495.40 6.37
5881.81 7.39 3496.20 2.14
5898.15 7.49 3496.21 2.90
5914.73 7.37 3496.10 6.84
5931.03 7.40 3498.15 11.81
5947.51 7.44 3496.35 2.69
5963.98 7.40 3496.64 4.62
5980.32 7.52 3496.09 5.13
5996.90 7.44 3498.48 10.38
6013.25 7.47 3496.34 6.72
6029.68 7.53 3496.84 2.51
6046.15 7.46 3496.90 4.28
6062.48 7.56 3497.56 3.38
6079.01 7.54 3497.07 2.92
6095.31 7.56 3497.81 2.97
6111.76 7.61 3497.90 6.03
6128.14 7.51 3498.31 7.42
6144.56 7.54 3497.45 2.74
6161.04 7.56 3497.10 3.97
6177.46 7.58 3497.73 2.28
6193.90 7.56 3497.96 4.66
6210.32 7.61 3497.81 3.96
6226.64 7.64 3498.17 5.13
6243.17 7.69 3497.84 5.02
6259.53 7.66 3498.17 5.06
6275.92 7.67 3498.71 2.76
6292.34 7.63 3497.50 6.34
6308.64 7.66 3498.15 3.08
6325.21 7.71 3497.51 2.97
6341.62 7.69 3497.76 6.03
6358.03 7.74 3497.28 5.25
6374.43 7.66 3497.53 2.76
6390.73 7.70 3497.81 8.69
6407.25 7.74 3498.45 3.96
6423.59 7.67 3498.07 3.50
6439.93 7.72 3498.18 3.34
6456.43 7.68 3497.51 3.34
6472.78 7.67 3498.14 2.63
6489.28 7.71 3497.04 5.98
6505.68 7.76 3499.70 12.13
6522.01 7.80 3497.92 3.29
6538.51 7.74 3498.70 3.14
6554.89 7.83 3499.29 2.30
6571.37 7.88 3499.17 3.83
6587.73 7.81 3498.21 7.72
6604.04 7.83 3497.34 7.28
6620.59 7.84 3498.50 4.32
6636.92 7.85 3497.68 5.93
6653.35 7.85 3498.78 4.49
6669.73 7.86 3498.82 5.16
6686.04 7.85 3498.46 9.12
6702.56 7.87 3497.31 7.02
6718.93 7.86 3499.17 5.31
6735.35 7.88 3497.92 6.16
6751.85 7.97 3498.15 3.30
6768.18 8.02 3499.51 4.85
6784.75 8.02 3497.92 5.11
6801.07 8.02 3499.12 3.55
6817.53 8.02 3498.76 4.26
6833.92 7.98 3498.23 4.08
6850.25 8.02 3498.90 3.18
6866.70 8.04 3498.60 5.65
6883.12 8.02 3499.35 8.46
6899.51 8.06 3499.37 8.26
6915.95 7.95 3498.90 6.12
6932.26 8.03 3497.65 8.19
6948.75 8.05 3498.92 2.61
6965.12 8.02 3499.45 3.37
6981.45 8.07 3499.56 4.34
6998.01 8.02 3499.62 6.00
7014.34 8.09 3499.28 2.68
7030.81 8.12 3499.14 2.66
7047.20 8.11 3499.54 2.33
7063.54 8.12 3499.18 4.56
7080.06 8.05 3499.14 5.17
7096.37 8.12 3500.87 6.02
7112.82 8.17 3500.10 4.14
7129.17 8.06 3498.87 3.76
7145.53 8.12 3499.12 2.21
7162.04 8.08 3500.18 5.80
7178.39 8.13 3499.62 2.14
7194.84 8.16 3499.73 3.40
7211.37 8.26 3499.82 2.99
7227.73 8.35 3499.62 4.54
7244.29 8.40 3499.03 3.72
7260.62 8.42 3499.20 7.14
7277.07 8.45 3500.79 11.66
7293.45 8.38 3500.34 3.84
7309.79 8.43 3499.39 3.26
7326.25 8.40 3500.54 8.96
7342.67 8.43 3498.53 8.45
7359.09 8.46 3499.25 9.75
7375.46 8.36 3499.28 2.70
7391.79 8.43 3499.59 8.97
7408.28 8.43 3498.79 6.17
7424.65 8.43 3499.09 6.14
7441.03 8.48 3499.89 3.25
7457.45 8.38 3500.10 6.53
7473.82 8.44 3499.78 4.01
7490.29 8.43 3498.70 5.38
7506.75 8.59 3500.28 8.84
7523.15 8.62 3499.43 2.84
7539.62 8.57 3498.84 3.45
7556.04 8.74 3500.53 5.50
7572.48 8.73 3499.78 3.35
7588.81 8.66 3499.92 9.84
7605.23 8.74 3499.84 2.14
7621.76 8.73 3499.92 2.78
7638.06 8.76 3501.03 5.56
7654.56 8.80 3499.95 2.20
7670.89 8.72 3499.71 4.51
7687.26 8.81 3500.01 2.60
7703.71 8.77 3498.65 6.19
7720.14 8.80 3501.07 5.97
7736.65 8.87 3499.56 7.88
7752.96 8.81 3499.53 3.50
7769.37 8.91 3501.34 4.40
7785.79 8.84 3500.53 4.55
7802.14 8.82 3498.78 9.33
7818.68 8.84 3500.39 6.08
7835.04 8.79 3500.35 3.85
7851.40 8.87 3500.06 6.74
7867.85 8.85 3500.81 5.57
7884.23 8.82 3500.39 11.39
7900.67 8.89 3502.26 10.82
7917.06 8.79 3499.92 3.24
7933.42 8.89 3499.45 13.39
7949.87 8.85 3499.73 2.41
7966.28 8.89 3500.25 4.46
7982.71 9.00 3500.04 2.86
7999.15 8.92 3497.90 9.06
8015.51 8.98 3499.48 6.40
8031.95 8.99 3498.84 13.84
8048.37 8.99 3477.81 39.77
8064.84 9.07 3420.82 29.35
8081.26 8.97 3362.89 31.01
8097.56 9.01 3307.10 31.04
8114.04 9.06 3254.76 30.20
8130.39 8.99 3199.26 30.28
8146.79 9.09 3150.01 28.71
8163.23 9.00 3098.93 28.81
8179.56 9.02 3049.18 29.01
8196.06 9.08 3000.37 27.05
8212.37 9.02 2953.79 26.39
8228.85 9.15 2906.96 26.24
8245.25 9.09 2861.25 25.84
8261.56 9.07 2816.28 24.77
8278.06 9.16 2772.17 24.30
8294.39 9.04 2728.76 23.76
8310.81 9.15 2688.54 23.90
8327.29 9.14 2646.23 23.51
8343.70 9.17 2606.17 23.77
8360.17 9.23 2565.35 23.60
8376.51 9.10 2526.60 22.45
8392.90 9.25 2488.04 21.89
