1.93 0.24 870.96 5.68
18.92 4.57 859.48 7.96
35.37 4.63 849.29 9.01
51.70 4.58 838.84 5.55
68.07 4.55 829.75 5.41
84.50 4.61 818.28 6.66
100.95 4.57 808.00 7.03
117.43 4.64 799.18 6.01
133.73 4.59 789.59 7.66
150.15 4.56 780.46 20.92
166.59 4.61 770.95 7.55
182.96 4.58 763.35 4.09
199.42 4.53 756.32 7.19
215.81 4.59 748.34 4.53
232.21 4.56 741.92 9.47
248.70 4.61 733.64 7.53
265.06 4.58 727.73 14.60
281.57 4.55 719.59 6.17
298.06 4.68 714.12 12.63
314.43 4.67 706.95 4.14
330.92 4.69 700.43 3.50
347.29 4.66 695.23 3.54
363.71 4.65 690.23 7.66
380.17 4.70 683.54 2.74
396.56 4.68 678.76 8.63
413.07 4.69 673.03 5.33
429.45 4.67 667.82 5.79
445.82 4.64 663.95 4.65
462.23 4.69 659.28 3.11
478.65 4.65 654.18 7.11
495.17 4.68 650.40 4.15
511.50 4.66 646.82 2.32
527.93 4.63 643.09 3.12
544.32 4.67 641.28 11.18
560.76 4.63 634.67 8.72
577.25 4.68 631.32 4.73
593.60 4.65 628.78 3.57
610.04 4.62 626.07 4.43
626.43 4.64 622.40 5.05
642.85 4.64 619.56 2.55
659.32 4.58 616.04 4.43
675.73 4.65 614.20 10.47
692.10 4.61 612.29 8.99
708.54 4.64 610.25 15.82
724.93 4.61 605.93 3.12
741.43 4.55 604.45 5.06
757.78 4.63 601.79 3.99
774.17 4.59 598.18 5.74
790.62 4.62 596.64 2.35
806.98 4.59 594.82 3.10
823.54 4.55 592.98 4.42
839.90 4.62 589.17 8.25
856.34 4.58 589.18 3.29
872.73 4.61 586.75 3.39
889.09 4.59 585.37 8.01
905.59 4.77 583.48 3.31
921.95 4.72 582.18 5.64
938.35 4.67 579.76 2.85
954.79 4.71 578.67 2.76
971.10 4.70 577.43 4.55
987.59 4.65 574.75 3.93
1003.90 4.72 575.50 5.34
1020.28 4.69 573.70 5.48
1036.78 4.72 570.96 3.06
1053.10 4.70 570.15 4.62
1069.56 4.66 568.57 5.15
1085.89 4.70 568.51 4.14
1102.28 4.68 565.93 8.14
1118.85 4.72 565.92 2.55
1135.21 4.71 565.59 4.96
1151.73 4.72 561.34 13.11
1168.21 4.84 560.57 9.25
1184.56 4.81 560.79 15.33
1201.17 4.84 560.43 3.72
1217.56 4.86 560.10 5.33
1233.98 4.81 559.65 5.55
1250.45 4.88 558.84 3.93
1266.79 4.86 557.37 6.61
1283.43 4.99 556.64 11.56
1299.78 5.02 556.31 6.25
1316.20 4.97 555.65 3.08
1332.67 5.02 554.54 3.83
1349.00 5.00 552.04 12.28
1365.53 5.02 552.82 4.99
1381.89 5.02 552.03 5.07
1398.31 4.97 553.17 2.36
1414.82 5.03 551.14 5.53
1431.12 5.00 551.78 9.99
1447.76 4.96 550.43 2.54
1464.15 5.05 550.70 5.86
1480.54 5.04 550.04 3.71
1497.14 5.06 549.32 4.55
1513.46 5.05 548.70 5.26
1529.95 5.01 547.82 3.44
1546.42 5.05 545.96 11.17
1562.73 5.05 547.87 3.59
1579.39 5.07 546.25 10.96
1595.62 5.04 547.39 7.87
1612.12 5.00 545.85 3.08
1628.59 5.04 546.26 3.93
1644.90 5.03 545.06 4.49
1661.50 5.04 545.67 8.54
1677.81 5.01 545.43 4.92
1694.35 4.96 544.92 6.24
1710.89 5.03 544.70 5.88
1727.17 4.99 543.07 4.54
1743.65 5.02 543.62 4.11
1760.04 4.98 543.67 6.12
1776.48 4.94 543.42 2.89
1792.98 4.99 542.23 7.07
1809.28 4.93 543.26 7.79
1825.82 4.95 543.64 4.49
1842.25 4.95 542.20 2.81
1858.68 4.89 541.14 5.12
1875.12 4.96 541.43 4.18
1891.39 4.93 541.64 3.67
1908.01 5.37 541.14 3.63
1924.40 5.45 540.85 4.26
1940.78 5.41 542.23 7.21
1957.21 5.34 540.14 4.79
1973.51 5.44 540.75 2.83
1990.00 5.37 540.50 4.06
2006.39 5.46 540.45 5.55
2022.76 5.42 540.26 2.72
2039.20 5.34 538.87 11.39
2055.48 5.44 540.25 12.15
2071.96 5.38 539.45 4.18
2088.37 5.45 539.51 2.89
2104.78 5.41 539.90 4.33
2121.21 5.34 540.57 6.12
2137.64 5.50 538.59 4.82
2154.12 5.44 539.53 4.03
2170.54 5.52 539.51 6.57
2186.84 5.48 537.96 7.94
2203.29 5.41 539.14 3.97
2219.67 5.50 540.37 14.68
2236.14 5.45 539.67 5.90
2252.67 5.54 537.90 7.78
2268.93 5.54 538.34 8.80
2285.43 5.46 537.15 13.72
2301.79 5.56 535.75 14.65
2318.25 5.49 536.87 8.15
2334.75 5.56 537.29 3.94
2351.10 5.60 537.32 4.18
2367.57 5.53 538.85 6.83
2383.96 5.60 537.82 3.26
2400.39 5.53 537.40 3.32
2416.84 5.51 537.56 7.78
2433.18 5.61 537.98 5.16
2449.64 5.53 537.56 5.67
2466.09 5.61 534.84 13.17
2482.42 5.55 536.28 6.49
2498.93 5.52 534.46 18.04
2515.20 5.61 537.07 3.68
2531.70 5.54 537.54 5.94
2548.12 5.61 537.06 6.38
2564.56 5.57 536.78 3.42
2581.00 5.57 537.04 3.76
2597.34 5.62 537.37 4.46
2613.85 5.58 536.98 3.01
2630.26 5.62 536.40 5.74
2646.71 5.68 536.43 2.61
2663.15 5.63 535.34 9.04
2679.51 5.68 537.48 8.28
2695.96 5.65 535.06 14.44
2712.42 5.72 537.01 5.17
2728.73 5.68 536.04 4.60
2745.17 5.62 536.43 4.76
2761.53 5.69 535.67 4.51
2778.01 5.62 536.64 4.02
2794.48 5.69 535.70 7.65
2810.81 5.65 536.53 3.01
2827.25 5.63 535.00 7.60
2843.64 5.71 536.14 3.56
2860.07 5.64 538.01 7.16
2876.50 5.60 536.67 6.31
2892.81 5.67 535.98 9.67
2909.29 5.70 536.09 3.94
2925.75 5.76 536.31 5.33
2942.12 5.71 535.23 8.02
2958.59 5.75 536.57 7.35
2974.84 5.76 536.23 3.50
2991.31 5.70 535.31 9.15
3007.75 5.76 536.67 4.61
3024.09 5.69 536.98 5.40
3040.51 5.77 536.43 2.30
3056.81 5.76 538.31 9.73
3073.29 5.71 536.40 5.97
3089.71 5.76 536.00 10.85
3106.03 5.72 535.04 4.06
3122.56 5.77 536.96 11.41
3138.90 5.77 533.32 10.27
3155.40 5.73 536.00 2.79
3171.84 5.81 536.29 2.32
3188.15 5.77 535.82 7.79
3204.73 5.76 536.56 15.22
3221.06 5.87 537.59 6.10
3237.53 5.79 535.56 6.58
3254.07 5.98 536.82 4.70
3270.53 6.03 535.92 2.44
3287.01 6.03 533.68 16.02
3303.39 6.10 536.18 3.92
3319.84 6.02 536.06 6.56
3336.28 6.08 534.87 5.51
3352.60 6.06 535.89 2.63
3369.04 6.04 536.31 4.92
3385.43 6.10 535.12 5.04
3401.87 6.06 535.62 4.46
3418.40 6.10 537.00 9.39
3434.68 6.10 536.96 6.72
3451.15 6.06 535.84 6.64
3467.56 6.12 535.62 2.61
3484.00 6.08 536.48 4.55
3500.45 6.14 536.87 7.85
3516.78 6.12 536.31 3.72
3533.23 6.09 536.21 4.55
3549.68 6.11 536.17 7.26
3566.07 6.11 537.82 14.96
3582.53 6.15 537.23 11.32
3598.84 6.10 535.67 4.30
3615.32 6.09 536.92 8.02
3631.82 6.13 534.67 7.93
3648.17 6.10 534.82 10.30
3664.59 6.03 537.62 7.60
3680.98 6.13 536.28 3.40
3697.56 6.15 536.87 5.47
3713.95 6.18 533.29 10.77
3730.32 6.17 535.23 8.50
3746.73 6.12 535.71 4.24
3763.15 6.20 536.40 4.19
3779.60 6.13 538.12 14.83
3796.10 6.18 536.06 5.53
3812.59 6.18 534.96 8.28
3828.98 6.16 536.01 2.64
3845.37 6.24 535.32 4.23
3861.79 6.20 538.28 15.25
3878.25 6.20 536.00 5.08
3894.59 6.17 535.21 2.86
3911.06 6.21 536.31 3.49
3927.43 6.26 535.68 6.05
3943.82 6.23 534.92 5.78
3960.28 6.17 534.31 5.91
3976.60 6.25 538.12 12.85
3993.01 6.24 535.92 3.06
4009.40 6.25 537.32 8.16
4025.82 6.23 538.12 14.07
4042.25 6.19 537.09 11.23
4058.56 6.27 534.35 8.41
4075.00 6.24 535.56 2.55
4091.39 6.25 536.15 5.25
4107.87 6.26 535.71 8.49
4124.29 6.20 536.46 4.09
4140.65 6.33 536.14 6.28
4157.12 6.29 537.64 8.38
4173.48 6.31 535.00 7.89
4189.90 6.28 534.78 10.69
4206.35 6.26 535.90 4.68
4222.67 6.38 535.70 4.44
4239.23 6.38 535.82 1.97
4255.62 6.40 535.57 6.63
4272.09 6.46 535.96 4.59
4288.50 6.42 535.90 2.75
4304.84 6.52 535.42 8.48
4321.34 6.45 535.65 2.66
4337.79 6.50 534.51 9.60
4354.15 6.52 536.09 2.66
4370.60 6.45 535.75 5.09
4386.90 6.52 536.09 4.95
4403.40 6.48 534.81 4.32
4419.82 6.42 535.87 4.61
4436.21 6.56 535.20 11.93
4452.62 6.46 533.26 11.53
4469.06 6.54 534.60 3.32
4485.53 6.54 534.95 7.07
4501.90 6.46 535.31 7.40
4518.26 6.57 535.82 6.60
4534.64 6.50 535.93 8.50
4551.17 6.56 535.57 5.22
4567.64 6.60 536.40 3.77
4584.04 6.51 537.01 12.09
4600.42 6.63 535.67 3.96
4616.82 6.54 534.17 6.50
4633.28 6.62 535.78 5.99
4649.70 6.61 536.54 6.38
4666.12 6.55 536.32 9.43
4682.48 6.68 536.10 5.87
4698.95 6.62 535.59 4.12
4715.31 6.63 536.46 5.25
4731.73 6.63 535.73 4.34
4748.15 6.57 535.82 5.85
4764.53 6.69 534.98 5.38
4781.00 6.63 536.34 5.51
4797.43 6.65 534.64 10.33
4813.82 6.65 536.12 6.31
4830.32 6.62 536.50 3.64
4846.62 6.73 535.07 7.39
4863.07 6.70 534.64 9.13
4879.46 6.58 536.06 5.47
4895.87 6.66 535.04 4.30
4912.35 6.58 535.34 9.64
4928.79 6.69 536.23 5.62
4945.23 6.68 535.70 6.53
4961.62 6.64 536.26 5.57
4977.98 6.63 536.23 5.30
4994.35 6.63 536.71 3.76
5010.71 6.65 535.53 2.20
5027.20 6.68 534.67 4.75
5043.60 6.66 535.73 2.62
5059.96 6.65 536.10 6.21
5076.32 6.63 536.45 5.07
5092.70 6.65 534.92 13.23
5109.12 6.66 535.82 4.11
5125.59 6.57 536.15 5.09
5141.93 6.69 535.26 5.21
5158.45 6.73 535.34 4.00
5174.82 6.72 536.15 2.65
5191.28 6.72 536.76 6.66
5207.70 6.65 536.82 6.79
5224.01 6.76 535.04 4.41
5240.48 6.77 535.56 8.33
5256.93 6.82 535.98 6.92
5273.37 6.87 536.07 4.41
5289.87 6.89 535.18 5.91
5306.23 7.00 536.09 5.94
5322.65 6.95 536.68 7.09
5339.15 6.98 535.23 4.58
5355.54 6.97 535.78 5.23
5371.96 6.95 536.54 9.06
5388.32 7.05 535.50 5.44
5404.76 7.01 535.82 3.30
5421.14 6.98 535.43 8.58
5437.54 6.98 537.71 13.63
5453.95 6.96 536.07 6.64
5470.42 7.11 535.90 3.14
5486.85 7.09 536.76 3.89
5503.21 7.05 536.60 8.97
5519.62 7.05 535.87 3.34
5536.07 7.02 536.46 4.60
5552.48 7.10 534.68 5.33
5568.89 7.08 536.98 5.67
5585.28 7.00 534.92 5.53
5601.68 7.09 535.25 2.47
5618.12 7.07 535.48 2.59
5634.54 7.12 535.57 5.62
5650.95 7.12 534.85 3.97
5667.29 7.00 535.79 2.33
5683.82 7.18 533.68 9.80
5700.23 7.14 534.79 7.55
5716.68 7.19 537.17 6.83
5733.04 7.14 535.37 5.19
5749.42 7.09 535.60 6.80
5765.84 7.21 535.14 2.45
5782.28 7.15 536.00 4.21
5798.73 7.18 535.84 4.92
5815.15 7.17 534.67 6.95
5831.57 7.12 536.09 3.60
5847.93 7.24 535.89 3.62
5864.31 7.19 535.89 5.04
5880.76 7.15 535.65 4.24
5897.17 7.16 535.53 5.87
5913.62 7.10 535.82 8.79
5930.01 7.21 533.12 18.05
5946.39 7.20 534.65 9.89
5962.78 7.15 532.76 11.35
5979.20 7.14 534.51 9.56
5995.59 7.14 536.15 4.35
6011.96 7.20 535.60 2.53
6028.35 7.18 535.70 3.60
6044.76 7.17 535.40 5.06
6061.14 7.15 535.03 3.90
6077.56 7.13 535.82 2.89
6093.96 7.20 535.79 4.20
6110.34 7.19 535.17 5.47
6126.75 7.16 535.06 4.92
6143.15 7.21 535.46 4.52
6159.59 7.21 535.29 3.52
6176.01 7.23 536.32 6.16
6192.40 7.22 534.89 4.63
6208.79 7.23 536.79 5.23
6225.15 7.25 535.39 3.02
6241.59 7.24 535.14 5.94
6258.03 7.28 535.06 5.67
6274.43 7.32 536.75 5.03
6290.85 7.24 535.14 11.16
6307.20 7.32 535.34 4.62
6323.71 7.34 537.09 5.25
6340.17 7.38 535.67 4.08
6356.56 7.41 536.18 6.35
6373.00 7.37 533.92 12.15
6389.35 7.45 535.34 3.73
6405.85 7.47 536.90 5.57
6422.28 7.45 535.34 9.54
6438.75 7.54 535.53 7.29
6455.14 7.49 533.04 10.15
6471.54 7.58 535.51 5.65
6487.90 7.56 534.87 3.72
6504.34 7.56 534.90 7.42
6520.70 7.54 537.87 12.67
6537.14 7.51 534.73 3.83
6553.59 7.60 536.51 5.52
6569.96 7.60 536.51 4.94
6586.39 7.57 534.84 5.12
6602.75 7.59 536.15 3.40
6619.31 7.61 536.15 2.62
6635.81 7.76 536.68 5.36
6652.15 7.75 534.59 8.88
6668.54 7.73 535.43 6.97
6684.96 7.84 536.51 4.28
6701.45 7.80 535.60 3.52
6717.84 7.79 534.07 10.94
6734.21 7.83 537.01 5.23
6750.59 7.73 537.18 7.75
6767.07 7.93 536.51 2.99
6783.51 7.88 535.81 5.08
6799.96 7.87 536.81 4.87
6816.37 7.93 535.89 6.06
6832.87 7.92 535.06 4.94
6849.20 8.02 537.32 7.19
6865.59 7.97 535.62 3.22
6882.07 7.94 535.62 5.54
6898.53 8.01 535.15 2.80
6915.00 7.91 536.90 7.70
6931.37 8.01 535.92 6.32
6947.78 8.00 536.75 8.25
6964.18 7.96 536.42 9.23
6980.57 7.99 535.98 7.42
6996.96 7.95 534.68 7.86
7013.37 8.01 535.26 5.51
7029.75 7.99 536.12 4.81
7046.15 7.97 535.79 3.28
7062.51 8.00 535.39 6.01
7078.96 7.95 534.68 7.24
7095.35 8.01 536.51 5.49
7111.71 8.00 535.79 3.82
7128.14 7.98 536.25 7.93
7144.50 8.05 535.60 3.50
7161.09 8.14 536.40 5.41
7177.48 8.14 534.95 10.53
7193.96 8.20 536.15 4.23
7210.34 8.14 534.95 6.32
7226.70 8.24 535.53 3.40
7243.20 8.26 535.60 4.62
7259.67 8.31 535.15 12.30
7276.07 8.37 535.89 6.83
7292.57 8.38 536.50 10.10
7308.95 8.51 535.64 4.30
7325.40 8.46 535.89 6.43
7341.82 8.45 536.34 4.24
7358.20 8.53 535.20 6.78
7374.57 8.40 535.53 3.59
7390.96 8.54 536.43 5.41
7407.42 8.51 536.37 4.51
7423.81 8.47 539.20 18.76
7440.21 8.55 536.78 9.56
7456.60 8.47 538.51 14.54
7473.00 8.57 536.20 5.80
7489.40 8.55 535.70 2.88
7505.76 8.49 535.23 7.74
7522.18 8.58 535.89 5.95
7538.70 8.50 535.54 3.64
7555.12 8.59 534.34 5.87
7571.51 8.58 533.67 12.65
7587.90 8.53 536.85 5.86
7604.32 8.67 535.17 5.38
7620.73 8.54 535.28 3.69
7637.17 8.63 535.78 7.94
7653.53 8.62 536.15 6.98
7669.93 8.56 535.29 4.49
7686.39 8.80 535.82 4.70
7702.89 8.74 534.59 5.14
7719.31 8.76 537.09 8.29
7735.68 8.79 537.89 14.80
7752.06 8.70 534.53 4.57
7768.45 8.86 534.32 6.18
7784.89 8.78 537.29 15.48
7801.31 8.77 535.10 3.47
7817.71 8.83 535.21 4.29
7834.09 8.71 535.57 4.66
7850.46 8.88 534.17 8.55
7866.89 8.82 536.67 3.85
7883.40 8.78 536.34 5.04
7899.79 8.85 536.26 2.72
7916.15 8.72 535.48 2.66
7932.54 8.87 534.00 12.67
7948.95 8.82 534.64 4.09
7965.32 8.75 535.06 6.71
7981.75 8.82 534.78 5.19
7998.12 8.77 535.78 7.39
8014.51 8.83 535.62 2.98
8030.90 8.80 535.00 4.59
8047.28 8.74 578.03 8.58
8063.71 8.86 1482.15 17.06
8080.10 8.76 3174.75 5.82
8096.51 8.83 3184.18 5.77
8112.89 8.82 3193.53 8.27
8129.31 8.78 3203.50 12.58
8145.75 8.95 3215.65 6.42
8162.15 8.85 3225.01 6.16
8178.59 8.87 3235.31 7.13
8195.01 8.93 3244.68 6.06
8211.42 8.90 3255.20 8.18
8227.78 8.99 3262.90 7.08
8244.31 9.11 3271.82 9.63
8260.81 9.23 3280.51 8.03
8277.25 9.34 3288.73 5.74
8293.67 9.27 3295.96 5.43
8310.03 9.40 3302.95 7.64
8326.46 9.34 3310.15 4.65
8342.98 9.42 3317.56 5.30
8359.34 9.47 3326.07 9.19
8375.76 9.40 3331.04 5.54
8392.15 9.55 3335.89 5.65
8408.54 9.47 3342.18 7.19
8424.96 9.43 3348.32 5.01
8441.31 9.46 3352.82 7.39
8457.81 9.47 3357.21 12.16
8474.14 9.54 3363.56 4.26
8490.53 9.51 3369.20 5.19
8506.93 9.45 3372.87 9.33
8523.31 9.49 3377.90 5.34
8539.82 9.51 3384.03 8.40
8556.20 9.56 3387.79 4.99
8572.62 9.56 3391.93 4.97
8589.06 9.53 3395.34 3.70
8605.39 9.59 3400.73 7.42
8621.84 9.54 3403.93 8.62
8638.26 9.56 3406.71 3.06
8654.60 9.54 3409.35 6.70
8671.04 9.56 3413.85 4.70
8687.40 9.63 3417.53 6.27
8703.84 9.57 3421.84 9.75
8720.31 9.61 3423.00 4.55
8736.59 9.58 3425.51 6.31
8753.09 9.60 3427.96 6.55
8769.42 9.68 3432.34 6.56
8785.84 9.62 3433.76 12.78
8802.37 9.67 3436.18 3.45
8818.70 9.68 3438.78 4.79
8835.17 9.65 3440.17 5.64
8851.50 9.77 3443.46 4.46
8867.89 9.70 3445.40 3.44
8884.39 9.68 3447.82 4.86
8900.70 9.71 3449.92 5.61
8917.17 9.68 3451.59 4.20
8933.50 9.77 3452.46 6.85
8949.89 9.73 3455.29 8.65
8966.35 9.69 3457.81 5.70
8982.68 9.70 3458.39 3.49
8999.14 9.72 3458.93 4.71
9015.50 9.77 3460.81 2.75
9031.85 9.70 3464.20 4.28
9048.32 9.70 3464.46 2.79
9064.65 9.73 3465.75 5.31
9081.07 9.68 3467.12 3.98
9097.46 9.72 3468.18 5.36
9113.82 9.69 3469.64 3.15
9130.29 9.71 3471.57 4.62
9146.65 9.82 3472.29 3.61
9163.06 9.74 3473.40 4.12
9179.54 9.80 3474.50 2.65
9195.87 9.78 3474.79 7.58
9212.34 9.78 3476.56 2.74
9228.65 9.86 3477.75 2.60
9245.06 9.82 3477.75 8.90
9261.53 9.86 3479.68 4.06
9277.92 9.90 3482.12 11.95
9294.34 9.83 3481.28 4.83
9310.71 9.96 3482.29 3.06
9327.12 9.89 3483.53 10.55
9343.62 9.96 3483.57 4.81
9359.93 9.95 3484.51 4.41
9376.37 9.89 3484.68 5.50
9392.75 10.02 3485.85 3.60
9409.14 9.95 3485.34 10.61
9425.62 9.97 3485.81 4.18
9441.92 9.95 3487.53 5.01
9458.40 9.95 3489.87 7.74
9474.78 10.04 3488.96 4.26
9491.15 10.00 3488.95 2.23
9507.62 10.02 3489.23 7.36
9523.93 9.99 3490.39 4.28
9540.35 9.94 3489.31 13.89
9556.85 10.10 3492.50 7.78
9573.25 10.10 3492.06 2.92
9589.67 10.05 3492.81 3.22
9606.00 10.10 3492.26 6.10
9622.43 10.05 3493.12 5.61
9638.89 10.13 3493.54 16.69
9655.28 10.13 3493.15 5.12
9671.70 10.07 3494.43 2.45
9688.00 10.14 3494.21 9.03
9704.45 10.10 3494.14 5.16
9720.90 10.15 3495.67 2.89
9737.29 10.17 3495.35 2.52
9753.68 10.09 3495.45 5.60
9770.01 10.19 3493.92 8.37
9786.48 10.16 3496.50 3.90
9802.95 10.22 3497.10 4.73
9819.28 10.17 3498.01 8.91
9835.71 10.12 3497.79 4.00
9852.06 10.24 3498.26 3.11
9868.45 10.18 3497.45 5.05
9884.93 10.19 3498.39 3.85
9901.23 10.16 3498.31 3.03
9917.68 10.12 3498.78 4.45
9934.07 10.24 3499.64 4.40
9950.45 10.20 3498.81 11.53
9966.89 10.17 3498.21 6.32
9983.25 10.17 3500.07 4.01
9999.62 10.14 3501.17 5.75
10016.03 10.22 3500.29 4.30
10032.43 10.20 3500.84 7.33
10048.84 10.15 3499.85 2.99
10065.20 10.18 3500.46 4.24
10081.60 10.14 3500.39 4.70
10098.01 10.22 3501.20 3.27
10114.42 10.22 3501.54 6.18
10130.90 10.23 3502.75 9.67
10147.39 10.45 3501.09 3.84
10163.76 10.37 3500.84 5.34
10180.21 10.40 3501.10 6.19
10196.71 10.54 3503.37 9.19
10213.09 10.50 3501.32 8.84
10229.45 10.58 3501.81 5.04
10245.89 10.60 3503.92 9.24
10262.35 10.64 3501.71 4.38
10278.75 10.69 3500.50 9.64
10295.18 10.66 3502.42 6.64
10311.54 10.74 3502.01 2.15
10327.96 10.70 3504.01 8.73
10344.43 10.74 3502.95 5.73
10360.76 10.73 3503.73 7.60
10377.20 10.71 3502.32 5.42
10393.56 10.79 3503.03 3.61
10409.95 10.73 3502.34 14.62
10426.40 10.73 3503.96 5.31
10442.76 10.75 3502.90 3.72
10459.20 10.74 3503.84 4.55
10475.54 10.79 3504.70 5.90
10491.95 10.76 3503.92 2.31
10508.39 10.77 3503.07 6.36
10524.78 10.79 3503.82 2.91
10541.21 10.77 3503.09 17.22
10557.60 10.82 3504.32 9.47
10574.00 10.82 3504.26 2.71
10590.46 10.86 3503.29 5.06
10606.82 10.89 3504.23 6.47
10623.21 10.82 3504.17 4.12
10639.62 10.84 3504.42 2.97
10656.00 10.83 3505.17 7.74
10672.45 10.89 3503.93 2.88
10688.78 10.89 3503.71 7.61
10705.18 10.84 3506.10 12.37
10721.64 10.86 3504.40 4.35
10738.01 10.89 3504.96 11.33
10754.50 10.94 3504.57 3.61
10770.82 11.00 3505.48 10.84
10787.23 10.95 3504.59 5.60
10803.71 10.99 3504.17 3.94
10820.09 11.00 3503.25 9.42
10836.48 10.93 3504.29 3.40
10852.82 11.03 3504.46 2.65
10869.20 10.96 3505.04 3.27
10885.71 10.99 3505.06 4.58
10902.07 11.02 3504.92 2.96
10918.46 10.94 3504.54 2.42
10934.82 11.02 3504.82 3.11
10951.20 10.99 3504.67 5.97
10967.68 10.99 3505.17 4.19
10984.07 11.02 3507.60 14.50
11000.42 10.95 3506.42 11.95
11016.79 10.99 3506.04 6.71
11033.18 10.97 3505.60 6.34
11049.67 11.01 3503.73 7.95
11066.01 11.03 3504.70 6.38
11082.40 10.95 3505.03 3.54
11098.78 10.99 3505.57 2.73
11115.17 10.99 3505.45 4.60
11131.62 11.00 3505.03 2.91
11148.07 11.24 3505.10 3.98
11164.43 11.16 3505.87 5.77
11180.92 11.22 3504.42 3.91
11197.31 11.27 3505.04 6.69
11213.71 11.21 3506.37 12.90
11230.10 11.32 3504.56 5.08
11246.50 11.32 3502.79 13.63
11262.92 11.30 3505.73 3.38
11279.31 11.34 3504.90 3.89
11295.70 11.26 3504.92 4.11
11312.15 11.40 3505.32 3.31
11328.57 11.39 3503.20 10.60
11344.96 11.34 3505.45 2.93
11361.37 11.43 3504.65 7.06
11377.73 11.33 3505.26 4.79
11394.20 11.51 3505.53 3.25
11410.60 11.48 3506.79 14.21
11427.01 11.40 3504.79 4.56
11443.42 11.48 3505.68 4.27
11459.87 11.50 3504.78 3.84
11476.25 11.56 3505.46 6.72
11492.67 11.58 3505.57 4.86
11509.06 11.50 3503.73 4.57
11525.46 11.58 3503.18 13.17
11541.89 11.54 3506.03 2.88
11558.23 11.54 3505.76 6.90
11574.67 11.61 3505.10 2.48
11591.04 11.52 3506.89 9.97
11607.50 11.64 3504.60 5.70
11623.93 11.65 3504.75 4.06
11640.28 11.60 3505.73 4.37
11656.68 11.63 3503.32 7.83
11673.14 11.63 3505.45 5.69
11689.51 11.70 3506.00 4.37
11705.93 11.69 3505.25 2.77
11722.29 11.62 3504.04 7.84
11738.67 11.65 3505.65 2.70
11755.10 11.64 3505.28 6.69
11771.48 11.73 3503.96 7.32
11788.00 11.77 3505.32 3.90
11804.32 11.67 3506.29 6.73
11820.73 11.72 3506.56 6.95
11837.18 11.70 3505.01 2.43
11853.51 11.80 3504.32 7.32
11869.90 11.76 3504.76 4.91
11886.32 11.67 3505.57 3.08
11902.71 11.74 3504.89 3.77
11919.18 11.72 3505.04 2.92
11935.53 11.76 3506.45 4.16
11951.90 11.78 3505.42 4.90
11968.31 11.69 3505.09 3.67
11984.71 11.75 3502.73 14.14
12001.14 11.76 3506.64 8.87
12017.48 11.73 3505.40 4.75
12033.89 11.77 3505.09 6.68
12050.29 11.71 3504.57 4.06
12066.65 11.74 3504.81 6.39
12083.12 11.76 3506.64 6.92
12099.42 11.71 3505.79 2.68
12115.84 11.74 3505.42 3.76
12132.26 11.71 3506.20 5.18
12148.64 11.81 3505.01 3.45
12165.07 11.81 3505.43 6.09
12181.46 11.80 3505.54 3.03
12197.84 11.81 3505.57 5.57
12214.28 11.82 3504.90 6.80
12230.71 12.01 3506.89 7.34
12247.21 12.14 3506.10 7.16
12263.54 12.02 3505.73 5.32
12280.04 12.22 3505.68 3.23
12296.48 12.19 3504.60 7.77
12312.87 12.28 3505.95 3.74
12329.29 12.28 3506.00 5.82
12345.67 12.20 3505.60 3.44
12362.04 12.25 3505.90 2.68
12378.50 12.24 3506.75 5.79
12394.87 12.32 3504.96 4.44
12411.28 12.32 3504.03 8.90
12427.65 12.21 3506.07 7.91
12444.03 12.25 3504.70 4.30
12460.50 12.29 3504.67 2.88
12476.87 12.33 3505.43 3.73
12493.26 12.33 3505.73 5.37
12509.64 12.25 3507.15 7.63
12526.01 12.28 3506.71 11.70
12542.57 12.40 3505.15 4.04
12558.92 12.40 3506.14 3.69
12575.32 12.44 3505.67 2.85
12591.70 12.35 3504.89 9.81
12608.12 12.45 3505.15 5.82
12624.54 12.44 3505.10 2.60
12640.90 12.41 3505.90 3.07
12657.31 12.44 3505.75 3.23
12673.75 12.46 3505.96 3.77
12690.14 12.52 3506.18 6.19
12706.57 12.52 3505.12 3.46
12722.93 12.44 3505.73 8.61
12739.32 12.49 3505.98 3.17
12755.71 12.43 3505.70 5.05
12772.10 12.54 3505.28 4.73
12788.54 12.54 3504.39 5.36
12804.89 12.44 3503.50 12.92
12821.28 12.47 3504.78 4.47
12837.71 12.45 3505.84 4.10
12854.10 12.57 3504.37 6.68
12870.50 12.56 3506.32 4.81
12886.87 12.43 3505.17 2.74
12903.26 12.48 3506.40 2.59
12919.70 12.46 3505.42 2.55
12936.09 12.53 3504.82 5.49
12952.48 12.55 3505.64 2.62
12968.85 12.45 3505.10 4.81
12985.25 12.48 3506.82 11.25
13001.65 12.49 3505.28 13.19
13018.06 12.52 3506.25 6.83
13034.43 12.53 3505.98 2.77
13050.82 12.45 3505.50 3.06
13067.21 12.51 3506.21 3.61
13083.64 12.49 3504.76 9.71
13100.04 12.52 3505.18 4.77
13116.42 12.54 3505.67 3.57
13132.79 12.46 3504.17 7.38
13149.18 12.57 3505.70 2.78
13165.60 12.55 3506.35 4.45
13182.09 12.61 3506.62 6.78
13198.42 12.61 3505.65 7.03
13214.84 12.57 3504.28 5.78
13231.34 12.92 3503.35 12.90
13247.84 13.11 3505.93 3.64
13264.21 13.07 3505.85 5.35
13280.64 13.14 3505.28 2.61
13297.04 13.08 3506.73 7.89
13313.53 13.25 3503.75 5.68
13329.96 13.26 3506.04 4.95
13346.35 13.22 3505.70 2.95
13362.73 13.27 3505.59 8.78
13379.14 13.21 3506.09 2.41
13395.54 13.31 3506.10 6.01
13411.95 13.30 3506.39 6.13
13428.32 13.21 3503.96 10.90
13444.73 13.29 3506.20 2.60
13461.12 13.24 3504.93 6.83
13477.51 13.30 3505.75 3.95
13493.92 13.30 3506.51 6.38
13510.28 13.22 3503.17 10.08
13526.71 13.31 3505.64 5.00
13543.15 13.32 3506.06 2.79
13559.54 13.34 3505.20 5.07
13575.89 13.33 3505.62 2.61
13592.29 13.28 3505.71 7.66
13608.70 13.35 3505.53 3.41
13625.10 13.32 3505.17 5.77
13641.51 13.31 3506.09 5.42
13657.89 13.34 3506.04 2.45
13674.32 13.32 3505.51 2.58
13690.70 13.39 3506.64 8.87
13707.10 13.35 3505.26 3.34
13723.46 13.30 3506.65 10.85
13739.89 13.38 3504.96 5.58
13756.28 13.32 3505.76 1.99
13772.65 13.39 3505.85 8.59
13789.07 13.38 3507.76 10.78
13805.45 13.33 3507.40 11.21
13821.85 13.38 3506.31 13.42
13838.26 13.32 3505.57 4.87
13854.62 13.40 3506.18 5.32
13871.03 13.39 3505.62 2.41
13887.40 13.28 3506.01 2.80
13903.84 13.39 3505.68 2.93
13920.28 13.34 3506.07 5.85
13936.60 13.38 3507.56 11.14
13953.03 13.40 3505.53 4.32
13969.40 13.30 3505.68 3.16
13985.78 13.33 3505.62 6.62
14002.23 13.38 3504.87 4.81
14018.59 13.38 3506.46 5.76
14034.98 13.37 3505.82 3.40
14051.39 13.32 3505.57 1.78
14067.75 13.36 3505.93 3.19
14084.18 13.33 3505.95 4.59
14100.56 13.35 3505.84 2.33
14116.96 13.39 3505.87 10.03
14133.39 13.38 3507.84 7.63
14149.73 13.43 3505.07 2.45
14166.17 13.42 3505.96 4.96
14182.56 13.38 3505.93 5.24
14198.96 13.47 3505.12 2.84
14215.39 13.48 3506.10 6.46
14231.76 13.54 3507.09 8.32
14248.20 13.58 3505.39 6.39
14264.56 13.50 3504.84 4.01
14280.96 13.57 3505.18 5.38
14297.39 13.51 3506.48 7.26
14313.76 13.58 3507.26 8.23
14330.23 13.64 3506.56 14.77
14346.60 13.57 3506.31 3.96
14362.98 13.62 3505.39 5.93
14379.40 13.56 3506.09 2.79
14395.75 13.60 3506.34 7.36
14412.17 13.60 3505.46 5.85
14428.54 13.51 3506.15 7.07
14444.93 13.59 3506.15 3.00
14461.37 13.57 3507.89 12.49
14477.73 13.61 3504.43 7.62
14494.15 13.62 3506.29 5.98
14510.51 13.54 3508.00 14.11
14526.95 13.65 3505.78 4.38
14543.37 13.62 3505.71 2.53
14559.75 13.63 3505.93 4.84
14576.14 13.67 3505.59 2.21
14592.51 13.59 3505.75 6.48
14608.90 13.65 3506.31 3.15
14625.32 13.65 3505.04 4.08
14641.71 13.62 3506.14 3.44
14658.12 13.67 3506.34 2.66
14674.59 13.76 3504.76 4.68
14690.95 13.78 3504.51 7.71
14707.39 13.79 3505.50 7.44
14723.79 13.78 3506.18 4.04
14740.17 13.80 3506.43 3.35
14756.56 13.74 3507.17 4.82
14772.92 13.80 3505.46 4.01
14789.35 13.82 3504.79 5.96
14805.76 13.79 3505.54 4.36
14822.12 13.79 3505.48 8.45
14838.54 13.74 3505.71 4.80
14854.89 13.81 3505.90 3.24
14871.28 13.77 3505.40 2.57
14887.71 13.73 3505.89 4.22
14904.12 13.80 3505.96 3.38
14920.57 13.78 3505.03 5.01
14936.92 13.82 3505.48 4.88
14953.29 13.80 3505.28 3.31
14969.71 13.75 3505.53 2.19
14986.10 13.80 3505.73 4.83
15002.53 13.81 3506.07 3.16
15018.89 13.80 3505.57 3.39
15035.26 13.79 3506.40 3.11
15051.68 13.75 3505.50 3.32
15068.06 13.80 3505.73 2.28
15084.48 13.79 3505.67 3.86
15100.87 13.80 3506.00 1.85
15117.25 13.81 3503.96 9.63
15133.68 13.82 3505.60 4.34
15150.03 13.86 3505.68 2.14
15166.45 13.87 3505.35 4.53
15182.98 14.01 3505.92 5.66
15199.32 14.01 3506.32 3.21
15215.79 14.06 3505.48 6.89
15232.17 14.18 3506.21 2.33
15248.57 14.19 3505.57 2.70
15265.03 14.22 3504.75 7.25
15281.37 14.20 3506.28 5.26
15297.82 14.21 3506.01 4.04
15314.17 14.23 3505.14 8.58
15330.67 14.34 3506.14 4.03
15347.10 14.33 3506.45 5.26
15363.42 14.31 3506.51 4.36
15379.90 14.36 3506.03 3.08
15396.21 14.34 3505.68 2.78
15412.64 14.36 3505.37 2.57
15429.06 14.32 3504.81 7.54
15445.39 14.31 3504.71 3.44
15461.87 14.37 3504.20 7.59
15478.20 14.35 3506.10 16.62
15494.59 14.33 3505.15 4.12
15511.03 14.34 3504.59 9.13
15527.40 14.36 3507.28 10.52
15543.85 14.40 3505.65 2.35
15560.25 14.42 3506.95 10.32
15576.60 14.43 3506.34 4.01
15593.04 14.42 3505.37 4.42
15609.37 14.39 3506.18 5.04
15625.81 14.42 3505.78 2.69
15642.20 14.38 3505.48 3.27
15658.56 14.38 3506.23 3.18
15675.03 14.40 3505.65 2.11
15691.34 14.39 3507.76 13.52
15707.79 14.44 3505.78 5.92
15724.18 14.38 3505.40 3.28
15740.54 14.39 3506.04 2.86
15756.98 14.41 3505.09 4.93
15773.31 14.41 3504.85 3.78
15789.76 14.46 3505.96 2.47
15806.15 14.40 3505.37 4.41
15822.50 14.38 3505.15 4.13
15838.96 14.41 3505.57 2.98
15855.28 14.42 3505.64 3.99
15871.71 14.48 3506.00 7.07
15888.14 14.39 3505.65 3.38
15904.46 14.38 3505.90 4.14
15920.96 14.43 3505.14 3.06
15937.28 14.42 3506.60 4.32
15953.68 14.45 3506.17 3.97
15970.12 14.42 3505.31 5.32
15986.43 14.35 3505.32 5.80
16002.90 14.43 3504.78 4.80
16019.26 14.42 3505.54 2.05
16035.64 14.42 3505.78 4.58
16052.09 14.42 3505.43 3.40
16068.40 14.38 3505.64 3.52
16084.87 14.42 3505.39 2.83
16101.23 14.40 3135.04 9.75
16117.59 14.38 2434.90 47.00
16134.09 14.50 1565.17 35.66
16150.40 14.49 855.95 17.20
16166.87 14.55 846.95 10.20
16183.29 14.54 838.03 10.72
16199.62 14.52 826.37 10.57
16216.09 14.60 816.34 10.81
16232.45 14.64 806.92 9.81
16248.90 14.71 796.92 9.23
16265.29 14.66 789.18 15.14
16281.62 14.61 778.03 9.81
16298.09 14.64 769.29 9.39
16314.42 14.63 762.31 8.87
16330.89 14.71 752.62 7.78
16347.31 14.68 745.59 7.13
16363.64 14.67 738.23 8.37
16380.09 14.68 729.56 16.53
16396.40 14.66 724.17 7.54
16412.85 14.73 717.73 7.31
16429.26 14.66 711.32 8.36
16445.57 14.63 706.00 7.12
16462.06 14.69 699.04 7.74
16478.39 14.67 690.64 17.34
16494.82 14.72 688.98 8.24
16511.21 14.66 681.93 7.57
16527.57 14.67 677.59 6.25
16544.04 14.72 672.45 7.94
16560.40 14.69 668.00 5.44
16576.79 14.76 661.79 9.00
16593.20 14.70 659.79 8.42
16609.54 14.70 654.26 5.61
16626.00 14.75 650.17 5.38
16642.37 14.69 645.60 8.25
16658.76 14.73 641.40 7.44
16675.18 14.72 638.56 4.39
16691.51 14.70 633.21 11.72
16707.98 14.76 631.98 4.68
16724.35 14.69 628.64 7.48
16740.73 14.71 623.96 9.36
16757.15 14.70 622.96 5.71
16773.46 14.69 619.42 6.62
16789.92 14.74 615.40 6.33
