1.84 0.36 2994.00 18.23
19.21 6.43 3005.18 9.63
35.75 6.35 3020.00 8.04
52.15 6.26 3033.93 6.87
68.56 6.39 3049.15 9.39
85.06 6.29 3057.37 13.83
101.28 6.43 3070.46 6.94
117.84 6.34 3078.09 6.06
134.28 6.24 3088.31 5.89
150.71 6.37 3095.78 4.63
167.15 6.28 3102.25 4.70
183.40 6.42 3108.25 4.39
199.90 6.34 3114.90 4.09
216.37 6.24 3120.65 10.29
232.62 6.39 3123.93 2.96
249.15 6.30 3127.34 3.20
265.46 6.41 3129.34 2.69
281.87 6.35 3132.21 4.03
298.34 6.25 3133.90 2.72
314.59 6.39 3135.25 2.75
331.09 6.31 3136.06 8.57
347.50 6.41 3135.71 2.48
363.93 6.34 3135.96 5.29
380.34 6.26 3133.65 6.14
396.71 6.37 3131.90 2.40
413.18 6.30 3129.68 4.22
429.53 6.21 3127.71 2.71
446.00 6.33 3125.03 2.71
462.40 6.25 3121.59 6.45
478.68 6.38 3121.18 11.52
495.25 6.28 3114.43 4.53
511.59 6.20 3110.78 11.39
528.03 6.32 3103.03 13.59
544.46 6.24 3099.90 2.98
560.71 6.37 3097.46 21.40
577.21 6.29 3088.25 3.95
593.59 6.20 3083.56 6.21
610.06 6.31 3073.31 10.71
626.56 6.22 3068.84 6.02
642.78 6.36 3061.71 3.40
659.21 6.28 3056.71 16.87
675.84 6.23 3049.78 21.10
692.21 6.35 3038.18 3.64
708.78 6.25 3028.56 11.16
725.00 6.38 3020.31 12.28
741.43 6.30 3011.15 6.70
757.93 6.57 3006.56 7.25
774.31 6.50 2995.46 4.04
790.84 6.57 2984.62 6.80
807.12 6.53 2978.00 8.43
823.71 6.61 2966.62 4.20
840.09 6.55 2953.62 13.87
856.40 6.49 2949.34 12.18
872.90 6.57 2935.43 4.80
889.18 6.52 2926.31 6.30
905.96 6.60 2915.00 6.36
922.34 6.55 2906.81 9.76
938.62 6.49 2892.75 5.85
955.18 6.54 2879.71 7.17
971.50 6.50 2870.09 4.33
988.15 6.62 2858.46 5.46
1004.68 6.52 2846.90 4.95
1020.93 6.48 2835.62 5.88
1037.59 6.60 2824.62 8.92
1053.87 6.55 2812.40 7.97
1070.59 6.69 2799.53 6.44
1087.18 6.59 2786.96 5.08
1103.37 6.57 2773.62 6.12
1119.90 6.64 2764.28 12.41
1136.28 6.58 2748.50 11.17
1152.84 6.66 2735.31 7.47
1169.25 6.55 2723.71 5.42
1185.46 6.56 2710.62 6.35
1202.00 6.61 2697.59 7.94
1218.37 6.56 2684.75 5.14
1234.75 6.51 2666.68 14.57
1251.21 6.55 2658.62 5.20
1267.46 6.56 2645.46 6.28
1284.00 6.61 2632.06 6.59
1300.37 6.56 2619.84 8.17
1316.75 6.51 2604.81 5.36
1333.18 6.56 2590.84 6.08
1349.46 6.56 2578.31 10.17
1366.18 6.64 2564.15 8.24
1382.75 6.59 2549.75 7.55
1399.12 6.54 2536.18 7.09
1415.56 6.57 2521.59 6.99
1431.87 6.55 2508.56 14.98
1448.28 6.67 2493.31 7.51
1464.78 6.55 2478.31 6.47
1481.06 6.53 2465.75 8.21
1497.71 6.55 2452.43 7.84
1514.00 6.53 2437.62 8.87
1530.43 6.63 2420.34 10.38
1546.87 6.53 2408.09 6.43
1563.12 6.51 2391.46 8.25
1579.65 6.58 2380.31 8.90
1596.15 6.51 2365.75 9.89
1612.59 6.60 2350.03 9.12
1629.18 6.51 2336.62 5.67
1645.50 6.50 2320.43 6.09
1662.00 6.53 2307.50 9.70
1678.43 6.52 2292.40 9.61
1694.78 6.45 2275.50 8.60
1711.37 6.50 2260.96 7.76
1727.75 6.48 2246.37 7.19
1744.18 6.52 2232.81 10.10
1760.68 6.65 2221.84 23.42
1777.15 6.69 2201.50 9.45
1793.46 6.61 2187.96 9.34
1809.87 6.59 2172.93 8.82
1826.46 6.66 2156.21 7.91
1842.90 6.64 2141.28 8.10
1859.31 6.70 2125.03 9.27
1875.59 6.65 2110.84 8.20
1892.00 6.59 2092.21 17.55
1908.68 6.67 2080.84 8.42
1925.18 6.62 2067.59 10.55
1941.71 6.64 2055.65 25.46
1958.15 6.55 2034.65 8.35
1974.68 6.49 2018.18 8.53
1991.09 6.57 2003.50 9.91
2007.59 6.51 1991.25 13.99
2023.93 6.40 1973.09 8.46
2040.34 6.52 1960.84 12.64
2056.81 6.49 1942.09 11.95
2073.18 6.57 1927.68 8.68
2089.65 6.53 1913.53 10.53
2106.06 6.43 1898.50 13.72
2122.40 6.53 1881.37 8.84
2138.93 6.47 1866.87 8.77
2155.37 6.53 1851.68 9.03
2171.78 6.50 1835.28 8.98
2188.21 6.39 1819.78 10.07
2204.65 6.49 1803.81 15.95
2221.18 6.43 1789.03 9.55
2237.46 6.52 1774.25 9.42
2253.78 6.50 1758.03 10.09
2270.28 6.40 1740.65 12.80
2286.62 6.49 1726.37 9.39
2303.09 6.45 1712.75 12.47
2319.43 6.51 1696.68 9.14
2335.75 6.49 1680.84 9.00
2352.25 6.39 1665.59 9.43
2368.62 6.52 1649.09 11.50
2385.18 6.43 1630.84 14.39
2401.53 6.51 1618.12 10.72
2417.81 6.47 1603.62 9.46
2434.34 6.39 1587.65 9.92
2450.62 6.50 1572.40 9.74
2467.15 6.44 1555.93 11.04
2483.50 6.35 1541.87 9.49
2499.93 6.54 1528.84 23.35
2516.53 6.48 1510.53 9.58
2532.84 6.56 1494.34 10.16
2549.34 6.52 1479.84 11.24
2565.71 6.41 1464.06 23.01
2581.93 6.54 1449.53 12.43
2598.56 6.47 1434.31 9.19
2614.93 6.58 1417.65 9.86
2631.34 6.54 1400.68 12.04
2647.78 6.45 1387.15 9.72
2664.06 6.54 1371.96 10.11
2680.62 6.49 1357.62 9.82
2696.93 6.58 1339.96 11.29
2713.31 6.56 1325.21 9.82
2729.78 6.45 1309.06 13.04
2746.12 6.53 1294.90 10.53
2762.75 6.90 1278.62 11.79
2779.12 6.81 1264.75 10.11
2795.53 6.95 1248.56 10.15
2812.00 6.83 1234.25 10.43
2828.31 6.81 1214.78 18.01
2844.81 6.90 1203.09 14.38
2861.15 6.82 1187.34 10.84
2877.40 6.78 1172.93 10.56
2894.06 6.85 1157.65 10.31
2910.37 6.80 1139.96 12.64
2926.90 6.89 1125.53 10.68
2943.31 6.82 1112.21 10.07
2959.68 6.76 1096.93 10.14
2976.18 6.83 1083.71 15.18
2992.59 6.77 1065.81 10.19
3009.06 6.89 1054.06 35.44
3025.43 6.77 1036.12 10.97
3041.71 6.79 1024.43 9.01
3058.25 6.84 1013.59 9.58
3074.62 6.78 1001.75 7.26
3091.21 7.01 994.06 10.30
3107.71 6.90 987.62 19.08
3123.96 6.88 976.34 5.22
3140.43 6.98 973.03 20.96
3157.06 6.91 962.71 3.56
3173.40 7.05 956.62 6.61
3189.87 6.94 951.09 17.15
3206.12 6.92 947.65 7.56
3222.62 7.02 945.59 2.47
3239.06 6.92 942.75 6.09
3255.43 7.05 940.96 7.34
3271.87 6.96 941.46 2.56
3288.12 6.92 940.43 3.12
3304.62 7.02 939.81 3.45
3321.06 6.92 941.87 6.12
3337.31 6.91 942.84 2.65
3353.81 7.00 942.09 11.59
3370.15 6.93 944.25 11.89
3386.68 7.01 949.40 3.31
3403.09 6.92 953.34 4.58
3419.37 6.89 958.34 6.79
3435.87 6.98 960.68 6.86
3452.18 6.91 962.56 14.98
3468.62 6.98 972.56 5.01
3485.12 6.97 978.53 6.06
3501.40 6.98 986.18 6.35
3517.87 7.04 990.12 5.70
3534.25 6.97 998.25 5.83
3550.65 7.04 1004.65 6.13
3567.09 6.97 1013.90 10.57
3583.37 6.97 1024.84 14.96
3599.81 7.06 1029.03 7.39
3616.28 6.95 1037.84 8.69
3632.68 7.05 1046.21 8.08
3649.15 6.96 1054.87 8.52
3665.50 6.94 1067.81 11.09
3681.96 7.03 1080.90 21.99
3698.34 6.94 1085.12 9.01
3714.75 7.05 1095.46 8.82
3731.15 6.99 1104.00 11.40
3747.56 6.91 1117.40 8.24
3764.09 7.13 1128.37 9.74
3780.53 7.03 1141.78 14.68
3796.90 7.16 1151.06 10.50
3813.34 7.08 1162.84 10.17
3829.71 7.00 1175.43 10.08
3846.18 7.11 1189.65 12.34
3862.53 7.05 1200.96 11.56
3878.84 7.17 1212.93 10.11
3895.43 7.13 1226.18 11.18
3911.84 7.08 1239.18 10.65
3928.18 7.13 1249.78 11.44
3944.75 7.07 1262.78 14.39
3961.03 7.20 1277.12 12.48
3977.50 7.12 1291.03 15.08
3993.93 7.08 1304.84 11.11
4010.28 7.13 1322.40 11.40
4026.75 7.10 1334.00 10.74
4043.06 7.21 1352.90 22.58
4059.56 7.15 1362.56 15.45
4076.03 7.12 1377.93 17.02
4092.34 7.20 1391.03 11.92
4108.84 7.16 1404.31 12.34
4125.15 7.12 1420.87 31.23
4141.56 7.16 1435.71 13.48
4158.06 7.14 1449.56 13.34
4174.34 7.25 1465.03 12.20
4190.84 7.19 1481.00 14.67
4207.37 7.23 1495.93 13.72
4223.87 7.31 1511.34 13.64
4240.25 7.26 1530.06 24.42
4256.56 7.40 1537.09 25.13
4273.06 7.28 1557.84 14.99
4289.37 7.23 1575.12 13.72
4305.84 7.34 1589.56 15.52
4322.25 7.26 1606.18 25.95
4338.53 7.39 1620.78 14.02
4355.00 7.28 1635.71 14.89
4371.34 7.27 1652.59 16.63
4387.84 7.35 1668.90 14.59
4404.28 7.24 1685.00 14.51
4420.59 7.42 1699.18 17.59
4437.03 7.26 1718.40 14.58
4453.40 7.24 1735.40 17.45
4469.81 7.30 1750.43 16.44
4486.21 7.29 1766.84 15.88
4502.56 7.43 1783.50 16.14
4518.96 7.32 1799.25 15.59
4535.43 7.26 1814.53 18.47
4551.75 7.32 1833.40 16.11
4568.21 7.29 1850.21 15.67
4584.50 7.25 1865.31 18.37
4600.96 7.32 1881.21 19.17
4617.50 7.28 1899.09 16.83
4633.81 7.38 1913.75 23.07
4650.37 7.28 1933.37 17.37
4666.68 7.27 1949.62 16.39
4683.18 7.33 1965.87 15.84
4699.59 7.29 1983.31 16.86
4715.90 7.40 2002.18 20.77
4732.40 7.28 2017.31 17.13
4748.71 7.26 2034.78 17.00
4765.40 8.05 2053.21 17.94
4781.90 7.96 2069.40 17.42
4798.18 8.11 2087.09 18.89
4814.65 7.95 2101.87 19.08
4831.00 7.95 2120.06 18.06
4847.40 8.03 2137.65 20.36
4863.84 7.94 2155.00 18.12
4880.15 8.14 2167.90 20.46
4896.68 8.00 2188.00 18.71
4913.06 7.97 2202.56 23.85
4929.46 8.03 2224.56 22.87
4945.93 7.97 2241.03 21.85
4962.43 8.19 2256.43 18.66
4978.93 8.05 2274.78 17.76
4995.28 7.98 2290.62 19.21
5011.71 8.06 2307.93 21.83
5028.18 8.00 2325.65 19.87
5044.46 8.03 2342.03 19.67
5061.00 8.06 2359.59 19.14
5077.46 8.08 2378.06 19.26
5093.84 8.20 2394.65 19.15
5110.34 8.10 2412.68 20.55
5126.59 8.11 2429.37 19.50
5143.06 8.15 2446.34 19.01
5159.46 8.12 2462.50 20.92
5175.84 8.25 2480.68 19.83
5192.34 8.20 2496.50 20.93
5208.65 8.16 2513.06 21.42
5225.12 8.23 2531.06 18.59
5241.50 8.17 2550.56 19.11
5257.84 8.30 2567.71 21.20
5274.31 8.17 2583.71 20.76
5290.62 8.16 2600.21 20.09
5307.06 8.25 2619.84 22.92
5323.46 8.15 2634.34 20.83
5339.78 8.30 2651.78 20.75
5356.34 8.19 2670.81 23.15
5372.68 8.17 2685.59 19.77
5389.15 8.22 2702.81 20.93
5405.62 8.12 2722.50 24.04
5421.84 8.30 2735.59 20.18
5438.43 8.15 2754.37 20.66
5454.68 8.13 2771.43 21.49
5471.12 8.20 2787.75 19.58
5487.68 8.20 2805.28 22.08
5503.90 8.24 2822.59 23.00
5520.46 8.23 2838.75 20.68
5536.75 8.18 2856.25 21.45
5553.15 8.27 2873.34 21.30
5569.68 8.20 2890.46 22.02
5585.90 8.24 2907.71 22.27
5602.43 8.25 2921.59 22.10
5618.81 8.20 2940.65 21.32
5635.15 8.27 2958.50 20.95
5651.65 8.24 2974.31 21.15
5667.93 8.20 2990.43 20.51
5684.50 8.27 3006.93 20.21
5700.84 8.21 3021.06 17.75
5717.18 8.30 3032.78 16.99
5733.65 8.22 3046.87 17.93
5750.00 8.17 3058.31 13.84
5766.62 8.41 3067.40 13.95
5783.15 8.28 3078.00 12.60
5799.40 8.45 3086.06 10.41
5816.00 8.30 3093.93 9.60
5832.21 8.30 3099.56 14.32
5848.75 8.38 3109.68 11.45
5865.15 8.28 3116.06 15.08
5881.40 8.47 3116.65 10.33
5898.18 8.40 3123.96 5.02
5914.40 8.41 3126.62 4.04
5931.00 8.46 3129.34 19.56
5947.37 8.37 3132.12 5.08
5963.71 8.60 3133.28 3.25
5980.28 8.45 3134.53 5.96
5996.59 8.43 3134.71 7.01
6013.03 8.48 3134.71 2.36
6029.53 8.41 3134.59 3.85
6045.84 8.64 3132.46 3.75
6062.34 8.47 3131.43 4.23
6078.87 8.64 3130.68 5.18
6095.21 8.68 3126.18 8.17
6111.68 8.56 3124.93 6.22
6127.93 8.66 3121.00 7.29
6144.46 8.65 3116.93 7.31
6160.90 8.65 3113.12 7.39
6177.25 8.75 3109.15 11.46
6193.78 8.68 3103.21 10.04
6210.06 8.75 3099.46 8.78
6226.56 8.76 3092.59 10.30
6242.93 8.72 3082.68 18.54
6259.28 8.89 3081.59 9.84
6275.78 8.68 3075.31 12.25
6292.03 8.74 3069.50 20.01
6308.50 8.79 3058.87 14.21
6324.93 8.72 3052.87 12.33
6341.21 8.87 3045.81 11.88
6357.71 8.71 3037.00 13.65
6374.03 8.74 3028.37 11.74
6390.59 8.75 3021.31 12.96
6406.93 8.68 3012.75 13.59
6423.25 8.89 3002.90 14.01
6439.75 8.70 2994.00 13.44
6456.06 8.72 2984.81 13.77
6472.56 8.76 2974.62 13.88
6488.90 8.67 2964.90 14.29
6505.25 8.92 2956.34 15.28
6521.71 8.75 2944.75 14.85
6538.09 8.75 2933.56 16.44
6554.50 8.81 2925.18 15.14
6570.90 8.67 2913.53 15.44
6587.18 8.79 2902.56 14.57
6603.71 8.75 2889.15 22.74
6620.21 8.82 2880.56 16.41
6636.62 8.89 2868.37 15.89
6653.18 8.77 2858.28 17.86
6669.59 8.88 2846.21 16.04
6686.12 8.89 2833.21 16.50
6702.46 8.84 2822.96 16.86
6718.87 8.94 2807.53 21.73
6735.31 8.81 2798.12 17.64
6751.62 8.86 2786.71 17.48
6768.28 8.90 2772.00 19.53
6784.71 8.96 2761.09 17.79
6800.96 8.98 2749.00 21.83
6817.53 8.94 2736.03 18.21
6833.81 8.98 2722.59 19.40
6850.25 8.86 2707.56 22.38
6866.65 8.94 2696.12 19.26
6882.93 9.01 2683.78 19.64
6899.56 8.99 2670.43 19.22
6915.84 9.00 2657.53 19.51
6932.34 8.89 2644.78 19.38
6948.87 8.98 2631.34 21.10
6965.09 9.06 2616.31 20.18
6981.71 9.06 2604.84 21.13
6998.00 9.03 2588.59 19.28
7014.40 8.93 2576.25 19.30
7030.96 9.00 2560.40 20.75
7047.15 9.07 2549.06 19.93
7063.84 9.09 2536.68 25.53
7080.18 9.12 2519.21 22.70
7096.50 9.03 2505.46 20.96
7113.15 9.11 2493.81 21.06
7129.28 9.13 2478.75 20.59
7145.78 9.02 2465.71 21.57
7162.18 9.13 2449.40 22.05
7178.50 9.08 2435.62 26.66
7195.28 9.32 2420.75 22.52
7211.43 9.32 2407.00 22.80
7227.90 9.16 2392.53 21.52
7244.34 9.30 2378.15 22.21
7260.56 9.31 2363.68 21.21
7277.25 9.30 2349.31 22.26
7293.43 9.32 2333.40 24.51
7309.81 9.18 2319.87 23.00
7326.34 9.30 2302.53 24.23
7342.56 9.31 2293.37 24.04
7359.25 9.33 2275.37 21.82
7375.50 9.34 2260.15 23.45
7392.00 9.18 2245.53 21.54
7408.62 9.30 2229.37 23.39
7424.81 9.34 2214.18 23.07
7441.31 9.28 2201.03 23.15
7457.65 9.31 2186.18 22.86
7474.00 9.18 2172.43 24.88
7490.81 9.46 2156.84 21.49
7506.93 9.47 2140.12 22.18
7523.43 9.45 2125.71 22.96
7539.84 9.47 2111.00 23.24
7556.12 9.34 2095.28 23.47
7572.78 9.43 2079.78 27.41
7588.90 9.45 2065.43 23.65
7605.31 9.28 2050.68 24.58
7621.84 9.48 2034.31 23.47
7638.15 9.36 2020.06 22.81
7654.78 9.48 2004.12 22.79
7671.18 9.65 1985.78 25.78
7687.53 9.46 1974.09 22.78
7704.06 9.60 1956.68 24.54
7720.34 9.54 1942.00 23.72
7736.90 9.57 1927.09 23.38
7753.37 9.67 1910.71 27.24
7769.71 9.51 1897.25 24.26
7786.31 9.62 1880.84 24.38
7802.53 9.63 1865.56 24.80
7819.06 9.57 1850.84 24.67
7835.43 9.67 1836.03 24.05
7851.75 9.51 1821.56 28.60
7868.31 9.62 1804.15 24.90
7884.50 9.67 1789.15 24.31
7901.15 9.65 1773.93 25.68
7917.62 9.75 1757.00 25.17
7934.00 9.60 1740.78 23.82
7950.56 9.70 1727.34 27.61
7966.75 9.76 1711.65 25.56
7983.31 9.74 1695.59 25.18
7999.81 9.79 1680.53 25.53
8016.15 9.65 1663.87 25.67
8032.78 9.74 1649.81 26.29
8049.03 9.85 1631.90 26.00
8065.50 9.78 1618.34 24.94
8081.93 9.81 1603.09 26.20
8098.31 9.76 1588.56 25.43
8114.75 9.73 1571.75 30.38
8131.09 9.89 1558.18 25.00
8147.50 9.73 1541.96 26.68
8163.96 9.83 1525.28 26.20
8180.31 9.82 1509.71 25.60
8196.78 9.82 1494.75 27.79
8213.12 9.93 1478.71 26.42
8229.53 9.79 1464.12 25.99
8246.00 9.87 1447.75 24.43
8262.25 9.92 1432.65 25.92
8278.78 9.82 1416.53 25.93
8295.12 9.93 1402.40 26.17
8311.50 9.83 1386.53 26.08
8328.00 9.87 1374.50 25.66
8344.25 9.92 1352.81 28.53
8360.75 9.89 1340.62 24.99
8377.15 9.94 1324.46 23.85
8393.56 9.83 1310.68 26.02
8410.03 9.86 1294.84 25.69
8426.28 9.97 1280.46 28.72
8442.81 9.88 1262.90 26.45
8459.15 9.92 1246.00 26.09
8475.50 9.79 1232.71 26.19
8492.00 9.85 1218.53 26.11
8508.28 9.99 1202.50 27.18
8524.75 9.92 1187.78 25.80
8541.12 9.91 1170.28 26.70
8557.46 9.85 1158.09 27.16
8573.93 9.83 1142.81 25.86
8590.28 9.99 1125.81 26.14
8606.71 9.81 1110.53 26.37
8623.09 9.90 1095.78 29.06
8639.50 9.87 1085.09 35.38
8655.93 9.88 1067.40 24.57
8672.28 10.00 1055.71 30.39
8688.71 9.87 1036.59 23.56
8705.18 9.95 1025.93 22.01
8721.50 9.93 1014.96 18.59
8738.03 9.94 1002.46 25.00
8754.37 10.04 993.59 16.36
8770.71 9.94 985.59 16.03
8787.25 9.98 978.43 13.78
8803.53 10.05 969.31 12.65
8820.00 9.96 964.12 9.92
8836.37 10.04 956.75 10.50
8852.71 9.94 953.50 12.72
8869.18 9.93 950.25 8.18
8885.50 10.08 947.09 5.60
8902.00 10.00 944.00 4.94
8918.40 10.06 942.78 11.62
8934.84 9.96 941.28 6.67
8951.43 10.02 940.59 3.12
8967.75 10.17 939.68 7.17
8984.12 10.09 941.09 4.28
9000.65 10.14 942.68 5.02
9016.93 10.00 943.59 8.39
9033.46 10.05 946.09 6.93
9049.81 10.20 949.50 8.49
9066.34 10.23 952.00 10.77
9082.90 10.29 957.65 8.18
9099.15 10.18 961.71 9.17
9115.65 10.17 963.56 17.25
9132.00 10.33 971.62 10.41
9148.37 10.19 975.18 15.95
9164.93 10.32 985.09 12.65
9181.21 10.27 989.46 13.46
9197.65 10.22 996.09 14.35
9214.09 10.42 1004.71 13.11
9230.34 10.19 1011.96 13.68
9246.93 10.34 1021.56 16.52
9263.18 10.38 1028.40 16.60
9279.62 10.22 1036.65 16.17
9296.09 10.42 1045.90 16.83
9312.31 10.23 1055.28 17.53
9328.84 10.26 1063.09 17.96
9345.18 10.38 1078.75 23.17
9361.71 10.37 1084.90 19.59
9378.28 10.52 1095.68 22.73
9394.56 10.36 1104.56 20.00
9411.03 10.35 1115.53 19.45
9427.40 10.55 1127.21 19.73
9443.68 10.36 1138.53 20.14
9460.31 10.52 1150.71 21.03
9476.56 10.36 1162.21 22.18
9492.96 10.34 1173.62 21.09
9509.40 10.55 1183.15 28.52
9525.65 10.39 1196.84 22.49
9542.31 10.52 1212.81 21.25
9558.53 10.38 1223.96 22.91
9574.93 10.31 1235.68 21.99
9591.37 10.53 1250.84 24.92
9607.62 10.29 1263.00 23.91
9624.25 10.51 1275.53 23.40
9640.53 10.38 1291.59 33.37
9656.93 10.39 1303.06 25.26
9673.43 10.62 1317.50 27.83
9689.65 10.37 1333.06 24.78
9706.25 10.53 1346.18 26.20
9722.56 10.48 1359.28 26.69
9738.96 10.42 1375.87 26.70
9755.43 10.61 1389.34 25.17
9771.68 10.44 1405.28 26.02
9788.21 10.48 1419.59 27.53
9804.56 10.60 1436.03 37.19
9820.93 10.43 1447.59 27.62
9837.40 10.58 1463.03 27.11
9853.68 10.44 1477.87 28.29
9870.15 10.43 1492.59 28.90
9886.53 10.64 1508.12 29.90
9902.81 10.44 1523.43 27.82
9919.37 10.56 1536.37 34.79
9935.71 10.46 1555.18 27.53
9952.31 10.53 1569.37 28.13
9968.68 10.73 1585.21 29.56
9985.03 10.62 1599.53 32.10
10001.56 10.67 1616.28 29.38
10017.87 10.55 1632.09 30.23
10034.28 10.52 1647.90 29.57
10050.81 10.82 1663.81 29.65
10067.12 10.71 1683.00 28.31
10083.62 10.73 1695.71 30.49
10099.93 10.65 1713.37 28.88
10116.37 10.61 1727.90 34.15
10132.81 10.82 1745.25 30.61
10149.09 10.65 1762.62 28.92
10165.62 10.76 1780.78 31.51
10181.93 10.71 1796.84 32.93
10198.34 10.65 1813.25 31.49
10214.75 10.81 1828.96 31.53
10231.09 10.65 1845.03 31.87
10247.59 10.73 1861.31 29.97
10263.87 10.79 1878.21 31.30
10280.34 10.65 1894.25 32.18
10296.75 10.81 1911.93 31.63
10313.03 10.67 1929.25 33.78
10329.56 10.70 1945.43 32.87
10345.93 10.85 1958.81 36.26
10362.31 10.80 1978.75 31.45
10378.75 10.82 1993.84 31.88
10395.09 10.73 2013.28 31.47
10411.62 10.78 2029.68 32.10
10427.90 10.89 2046.59 32.65
10444.34 10.80 2063.53 32.65
10460.75 10.82 2081.75 32.45
10477.06 10.70 2097.21 32.86
10493.53 10.73 2115.34 33.10
10509.90 10.89 2133.93 36.41
10526.25 10.81 2149.31 33.13
10542.71 10.81 2164.31 33.41
10559.03 10.73 2182.31 33.35
10575.50 10.71 2197.68 32.39
10591.90 10.89 2216.09 34.64
10608.21 10.71 2233.50 33.56
10624.68 10.82 2251.06 34.10
10641.03 10.73 2268.12 34.14
10657.46 10.77 2285.53 33.96
10673.90 10.94 2301.15 34.12
10690.21 10.77 2316.71 39.24
10706.71 10.84 2336.03 34.50
10723.03 10.80 2353.75 34.48
10739.56 10.83 2371.15 35.23
10756.00 11.00 2388.46 34.51
10772.21 10.82 2403.21 36.81
10788.81 10.90 2420.96 35.41
10805.06 10.95 2438.84 32.94
10821.53 10.86 2456.75 34.57
10837.96 10.98 2474.09 35.24
10854.21 10.82 2493.00 36.78
10870.75 10.86 2507.84 34.59
10887.03 10.98 2525.09 35.46
10903.50 10.88 2542.96 36.77
10919.93 10.97 2562.62 36.04
10936.21 10.81 2577.09 35.78
10952.78 10.87 2594.46 36.94
10969.09 11.02 2609.90 36.01
10985.46 10.95 2627.90 37.22
11001.93 10.96 2644.56 36.49
11018.25 10.83 2662.78 37.44
11034.71 10.86 2679.03 36.39
11051.15 11.09 2696.28 36.60
11067.50 11.02 2710.12 38.68
11084.03 11.04 2729.90 36.75
11100.28 10.93 2747.18 37.26
11116.75 10.92 2765.87 36.94
11133.15 11.09 2781.50 36.86
11149.62 11.10 2798.00 36.78
11166.12 11.15 2814.00 46.77
11182.40 11.09 2832.25 38.06
11198.87 11.08 2848.62 36.96
11215.28 11.23 2867.37 38.60
11231.53 11.00 2882.78 36.84
11248.09 11.13 2898.43 37.46
11264.34 11.17 2915.62 38.66
11280.87 11.08 2934.09 38.75
11297.28 11.23 2949.50 38.21
11313.46 11.01 2966.00 36.00
11330.06 11.11 2981.53 35.75
11346.40 11.23 2997.00 34.33
11362.87 11.20 3010.46 36.30
11379.28 11.26 3025.18 31.83
11395.53 11.08 3038.03 27.82
11412.12 11.17 3050.06 25.63
11428.37 11.27 3061.65 24.03
11444.84 11.19 3071.87 21.30
11461.25 11.23 3082.75 18.41
11477.53 11.08 3090.56 17.58
11494.03 11.14 3099.65 19.93
11510.37 11.27 3103.00 13.98
11526.75 11.19 3110.71 12.57
11543.25 11.23 3115.31 9.71
11559.50 11.11 3119.75 8.54
11576.00 11.12 3123.81 11.75
11592.37 11.27 3127.84 7.63
11608.71 11.10 3130.18 5.11
11625.18 11.22 3131.87 4.34
11641.50 11.11 3132.68 5.05
11658.03 11.25 3133.25 4.55
11674.40 11.35 3132.68 6.98
11690.68 11.17 3134.28 5.78
11707.28 11.31 3132.62 3.93
11723.53 11.22 3128.09 19.90
11740.06 11.27 3130.28 6.46
11756.43 11.38 3126.96 6.79
11772.65 11.20 3126.12 8.63
11789.28 11.32 3121.90 9.78
11805.50 11.32 3116.81 11.17
11822.03 11.30 3115.90 12.60
11838.40 11.36 3111.37 12.10
11854.65 11.20 3106.59 12.83
11871.28 11.32 3102.12 14.24
11887.46 11.36 3096.25 14.87
11903.96 11.31 3090.78 15.89
11920.37 11.35 3082.25 16.71
11936.65 11.20 3075.62 17.75
11953.46 11.52 3071.43 16.65
11969.71 11.63 3062.96 19.28
11986.15 11.57 3057.09 18.59
12002.62 11.62 3049.03 20.04
12018.87 11.44 3041.28 18.80
12035.43 11.53 3031.81 19.26
12051.81 11.74 3024.37 20.27
12068.18 11.67 3016.34 21.83
12084.71 11.73 3007.37 22.26
12100.96 11.62 2999.06 22.48
12117.50 11.62 2990.25 24.42
12133.81 11.74 2979.43 23.62
12150.09 11.61 2970.46 23.24
12166.71 11.77 2961.81 30.78
12182.93 11.65 2946.09 27.94
12199.43 11.66 2940.46 24.39
12215.81 11.79 2929.06 26.25
12232.09 11.61 2918.62 25.47
12248.68 11.75 2907.71 26.28
12264.87 11.73 2897.37 27.02
12281.37 11.62 2885.50 26.65
12297.81 11.79 2873.93 26.94
12314.06 11.65 2863.90 28.22
12330.62 11.69 2851.31 27.64
12346.96 11.84 2840.09 27.75
12363.40 11.79 2828.34 28.68
12379.84 11.87 2816.43 28.26
12396.18 11.80 2803.84 28.11
12412.71 11.80 2791.50 29.81
12428.93 11.88 2779.09 30.99
12445.40 11.79 2767.34 29.88
12461.84 11.87 2754.84 28.91
12478.12 11.73 2741.53 30.59
12494.65 11.78 2727.59 36.20
12510.93 11.88 2719.00 31.57
12527.31 11.82 2703.46 31.17
12543.84 11.87 2690.53 30.60
12560.09 11.76 2678.62 31.50
12576.62 11.76 2665.87 33.67
12592.93 11.88 2652.43 31.55
12609.28 11.73 2638.62 32.81
12625.81 11.88 2625.06 31.73
12642.06 11.72 2611.37 32.08
12658.56 11.81 2596.71 33.40
12674.93 11.93 2585.62 35.15
12691.25 11.80 2570.43 32.95
12707.84 11.91 2556.18 32.35
12724.09 11.83 2542.18 33.63
12740.68 11.95 2526.68 34.31
12757.12 12.12 2514.75 33.04
12773.40 12.02 2501.12 33.07
12789.93 12.03 2487.21 34.91
12806.18 12.06 2476.93 40.26
12822.65 11.98 2459.03 34.36
12839.09 12.10 2441.53 37.67
12855.40 12.02 2429.90 35.08
12871.93 12.03 2414.75 33.92
12888.15 12.10 2399.53 34.32
12904.62 12.00 2385.71 34.09
12921.06 12.09 2371.56 35.16
12937.43 12.07 2357.00 36.45
12953.96 12.08 2342.43 35.08
12970.21 12.18 2327.62 35.60
12986.65 12.13 2312.71 36.03
13003.09 12.13 2298.00 36.30
13019.43 12.07 2284.25 35.57
13035.93 12.09 2269.09 36.33
13052.25 12.22 2252.68 35.70
13068.65 12.17 2238.75 35.86
13085.12 12.17 2223.46 37.18
13101.43 12.14 2210.12 37.39
13117.96 12.13 2193.03 38.39
13134.25 12.22 2178.90 37.67
13150.56 12.12 2163.25 38.68
13167.09 12.18 2150.34 38.00
13183.40 12.18 2136.12 40.56
13199.84 12.11 2119.12 38.37
13216.18 12.20 2105.00 38.08
13232.53 12.11 2088.62 37.39
13249.06 12.16 2073.93 36.87
13265.31 12.23 2057.93 36.67
13281.81 12.10 2042.71 37.44
13298.18 12.20 2027.90 37.50
13314.50 12.15 2011.62 37.23
13331.03 12.15 1995.90 38.11
13347.34 12.26 1984.00 39.31
13363.78 12.20 1966.09 39.28
13380.15 12.21 1950.68 38.72
13396.53 12.19 1936.40 37.80
13413.06 12.19 1920.18 37.93
13429.28 12.26 1905.25 38.04
13445.75 12.17 1890.34 38.76
13462.15 12.21 1876.81 39.79
13478.53 12.19 1858.00 36.39
13495.00 12.17 1845.37 36.86
13511.28 12.26 1826.78 38.28
13527.68 12.21 1814.06 37.84
13544.15 12.21 1797.96 39.89
13560.50 12.22 1782.78 38.40
13577.00 12.17 1765.93 36.72
13593.28 12.26 1753.25 38.74
13609.65 12.13 1734.81 37.75
13626.12 12.22 1720.78 38.66
13642.50 12.22 1704.03 41.33
13659.03 12.35 1688.21 39.86
13675.37 12.43 1673.18 39.24
13691.71 12.35 1658.84 38.47
13708.28 12.41 1643.12 38.62
13724.59 12.42 1626.78 39.76
13741.06 12.42 1611.71 39.39
13757.40 12.47 1596.00 39.96
13773.71 12.43 1578.09 44.99
13790.25 12.42 1565.68 40.79
13806.56 12.54 1551.37 50.74
13823.03 12.45 1535.43 39.16
13839.37 12.45 1520.71 38.39
13855.71 12.43 1504.12 38.90
13872.25 12.42 1488.18 39.18
13888.50 12.53 1474.56 39.57
13904.96 12.45 1458.37 40.89
13921.34 12.44 1444.56 39.82
13937.81 12.57 1427.46 39.45
13954.31 12.54 1412.40 40.23
13970.56 12.63 1396.71 39.45
13987.00 12.58 1381.71 39.42
14003.43 12.58 1365.03 39.85
14019.81 12.57 1349.15 40.42
14036.28 12.54 1335.00 38.43
14052.75 12.90 1319.09 39.21
14069.15 12.87 1305.00 39.60
14085.62 12.85 1287.34 40.87
14101.96 12.88 1272.28 38.41
14118.46 12.82 1257.21 38.24
14134.71 12.85 1243.03 39.32
14151.06 12.82 1227.34 39.81
14167.59 12.86 1210.56 39.46
14183.90 12.88 1194.71 40.03
14200.37 12.84 1181.09 39.02
14216.68 12.87 1166.71 39.17
14233.03 12.81 1151.50 39.54
14249.56 12.84 1137.34 39.60
14265.84 12.96 1122.37 41.01
14282.34 12.83 1105.78 38.94
14298.68 12.87 1091.06 38.99
14315.00 12.85 1078.12 37.91
14331.53 12.83 1065.15 39.61
14348.03 13.22 1049.12 35.89
14364.46 13.16 1035.78 33.33
14380.81 13.11 1021.81 31.64
14397.18 13.12 1012.59 28.34
14413.71 13.10 1000.37 25.94
14429.96 13.21 992.75 23.60
14446.40 13.10 982.78 20.19
14462.81 13.11 975.12 18.50
14479.18 13.12 969.06 17.89
14495.65 13.09 962.46 15.00
14511.93 13.16 956.15 17.41
14528.34 13.14 953.65 9.88
14544.81 13.11 947.90 7.93
14561.15 13.15 947.28 8.88
14577.65 13.09 944.50 8.78
14593.90 13.12 945.71 10.84
14610.31 13.06 941.46 3.63
14626.78 13.12 941.81 3.79
14643.15 13.15 943.68 9.36
14659.59 13.15 942.78 5.67
14675.93 13.22 947.84 22.12
14692.25 13.13 946.09 7.94
14708.81 13.17 948.87 9.56
14725.15 13.24 951.65 14.62
14741.59 13.18 957.43 13.49
14757.93 13.21 959.50 12.48
14774.25 13.20 964.84 13.19
14790.78 13.18 969.12 13.55
14807.09 13.30 978.21 19.64
14823.56 13.21 980.25 16.32
14839.90 13.20 985.75 17.35
14856.25 13.20 993.09 19.62
14872.78 13.18 1000.34 19.43
14889.06 13.33 1008.03 19.37
14905.50 13.21 1015.84 21.00
14921.87 13.19 1023.46 23.83
14938.40 13.46 1032.31 24.32
14954.90 13.41 1042.25 25.92
14971.15 13.49 1051.09 24.18
14987.62 13.50 1058.31 27.97
15004.03 13.45 1067.87 26.24
15020.40 13.46 1078.59 31.19
15036.87 13.42 1090.15 27.30
15053.21 13.59 1099.09 29.33
15069.62 13.56 1109.28 32.16
15086.06 13.49 1120.56 29.24
15102.40 13.54 1132.96 29.83
15118.90 13.47 1143.71 32.41
15135.21 13.59 1154.75 31.46
15151.50 13.49 1167.34 32.27
15168.03 13.51 1180.71 32.14
15184.37 13.58 1191.50 33.59
15200.81 13.50 1204.81 33.65
15217.15 13.57 1215.56 33.37
15233.46 13.48 1229.21 34.46
15250.00 13.49 1242.90 36.26
15266.28 13.61 1252.90 35.75
15282.78 13.49 1269.34 35.28
15299.12 13.52 1282.15 36.33
15315.43 13.51 1295.62 37.66
15331.96 13.48 1306.09 40.72
15348.31 13.65 1321.71 37.29
15364.75 13.59 1337.00 38.10
15381.09 13.54 1353.46 38.69
15397.46 13.57 1365.93 37.58
15414.00 13.53 1379.96 39.74
15430.28 13.69 1393.59 38.49
15446.71 13.57 1409.25 38.38
15463.09 13.54 1426.68 39.81
15479.46 13.57 1439.71 38.32
15495.93 13.52 1453.40 40.20
15512.28 13.69 1471.46 47.43
15528.65 13.61 1483.31 40.13
15545.09 13.54 1500.43 40.03
15561.43 13.59 1514.09 41.54
15577.93 13.52 1528.53 41.63
15594.25 13.64 1543.50 46.84
15610.59 13.51 1560.93 41.22
15627.06 13.56 1576.53 41.36
15643.43 13.59 1590.37 43.54
15659.84 13.55 1609.18 42.55
15676.21 13.66 1622.84 56.04
15692.50 13.53 1639.96 42.39
15709.06 13.56 1656.28 42.88
15725.46 13.71 1672.09 42.63
15741.84 13.58 1689.62 46.09
15758.25 13.68 1704.03 43.44
15774.53 13.64 1721.81 44.48
15791.06 13.61 1735.50 43.60
15807.37 13.73 1752.87 45.22
15823.81 13.61 1768.96 41.98
15840.21 13.67 1785.59 44.21
15856.53 13.64 1802.96 43.85
15873.06 13.61 1819.00 44.11
15889.34 13.77 1835.59 44.07
15905.75 13.61 1852.43 44.79
15922.15 13.62 1869.28 44.47
15938.56 13.70 1886.81 44.76
15955.03 13.61 1904.18 45.79
15971.40 13.88 1919.18 45.27
15987.75 13.70 1934.93 45.36
16004.18 13.68 1952.12 43.33
16020.56 13.70 1967.50 45.82
16037.00 13.62 1985.12 45.27
16053.40 13.88 2003.15 44.81
16069.75 13.76 2020.53 43.47
16086.21 13.73 2037.46 46.25
16102.56 13.78 2051.53 50.02
16119.03 13.67 2070.37 46.44
16135.40 13.88 2088.43 45.34
16151.65 13.72 2106.78 44.99
16168.18 13.74 2122.00 45.32
16184.53 13.82 2138.71 46.72
16200.93 13.69 2155.59 46.53
16217.34 13.84 2172.50 43.81
16233.62 13.71 2190.59 45.36
16250.15 13.73 2205.34 49.18
16266.46 13.89 2225.40 45.51
16282.90 13.69 2240.93 45.46
16299.34 13.84 2259.46 45.84
16315.59 13.75 2276.87 46.01
16332.12 13.72 2295.40 45.32
16348.50 13.94 2312.68 49.66
16364.87 13.79 2328.06 47.14
16381.28 13.83 2343.68 46.38
16397.62 13.80 2362.75 47.33
16414.12 13.73 2380.12 46.43
16430.46 13.98 2396.53 47.34
16446.84 13.77 2413.21 46.42
16463.25 13.78 2429.81 47.99
16479.62 13.80 2447.65 46.79
16496.06 13.72 2465.90 46.95
16512.46 13.98 2480.09 45.14
16528.78 13.81 2500.46 46.45
16545.25 13.78 2515.56 47.30
16561.59 13.83 2534.34 46.87
16578.06 13.72 2550.90 46.30
16594.46 13.98 2569.56 46.49
16610.75 13.74 2584.00 46.01
16627.21 13.79 2602.06 48.39
16643.59 13.83 2621.50 45.42
16659.96 13.74 2636.87 49.94
16676.40 13.94 2655.21 46.10
16692.65 13.77 2670.12 47.24
16709.21 13.79 2687.03 47.51
16725.59 13.91 2702.90 48.36
16741.96 13.78 2720.46 46.46
16758.40 13.93 2738.37 47.63
16774.65 13.84 2755.25 47.66
16791.18 13.81 2772.28 45.81
