133.0
134.0
132.0
119.0
117.0
105.0
101.0
99.0
97.0
108.0
93.0
84.0
85.0
86.0
84.0
82.0
76.0
81.0
80.0
80.0
85.0
84.0
85.0
87.0
95.0
108.0
135.0
129.0
126.0
129.0
151.0
163.0
179.0
178.0
186.0
183.0
177.0
145.0
140.0
115.0
76.0
60.0
66.0
68.0
72.0
77.0
80.0
85.0
84.0
90.0
99.0
118.0
126.0
126.0
128.0
132.0
139.0
145.0
150.0
151.0
161.0
170.0
176.0
183.0
186.0
193.0
198.0
204.0
205.0
207.0
206.0
181.0
161.0
161.0
150.0
144.0
138.0
145.0
152.0
150.0
152.0
150.0
148.0
150.0
152.0
147.0
143.0
144.0
146.0
143.0
140.0
141.0
139.0
140.0
135.0
134.0
137.0
135.0
136.0
135.0
133.0
134.0
136.0
138.0
134.0
138.0
138.0
129.0
136.0
137.0
148.0
154.0
155.0
155.0
154.0
147.0
141.0
137.0
139.0
138.0
138.0
147.0
150.0
146.0
138.0
142.0
147.0
138.0
116.0
136.0
138.0
132.0
139.0
140.0
145.0
145.0
143.0
144.0
143.0
142.0
139.0
147.0
147.0
144.0
149.0
152.0
153.0
148.0
145.0
142.0
144.0
147.0
142.0
145.0
148.0
152.0
156.0
165.0
167.0
170.0
173.0
168.0
170.0
169.0
164.0
148.0
163.0
175.0
182.0
172.0
174.0
168.0
173.0
172.0
173.0
171.0
165.0
159.0
153.0
136.0
127.0
118.0
118.0
115.0
112.0
119.0
113.0
115.0
123.0
120.0
113.0
118.0
117.0
112.0
103.0
106.0
104.0
101.0
96.0
102.0
94.0
98.0
99.0
100.0
101.0
98.0
95.0
92.0
97.0
101.0
101.0
104.0
107.0
105.0
106.0
110.0
108.0
110.0
114.0
111.0
115.0
118.0
117.0
116.0
120.0
123.0
121.0
127.0
126.0
118.0
123.0
121.0
112.0
98.0
112.0
125.0
129.0
130.0
132.0
133.0
129.0
131.0
135.0
136.0
136.0
138.0
136.0
136.0
139.0
133.0
130.0
126.0
122.0
117.0
111.0
112.0
110.0
112.0
111.0
110.0
110.0
109.0
108.0
108.0
109.0
114.0
113.0
113.0
117.0
120.0
122.0
124.0
125.0
135.0
143.0
154.0
169.0
170.0
175.0
184.0
186.0
191.0
191.0
193.0
197.0
200.0
196.0
174.0
178.0
197.0
194.0
185.0
176.0
188.0
199.0
204.0
186.0
166.0
164.0
169.0
156.0
149.0
152.0
150.0
146.0
135.0
125.0
127.0
129.0
114.0
107.0
110.0
107.0
109.0
116.0
117.0
118.0
117.0
116.0
118.0
119.0
115.0
116.0
116.0
120.0
119.0
119.0
115.0
111.0
115.0
119.0
118.0
116.0
117.0
121.0
123.0
127.0
128.0
131.0
138.0
143.0
147.0
154.0
160.0
166.0
170.0
183.0
188.0
190.0
194.0
196.0
198.0
198.0
207.0
214.0
210.0
204.0
198.0
206.0
218.0
232.0
233.0
226.0
228.0
230.0
229.0
215.0
211.0
205.0
194.0
172.0
153.0
146.0
135.0
143.0
151.0
139.0
140.0
140.0
136.0
127.0
130.0
147.0
136.0
124.0
132.0
139.0
135.0
157.0
164.0
160.0
144.0
148.0
142.0
113.0
96.0
97.0
76.0
57.0
53.0
57.0
77.0
88.0
104.0
123.0
143.0
160.0
156.0
148.0
121.0
87.0
77.0
75.0
77.0
69.0
74.0
82.0
79.0
86.0
90.0
91.0
103.0
115.0
128.0
140.0
166.0
186.0
198.0
194.0
212.0
241.0
253.0
253.0
253.0
223.0
233.0
213.0
224.0
234.0
249.0
231.0
233.0
231.0
240.0
238.0
225.0
221.0
215.0
212.0
220.0
205.0
190.0
178.0
169.0
158.0
149.0
137.0
130.0
129.0
127.0
130.0
124.0
115.0
113.0
123.0
124.0
119.0
120.0
122.0
121.0
125.0
126.0
119.0
114.0
112.0
110.0
108.0
107.0
106.0
105.0
108.0
107.0
106.0
106.0
99.0
99.0
97.0
96.0
108.0
112.0
111.0
107.0
113.0
113.0
120.0
121.0
124.0
119.0
119.0
120.0
122.0
126.0
130.0
132.0
133.0
136.0
137.0
132.0
134.0
144.0
138.0
140.0
155.0
155.0
140.0
140.0
141.0
141.0
138.0
155.0
164.0
164.0
160.0
159.0
159.0
158.0
152.0
140.0
139.0
152.0
152.0
138.0
111.0
112.0
123.0
120.0
120.0
118.0
118.0
116.0
119.0
128.0
130.0
130.0
129.0
134.0
135.0
134.0
134.0
133.0
129.0
121.0
115.0
119.0
104.0
104.0
122.0
123.0
118.0
121.0
131.0
132.0
130.0
131.0
128.0
134.0
121.0
99.0
80.0
61.0
66.0
70.0
75.0
82.0
89.0
100.0
108.0
116.0
123.0
127.0
127.0
135.0
142.0
139.0
141.0
144.0
138.0
128.0
128.0
114.0
111.0
119.0
124.0
119.0
123.0
125.0
128.0
128.0
131.0
130.0
129.0
130.0
132.0
132.0
134.0
139.0
139.0
138.0
139.0
138.0
141.0
144.0
144.0
146.0
146.0
149.0
150.0
150.0
148.0
144.0
143.0
142.0
144.0
148.0
145.0
145.0
144.0
144.0
142.0
143.0
144.0
146.0
145.0
143.0
146.0
146.0
139.0
147.0
152.0
157.0
162.0
177.0
190.0
202.0
210.0
209.0
210.0
216.0
224.0
231.0
234.0
237.0
243.0
250.0
251.0
254.0
257.0
258.0
258.0
255.0
253.0
246.0
223.0
216.0
211.0
207.0
208.0
208.0
201.0
197.0
207.0
211.0
213.0
213.0
207.0
207.0
203.0
208.0
211.0
206.0
188.0
186.0
180.0
158.0
152.0
155.0
139.0
123.0
123.0
123.0
120.0
120.0
127.0
129.0
131.0
133.0
134.0
137.0
140.0
142.0
147.0
150.0
161.0
163.0
170.0
169.0
175.0
179.0
187.0
195.0
185.0
181.0
181.0
172.0
164.0
153.0
148.0
146.0
148.0
148.0
146.0
146.0
145.0
141.0
145.0
141.0
140.0
130.0
131.0
130.0
127.0
132.0
133.0
137.0
133.0
132.0
139.0
142.0
135.0
121.0
117.0
123.0
130.0
135.0
146.0
159.0
146.0
146.0
151.0
144.0
133.0
124.0
129.0
132.0
122.0
116.0
116.0
119.0
114.0
112.0
115.0
116.0
110.0
119.0
123.0
126.0
128.0
127.0
126.0
129.0
123.0
119.0
131.0
136.0
138.0
140.0
139.0
138.0
137.0
137.0
129.0
138.0
139.0
138.0
137.0
138.0
142.0
138.0
137.0
140.0
139.0
139.0
140.0
141.0
142.0
132.0
129.0
141.0
145.0
147.0
144.0
134.0
144.0
146.0
150.0
154.0
155.0
157.0
160.0
161.0
163.0
165.0
168.0
171.0
171.0
174.0
177.0
179.0
181.0
183.0
185.0
187.0
191.0
190.0
190.0
188.0
184.0
185.0
186.0
183.0
184.0
180.0
184.0
189.0
192.0
191.0
176.0
159.0
175.0
184.0
185.0
197.0
214.0
210.0
212.0
210.0
203.0
201.0
193.0
189.0
178.0
164.0
148.0
145.0
139.0
132.0
138.0
139.0
131.0
116.0
107.0
118.0
123.0
122.0
125.0
125.0
121.0
116.0
119.0
124.0
130.0
135.0
142.0
156.0
164.0
176.0
176.0
171.0
169.0
183.0
170.0
154.0
126.0
107.0
111.0
109.0
95.0
103.0
110.0
122.0
103.0
81.0
66.0
64.0
67.0
83.0
91.0
95.0
106.0
119.0
131.0
134.0
135.0
148.0
158.0
150.0
136.0
106.0
79.0
72.0
71.0
72.0
81.0
87.0
94.0
112.0
114.0
130.0
153.0
153.0
157.0
169.0
176.0
183.0
192.0
201.0
216.0
222.0
241.0
245.0
252.0
263.0
266.0
264.0
267.0
273.0
277.0
279.0
279.0
277.0
275.0
273.0
275.0
275.0
281.0
282.0
284.0
284.0
275.0
269.0
269.0
266.0
268.0
270.0
272.0
281.0
284.0
282.0
278.0
267.0
273.0
249.0
236.0
229.0
203.0
190.0
174.0
172.0
153.0
146.0
139.0
121.0
123.0
126.0
121.0
118.0
113.0
113.0
114.0
97.0
115.0
125.0
129.0
129.0
132.0
132.0
135.0
139.0
141.0
144.0
147.0
140.0
149.0
151.0
155.0
158.0
160.0
161.0
167.0
168.0
162.0
152.0
145.0
143.0
137.0
147.0
150.0
145.0
135.0
139.0
134.0
135.0
134.0
140.0
142.0
143.0
139.0
147.0
151.0
150.0
154.0
153.0
154.0
161.0
153.0
139.0
136.0
140.0
136.0
133.0
139.0
136.0
137.0
141.0
143.0
143.0
148.0
156.0
157.0
152.0
137.0
124.0
117.0
114.0
117.0
100.0
82.0
69.0
83.0
97.0
91.0
99.0
92.0
97.0
105.0
105.0
106.0
107.0
105.0
106.0
104.0
108.0
109.0
107.0
109.0
110.0
113.0
115.0
113.0
112.0
112.0
112.0
127.0
128.0
130.0
139.0
133.0
127.0
134.0
148.0
136.0
139.0
140.0
142.0
145.0
145.0
154.0
150.0
155.0
157.0
162.0
167.0
169.0
169.0
172.0
179.0
171.0
167.0
177.0
176.0
173.0
173.0
175.0
175.0
169.0
181.0
181.0
179.0
177.0
175.0
173.0
172.0
169.0
154.0
149.0
160.0
162.0
163.0
146.0
139.0
132.0
142.0
151.0
148.0
145.0
138.0
140.0
144.0
143.0
142.0
141.0
143.0
136.0
137.0
135.0
136.0
140.0
133.0
136.0
148.0
150.0
151.0
153.0
153.0
152.0
149.0
146.0
135.0
127.0
133.0
163.0
185.0
177.0
134.0
190.0
199.0
209.0
236.0
234.0
245.0
246.0
250.0
252.0
251.0
257.0
242.0
234.0
227.0
216.0
221.0
213.0
207.0
213.0
205.0
201.0
204.0
209.0
202.0
199.0
199.0
191.0
190.0
186.0
175.0
161.0
149.0
135.0
128.0
105.0
94.0
107.0
104.0
103.0
102.0
98.0
93.0
90.0
88.0
85.0
86.0
86.0
86.0
86.0
86.0
86.0
86.0
85.0
82.0
74.0
75.0
74.0
77.0
77.0
75.0
80.0
86.0
99.0
97.0
104.0
110.0
118.0
125.0
129.0
135.0
139.0
146.0
152.0
158.0
162.0
167.0
170.0
171.0
172.0
177.0
166.0
165.0
169.0
168.0
168.0
167.0
164.0
162.0
162.0
165.0
166.0
158.0
175.0
167.0
167.0
159.0
144.0
139.0
134.0
138.0
121.0
111.0
106.0
104.0
102.0
106.0
112.0
102.0
122.0
121.0
124.0
127.0
132.0
132.0
133.0
140.0
140.0
145.0
149.0
151.0
151.0
156.0
161.0
160.0
166.0
168.0
174.0
176.0
174.0
167.0
180.0
181.0
179.0
180.0
181.0
181.0
171.0
149.0
143.0
150.0
143.0
140.0
133.0
125.0
116.0
112.0
109.0
101.0
98.0
96.0
95.0
91.0
85.0
84.0
75.0
88.0
95.0
92.0
96.0
98.0
96.0
106.0
108.0
108.0
106.0
96.0
103.0
106.0
108.0
109.0
105.0
92.0
91.0
102.0
106.0
107.0
108.0
107.0
109.0
121.0
122.0
122.0
124.0
126.0
125.0
132.0
132.0
136.0
133.0
131.0
131.0
141.0
143.0
144.0
146.0
153.0
154.0
157.0
155.0
156.0
162.0
163.0
156.0
156.0
157.0
158.0
159.0
159.0
162.0
167.0
169.0
156.0
156.0
157.0
165.0
173.0
168.0
173.0
183.0
185.0
186.0
179.0
180.0
182.0
184.0
185.0
183.0
182.0
186.0
192.0
193.0
193.0
174.0
185.0
187.0
177.0
175.0
175.0
171.0
177.0
183.0
183.0
183.0
181.0
174.0
169.0
167.0
164.0
158.0
160.0
158.0
155.0
152.0
157.0
154.0
151.0
149.0
148.0
146.0
143.0
141.0
134.0
128.0
126.0
143.0
146.0
129.0
118.0
129.0
125.0
125.0
118.0
115.0
121.0
118.0
117.0
130.0
125.0
118.0
111.0
120.0
124.0
122.0
118.0
121.0
118.0
116.0
110.0
94.0
82.0
77.0
83.0
88.0
97.0
109.0
106.0
109.0
128.0
148.0
166.0
188.0
211.0
218.0
219.0
221.0
207.0
192.0
168.0
138.0
119.0
99.0
91.0
94.0
103.0
102.0
103.0
106.0
107.0
108.0
113.0
103.0
111.0
121.0
121.0
124.0
125.0
128.0
130.0
130.0
133.0
134.0
138.0
138.0
141.0
142.0
141.0
139.0
143.0
146.0
149.0
145.0
148.0
151.0
150.0
149.0
147.0
148.0
143.0
147.0
146.0
141.0
140.0
136.0
136.0
138.0
140.0
141.0
143.0
146.0
149.0
153.0
154.0
156.0
157.0
156.0
155.0
156.0
154.0
142.0
134.0
113.0
88.0
90.0
92.0
97.0
102.0
99.0
102.0
101.0
102.0
126.0
136.0
133.0
160.0
178.0
167.0
151.0
157.0
153.0
146.0
150.0
148.0
145.0
140.0
149.0
154.0
152.0
153.0
153.0
151.0
148.0
152.0
139.0
143.0
146.0
148.0
151.0
150.0
149.0
154.0
143.0
141.0
141.0
138.0
140.0
148.0
149.0
161.0
172.0
182.0
186.0
197.0
192.0
191.0
191.0
180.0
175.0
163.0
141.0
116.0
89.0
78.0
69.0
66.0
68.0
71.0
78.0
82.0
85.0
85.0
90.0
107.0
120.0
128.0
136.0
154.0
158.0
155.0
150.0
138.0
120.0
116.0
111.0
106.0
107.0
109.0
115.0
113.0
89.0
85.0
104.0
127.0
127.0
110.0
111.0
119.0
123.0
125.0
126.0
126.0
124.0
124.0
125.0
127.0
125.0
127.0
135.0
138.0
136.0
132.0
138.0
138.0
128.0
143.0
134.0
145.0
140.0
139.0
158.0
162.0
153.0
152.0
152.0
149.0
151.0
152.0
150.0
155.0
162.0
163.0
161.0
168.0
179.0
180.0
181.0
184.0
183.0
185.0
185.0
186.0
188.0
189.0
190.0
193.0
191.0
175.0
175.0
172.0
175.0
200.0
203.0
198.0
198.0
198.0
198.0
194.0
195.0
193.0
191.0
186.0
186.0
187.0
188.0
186.0
182.0
181.0
179.0
177.0
176.0
174.0
187.0
185.0
184.0
190.0
193.0
193.0
188.0
201.0
197.0
193.0
174.0
161.0
165.0
157.0
150.0
148.0
143.0
133.0
130.0
131.0
126.0
109.0
116.0
114.0
107.0
104.0
105.0
107.0
106.0
112.0
116.0
126.0
127.0
137.0
138.0
158.0
157.0
159.0
147.0
150.0
157.0
161.0
165.0
160.0
164.0
172.0
167.0
173.0
168.0
170.0
178.0
187.0
181.0
181.0
178.0
183.0
192.0
183.0
169.0
169.0
187.0
172.0
173.0
157.0
154.0
161.0
144.0
145.0
155.0
162.0
155.0
148.0
157.0
164.0
165.0
160.0
163.0
164.0
164.0
170.0
179.0
176.0
178.0
179.0
185.0
183.0
187.0
187.0
183.0
186.0
181.0
181.0
175.0
167.0
166.0
169.0
171.0
169.0
171.0
167.0
167.0
163.0
161.0
154.0
163.0
165.0
160.0
157.0
157.0
154.0
154.0
149.0
148.0
147.0
143.0
139.0
141.0
135.0
131.0
133.0
132.0
125.0
112.0
112.0
116.0
113.0
117.0
123.0
135.0
141.0
144.0
140.0
146.0
150.0
152.0
154.0
154.0
152.0
150.0
153.0
158.0
151.0
154.0
159.0
163.0
160.0
164.0
166.0
158.0
157.0
157.0
159.0
162.0
154.0
152.0
154.0
154.0
156.0
153.0
153.0
146.0
145.0
141.0
130.0
116.0
126.0
123.0
119.0
116.0
115.0
113.0
108.0
108.0
106.0
104.0
106.0
109.0
117.0
123.0
126.0
128.0
127.0
133.0
133.0
133.0
135.0
134.0
126.0
123.0
130.0
133.0
135.0
136.0
130.0
119.0
114.0
115.0
110.0
106.0
94.0
91.0
89.0
88.0
87.0
87.0
89.0
89.0
87.0
93.0
93.0
100.0
102.0
105.0
105.0
107.0
107.0
105.0
112.0
116.0
110.0
113.0
135.0
143.0
132.0
127.0
128.0
132.0
135.0
135.0
135.0
131.0
145.0
155.0
159.0
162.0
166.0
157.0
137.0
146.0
155.0
148.0
146.0
155.0
163.0
160.0
160.0
173.0
179.0
181.0
182.0
182.0
185.0
186.0
187.0
188.0
186.0
176.0
177.0
181.0
185.0
184.0
180.0
178.0
182.0
183.0
183.0
181.0
177.0
187.0
191.0
190.0
187.0
180.0
176.0
173.0
170.0
171.0
173.0
172.0
173.0
170.0
164.0
163.0
156.0
156.0
156.0
163.0
164.0
165.0
163.0
161.0
163.0
158.0
175.0
173.0
157.0
149.0
146.0
142.0
137.0
130.0
130.0
123.0
118.0
108.0
103.0
96.0
100.0
102.0
96.0
95.0
102.0
109.0
119.0
112.0
105.0
107.0
114.0
118.0
117.0
118.0
120.0
121.0
124.0
125.0
106.0
89.0
89.0
87.0
95.0
101.0
106.0
108.0
108.0
111.0
115.0
118.0
122.0
132.0
129.0
132.0
135.0
126.0
130.0
130.0
123.0
118.0
124.0
132.0
131.0
125.0
124.0
119.0
111.0
102.0
100.0
93.0
80.0
90.0
94.0
95.0
98.0
99.0
109.0
117.0
122.0
127.0
126.0
129.0
127.0
130.0
132.0
133.0
135.0
142.0
147.0
151.0
156.0
162.0
169.0
175.0
177.0
183.0
184.0
189.0
187.0
192.0
192.0
191.0
192.0
196.0
191.0
183.0
184.0
184.0
183.0
184.0
182.0
182.0
183.0
202.0
206.0
214.0
221.0
217.0
233.0
239.0
246.0
240.0
247.0
242.0
234.0
232.0
223.0
216.0
218.0
220.0
202.0
146.0
120.0
121.0
133.0
146.0
150.0
146.0
142.0
143.0
138.0
122.0
129.0
138.0
146.0
144.0
141.0
142.0
138.0
155.0
157.0
161.0
158.0
156.0
168.0
159.0
166.0
168.0
160.0
169.0
169.0
153.0
147.0
157.0
152.0
155.0
149.0
145.0
139.0
137.0
127.0
130.0
127.0
119.0
118.0
121.0
116.0
105.0
106.0
119.0
120.0
116.0
117.0
117.0
117.0
125.0
138.0
136.0
137.0
141.0
156.0
157.0
152.0
134.0
141.0
131.0
129.0
135.0
137.0
140.0
140.0
136.0
130.0
116.0
119.0
127.0
113.0
110.0
135.0
143.0
127.0
126.0
123.0
130.0
141.0
150.0
143.0
131.0
134.0
148.0
147.0
140.0
161.0
164.0
158.0
169.0
187.0
184.0
165.0
180.0
183.0
176.0
176.0
186.0
187.0
178.0
174.0
193.0
177.0
172.0
175.0
175.0
176.0
178.0
191.0
194.0
185.0
185.0
201.0
212.0
186.0
169.0
163.0
171.0
194.0
196.0
192.0
187.0
185.0
187.0
202.0
200.0
156.0
131.0
153.0
237.0
233.0
209.0
203.0
199.0
208.0
198.0
182.0
158.0
157.0
164.0
171.0
149.0
130.0
123.0
116.0
115.0
122.0
137.0
120.0
114.0
138.0
136.0
112.0
109.0
108.0
108.0
112.0
117.0
119.0
125.0
128.0
130.0
140.0
172.0
193.0
198.0
215.0
223.0
233.0
238.0
245.0
250.0
261.0
270.0
277.0
287.0
290.0
291.0
291.0
290.0
280.0
283.0
285.0
278.0
284.0
292.0
288.0
275.0
269.0
248.0
250.0
251.0
247.0
245.0
232.0
230.0
244.0
252.0
248.0
247.0
257.0
248.0
240.0
248.0
250.0
241.0
236.0
273.0
282.0
248.0
232.0
230.0
209.0
196.0
179.0
163.0
149.0
126.0
115.0
109.0
112.0
120.0
107.0
101.0
74.0
54.0
45.0
44.0
48.0
51.0
65.0
78.0
86.0
74.0
64.0
122.0
140.0
154.0
182.0
174.0
144.0
137.0
160.0
161.0
149.0
155.0
149.0
149.0
137.0
131.0
140.0
134.0
144.0
139.0
141.0
173.0
180.0
175.0
175.0
174.0
164.0
152.0
138.0
129.0
120.0
110.0
94.0
84.0
76.0
72.0
78.0
77.0
84.0
91.0
95.0
95.0
95.0
95.0
99.0
99.0
97.0
97.0
94.0
92.0
89.0
87.0
81.0
73.0
70.0
79.0
84.0
75.0
77.0
88.0
88.0
94.0
97.0
97.0
101.0
107.0
110.0
116.0
122.0
126.0
131.0
135.0
147.0
153.0
163.0
165.0
178.0
181.0
188.0
195.0
197.0
204.0
200.0
203.0
190.0
183.0
170.0
160.0
157.0
152.0
146.0
147.0
149.0
149.0
144.0
129.0
133.0
136.0
131.0
123.0
121.0
117.0
112.0
106.0
96.0
91.0
99.0
103.0
108.0
112.0
119.0
115.0
122.0
118.0
124.0
130.0
124.0
123.0
128.0
125.0
128.0
131.0
124.0
120.0
135.0
124.0
122.0
144.0
161.0
163.0
134.0
138.0
160.0
164.0
163.0
162.0
165.0
167.0
167.0
169.0
164.0
166.0
170.0
143.0
148.0
168.0
179.0
175.0
187.0
194.0
172.0
165.0
165.0
163.0
161.0
156.0
148.0
172.0
181.0
180.0
178.0
176.0
174.0
170.0
159.0
164.0
163.0
159.0
159.0
156.0
150.0
151.0
171.0
170.0
156.0
161.0
159.0
155.0
152.0
147.0
142.0
140.0
137.0
134.0
111.0
70.0
77.0
123.0
142.0
134.0
109.0
105.0
110.0
117.0
117.0
116.0
103.0
102.0
102.0
102.0
101.0
104.0
105.0
101.0
103.0
105.0
103.0
105.0
116.0
119.0
121.0
123.0
126.0
129.0
143.0
146.0
130.0
127.0
138.0
142.0
116.0
97.0
107.0
111.0
98.0
103.0
99.0
106.0
107.0
99.0
105.0
117.0
106.0
102.0
111.0
114.0
67.0
95.0
117.0
133.0
119.0
123.0
136.0
150.0
154.0
159.0
156.0
158.0
144.0
154.0
164.0
153.0
153.0
149.0
148.0
160.0
160.0
140.0
138.0
139.0
130.0
128.0
125.0
118.0
113.0
127.0
128.0
138.0
137.0
142.0
127.0
134.0
146.0
159.0
144.0
131.0
132.0
135.0
133.0
135.0
127.0
136.0
146.0
135.0
139.0
146.0
145.0
148.0
143.0
143.0
142.0
139.0
149.0
151.0
146.0
147.0
158.0
155.0
158.0
156.0
156.0
151.0
147.0
146.0
149.0
151.0
153.0
150.0
151.0
163.0
154.0
151.0
150.0
154.0
153.0
143.0
137.0
138.0
144.0
131.0
136.0
149.0
153.0
144.0
151.0
154.0
144.0
137.0
134.0
130.0
124.0
129.0
127.0
130.0
113.0
98.0
90.0
92.0
102.0
107.0
113.0
98.0
102.0
102.0
89.0
93.0
94.0
97.0
107.0
108.0
100.0
95.0
100.0
90.0
95.0
94.0
92.0
78.0
95.0
98.0
67.0
62.0
83.0
83.0
94.0
110.0
95.0
88.0
97.0
92.0
103.0
111.0
127.0
107.0
107.0
119.0
109.0
122.0
128.0
136.0
139.0
140.0
140.0
149.0
147.0
149.0
151.0
147.0
147.0
148.0
142.0
133.0
120.0
125.0
123.0
102.0
76.0
109.0
115.0
122.0
129.0
132.0
127.0
132.0
139.0
146.0
155.0
156.0
158.0
161.0
178.0
185.0
192.0
195.0
196.0
194.0
197.0
201.0
207.0
207.0
207.0
214.0
217.0
216.0
217.0
218.0
221.0
224.0
219.0
219.0
219.0
224.0
227.0
227.0
231.0
240.0
241.0
246.0
239.0
240.0
242.0
243.0
245.0
248.0
248.0
252.0
253.0
252.0
251.0
250.0
250.0
245.0
242.0
244.0
241.0
236.0
235.0
229.0
227.0
225.0
218.0
213.0
205.0
194.0
196.0
196.0
197.0
199.0
180.0
164.0
158.0
165.0
172.0
167.0
162.0
159.0
154.0
153.0
152.0
151.0
149.0
137.0
118.0
104.0
87.0
88.0
95.0
110.0
124.0
124.0
130.0
123.0
114.0
104.0
90.0
91.0
94.0
93.0
92.0
87.0
90.0
92.0
98.0
96.0
95.0
109.0
117.0
116.0
122.0
133.0
145.0
147.0
150.0
166.0
192.0
212.0
227.0
234.0
241.0
