170.0
163.0
165.0
178.0
179.0
168.0
175.0
180.0
180.0
177.0
169.0
166.0
169.0
169.0
170.0
167.0
166.0
165.0
167.0
158.0
153.0
148.0
140.0
119.0
101.0
85.0
85.0
86.0
92.0
100.0
110.0
117.0
128.0
136.0
137.0
118.0
118.0
123.0
130.0
136.0
130.0
124.0
124.0
119.0
116.0
116.0
115.0
115.0
113.0
112.0
109.0
109.0
122.0
129.0
128.0
128.0
124.0
127.0
123.0
125.0
122.0
121.0
123.0
120.0
126.0
129.0
130.0
133.0
135.0
142.0
141.0
141.0
143.0
152.0
158.0
162.0
164.0
172.0
181.0
188.0
193.0
201.0
211.0
216.0
224.0
234.0
236.0
235.0
236.0
231.0
243.0
246.0
246.0
241.0
231.0
220.0
206.0
208.0
191.0
182.0
173.0
168.0
157.0
156.0
158.0
167.0
177.0
175.0
165.0
163.0
151.0
148.0
143.0
139.0
133.0
136.0
142.0
141.0
137.0
133.0
114.0
108.0
109.0
109.0
108.0
103.0
108.0
107.0
110.0
112.0
113.0
113.0
114.0
118.0
118.0
113.0
120.0
122.0
127.0
128.0
135.0
134.0
144.0
153.0
153.0
169.0
174.0
183.0
186.0
195.0
200.0
208.0
219.0
229.0
244.0
242.0
235.0
225.0
234.0
229.0
221.0
211.0
202.0
198.0
195.0
201.0
208.0
218.0
220.0
228.0
225.0
223.0
224.0
234.0
237.0
239.0
228.0
231.0
242.0
236.0
240.0
252.0
247.0
252.0
251.0
236.0
217.0
193.0
187.0
173.0
155.0
147.0
139.0
139.0
137.0
126.0
126.0
125.0
116.0
126.0
120.0
117.0
116.0
109.0
114.0
111.0
111.0
110.0
110.0
113.0
111.0
109.0
108.0
115.0
116.0
111.0
118.0
120.0
118.0
120.0
118.0
130.0
128.0
129.0
141.0
142.0
139.0
137.0
134.0
143.0
144.0
143.0
142.0
147.0
147.0
133.0
124.0
136.0
137.0
137.0
134.0
137.0
143.0
146.0
140.0
142.0
145.0
146.0
147.0
147.0
149.0
151.0
153.0
157.0
155.0
151.0
154.0
174.0
177.0
180.0
172.0
166.0
166.0
163.0
161.0
161.0
159.0
150.0
145.0
142.0
144.0
141.0
138.0
134.0
130.0
133.0
142.0
152.0
143.0
142.0
144.0
146.0
148.0
159.0
155.0
159.0
153.0
153.0
154.0
155.0
148.0
155.0
152.0
156.0
170.0
177.0
172.0
178.0
177.0
181.0
188.0
187.0
193.0
205.0
211.0
217.0
214.0
207.0
210.0
217.0
223.0
223.0
220.0
230.0
224.0
224.0
229.0
222.0
221.0
218.0
218.0
212.0
209.0
194.0
187.0
185.0
193.0
209.0
198.0
189.0
210.0
211.0
211.0
200.0
190.0
193.0
185.0
180.0
167.0
157.0
147.0
144.0
139.0
126.0
123.0
117.0
110.0
103.0
103.0
112.0
104.0
98.0
104.0
107.0
110.0
119.0
119.0
126.0
131.0
130.0
128.0
137.0
127.0
134.0
153.0
144.0
145.0
154.0
142.0
147.0
144.0
122.0
106.0
109.0
113.0
113.0
105.0
97.0
98.0
109.0
112.0
113.0
100.0
92.0
82.0
79.0
77.0
80.0
85.0
91.0
95.0
108.0
118.0
151.0
174.0
183.0
192.0
206.0
214.0
225.0
235.0
220.0
209.0
194.0
186.0
192.0
193.0
185.0
164.0
145.0
142.0
140.0
134.0
137.0
136.0
146.0
152.0
150.0
144.0
156.0
159.0
169.0
173.0
172.0
173.0
176.0
177.0
174.0
179.0
159.0
154.0
164.0
162.0
150.0
149.0
141.0
136.0
134.0
157.0
160.0
164.0
159.0
160.0
170.0
168.0
165.0
173.0
184.0
182.0
189.0
185.0
188.0
187.0
191.0
200.0
201.0
212.0
221.0
222.0
229.0
225.0
214.0
187.0
180.0
169.0
154.0
145.0
135.0
127.0
129.0
125.0
117.0
114.0
119.0
115.0
117.0
112.0
99.0
98.0
104.0
95.0
92.0
92.0
94.0
93.0
84.0
95.0
100.0
103.0
109.0
101.0
105.0
107.0
114.0
124.0
126.0
128.0
121.0
120.0
123.0
128.0
139.0
136.0
140.0
147.0
155.0
165.0
160.0
163.0
172.0
183.0
187.0
189.0
192.0
188.0
189.0
197.0
200.0
203.0
205.0
205.0
211.0
212.0
216.0
216.0
201.0
209.0
221.0
217.0
199.0
202.0
212.0
207.0
205.0
202.0
195.0
195.0
185.0
177.0
174.0
188.0
185.0
187.0
174.0
167.0
172.0
174.0
175.0
171.0
169.0
157.0
175.0
186.0
171.0
164.0
172.0
179.0
185.0
188.0
191.0
190.0
182.0
189.0
195.0
193.0
191.0
185.0
188.0
203.0
195.0
183.0
194.0
199.0
199.0
208.0
213.0
222.0
226.0
222.0
222.0
226.0
226.0
236.0
230.0
242.0
247.0
250.0
249.0
252.0
253.0
255.0
253.0
254.0
252.0
250.0
242.0
247.0
248.0
249.0
235.0
242.0
241.0
239.0
234.0
227.0
224.0
202.0
202.0
193.0
173.0
157.0
150.0
145.0
146.0
157.0
151.0
139.0
144.0
145.0
147.0
144.0
144.0
146.0
153.0
151.0
152.0
156.0
165.0
165.0
155.0
152.0
168.0
152.0
146.0
161.0
172.0
167.0
177.0
175.0
164.0
164.0
161.0
155.0
160.0
161.0
151.0
141.0
151.0
180.0
189.0
191.0
188.0
176.0
185.0
192.0
189.0
176.0
174.0
192.0
188.0
179.0
174.0
172.0
185.0
183.0
182.0
171.0
165.0
173.0
179.0
175.0
167.0
165.0
178.0
188.0
189.0
188.0
184.0
182.0
185.0
194.0
192.0
178.0
194.0
200.0
213.0
212.0
217.0
224.0
232.0
244.0
240.0
237.0
249.0
252.0
251.0
247.0
244.0
240.0
228.0
225.0
228.0
232.0
232.0
240.0
224.0
214.0
211.0
212.0
215.0
219.0
224.0
215.0
217.0
218.0
214.0
217.0
208.0
217.0
219.0
212.0
216.0
214.0
220.0
208.0
212.0
205.0
200.0
202.0
195.0
198.0
190.0
190.0
196.0
187.0
180.0
173.0
170.0
153.0
151.0
148.0
148.0
142.0
130.0
127.0
123.0
114.0
101.0
105.0
116.0
125.0
138.0
142.0
154.0
164.0
167.0
171.0
180.0
178.0
157.0
146.0
137.0
139.0
120.0
105.0
113.0
107.0
109.0
108.0
105.0
107.0
111.0
89.0
69.0
89.0
97.0
96.0
97.0
108.0
93.0
88.0
90.0
93.0
95.0
105.0
114.0
115.0
111.0
103.0
116.0
140.0
136.0
104.0
96.0
103.0
125.0
136.0
143.0
145.0
152.0
153.0
132.0
128.0
154.0
162.0
159.0
140.0
133.0
135.0
136.0
138.0
145.0
148.0
143.0
157.0
186.0
184.0
181.0
176.0
191.0
208.0
197.0
171.0
178.0
191.0
202.0
189.0
160.0
149.0
156.0
157.0
159.0
152.0
146.0
142.0
137.0
127.0
140.0
167.0
172.0
165.0
161.0
172.0
172.0
169.0
164.0
161.0
156.0
150.0
147.0
154.0
160.0
161.0
157.0
160.0
167.0
164.0
146.0
157.0
155.0
140.0
131.0
140.0
141.0
136.0
138.0
132.0
130.0
129.0
127.0
127.0
120.0
125.0
123.0
124.0
130.0
126.0
126.0
133.0
144.0
148.0
160.0
161.0
170.0
182.0
194.0
201.0
205.0
198.0
205.0
208.0
196.0
195.0
187.0
171.0
145.0
127.0
113.0
106.0
107.0
113.0
114.0
132.0
141.0
138.0
143.0
151.0
156.0
151.0
156.0
158.0
164.0
160.0
156.0
166.0
170.0
177.0
183.0
185.0
201.0
215.0
235.0
249.0
262.0
257.0
271.0
288.0
272.0
269.0
298.0
294.0
269.0
286.0
300.0
289.0
290.0
274.0
244.0
233.0
222.0
194.0
175.0
158.0
148.0
140.0
145.0
135.0
140.0
129.0
137.0
142.0
147.0
152.0
139.0
145.0
143.0
130.0
127.0
117.0
119.0
112.0
109.0
106.0
108.0
114.0
126.0
131.0
146.0
162.0
164.0
154.0
158.0
164.0
159.0
151.0
167.0
168.0
158.0
154.0
138.0
143.0
170.0
184.0
179.0
175.0
186.0
207.0
219.0
211.0
206.0
208.0
183.0
155.0
148.0
141.0
145.0
148.0
159.0
160.0
151.0
160.0
169.0
174.0
176.0
182.0
186.0
187.0
177.0
181.0
182.0
169.0
166.0
156.0
149.0
155.0
158.0
157.0
152.0
152.0
144.0
137.0
152.0
161.0
153.0
150.0
155.0
162.0
148.0
142.0
140.0
148.0
151.0
149.0
152.0
151.0
159.0
167.0
152.0
162.0
168.0
158.0
157.0
151.0
141.0
138.0
136.0
139.0
132.0
121.0
103.0
100.0
102.0
102.0
102.0
101.0
97.0
106.0
106.0
105.0
112.0
101.0
98.0
106.0
121.0
123.0
98.0
114.0
145.0
152.0
144.0
137.0
132.0
139.0
157.0
159.0
135.0
147.0
160.0
160.0
160.0
161.0
161.0
162.0
172.0
171.0
169.0
169.0
164.0
152.0
167.0
182.0
177.0
191.0
208.0
203.0
181.0
197.0
218.0
215.0
226.0
225.0
227.0
224.0
225.0
229.0
231.0
221.0
229.0
227.0
215.0
219.0
211.0
171.0
163.0
190.0
215.0
216.0
215.0
213.0
208.0
210.0
204.0
199.0
179.0
180.0
184.0
177.0
171.0
173.0
180.0
175.0
174.0
177.0
173.0
165.0
161.0
167.0
166.0
161.0
156.0
147.0
143.0
146.0
141.0
137.0
126.0
140.0
129.0
95.0
68.0
71.0
96.0
133.0
147.0
148.0
141.0
140.0
144.0
137.0
143.0
142.0
142.0
136.0
117.0
108.0
122.0
119.0
121.0
125.0
121.0
133.0
148.0
171.0
165.0
171.0
180.0
180.0
160.0
157.0
139.0
126.0
130.0
129.0
137.0
148.0
147.0
150.0
141.0
148.0
180.0
198.0
202.0
212.0
223.0
224.0
221.0
219.0
239.0
234.0
237.0
230.0
233.0
251.0
247.0
231.0
231.0
250.0
249.0
244.0
248.0
243.0
236.0
234.0
244.0
240.0
232.0
211.0
202.0
194.0
193.0
197.0
178.0
151.0
152.0
155.0
161.0
144.0
143.0
128.0
113.0
116.0
125.0
130.0
119.0
104.0
110.0
101.0
82.0
84.0
79.0
67.0
49.0
43.0
55.0
50.0
61.0
74.0
99.0
117.0
120.0
129.0
120.0
122.0
123.0
134.0
136.0
138.0
146.0
154.0
155.0
154.0
153.0
147.0
152.0
153.0
148.0
143.0
139.0
141.0
141.0
146.0
152.0
161.0
169.0
178.0
183.0
184.0
189.0
212.0
229.0
226.0
216.0
218.0
218.0
217.0
200.0
181.0
176.0
176.0
177.0
170.0
167.0
172.0
167.0
168.0
165.0
164.0
159.0
147.0
130.0
123.0
104.0
87.0
77.0
75.0
75.0
84.0
85.0
95.0
100.0
109.0
116.0
128.0
145.0
164.0
178.0
185.0
195.0
199.0
215.0
231.0
238.0
245.0
246.0
228.0
222.0
212.0
187.0
161.0
142.0
137.0
129.0
121.0
116.0
117.0
105.0
104.0
109.0
97.0
102.0
100.0
98.0
101.0
97.0
94.0
97.0
100.0
95.0
95.0
97.0
99.0
99.0
93.0
112.0
110.0
111.0
114.0
117.0
120.0
126.0
131.0
133.0
138.0
141.0
145.0
147.0
152.0
157.0
164.0
168.0
174.0
174.0
175.0
178.0
181.0
185.0
195.0
196.0
190.0
191.0
199.0
203.0
189.0
199.0
203.0
207.0
204.0
208.0
192.0
189.0
189.0
188.0
185.0
186.0
193.0
177.0
160.0
155.0
152.0
176.0
189.0
187.0
185.0
172.0
187.0
211.0
213.0
205.0
201.0
194.0
193.0
201.0
203.0
190.0
173.0
172.0
177.0
174.0
168.0
162.0
158.0
155.0
151.0
149.0
141.0
132.0
127.0
119.0
119.0
119.0
118.0
117.0
120.0
115.0
99.0
92.0
98.0
92.0
87.0
105.0
104.0
88.0
79.0
82.0
103.0
106.0
110.0
107.0
109.0
111.0
110.0
115.0
115.0
119.0
119.0
125.0
130.0
130.0
132.0
134.0
132.0
128.0
129.0
142.0
154.0
157.0
163.0
158.0
145.0
139.0
136.0
117.0
93.0
95.0
100.0
104.0
111.0
129.0
137.0
136.0
125.0
115.0
112.0
119.0
160.0
190.0
197.0
220.0
232.0
241.0
241.0
250.0
265.0
271.0
263.0
246.0
213.0
196.0
188.0
179.0
178.0
174.0
167.0
158.0
159.0
157.0
155.0
155.0
152.0
141.0
133.0
143.0
142.0
146.0
142.0
145.0
154.0
154.0
144.0
145.0
152.0
154.0
153.0
157.0
157.0
158.0
160.0
158.0
154.0
139.0
132.0
133.0
133.0
135.0
140.0
129.0
126.0
125.0
121.0
115.0
113.0
120.0
122.0
120.0
122.0
125.0
132.0
135.0
134.0
140.0
148.0
151.0
159.0
162.0
155.0
147.0
144.0
142.0
139.0
141.0
150.0
153.0
160.0
164.0
162.0
167.0
168.0
170.0
172.0
172.0
173.0
169.0
174.0
181.0
189.0
192.0
202.0
196.0
196.0
192.0
183.0
178.0
178.0
194.0
202.0
209.0
221.0
215.0
212.0
205.0
205.0
205.0
199.0
192.0
184.0
173.0
166.0
160.0
164.0
158.0
158.0
155.0
154.0
149.0
149.0
143.0
143.0
134.0
120.0
102.0
85.0
77.0
73.0
69.0
66.0
66.0
68.0
72.0
89.0
96.0
97.0
98.0
97.0
101.0
115.0
126.0
135.0
146.0
145.0
155.0
185.0
201.0
202.0
207.0
215.0
219.0
228.0
241.0
240.0
238.0
227.0
209.0
198.0
189.0
168.0
131.0
102.0
76.0
71.0
77.0
71.0
58.0
68.0
70.0
69.0
81.0
77.0
80.0
99.0
104.0
106.0
115.0
121.0
120.0
108.0
86.0
108.0
118.0
123.0
129.0
126.0
128.0
151.0
150.0
145.0
164.0
168.0
158.0
164.0
182.0
161.0
164.0
172.0
184.0
196.0
187.0
154.0
148.0
157.0
159.0
171.0
176.0
176.0
182.0
188.0
192.0
190.0
180.0
191.0
201.0
209.0
207.0
191.0
200.0
194.0
200.0
205.0
186.0
189.0
193.0
198.0
198.0
197.0
200.0
208.0
208.0
196.0
186.0
175.0
167.0
102.0
116.0
124.0
114.0
111.0
103.0
116.0
121.0
121.0
120.0
124.0
119.0
120.0
122.0
124.0
126.0
120.0
119.0
131.0
132.0
132.0
136.0
145.0
151.0
158.0
160.0
165.0
179.0
176.0
177.0
177.0
169.0
161.0
161.0
153.0
130.0
110.0
108.0
100.0
101.0
102.0
101.0
99.0
101.0
100.0
101.0
104.0
101.0
101.0
101.0
106.0
106.0
105.0
106.0
106.0
105.0
105.0
110.0
113.0
117.0
122.0
116.0
115.0
118.0
118.0
138.0
146.0
147.0
151.0
157.0
162.0
162.0
165.0
169.0
172.0
175.0
180.0
183.0
179.0
176.0
172.0
170.0
162.0
156.0
147.0
125.0
106.0
108.0
136.0
152.0
149.0
167.0
182.0
184.0
187.0
193.0
195.0
192.0
193.0
193.0
193.0
192.0
190.0
189.0
188.0
190.0
193.0
203.0
214.0
216.0
225.0
246.0
247.0
246.0
236.0
241.0
246.0
249.0
240.0
229.0
212.0
188.0
166.0
143.0
127.0
118.0
114.0
105.0
100.0
95.0
94.0
92.0
88.0
83.0
75.0
73.0
76.0
76.0
79.0
86.0
89.0
92.0
88.0
98.0
106.0
111.0
116.0
114.0
126.0
137.0
149.0
157.0
161.0
171.0
170.0
169.0
167.0
164.0
165.0
164.0
161.0
160.0
154.0
148.0
142.0
139.0
137.0
137.0
143.0
150.0
153.0
154.0
150.0
143.0
141.0
141.0
138.0
134.0
136.0
137.0
137.0
141.0
153.0
156.0
163.0
166.0
160.0
154.0
148.0
145.0
136.0
125.0
119.0
107.0
106.0
109.0
110.0
112.0
108.0
120.0
120.0
118.0
121.0
128.0
124.0
127.0
132.0
131.0
133.0
136.0
118.0
106.0
104.0
136.0
141.0
143.0
133.0
130.0
139.0
141.0
139.0
140.0
148.0
141.0
143.0
141.0
142.0
147.0
147.0
146.0
147.0
148.0
150.0
150.0
151.0
151.0
149.0
144.0
149.0
148.0
149.0
148.0
148.0
145.0
146.0
142.0
147.0
144.0
145.0
143.0
145.0
148.0
151.0
152.0
156.0
158.0
148.0
141.0
156.0
164.0
165.0
169.0
175.0
180.0
184.0
186.0
187.0
179.0
175.0
188.0
190.0
182.0
189.0
178.0
171.0
166.0
162.0
163.0
164.0
169.0
174.0
172.0
174.0
179.0
182.0
189.0
192.0
195.0
196.0
198.0
194.0
195.0
192.0
188.0
186.0
181.0
180.0
170.0
170.0
167.0
166.0
161.0
159.0
158.0
149.0
146.0
149.0
149.0
154.0
154.0
154.0
166.0
171.0
179.0
180.0
172.0
167.0
166.0
159.0
158.0
152.0
154.0
148.0
133.0
128.0
127.0
137.0
140.0
147.0
140.0
142.0
142.0
144.0
154.0
164.0
172.0
177.0
181.0
184.0
186.0
190.0
186.0
189.0
189.0
190.0
203.0
193.0
169.0
141.0
121.0
100.0
92.0
89.0
86.0
84.0
83.0
86.0
92.0
98.0
99.0
100.0
97.0
94.0
90.0
87.0
85.0
85.0
91.0
96.0
104.0
97.0
93.0
94.0
99.0
93.0
94.0
91.0
100.0
104.0
107.0
104.0
101.0
102.0
106.0
100.0
104.0
112.0
118.0
120.0
113.0
107.0
106.0
102.0
103.0
98.0
96.0
94.0
94.0
95.0
91.0
85.0
85.0
82.0
85.0
89.0
89.0
90.0
94.0
94.0
95.0
95.0
90.0
90.0
94.0
95.0
101.0
103.0
110.0
111.0
109.0
108.0
104.0
104.0
102.0
100.0
104.0
107.0
103.0
106.0
107.0
102.0
101.0
100.0
101.0
97.0
94.0
102.0
100.0
94.0
93.0
98.0
97.0
100.0
104.0
109.0
108.0
115.0
121.0
130.0
128.0
135.0
158.0
187.0
210.0
219.0
213.0
206.0
217.0
219.0
210.0
182.0
179.0
184.0
163.0
146.0
129.0
116.0
113.0
110.0
106.0
108.0
101.0
100.0
108.0
108.0
107.0
107.0
107.0
108.0
109.0
110.0
114.0
110.0
115.0
116.0
117.0
121.0
122.0
123.0
120.0
119.0
120.0
118.0
112.0
108.0
104.0
104.0
107.0
95.0
89.0
91.0
89.0
86.0
84.0
86.0
86.0
87.0
92.0
90.0
90.0
92.0
94.0
90.0
89.0
96.0
97.0
98.0
99.0
99.0
98.0
100.0
98.0
99.0
101.0
101.0
101.0
100.0
101.0
101.0
103.0
108.0
109.0
111.0
112.0
113.0
114.0
113.0
114.0
117.0
117.0
115.0
111.0
110.0
109.0
107.0
106.0
104.0
103.0
108.0
108.0
107.0
106.0
104.0
105.0
104.0
106.0
107.0
107.0
106.0
106.0
107.0
108.0
110.0
112.0
111.0
111.0
104.0
94.0
92.0
95.0
95.0
96.0
93.0
92.0
90.0
82.0
85.0
101.0
104.0
98.0
102.0
101.0
99.0
99.0
99.0
98.0
100.0
103.0
106.0
107.0
112.0
117.0
125.0
128.0
138.0
146.0
155.0
161.0
168.0
174.0
179.0
184.0
192.0
192.0
190.0
180.0
164.0
157.0
156.0
154.0
157.0
161.0
164.0
171.0
175.0
181.0
189.0
191.0
199.0
203.0
204.0
205.0
209.0
209.0
203.0
204.0
207.0
210.0
208.0
213.0
211.0
207.0
203.0
214.0
217.0
219.0
222.0
231.0
235.0
240.0
240.0
242.0
246.0
244.0
251.0
249.0
247.0
253.0
258.0
260.0
263.0
267.0
261.0
262.0
262.0
263.0
265.0
269.0
270.0
268.0
265.0
266.0
260.0
259.0
259.0
260.0
256.0
249.0
252.0
259.0
251.0
243.0
265.0
283.0
287.0
286.0
288.0
291.0
308.0
325.0
335.0
329.0
327.0
325.0
324.0
322.0
320.0
320.0
318.0
309.0
308.0
297.0
289.0
274.0
265.0
259.0
262.0
261.0
249.0
244.0
237.0
230.0
229.0
233.0
230.0
234.0
234.0
235.0
243.0
247.0
250.0
255.0
264.0
262.0
255.0
257.0
259.0
258.0
251.0
252.0
249.0
252.0
250.0
244.0
237.0
232.0
228.0
222.0
209.0
198.0
186.0
179.0
169.0
163.0
157.0
153.0
148.0
138.0
127.0
122.0
119.0
117.0
116.0
114.0
112.0
115.0
117.0
115.0
110.0
117.0
118.0
106.0
101.0
110.0
107.0
108.0
106.0
105.0
103.0
102.0
110.0
110.0
106.0
110.0
105.0
103.0
109.0
109.0
108.0
108.0
112.0
114.0
119.0
118.0
113.0
120.0
118.0
120.0
122.0
121.0
123.0
124.0
124.0
126.0
131.0
132.0
131.0
130.0
134.0
127.0
121.0
134.0
137.0
142.0
143.0
146.0
147.0
147.0
148.0
149.0
150.0
151.0
152.0
154.0
157.0
156.0
155.0
155.0
154.0
155.0
154.0
153.0
152.0
156.0
156.0
156.0
156.0
156.0
155.0
155.0
156.0
158.0
161.0
152.0
148.0
159.0
157.0
155.0
158.0
163.0
163.0
164.0
165.0
165.0
164.0
165.0
169.0
172.0
174.0
172.0
171.0
176.0
176.0
186.0
188.0
180.0
195.0
222.0
243.0
221.0
225.0
228.0
233.0
233.0
246.0
270.0
274.0
263.0
267.0
269.0
277.0
285.0
285.0
288.0
293.0
294.0
289.0
296.0
315.0
325.0
332.0
332.0
341.0
345.0
354.0
351.0
344.0
351.0
358.0
358.0
357.0
357.0
354.0
346.0
342.0
340.0
348.0
345.0
343.0
339.0
332.0
328.0
317.0
304.0
305.0
300.0
294.0
294.0
296.0
299.0
294.0
292.0
294.0
289.0
280.0
274.0
282.0
277.0
266.0
265.0
266.0
267.0
249.0
241.0
232.0
223.0
214.0
219.0
216.0
207.0
208.0
211.0
210.0
206.0
206.0
208.0
202.0
196.0
199.0
197.0
186.0
182.0
171.0
160.0
148.0
141.0
137.0
125.0
115.0
117.0
122.0
122.0
115.0
114.0
110.0
95.0
80.0
69.0
62.0
68.0
78.0
93.0
102.0
111.0
109.0
106.0
104.0
96.0
87.0
72.0
64.0
57.0
62.0
72.0
78.0
108.0
139.0
153.0
162.0
159.0
158.0
152.0
149.0
130.0
116.0
106.0
101.0
99.0
95.0
101.0
105.0
104.0
104.0
107.0
109.0
113.0
114.0
115.0
116.0
120.0
118.0
123.0
128.0
126.0
126.0
124.0
124.0
123.0
120.0
120.0
118.0
119.0
124.0
120.0
118.0
120.0
120.0
125.0
139.0
140.0
141.0
155.0
162.0
177.0
196.0
204.0
203.0
214.0
219.0
225.0
232.0
235.0
236.0
234.0
233.0
231.0
227.0
228.0
224.0
225.0
227.0
235.0
227.0
219.0
216.0
210.0
201.0
195.0
180.0
166.0
142.0
124.0
118.0
118.0
119.0
99.0
83.0
93.0
104.0
104.0
109.0
102.0
107.0
107.0
99.0
86.0
101.0
105.0
102.0
99.0
95.0
94.0
90.0
79.0
81.0
84.0
88.0
79.0
89.0
95.0
93.0
93.0
96.0
95.0
101.0
101.0
102.0
102.0
103.0
104.0
105.0
107.0
109.0
111.0
115.0
115.0
116.0
117.0
118.0
118.0
118.0
119.0
117.0
119.0
116.0
124.0
135.0
124.0
122.0
122.0
123.0
122.0
123.0
127.0
120.0
118.0
130.0
135.0
121.0
121.0
121.0
122.0
125.0
125.0
116.0
114.0
130.0
135.0
135.0
135.0
133.0
142.0
140.0
138.0
139.0
137.0
135.0
132.0
128.0
124.0
120.0
115.0
112.0
109.0
103.0
100.0
99.0
94.0
90.0
89.0
89.0
89.0
90.0
97.0
95.0
85.0
85.0
86.0
84.0
