1.93 0.24 96.31 36.52
20.81 8.86 136.87 24.58
37.18 8.75 173.31 27.35
53.62 8.91 215.81 22.11
69.87 8.84 257.00 22.59
86.31 8.72 299.50 34.03
102.75 8.88 335.68 22.44
119.12 8.78 376.00 21.73
135.56 8.92 411.37 19.65
151.93 8.83 447.25 21.28
168.31 8.72 484.68 21.26
184.75 8.88 522.31 22.46
201.18 8.77 561.18 41.24
217.62 8.91 596.50 22.28
234.00 8.82 633.18 19.73
250.37 8.71 667.18 17.78
266.81 8.86 703.87 17.79
283.25 8.75 738.75 18.27
299.75 9.13 779.56 27.45
316.12 9.04 808.18 18.68
332.50 8.94 840.56 36.74
348.93 9.08 868.43 41.11
365.25 9.01 908.00 22.58
381.75 9.14 935.31 38.62
398.18 9.02 978.37 37.43
414.50 8.94 1004.87 35.52
431.00 9.07 1027.50 70.56
447.37 8.97 1059.81 14.56
463.81 9.11 1100.62 23.47
480.31 8.98 1129.75 18.01
496.62 8.91 1161.75 37.42
513.12 9.03 1188.25 18.06
529.50 8.94 1216.62 22.97
545.93 9.08 1263.93 53.32
562.43 8.95 1273.18 26.93
578.68 8.89 1310.00 15.99
595.31 9.02 1337.12 13.48
611.81 8.90 1365.62 20.45
628.31 9.00 1390.31 16.95
644.68 8.93 1420.31 16.01
660.93 8.86 1436.93 53.04
677.50 8.96 1475.25 15.50
693.81 8.90 1503.50 15.31
710.31 8.74 1536.12 32.34
726.68 8.93 1556.68 17.18
743.00 8.84 1581.50 14.94
759.50 8.96 1608.12 14.82
775.81 8.90 1632.50 15.45
792.31 8.74 1658.25 14.50
808.75 8.91 1683.12 15.16
824.93 8.86 1699.56 14.03
841.56 8.94 1731.06 13.74
858.25 8.87 1752.18 36.37
874.68 8.77 1788.37 25.23
891.18 8.89 1810.43 23.08
907.43 8.85 1842.00 32.46
923.93 8.94 1860.00 25.01
940.31 8.85 1874.81 12.11
956.75 8.74 1911.06 30.08
973.18 8.89 1917.31 18.50
989.37 8.83 1936.25 31.19
1005.93 8.93 1975.06 30.28
1022.56 8.87 1981.00 33.15
1038.93 8.77 1998.25 50.08
1055.31 8.89 2020.93 41.99
1071.62 8.84 2052.87 17.21
1088.18 8.93 2087.62 46.76
1104.56 8.87 2092.43 12.79
1120.93 8.78 2111.12 12.17
1137.37 8.87 2141.12 16.97
1153.62 8.84 2153.68 12.20
1170.18 8.68 2175.06 11.55
1186.62 8.82 2192.50 22.70
1203.00 8.77 2218.25 19.99
1219.50 8.84 2233.06 10.57
1235.68 8.83 2254.50 11.59
1252.25 8.67 2271.81 9.84
1268.62 8.82 2288.43 13.43
1284.93 8.80 2309.81 10.34
1301.56 9.07 2321.68 23.19
1317.75 9.06 2346.18 10.14
1334.37 9.14 2365.75 12.55
1350.68 9.05 2373.75 62.67
1367.12 8.99 2400.43 11.15
1383.62 9.05 2420.06 50.83
1399.81 9.04 2438.25 18.42
1416.37 9.15 2452.18 10.52
1432.68 9.05 2484.25 44.73
1449.12 8.95 2474.75 24.59
1465.50 9.10 2500.06 11.60
1481.87 9.02 2515.87 21.91
1498.37 9.15 2533.87 35.87
1514.87 8.98 2549.62 11.27
1531.18 8.93 2563.56 17.04
1547.68 9.04 2587.81 22.50
1564.00 8.98 2605.50 21.41
1580.37 8.90 2612.25 11.10
1597.31 9.09 2633.06 11.91
1613.56 9.09 2641.43 21.40
1630.18 9.14 2660.62 9.97
1646.37 9.07 2674.50 8.01
1662.81 9.04 2688.00 17.34
1679.43 9.05 2702.50 9.43
1695.62 9.07 2718.87 8.74
1712.31 9.09 2730.62 34.34
1728.43 9.05 2748.50 10.25
1744.87 9.02 2761.12 8.15
1761.43 9.05 2773.87 8.64
1777.62 9.07 2787.81 8.25
1794.31 9.09 2802.12 9.16
1810.43 9.05 2814.31 8.30
1826.93 8.99 2826.81 10.31
1843.43 9.08 2842.81 7.05
1859.62 9.04 2849.06 25.32
1876.25 9.16 2875.75 26.02
1892.50 9.06 2881.00 6.38
1908.93 9.04 2892.50 5.98
1925.37 9.11 2893.37 48.62
1941.68 9.02 2918.62 7.34
1958.25 9.16 2932.56 37.12
1974.56 9.04 2950.12 19.93
1990.93 9.04 2948.18 22.67
2007.50 9.06 2961.00 29.52
2023.68 9.06 2978.87 24.11
2040.12 8.99 2983.93 17.91
2056.62 9.05 3022.87 67.85
2072.87 9.09 3013.50 40.33
2089.56 9.07 3033.56 27.35
2105.81 9.02 3046.93 61.81
2122.18 8.97 3050.25 22.85
2138.75 9.01 3057.06 7.66
2155.00 9.05 3067.87 7.33
2171.68 9.03 3079.56 16.62
2187.87 9.00 3089.12 5.90
2204.25 8.96 3101.93 5.88
2220.81 8.99 3112.12 5.13
2237.12 9.02 3123.68 8.99
2253.75 9.02 3132.68 6.02
2269.87 9.00 3141.81 5.11
2286.25 8.96 3145.87 22.65
2302.81 9.25 3165.18 49.46
2319.06 9.19 3171.00 6.57
2335.68 9.29 3171.43 34.87
2352.06 9.19 3188.25 12.03
2368.31 9.20 3200.75 6.23
2384.93 9.21 3207.68 8.24
2401.18 9.15 3221.12 11.51
2417.68 9.30 3229.00 5.98
2434.06 9.19 3243.12 23.02
2450.31 9.20 3245.31 22.46
2466.93 9.21 3254.56 5.77
2483.12 9.16 3267.43 29.63
2499.56 9.33 3263.00 23.92
2516.12 9.15 3281.31 4.13
2532.43 9.16 3299.75 26.66
2549.12 9.15 3315.31 63.99
2565.18 9.16 3309.00 8.87
2581.75 9.28 3314.37 6.12
2598.18 9.19 3337.37 60.40
2614.56 9.18 3338.87 22.80
2631.18 9.18 3344.18 15.56
2647.31 9.17 3353.12 26.41
2663.87 9.30 3372.00 56.52
2680.31 9.14 3373.06 24.83
2696.62 9.16 3366.37 20.22
2713.25 9.16 3370.75 22.03
2729.37 9.15 3385.18 5.01
2745.87 9.05 3393.68 14.52
2762.31 9.14 3398.93 7.15
2778.56 9.14 3409.12 6.10
2795.18 9.19 3414.75 5.57
2811.37 9.15 3407.68 56.87
2827.81 9.08 3427.93 8.58
2844.37 9.16 3437.93 3.40
2860.68 9.18 3448.12 13.34
2877.18 9.22 3453.25 6.50
2893.43 9.16 3459.37 5.22
2909.68 9.18 3465.75 4.74
2926.37 9.16 3475.56 17.76
2942.68 9.17 3477.62 3.89
2959.25 9.19 3485.18 17.30
2975.43 9.14 3484.06 28.60
2991.75 9.15 3495.37 5.08
3008.43 9.14 3503.00 31.02
3024.68 9.22 3510.43 11.88
3041.31 9.20 3516.68 5.72
3057.56 9.16 3492.93 71.43
3073.81 9.16 3535.37 18.33
3090.43 9.16 3536.12 5.29
3106.75 9.15 3550.62 27.34
3123.37 9.21 3544.12 7.78
3139.68 9.13 3558.12 20.49
3155.93 9.14 3566.31 31.66
3172.50 9.15 3566.25 8.26
3188.81 9.11 3562.81 23.19
3205.25 9.01 3576.50 2.83
3221.75 9.12 3577.56 22.74
3238.00 9.13 3587.37 2.80
3254.56 9.14 3593.37 3.65
3270.81 9.11 3597.56 5.21
3287.18 9.05 3599.93 15.42
3303.75 9.12 3609.43 4.09
3320.06 9.36 3613.50 3.92
3336.50 9.16 3620.50 10.78
3352.81 9.10 3623.00 5.79
3369.12 9.34 3629.93 4.17
3385.75 9.09 3632.68 7.60
3402.12 9.34 3637.68 6.28
3418.62 9.12 3643.68 3.35
3434.81 9.10 3661.12 82.12
3451.12 9.34 3654.00 19.85
3467.68 9.10 3658.12 3.33
3484.12 9.34 3645.43 48.35
3500.62 9.12 3669.62 20.81
3516.87 9.09 3672.62 2.29
3533.31 9.29 3673.43 19.70
3549.75 9.09 3683.56 25.38
3566.18 9.27 3685.56 3.91
3582.81 9.12 3692.75 25.53
3599.00 9.10 3693.56 6.96
3615.50 9.29 3705.12 21.92
3631.87 9.10 3701.62 8.43
3648.18 9.10 3715.12 25.93
3664.68 9.19 3715.18 11.24
3681.06 9.08 3707.56 32.96
3697.56 9.27 3723.18 11.75
3713.93 9.08 3722.25 8.06
3730.25 9.08 3723.18 14.73
3746.75 9.17 3739.50 21.04
3763.06 9.08 3739.87 14.24
3779.43 9.30 3743.31 7.27
3795.93 9.08 3739.00 24.13
3812.06 9.08 3747.62 5.08
3828.68 9.21 3754.06 9.32
3845.06 9.09 3756.43 2.64
3861.50 9.32 3761.12 9.22
3878.00 9.10 3766.93 8.46
3894.18 9.12 3769.18 3.13
3910.75 9.23 3770.18 6.21
3927.00 9.10 3763.87 44.95
3943.56 9.30 3776.06 8.15
3960.06 9.08 3785.43 19.71
3976.25 9.11 3787.81 13.19
3992.87 9.19 3788.68 3.99
4009.06 9.08 3790.43 6.25
4025.62 9.31 3792.81 13.34
4042.12 9.09 3798.87 3.12
4058.25 9.10 3788.37 32.71
4074.81 9.23 3805.81 32.82
4091.18 9.11 3809.18 2.04
4107.56 9.10 3807.62 17.37
4124.12 9.13 3820.93 36.52
4140.31 9.09 3817.37 7.22
4156.81 9.27 3818.93 14.96
4173.31 9.09 3837.56 31.83
4189.62 9.09 3820.75 25.75
4206.12 9.14 3819.75 29.45
4222.37 9.08 3834.75 6.71
4238.75 9.30 3836.12 5.15
4255.31 9.07 3828.18 54.14
4271.50 9.10 3847.12 16.75
4288.06 9.18 3838.87 20.56
4304.37 9.08 3846.81 7.46
4320.75 9.30 3851.43 10.11
4337.25 9.07 3849.31 14.18
4353.62 9.31 3855.87 11.42
4370.18 9.15 3860.06 5.47
4386.43 9.07 3862.56 37.32
4402.81 9.28 3868.68 7.38
4419.31 9.06 3866.93 4.96
4435.56 9.08 3869.37 14.21
4452.18 9.15 3873.25 2.90
4468.43 9.07 3875.18 2.50
4484.81 9.28 3881.12 16.63
4501.31 9.06 3881.43 22.62
4517.56 9.05 3883.25 3.51
4534.12 9.18 3891.87 18.18
4550.50 9.05 3885.25 27.52
4566.93 9.26 3889.18 9.15
4583.43 9.09 3892.75 9.09
4599.75 9.11 3889.68 14.66
4616.12 9.26 3897.87 3.00
4632.62 9.07 3901.31 19.75
4648.93 9.31 3910.43 36.57
4665.50 9.07 3903.68 3.53
4681.68 9.06 3917.43 34.56
4698.25 9.23 3899.50 25.03
4714.62 9.05 3913.93 15.83
4731.00 9.29 3914.75 5.92
4747.50 9.10 3912.43 12.85
4763.68 9.06 3912.31 20.09
4780.25 9.23 3916.00 27.08
4796.56 9.05 3924.68 8.70
4812.93 9.34 3914.25 38.11
4829.50 9.10 3933.00 19.29
4845.81 9.10 3925.56 11.12
4862.31 9.25 3939.81 27.33
4878.62 9.07 3932.62 2.64
4894.93 9.14 3934.37 4.03
4911.50 9.17 3950.62 31.88
4927.75 9.08 3948.43 32.04
4944.31 9.24 3940.18 3.24
4960.68 9.06 3947.18 11.74
4977.00 9.12 3943.18 8.54
4993.56 9.16 3945.81 2.38
5009.81 9.06 3932.56 43.86
5026.37 9.26 3945.12 14.24
5042.81 9.09 3950.75 2.66
5059.06 9.14 3964.68 35.83
5075.56 9.18 3959.18 27.15
5091.87 9.08 3956.06 2.05
5108.25 9.31 3958.75 20.79
5124.93 9.08 3968.12 32.21
5141.00 9.10 3960.81 2.98
5157.56 9.23 3964.18 27.35
5173.93 9.08 3961.75 9.38
5190.31 9.30 3967.87 2.89
5206.81 9.10 3969.31 32.88
5223.12 9.09 3963.62 24.57
5239.62 9.22 3971.43 2.12
5256.00 9.07 3971.31 20.00
5272.25 9.35 3984.87 28.78
5288.87 9.05 3975.18 4.05
5305.12 9.09 3974.06 16.15
5321.62 9.22 3985.62 17.04
5338.00 9.07 3985.75 28.71
5354.31 9.34 3989.37 21.29
5370.87 9.09 3983.31 3.02
5387.12 9.05 3968.87 46.85
5403.62 9.22 3988.62 14.29
5420.06 9.06 3988.12 2.69
5436.25 9.12 3991.81 9.91
5452.93 9.04 3997.25 23.31
5469.12 9.05 3993.25 3.72
5485.56 9.23 3996.93 16.93
5502.06 9.06 3995.62 14.60
5518.31 9.11 3996.50 3.06
5534.93 9.08 3989.56 24.55
5551.12 9.05 4004.12 26.86
5567.56 9.25 4001.43 2.71
5584.18 9.09 3998.75 44.72
5600.43 9.14 4003.31 5.29
5617.00 9.16 4005.06 2.38
5633.25 9.07 4000.25 28.53
5649.75 9.26 4009.00 13.23
5666.12 9.06 4008.12 2.80
5682.50 9.12 4018.75 24.77
5699.00 9.20 4002.12 22.49
5715.31 9.06 4012.00 3.30
5731.87 9.23 4011.06 5.99
5748.18 9.05 4003.56 24.82
5764.50 9.12 4018.43 11.08
5781.00 9.20 4022.50 21.44
5797.31 9.06 4024.93 22.62
5813.81 9.24 4017.00 7.49
5830.18 9.05 4030.87 24.52
5846.56 9.15 4014.37 30.31
5863.00 9.25 4020.87 6.56
5879.37 9.08 4023.25 26.07
5895.68 9.13 4021.75 11.54
5912.25 9.07 4028.37 18.68
5928.56 9.15 4030.31 17.00
5945.06 9.23 4027.87 2.74
5961.43 9.07 4017.75 50.05
5977.62 9.14 4026.18 8.41
5994.25 9.11 4026.50 7.64
6010.50 9.10 4036.93 11.16
6027.06 9.23 4040.00 21.52
6043.43 9.07 4032.50 2.76
6059.62 9.14 4031.31 16.07
6076.25 9.11 4036.56 4.36
6092.50 9.10 4035.56 2.78
6109.12 9.22 4032.00 22.49
6125.50 9.07 4036.50 8.00
6141.68 9.14 4038.68 2.52
6158.25 9.16 4039.31 11.30
6174.56 9.10 4042.31 4.78
6191.18 9.22 4043.12 2.60
6207.56 9.06 4045.81 12.94
6223.75 9.13 4046.87 12.61
6240.25 9.21 4044.00 2.29
6256.62 9.06 4046.68 9.89
6273.06 9.24 4044.50 13.03
6289.56 9.06 4047.25 1.82
6305.75 9.13 4046.25 22.16
6322.25 9.21 4048.81 3.91
6338.62 9.06 4046.25 8.51
6355.00 9.31 4051.06 16.23
6371.56 9.04 4052.31 11.65
6387.81 9.12 4051.06 3.23
6404.31 9.20 4043.50 27.48
6420.62 9.05 4047.68 20.74
6436.93 9.29 4053.87 3.20
6453.50 9.10 4053.62 18.32
6469.75 9.08 4043.50 46.39
6486.31 9.20 4052.06 14.04
6502.62 9.05 4058.25 10.20
6519.06 9.28 4057.56 2.06
6535.50 9.09 4055.18 15.88
6551.81 9.07 4060.56 10.60
6568.37 9.20 4059.75 2.16
6584.75 9.09 4055.00 26.02
6601.25 9.30 4059.37 6.13
6617.56 9.18 4062.06 1.89
6634.00 9.15 4062.12 8.37
6650.50 9.23 4063.56 3.22
6666.81 9.08 4065.06 3.27
6683.18 9.12 4065.87 8.78
6699.56 9.23 4063.37 3.18
6716.00 9.12 4064.37 2.37
6732.50 9.24 4064.93 3.70
6748.87 9.07 4071.12 9.62
6765.18 9.12 4067.43 2.09
6781.62 9.17 4070.87 6.85
6798.00 9.12 4066.25 10.46
6814.43 9.25 4070.00 2.76
6830.81 9.06 4073.18 6.81
6847.12 9.17 4074.81 8.03
6863.68 9.20 4069.75 6.45
6880.00 9.12 4059.00 29.63
6896.43 9.31 4073.75 5.76
6912.81 9.14 4069.75 15.83
6929.12 9.17 4078.06 8.02
6945.75 9.19 4071.37 8.46
6962.06 9.11 4065.62 25.09
6978.56 9.29 4077.00 3.73
6994.81 9.13 4076.50 5.97
7011.18 9.16 4074.68 8.11
7027.68 9.24 4074.43 10.15
7044.06 9.11 4075.25 9.46
7060.50 9.29 4079.62 6.19
7076.81 9.20 4078.62 5.68
7093.18 9.16 4079.37 2.06
7109.75 9.24 4079.25 5.79
7126.06 9.08 4080.56 6.26
7142.37 9.14 4080.93 3.23
7158.87 9.19 4080.06 18.51
7175.25 9.16 4083.06 4.41
7191.81 9.24 4081.62 3.08
7208.18 9.08 4084.62 3.66
7224.43 9.14 4077.87 16.85
7240.93 9.19 4082.87 2.45
7257.31 9.16 4081.56 4.03
7273.75 9.25 4085.06 3.75
7290.12 9.08 4083.93 2.01
7306.31 9.16 4082.25 6.08
7322.93 9.19 4078.50 23.60
7339.25 9.11 4085.62 2.26
7355.81 9.27 4078.31 20.73
7372.18 9.08 4086.75 3.60
7388.37 9.16 4078.25 37.55
7404.93 9.18 4083.93 18.23
7421.31 9.11 4083.87 21.42
7437.81 9.27 4084.18 17.70
7454.18 9.08 4067.75 62.44
7470.37 9.16 4087.81 6.16
7486.87 9.24 4077.31 52.32
7503.31 9.11 4088.93 4.49
7519.81 9.28 4087.18 11.04
7536.25 9.07 4085.56 21.96
7552.50 9.15 4085.68 18.10
7568.93 9.24 4090.56 3.64
7585.43 9.18 4076.56 44.28
7601.81 9.39 4091.18 4.52
7618.31 9.10 4091.93 3.34
7634.68 9.18 4088.18 15.76
7651.06 9.28 4088.06 16.90
7667.50 9.16 4092.06 2.38
7683.81 9.17 4087.87 16.75
7700.31 9.16 4093.93 1.34
7716.62 9.18 4093.68 1.61
7733.12 9.27 4093.56 3.16
7749.43 9.10 4091.18 10.25
7765.81 9.17 4094.62 0.69
7782.31 9.16 4093.50 2.48
7798.62 9.18 4094.56 1.22
7815.12 9.27 4094.81 0.73
7831.43 9.10 4090.31 16.64
7847.87 9.20 4093.43 4.40
7864.25 9.24 4093.56 5.32
7880.68 9.22 4094.93 0.24
7897.18 9.30 4094.87 0.48
7913.56 9.16 4094.00 3.87
7929.87 9.20 4093.43 4.11
7946.18 9.30 4095.00 0.25
7962.75 9.21 4086.81 22.12
7979.12 9.34 4089.50 17.21
7995.56 9.12 4087.12 30.50
8011.87 9.20 4094.75 0.97
8028.18 9.30 4089.31 22.03
8044.75 9.21 4092.68 8.70
8061.06 9.40 4093.62 5.32
8077.50 9.13 4092.00 11.11
8093.87 9.20 4091.18 13.07
8110.31 9.31 4093.31 6.54
8126.81 9.21 4080.18 56.86
8143.00 9.20 4095.00 0.25
8159.43 9.19 4095.00 0.25
8175.81 9.21 4091.31 14.28
8192.37 9.31 4095.00 0.25
8208.81 9.17 4092.18 10.89
8225.06 9.20 4091.43 13.80
8241.50 9.19 4095.00 0.25
8257.87 9.22 4095.00 0.25
8274.31 9.30 4095.00 0.25
8290.81 9.17 4095.00 0.25
8307.06 9.20 4095.00 0.25
8323.43 9.25 4089.93 19.61
8339.87 9.22 4095.00 0.25
8356.37 9.31 4085.50 31.35
8372.87 9.16 4095.00 0.25
8389.18 9.20 4091.75 12.59
8405.43 9.31 4090.25 18.40
8421.93 9.21 4092.18 10.89
8438.31 9.34 4095.00 0.25
8454.81 9.13 4085.93 28.11
8471.12 9.20 4095.00 0.25
8487.43 9.31 4089.43 14.74
8503.93 9.21 4094.43 2.18
8520.43 9.31 4088.12 24.64
8536.81 9.14 4091.06 11.94
8553.12 9.20 4087.81 19.37
8569.50 9.31 4093.81 4.60
8586.06 9.27 4080.50 56.16
8602.56 9.35 4084.93 27.59
8618.81 9.17 4095.00 0.25
8635.25 9.26 4095.00 0.25
8651.62 9.36 4095.00 0.25
8668.12 9.26 4095.00 0.25
8684.62 9.35 4087.00 21.21
8700.81 9.23 4095.00 0.25
8717.37 9.25 4095.00 0.25
8733.62 9.35 4082.50 35.83
8750.18 9.25 4095.00 0.25
8766.50 9.19 4095.00 0.25
8782.81 9.23 4095.00 0.25
8799.31 9.25 4095.00 0.25
8815.62 9.35 4095.00 0.25
8832.18 9.25 4092.87 8.23
8848.50 9.29 4095.00 0.25
8864.81 9.33 4095.00 0.25
8881.37 9.29 4095.00 0.25
8897.68 9.38 4095.00 0.25
8914.25 9.29 4095.00 0.25
8930.50 9.29 4095.00 0.25
8946.81 9.33 4093.87 4.36
8963.37 9.29 4088.81 19.04
8979.68 9.38 4089.31 15.13
8996.25 9.29 4088.62 24.69
9012.43 9.29 4091.06 15.25
9028.81 9.33 4094.62 1.45
9045.25 9.29 4095.00 0.25
9061.68 9.38 4095.00 0.25
9078.06 9.24 4095.00 0.25
9094.43 9.29 4095.00 0.25
9110.87 9.34 4095.00 0.25
9127.31 9.30 4089.43 21.55
9143.75 9.39 4095.00 0.25
9160.06 9.32 4095.00 0.25
9176.50 9.29 4095.00 0.25
9192.87 9.41 4095.00 0.25
9209.37 9.31 4090.06 19.12
9225.68 9.24 4095.00 0.25
9242.18 9.33 4095.00 0.25
9258.50 9.30 4095.00 0.25
9274.87 9.41 4095.00 0.25
9291.37 9.31 4095.00 0.25
9307.68 9.50 4095.00 0.25
9324.06 9.36 4095.00 0.25
9340.50 9.30 4095.00 0.25
9356.93 9.41 4093.81 4.60
9373.43 9.31 4095.00 0.25
9389.75 9.50 4095.00 0.25
9406.06 9.36 4095.00 0.25
9422.56 9.30 4095.00 0.25
9438.93 9.41 4095.00 0.25
9455.43 9.31 4089.00 23.24
9471.75 9.50 4092.18 10.89
9488.00 9.35 4095.00 0.25
9504.43 9.31 4093.68 3.48
9521.00 9.41 4095.00 0.25
9537.37 9.27 4095.00 0.25
9553.75 9.31 4095.00 0.25
9570.06 9.35 4092.50 9.68
9586.62 9.37 4095.00 0.25
9603.06 9.46 4090.62 16.95
9619.56 9.37 4092.06 11.38
9635.87 9.37 4095.00 0.25
9652.12 9.47 4083.50 44.54
9668.75 9.36 4095.00 0.25
9685.00 9.50 4094.56 1.69
9701.56 9.44 4095.00 0.25
9717.87 9.37 4095.00 0.25
9734.18 9.47 4089.62 16.74
9750.81 9.36 4091.31 14.28
9767.00 9.50 4095.00 0.25
9783.50 9.41 4095.00 0.25
9799.87 9.37 4095.00 0.25
9816.12 9.47 4095.00 0.25
9832.81 9.36 4095.00 0.25
9849.00 9.60 4095.00 0.25
9865.50 9.55 4095.00 0.25
9881.87 9.40 4095.00 0.25
9898.18 9.50 4091.62 13.07
9914.75 9.40 4094.62 1.45
9931.00 9.60 4095.00 0.25
9947.37 9.48 4095.00 0.25
9963.87 9.40 4091.75 12.59
9980.18 9.50 4089.12 22.75
9996.75 9.40 4090.81 14.28
10012.93 9.40 4095.00 0.25
10029.37 9.48 4089.68 17.09
10045.87 9.40 4095.00 0.25
10062.12 9.49 4093.43 6.05
10078.75 9.40 4095.00 0.25
10094.93 9.40 4095.00 0.25
10111.43 9.49 4095.00 0.25
10127.93 9.41 4091.25 14.52
10144.18 9.56 4095.00 0.25
10160.75 9.48 4095.00 0.25
10177.00 9.41 4095.00 0.25
10193.37 9.52 4095.00 0.25
10210.00 9.42 4092.87 8.23
10226.25 9.57 4095.00 0.25
10242.81 9.49 4095.00 0.25
10259.06 9.42 4095.00 0.25
10275.31 9.52 4081.62 51.80
10292.00 9.42 4095.00 0.25
10308.18 9.63 4095.00 0.25
10324.68 9.57 4095.00 0.25
10341.00 9.42 4095.00 0.25
10357.37 9.53 4095.00 0.25
10373.93 9.42 4095.00 0.25
10390.25 9.64 4084.43 40.91
10406.62 9.52 4092.00 11.62
10423.12 9.43 4095.00 0.25
10439.37 9.53 4095.00 0.25
10455.93 9.42 4094.31 2.66
10472.12 9.43 4095.00 0.25
10488.56 9.51 4095.00 0.25
10505.12 9.43 4095.00 0.25
10521.43 9.54 4095.00 0.25
10538.06 9.44 4090.43 17.67
10554.18 9.44 4093.12 7.26
10570.62 9.51 4095.00 0.25
10587.25 9.50 4095.00 0.25
10603.56 9.60 4092.87 6.14
10620.25 9.50 4094.87 0.49
10636.31 9.50 4093.25 6.78
10652.68 9.66 4095.00 0.25
10669.31 9.50 4093.06 7.50
10685.56 9.60 4095.00 0.25
10702.18 9.57 4093.06 7.50
10718.31 9.50 4085.00 38.73
10734.68 9.66 4095.00 0.25
10751.25 9.50 4095.00 0.25
10767.56 9.60 4095.00 0.25
10784.00 9.57 4095.00 0.25
10800.31 9.50 4095.00 0.25
10816.56 9.60 4095.00 0.25
10833.25 9.50 4094.18 3.15
10849.56 9.70 4095.00 0.25
10865.93 9.68 4095.00 0.25
10882.37 9.54 4088.93 23.48
10898.62 9.64 4095.00 0.25
10915.31 9.54 4095.00 0.25
10931.37 9.54 4095.00 0.25
10947.87 9.67 4095.00 0.25
10964.37 9.54 4095.00 0.25
10980.62 9.64 4094.25 2.90
10997.31 9.54 4095.00 0.25
11013.37 9.54 4086.25 33.89
11029.87 9.67 4093.00 7.75
11046.37 9.54 4095.00 0.25
11062.62 9.64 4095.00 0.25
11079.31 9.54 4095.00 0.25
11095.37 9.54 4082.75 44.20
11111.93 9.69 4091.43 13.80
11128.43 9.56 4085.62 26.45
11144.68 9.65 4095.00 0.25
11161.31 9.62 4089.43 15.27
11177.50 9.58 4089.87 13.63
11193.93 9.77 4094.37 2.42
11210.43 9.56 4095.00 0.25
11226.75 9.67 4092.06 11.38
11243.18 9.61 4095.00 0.25
11259.56 9.59 4095.00 0.25
11275.81 9.71 4095.00 0.25
11292.43 9.56 4095.00 0.25
11308.68 9.73 4095.00 0.25
11325.06 9.70 4095.00 0.25
11341.50 9.57 4095.00 0.25
11357.81 9.68 4095.00 0.25
11374.56 9.58 4095.00 0.25
11390.68 9.79 4095.00 0.25
11407.12 9.71 4093.68 5.08
11423.56 9.58 4095.00 0.25
11439.81 9.68 4095.00 0.25
11456.56 9.58 4082.50 36.70
11472.68 9.79 4095.00 0.25
11489.06 9.71 4095.00 0.25
11505.56 9.58 4094.56 1.69
11521.87 9.69 4095.00 0.25
11538.62 9.60 4095.00 0.25
11554.75 9.80 4091.31 14.28
11571.18 9.73 4095.00 0.25
11587.68 9.66 4095.00 0.25
11604.06 9.82 4095.00 0.25
11620.68 9.65 4095.00 0.25
11636.87 9.87 4095.00 0.25
11653.18 9.86 4095.00 0.25
11669.75 9.67 4093.25 6.78
11686.00 9.75 4091.50 13.56
11702.56 9.71 4084.62 40.18
11718.81 9.68 4084.00 42.60
11735.18 9.86 4095.00 0.25
11751.75 9.67 4091.93 11.86
11768.00 9.75 4095.00 0.25
11784.50 9.73 4095.00 0.25
11800.75 9.67 4093.93 4.11
11817.12 9.82 4095.00 0.25
11833.75 9.67 4095.00 0.25
11850.00 9.86 4095.00 0.25
11866.50 9.85 4095.00 0.25
11882.81 9.71 4094.50 1.94
11899.25 9.90 4095.00 0.25
11915.81 9.71 4095.00 0.25
11931.93 9.91 4092.25 9.22
11948.43 9.85 4095.00 0.25
11964.81 9.71 4093.06 7.50
11981.25 9.90 4095.00 0.25
11997.81 9.71 4095.00 0.25
12013.93 9.91 4090.37 17.91
12030.50 9.85 4095.00 0.25
12046.81 9.71 4095.00 0.25
12063.18 9.91 4095.00 0.25
12079.75 9.70 4095.00 0.25
12095.93 9.91 4095.00 0.25
12112.37 9.83 4095.00 0.25
12128.87 9.73 4095.00 0.25
12145.12 9.84 4095.00 0.25
12161.68 9.78 4095.00 0.25
12177.87 9.73 4094.75 0.97
12194.31 9.90 4091.75 12.59
12210.87 9.73 4093.37 6.29
12227.06 9.79 4091.56 13.31
12243.68 9.77 4095.00 0.25
12259.87 9.73 4094.87 0.49
12276.25 9.90 4093.18 7.02
12292.87 9.73 4095.00 0.25
12309.00 9.86 4095.00 0.25
12325.56 9.83 4095.00 0.25
12341.87 9.73 4095.00 0.25
12358.31 9.92 4095.00 0.25
12374.93 9.74 4095.00 0.25
12391.00 9.92 4095.00 0.25
12407.62 9.88 4093.56 5.57
12423.93 9.74 4095.00 0.25
12440.31 9.92 4095.00 0.25
12456.93 9.74 4091.75 12.59
12473.00 9.92 4095.00 0.25
12489.56 9.86 4095.00 0.25
12505.93 9.74 4095.00 0.25
12522.25 9.92 4095.00 0.25
12538.93 9.74 4095.00 0.25
12555.00 9.92 4095.00 0.25
12571.50 9.85 4095.00 0.25
12588.00 9.81 4089.00 23.24
12604.37 10.00 4095.00 0.25
12621.06 9.82 4095.00 0.25
12637.12 10.00 4095.00 0.25
12653.56 10.00 4094.43 2.18
12670.06 9.82 4092.37 10.17
12686.31 9.95 4095.00 0.25
12702.93 9.88 4085.12 27.36
12719.06 9.82 4092.62 9.20
12735.50 10.01 4095.00 0.25
12752.06 9.82 4095.00 0.25
12768.31 9.95 4095.00 0.25
12784.87 9.87 4085.81 35.58
12801.06 9.82 4089.43 17.26
12817.50 10.01 4095.00 0.25
12834.06 9.82 4091.50 13.56
12850.18 9.95 4095.00 0.25
12866.75 9.96 4095.00 0.25
12883.06 9.82 4092.81 8.47
12899.43 9.99 4095.00 0.25
12916.06 9.82 4092.31 10.41
12932.12 10.00 4095.00 0.25
12948.75 9.92 4095.00 0.25
12965.06 9.82 4089.93 13.59
12981.43 9.99 4095.00 0.25
12998.06 9.82 4095.00 0.25
13014.12 10.00 4095.00 0.25
13030.75 9.92 4093.18 7.02
13047.06 9.82 4095.00 0.25
13063.37 10.00 4095.00 0.25
13080.06 9.82 4093.81 4.60
13096.12 10.00 4095.00 0.25
13112.68 9.91 4095.00 0.25
13129.06 9.82 4091.50 13.56
13145.37 10.00 4095.00 0.25
13162.00 9.89 4087.68 28.32
13178.06 9.82 4095.00 0.25
13194.50 10.01 4095.00 0.25
13211.06 9.82 4094.93 0.24
13227.37 10.00 4095.00 0.25
13243.93 9.88 4095.00 0.25
13260.06 9.82 4095.00 0.25
13276.50 10.01 4095.00 0.25
13293.06 9.82 4083.68 43.81
13309.18 9.95 4095.00 0.25
13325.87 9.95 4095.00 0.25
13342.06 9.82 4095.00 0.25
13358.43 9.99 4095.00 0.25
13375.06 9.82 4095.00 0.25
13391.12 10.00 4095.00 0.25
13407.87 9.95 4076.18 46.94
13424.06 9.82 4095.00 0.25
13440.43 9.99 4095.00 0.25
13457.06 9.82 4083.87 32.99
13473.12 10.00 4095.00 0.25
13489.81 9.93 4090.93 15.73
13506.06 9.82 4094.87 0.48
13522.37 10.00 4095.00 0.25
13539.06 9.82 4092.06 11.38
13555.12 10.00 4093.62 5.32
13571.75 9.92 4095.00 0.25
13588.12 9.89 4090.68 16.70
13604.50 10.09 4093.18 7.02
13621.18 9.91 4095.00 0.25
13637.31 10.16 4095.00 0.25
13653.62 10.09 4080.68 43.84
13670.18 9.91 4093.56 4.44
13686.50 10.09 4095.00 0.25
13703.06 9.96 4092.43 9.92
13719.18 9.91 4095.00 0.25
13735.62 10.09 4091.87 12.10
13752.18 9.91 4095.00 0.25
13768.43 10.04 4095.00 0.25
13785.06 9.96 4084.93 38.97
13801.18 9.91 4095.00 0.25
13817.62 10.09 4095.00 0.25
13834.18 9.91 4095.00 0.25
13850.43 10.15 4092.75 8.71
13867.00 10.04 4095.00 0.25
13883.18 9.91 4095.00 0.25
13899.56 10.08 4095.00 0.25
13916.18 9.91 4095.00 0.25
13932.37 10.20 4092.18 10.89
13948.93 10.02 4095.00 0.25
13965.18 9.91 4095.00 0.25
13981.56 10.08 4095.00 0.25
13998.18 9.91 4095.00 0.25
14014.37 10.20 4090.00 19.36
14030.87 10.01 4083.81 43.33
14047.18 9.91 4095.00 0.25
14063.56 10.08 4091.12 15.01
14080.18 9.91 4085.68 36.07
14096.31 10.16 4095.00 0.25
14112.75 10.01 4089.12 22.75
14129.18 9.91 4093.50 5.81
14145.50 10.09 4092.87 8.23
14162.12 9.98 4092.62 9.20
14178.18 9.91 4081.93 50.59
14194.68 10.08 4095.00 0.25
14211.18 9.91 4095.00 0.25
14227.50 10.09 4092.75 8.71
14244.12 9.98 4092.12 11.13
14260.18 9.91 4090.68 16.70
14276.68 10.08 4084.37 28.67
14293.18 9.91 4095.00 0.25
14309.43 10.15 4095.00 0.25
14326.06 10.05 4095.00 0.25
14342.18 9.91 4095.00 0.25
14358.62 10.07 4095.00 0.25
14375.18 9.91 4095.00 0.25
14391.37 10.20 4090.18 18.64
14408.06 10.05 4095.00 0.25
14424.18 9.91 4095.00 0.25
14440.56 10.08 4095.00 0.25
14457.18 9.91 4092.18 8.65
14473.37 10.20 4092.43 9.92
14490.00 10.04 4095.00 0.25
14506.18 9.91 4095.00 0.25
14522.56 10.08 4095.00 0.25
14539.18 9.91 4095.00 0.25
14555.31 10.16 4095.00 0.25
14571.81 10.03 4095.00 0.25
14588.18 9.91 4095.00 0.25
14604.50 10.09 4092.81 8.47
14621.18 9.91 4094.37 2.42
14637.31 10.16 4095.00 0.25
14653.81 10.12 4095.00 0.25
14670.18 9.91 4094.18 3.15
14686.56 10.08 4095.00 0.25
14703.12 9.98 4093.62 5.33
14719.18 9.91 4093.00 7.75
14735.68 10.08 4095.00 0.25
14752.18 9.91 4094.31 2.66
14768.56 10.08 4092.06 11.38
14785.12 9.98 4095.00 0.25
14801.18 9.91 4095.00 0.25
14817.68 10.08 4095.00 0.25
14834.18 9.91 4095.00 0.25
14850.50 10.15 4095.00 0.25
14867.06 10.05 4095.00 0.25
14883.18 9.91 4093.31 6.54
14899.56 10.08 4093.00 7.75
14916.18 9.91 4095.00 0.25
14932.37 10.20 4095.00 0.25
14949.00 10.04 4086.56 32.68
14965.18 9.91 4095.00 0.25
14981.56 10.08 4095.00 0.25
14998.18 9.91 4095.00 0.25
15014.31 10.16 4092.06 11.38
15030.93 10.03 4093.31 6.54
15047.18 9.91 4095.00 0.25
15063.56 10.08 4095.00 0.25
15080.18 9.91 4095.00 0.25
15096.31 10.16 4095.00 0.25
15112.93 10.03 4095.00 0.25
15129.18 9.91 4084.43 40.91
15145.56 10.08 4095.00 0.25
15162.12 9.98 4095.00 0.25
15178.18 9.91 4095.00 0.25
15194.75 10.06 4089.87 19.85
15211.18 9.91 4095.00 0.25
15227.56 10.08 4093.25 5.43
15244.12 9.98 4095.00 0.25
15260.18 9.91 4090.37 17.91
15276.75 10.06 4095.00 0.25
15293.18 9.91 4095.00 0.25
15309.50 10.15 4095.00 0.25
15326.06 10.05 4078.00 46.56
15342.18 9.91 4095.00 0.25
15358.62 10.07 4092.00 11.62
15375.18 9.91 4095.00 0.25
15391.37 10.20 4095.00 0.25
15408.06 10.05 4091.81 12.35
15424.18 9.91 4095.00 0.25
15440.56 10.08 4095.00 0.25
15457.18 9.91 4091.37 14.04
15473.31 10.16 4092.50 9.68
15490.00 10.04 4092.93 7.99
15506.18 9.91 4095.00 0.25
15522.56 10.08 4095.00 0.25
15539.18 9.91 4093.25 6.78
15555.31 10.16 4092.81 8.47
15572.00 10.04 4095.00 0.25
15588.18 9.91 4085.06 38.49
15604.56 10.08 4093.75 4.84
15621.18 9.91 4093.87 4.36
15637.31 10.16 4095.00 0.25
15653.87 10.10 4095.00 0.25
15670.18 9.91 4095.00 0.25
15686.56 10.08 4095.00 0.25
15703.12 9.98 4089.37 21.79
15719.25 9.98 4094.12 3.39
15735.81 10.08 4095.00 0.25
15752.18 9.91 4090.37 17.91
15768.56 10.08 4095.00 0.25
15785.12 9.98 4095.00 0.25
15801.25 9.98 4095.00 0.25
15817.75 10.10 4095.00 0.25
15834.18 9.91 4095.00 0.25
15850.43 10.15 4095.00 0.25
15867.06 10.05 4095.00 0.25
15883.25 9.98 4095.00 0.25
15899.68 10.11 4093.62 5.33
15916.18 9.91 4095.00 0.25
15932.37 10.20 4091.93 11.86
15949.00 10.04 4088.43 25.42
15965.18 9.91 4095.00 0.25
15981.56 10.08 4095.00 0.25
15998.18 9.91 4095.00 0.25
16014.37 10.20 4092.31 10.41
16031.00 10.04 4094.68 1.21
16047.18 9.91 4095.00 0.25
16063.56 10.08 4092.18 10.89
16080.18 9.91 4088.31 20.02
16096.37 10.20 4095.00 0.25
16112.93 10.03 4082.68 47.69
16129.18 9.91 4095.00 0.25
16145.56 10.08 4095.00 0.25
16162.12 9.98 4092.18 10.89
16178.31 10.03 4095.00 0.25
16194.87 10.09 4095.00 0.25
16211.18 9.91 4095.00 0.25
16227.56 10.08 4093.25 5.82
16244.12 9.98 4094.00 3.87
16260.25 9.98 4091.00 15.49
16276.87 10.09 4095.00 0.25
16293.18 9.91 4092.75 8.71
16309.43 10.15 4095.00 0.25
16326.06 10.05 4092.68 8.96
16342.25 9.98 4095.00 0.25
16358.81 10.11 4095.00 0.25
16375.18 9.91 4095.00 0.25
16391.37 10.20 4095.00 0.25
16408.06 10.05 4095.00 0.25
16424.18 9.91 4092.00 11.62
16440.56 10.08 4095.00 0.25
16457.18 9.91 4092.93 7.49
16473.37 10.20 4095.00 0.25
16490.06 10.05 4091.50 13.56
16506.18 9.91 4095.00 0.25
16522.62 10.09 4094.06 3.63
16539.18 9.91 4095.00 0.25
16555.37 10.20 4095.00 0.25
16572.00 10.04 4095.00 0.25
16588.18 9.91 4092.93 7.99
16604.62 10.09 4095.00 0.25
16621.18 9.91 4095.00 0.25
16637.37 10.20 4095.00 0.25
16653.93 10.11 4085.00 38.73
16670.18 9.91 4095.00 0.25
16686.62 10.09 4088.43 18.81
16703.12 9.98 4091.06 15.25
16719.25 9.98 4095.00 0.25
16735.93 10.11 4095.00 0.25
16752.18 9.91 4090.43 17.67
16768.56 10.08 4095.00 0.25
16785.12 9.98 4093.68 5.08
16801.25 9.98 4095.00 0.25
16817.81 10.11 4095.00 0.25
16834.18 9.91 4095.00 0.25
16850.50 10.15 4095.00 0.25
16867.06 10.05 4095.00 0.25
16883.25 9.98 4095.00 0.25
16899.68 10.11 4095.00 0.25
16916.18 9.91 4092.81 8.47
16932.43 10.20 4080.87 20.77
16949.06 10.05 4042.56 38.08
16965.18 9.91 4004.75 24.14
16981.62 10.09 3966.75 28.71
16998.18 9.91 3932.81 25.51
17014.43 10.20 3894.12 33.20
17031.00 10.04 3853.43 26.95
17047.18 9.91 3813.81 23.52
17063.62 10.09 3775.12 22.76
17080.18 9.91 3720.68 46.26
17096.37 10.20 3701.62 22.69
17113.06 10.05 3662.12 20.98
17129.18 9.91 3630.81 22.26
17145.62 10.09 3590.12 22.96
17162.12 9.98 3554.50 22.38
17178.31 10.03 3519.62 24.18
17195.00 10.12 3481.31 23.99
17211.18 9.91 3449.81 20.80
17227.56 10.08 3419.93 23.78
17244.12 9.98 3385.50 28.22
17260.25 9.98 3348.56 20.86
17276.93 10.11 3319.00 23.93
17293.18 9.91 3275.62 33.89
17309.50 10.15 3249.50 21.19
17326.06 10.05 3219.56 20.80
17342.25 9.98 3185.50 18.78
17358.81 10.12 3156.18 25.79
17375.18 9.91 3122.12 21.03
17391.43 10.20 3094.12 23.96
17408.06 10.05 3061.93 18.35
17424.18 9.91 3033.06 26.91
17440.68 10.11 3000.31 18.59
17457.18 9.91 2965.62 22.10
17473.43 10.20 2939.93 17.63
17490.06 10.05 2911.87 22.28
17506.18 9.91 2885.50 18.60
17522.68 10.11 2854.43 17.22
17539.18 9.91 2826.06 16.40
17555.37 10.20 2797.56 14.10
17572.06 10.05 2771.31 16.42
17588.18 9.91 2744.56 19.26
17604.62 10.09 2715.93 16.17
17621.18 9.91 2694.87 26.94
17637.37 10.20 2662.81 17.49
17654.00 10.12 2629.06 32.58
17670.18 9.91 2609.81 16.20
17686.56 10.08 2580.93 20.58
17703.12 9.98 2558.68 19.67
17719.25 9.98 2537.56 22.09
17736.00 10.12 2507.87 16.09
17752.18 9.91 2490.62 18.79
17768.56 10.08 2461.43 15.76
17785.12 9.98 2429.12 28.71
17801.25 9.98 2409.56 16.71
17817.81 10.12 2386.43 17.33
17834.18 9.91 2363.68 14.26
17850.50 10.15 2339.43 19.55
17867.06 10.05 2318.18 14.23
17883.25 9.98 2296.93 15.84
17899.75 10.13 2273.75 16.30
17916.18 9.91 2251.93 15.44
17932.43 10.20 2223.93 27.86
17949.06 10.05 2211.87 23.68
17965.25 9.98 2182.37 16.21
17981.75 10.13 2159.06 20.15
17998.18 9.91 2143.93 15.99
18014.43 10.20 2126.37 21.50
18031.06 10.05 2096.18 27.37
18047.18 9.91 2080.87 12.54
18063.62 10.09 2060.12 12.51
18080.18 9.91 2049.12 40.50
18096.37 10.20 2019.81 11.52
18113.06 10.05 2006.31 27.05
18129.18 9.91 1977.75 19.65
18145.56 10.08 1960.43 12.76
18162.12 9.98 1940.25 15.79
18178.31 10.03 1920.12 13.72
18195.00 10.12 1902.31 12.73
18211.18 9.91 1885.56 12.47
18227.56 10.08 1866.00 16.92
18244.12 9.98 1855.75 29.87
18260.25 9.98 1832.75 13.33
18276.93 10.11 1806.00 33.51
18293.18 9.91 1795.31 11.62
18309.50 10.15 1773.56 18.54
18326.06 10.05 1773.75 39.32
18342.25 9.98 1743.56 11.47
18358.87 10.13 1724.93 10.60
18375.18 9.91 1709.06 11.45
18391.43 10.20 1693.37 11.05
18408.06 10.05 1674.50 10.45
18424.25 9.98 1655.12 26.56
18440.81 10.14 1644.25 9.92
18457.18 9.91 1634.12 21.26
18473.43 10.20 1613.43 9.96
18490.06 10.05 1592.68 11.35
18506.18 9.91 1580.43 12.82
18522.68 10.10 1560.31 19.12
18539.18 9.91 1548.81 8.96
18555.37 10.20 1539.56 20.12
18572.06 10.05 1520.06 8.99
18588.25 9.98 1514.43 29.51
18604.68 10.11 1490.75 12.34
18621.18 9.91 1475.31 16.27
18637.37 10.20 1463.12 11.26
18654.00 10.12 1453.75 23.97
18670.25 9.98 1434.00 10.48
18686.68 10.11 1427.18 27.88
18703.12 9.98 1409.37 9.82
18719.25 9.98 1394.50 8.41
18735.93 10.11 1378.50 10.45
18752.25 9.98 1355.25 43.87
18768.68 10.11 1353.62 8.12
18785.12 9.98 1341.37 8.46
18801.25 9.98 1326.18 10.93
18817.87 10.13 1321.06 19.32
18834.18 9.91 1304.68 13.97
18850.56 10.16 1291.37 7.41
18867.06 10.05 1278.00 6.87
18883.25 9.98 1266.06 8.01
18899.81 10.14 1251.12 13.63
18916.18 9.91 1242.06 7.65
18932.43 10.20 1232.68 18.77
18949.06 10.05 1222.37 12.35
18965.25 9.98 1210.25 16.06
18981.75 10.12 1193.93 13.34
18998.18 9.91 1182.62 9.31
19014.43 10.20 1170.43 11.90
19031.06 10.05 1164.75 21.84
19047.25 9.98 1150.50 6.86
19063.68 10.11 1136.31 7.86
19080.18 9.91 1139.75 22.69
19096.37 10.20 1119.06 7.07
19113.06 10.05 1110.06 14.53
19129.25 9.98 1091.31 17.88
19145.68 10.11 1088.43 10.16
19162.12 9.98 1076.62 9.03
19178.31 10.03 1063.37 12.95
19195.00 10.12 1061.50 29.20
19211.25 9.98 1046.56 6.78
19227.68 10.11 1034.12 13.89
19244.12 9.98 1016.81 30.24
19260.25 9.98 1013.43 9.38
19277.00 10.12 1002.87 23.45
19293.18 9.91 1000.81 19.18
19309.56 10.16 991.87 17.50
19326.06 10.05 983.12 15.89
19342.25 9.98 968.68 6.33
19358.93 10.15 958.93 7.16
19375.18 9.91 951.43 8.99
19391.43 10.20 938.56 13.07
19408.06 10.05 934.81 10.06
19424.25 9.98 921.31 11.42
19440.87 10.15 916.06 4.83
19457.18 9.91 912.12 25.30
19473.43 10.20 897.25 6.04
19490.06 10.05 893.18 11.52
19506.25 9.98 881.37 13.52
19522.81 10.14 871.18 9.56
19539.18 9.91 868.06 13.52
19555.37 10.20 862.56 21.69
19572.06 10.05 851.37 5.77
19588.25 9.98 842.43 6.36
19604.75 10.13 838.00 9.01
19621.18 9.91 822.06 16.38
19637.37 10.20 818.00 6.07
19654.00 10.12 817.43 15.23
19670.25 9.98 805.43 9.25
19686.75 10.13 796.31 13.84
19703.12 9.98 790.18 4.39
19719.25 9.98 780.56 16.62
19736.00 10.12 777.87 19.00
19752.18 9.91 767.06 8.35
19768.62 10.09 761.75 8.97
19785.12 9.98 758.18 17.30
19801.25 9.98 745.18 6.49
19817.93 10.15 745.43 23.73
19834.18 9.91 733.31 11.36
19850.56 10.16 721.93 14.16
19867.06 10.05 719.37 5.07
19883.25 9.98 711.75 4.30
19899.87 10.15 705.93 5.57
19916.18 9.91 696.31 7.70
19932.43 10.20 695.75 12.44
19949.06 10.05 680.06 26.93
19965.25 9.98 681.25 7.13
19981.81 10.14 673.68 15.84
19998.18 9.91 665.87 6.90
20014.43 10.20 649.56 32.50
20031.06 10.05 654.37 31.36
20047.25 9.98 650.81 7.33
20063.75 10.13 645.12 4.82
20080.18 9.91 636.50 25.79
20096.37 10.20 633.12 4.94
20113.06 10.05 621.37 15.49
20129.25 9.98 620.68 5.10
20145.75 10.13 615.93 3.94
20162.12 9.98 613.56 10.34
20178.31 10.03 609.87 12.04
20195.00 10.12 596.25 12.88
20211.18 9.91 594.81 3.54
20227.62 10.09 588.00 15.59
20244.12 9.98 577.37 14.37
20260.25 9.98 576.31 5.88
20277.00 10.12 579.06 28.94
20293.18 9.91 566.62 5.75
20309.56 10.16 565.93 11.75
20326.06 10.05 550.37 24.81
20342.25 9.98 552.75 5.21
20358.93 10.15 542.75 25.82
20375.18 9.91 542.93 4.82
20391.43 10.20 536.93 8.14
20408.06 10.05 531.37 13.40
20424.25 9.98 536.56 23.68
20440.87 10.15 523.62 3.97
20457.18 9.91 508.93 18.33
20473.43 10.20 514.18 4.84
20490.06 10.05 514.87 17.11
20506.25 9.98 504.81 6.94
20522.81 10.14 507.43 23.11
20539.18 9.91 498.18 6.54
20555.37 10.20 499.50 39.38
20572.06 10.05 488.12 3.80
20588.25 9.98 477.75 18.28
20604.75 10.13 472.75 27.19
20621.18 9.91 475.31 4.10
20637.37 10.20 473.18 9.89
20654.00 10.12 461.06 21.64
20670.25 9.98 464.62 5.52
20686.75 10.13 455.31 19.56
20703.12 9.98 455.18 7.30
20719.25 9.98 452.18 4.80
20736.00 10.12 444.31 24.74
20752.25 9.98 447.12 28.89
20768.68 10.11 440.81 6.07
20785.12 9.98 436.56 3.41
20801.25 9.98 438.12 17.50
20817.93 10.15 413.62 49.54
20834.25 9.98 423.93 8.41
20850.62 10.18 430.50 24.43
20867.06 10.05 417.31 3.72
20883.25 9.98 414.87 6.38
20899.87 10.15 412.06 17.94
20916.25 9.98 408.12 4.06
20932.50 10.22 407.87 13.50
20949.06 10.05 398.37 10.02
20965.25 9.98 395.37 7.59
20981.81 10.14 384.68 24.03
20998.18 9.91 390.56 7.51
21014.43 10.20 396.68 36.12
21031.06 10.05 387.68 9.65
21047.25 9.98 381.31 5.54
21063.75 10.13 379.81 11.58
21080.18 9.91 371.87 12.88
21096.37 10.20 371.25 4.18
21113.06 10.05 369.12 4.51
21129.25 9.98 364.50 16.59
21145.75 10.13 362.93 5.37
21162.12 9.98 360.56 4.82
21178.31 10.03 363.00 16.87
21195.00 10.12 350.18 13.85
21211.25 9.98 350.81 3.07
21227.68 10.11 346.06 8.59
21244.12 9.98 348.87 19.46
21260.25 9.98 342.43 6.25
21277.00 10.12 342.00 16.77
21293.25 9.98 335.06 7.36
21309.62 10.18 332.68 8.12
21326.06 10.05 326.81 19.03
21342.25 9.98 325.62 12.62
21358.93 10.15 325.25 6.95
21375.25 9.98 321.68 7.47
21391.50 10.22 323.43 11.50
21408.06 10.05 316.87 4.60
21424.25 9.98 317.25 11.03
21440.87 10.15 313.31 3.04
21457.18 9.91 302.62 30.97
21473.43 10.20 311.56 11.44
21490.06 10.05 305.37 12.78
21506.25 9.98 302.87 14.00
21522.81 10.14 305.31 15.23
21539.18 9.91 297.81 8.37
21555.37 10.20 282.93 35.10
21572.06 10.05 294.25 2.82
21588.25 9.98 289.87 13.76
21604.75 10.13 284.81 9.63
21621.18 9.91 292.25 12.36
21637.37 10.20 286.43 5.27
21654.00 10.12 278.50 21.22
21670.25 9.98 282.06 3.93
21686.75 10.13 274.68 15.87
21703.12 9.98 278.62 12.11
21719.25 9.98 278.50 10.39
21736.00 10.12 269.12 13.38
21752.25 9.98 269.75 5.98
21768.68 10.11 267.93 3.01
21785.12 9.98 264.18 13.44
21801.25 9.98 266.50 15.25
21817.93 10.15 262.43 6.37
21834.25 9.98 259.93 3.51
21850.62 10.18 264.06 21.74
21867.06 10.05 256.68 2.57
21883.25 9.98 256.93 3.51
21899.87 10.15 254.56 7.91
21916.25 9.98 249.06 11.28
21932.50 10.22 244.56 17.10
21949.06 10.05 251.50 16.71
21965.25 9.98 244.00 7.84
21981.81 10.14 249.25 18.33
21998.18 9.91 236.93 12.09
22014.43 10.20 247.87 29.37
22031.06 10.05 235.25 23.37
22047.25 9.98 236.00 2.37
22063.75 10.13 234.68 2.78
22080.18 9.91 228.00 38.83
22096.37 10.20 230.06 3.72
22113.06 10.05 232.87 9.73
22129.25 9.98 226.06 8.45
22145.75 10.13 227.25 3.85
22162.12 9.98 227.37 5.30
22178.31 10.03 222.50 5.98
22195.00 10.12 218.31 12.70
22211.25 9.98 221.31 3.62
22227.68 10.11 225.37 13.86
22244.12 9.98 222.93 17.28
22260.25 9.98 217.00 3.97
22277.00 10.12 210.00 22.11
22293.25 9.98 213.56 4.94
22309.62 10.18 202.31 38.19
22326.06 10.05 216.25 19.26
22342.25 9.98 209.56 5.04
22358.93 10.15 213.56 24.59
22375.25 9.98 205.81 6.79
22391.50 10.22 202.93 6.36
22408.06 10.05 203.25 10.43
22424.25 9.98 199.50 8.30
22440.87 10.15 200.43 2.50
22457.18 9.91 202.25 15.28
22473.43 10.20 205.37 43.09
22490.06 10.05 203.68 25.12
22506.25 9.98 195.18 16.26
22522.81 10.14 187.43 22.52
22539.18 9.91 195.62 13.69
22555.37 10.20 185.56 30.78
22572.06 10.05 189.81 3.24
22588.25 9.98 193.25 17.24
22604.75 10.13 198.00 43.43
22621.18 9.91 187.62 8.72
22637.37 10.20 182.18 9.37
22654.00 10.12 178.31 24.97
22670.25 9.98 184.18 6.59
22686.75 10.13 181.81 3.30
22703.12 9.98 185.25 12.61
22719.25 9.98 178.31 12.10
22736.00 10.12 188.43 42.70
22752.25 9.98 177.37 24.83
22768.68 10.11 173.50 5.16
22785.12 9.98 174.12 4.69
22801.25 9.98 164.81 32.07
22817.93 10.15 179.18 29.62
22834.25 9.98 176.18 11.03
22850.62 10.18 167.50 13.04
22867.06 10.05 168.56 3.35
22883.25 9.98 169.81 4.49
22899.87 10.15 167.75 9.43
22916.25 9.98 165.00 5.82
22932.50 10.22 157.06 25.52
22949.06 10.05 166.93 7.20
22965.25 9.98 164.37 7.66
22981.81 10.14 149.37 34.84
22998.18 9.91 159.62 4.05
23014.43 10.20 150.31 39.00
23031.06 10.05 157.00 10.04
23047.25 9.98 158.93 2.41
23063.75 10.13 155.00 6.91
23080.18 9.91 165.68 19.95
23096.37 10.20 155.43 2.32
23113.06 10.05 157.50 16.25
23129.25 9.98 151.31 8.87
23145.75 10.13 155.00 4.66
23162.12 9.98 148.68 10.18
23178.31 10.03 154.62 25.57
23195.00 10.12 153.62 11.50
23211.25 9.98 153.62 9.93
23227.68 10.11 154.00 12.60
23244.12 9.98 147.81 7.24
23260.25 9.98 151.87 15.76
23277.00 10.12 141.87 12.52
23293.25 9.98 143.62 4.92
23309.62 10.18 149.37 16.33
23326.06 10.05 148.87 17.05
23342.25 9.98 143.31 4.01
23358.93 10.15 145.62 10.65
23375.25 9.98 142.37 9.03
23391.50 10.22 137.75 14.46
23408.06 10.05 141.43 6.01
23424.25 9.98 138.06 6.93
23440.87 10.15 140.50 4.47
23457.18 9.91 145.81 25.77
23473.43 10.20 132.50 20.95
23490.06 10.05 135.56 6.69
23506.25 9.98 143.68 16.23
23522.81 10.14 131.18 15.70
23539.18 9.91 135.25 5.41
23555.37 10.20 142.37 24.62
23572.06 10.05 134.37 3.48
23588.25 9.98 139.62 19.88
23604.75 10.13 130.87 15.88
23621.18 9.91 126.25 15.23
23637.37 10.20 131.93 6.74
23654.00 10.12 137.31 28.28
23670.25 9.98 129.37 3.04
23686.75 10.13 130.00 8.65
23703.12 9.98 127.87 5.54
23719.25 9.98 128.75 5.26
23736.00 10.12 125.31 10.53
23752.25 9.98 119.37 15.56
23768.68 10.11 127.87 11.45
23785.12 9.98 126.43 11.19
23801.25 9.98 122.18 8.38
23817.93 10.15 126.56 7.14
23834.25 9.98 123.93 4.57
23850.62 10.18 123.87 25.80
23867.06 10.05 121.93 2.46
23883.25 9.98 123.00 4.56
23899.87 10.15 121.50 8.54
23916.25 9.98 123.75 13.92
23932.50 10.22 120.75 13.92
23949.06 10.05 117.06 13.53
23965.25 9.98 118.37 4.89
23981.81 10.14 122.06 21.89
23998.18 9.91 114.81 10.83
24014.43 10.20 116.81 7.29
24031.06 10.05 126.87 21.14
24047.25 9.98 116.18 5.74
24063.75 10.13 114.31 5.47
24080.18 9.91 123.37 39.90
24096.37 10.20 114.31 2.99
24113.06 10.05 112.81 6.68
24129.25 9.98 112.37 4.08
24145.75 10.13 112.56 2.06
24162.12 9.98 111.87 5.06
24178.31 10.03 117.81 21.30
24195.00 10.12 114.12 5.78
24211.25 9.98 114.12 7.66
24227.68 10.11 109.50 21.18
24244.12 9.98 101.93 27.71
24260.25 9.98 109.62 5.23
24277.00 10.12 113.56 18.46
24293.25 9.98 109.06 3.63
24309.62 10.18 119.68 43.01
24326.06 10.05 103.25 16.31
24342.25 9.98 108.12 2.60
24358.93 10.15 104.62 10.37
24375.25 9.98 107.62 3.22
24391.50 10.22 105.43 3.84
24408.06 10.05 107.12 3.57
24424.25 9.98 108.00 12.96
24440.87 10.15 105.87 3.53
24457.18 9.91 105.81 17.75
24473.43 10.20 100.25 27.09
24490.06 10.05 104.75 21.07
24506.25 9.98 100.93 6.96
24522.81 10.14 107.37 24.25
24539.18 9.91 102.00 6.97
24555.37 10.20 112.12 22.85
24572.06 10.05 104.25 3.99
24588.25 9.98 97.62 16.91
24604.75 10.13 98.75 27.55
24621.18 9.91 98.43 9.70
24637.37 10.20 102.68 6.89
24654.00 10.12 106.43 24.56
24670.25 9.98 99.56 3.66
24686.75 10.13 97.93 8.10
24703.12 9.98 98.43 6.01
24719.25 9.98 101.43 19.46
24736.00 10.12 93.18 24.68
24752.25 9.98 101.62 17.55
24768.68 10.11 100.62 6.29
24785.12 9.98 100.12 9.92
24801.25 9.98 109.75 40.27
24817.93 10.15 92.12 16.62
24834.25 9.98 96.87 4.68
24850.62 10.18 90.62 18.78
24867.06 10.05 97.06 2.28
24883.25 9.98 95.50 7.32
24899.87 10.15 96.00 10.04
24916.25 9.98 94.75 9.54
24932.50 10.22 94.37 23.36
24949.06 10.05 94.56 8.06
24965.25 9.98 91.18 7.25
24981.81 10.14 100.81 26.46
24998.18 9.91 95.25 4.71
25014.43 10.20 100.25 30.64
25031.06 10.05 94.25 10.04
25047.25 9.98 93.37 2.60
25063.75 10.13 98.25 17.76
25080.18 9.91 86.62 23.51
25096.37 10.20 94.75 5.33
25113.06 10.05 86.87 22.54
25129.25 9.98 95.93 13.29
25145.75 10.13 94.37 4.27
25162.12 9.98 94.00 8.42
25178.31 10.03 88.93 12.05
25195.00 10.12 90.12 6.80
25211.25 9.98 89.25 7.09
25227.68 10.11 83.93 23.61
25244.12 9.98 91.68 13.50
25260.25 9.98 91.00 4.40
25277.00 10.12 95.06 13.10
25293.25 9.98 93.87 10.32
25309.62 10.18 84.68 22.07
25326.06 10.05 85.56 15.58
25342.25 9.98 89.37 2.52
25358.93 10.15 84.62 12.53
25375.25 9.98 87.00 7.76
25391.50 10.22 92.00 10.86
25408.06 10.05 87.50 7.28
25424.25 9.98 94.87 17.20
25440.87 10.15 87.62 5.20
25457.18 9.91 77.75 23.31
25473.43 10.20 92.50 12.72
25490.06 10.05 82.56 12.10
25506.25 9.98 88.37 11.84
25522.81 10.14 90.87 15.19
25539.18 9.91 85.18 6.95
25555.37 10.20 82.62 15.74
25572.06 10.05 86.25 2.99
25588.25 9.98 80.25 21.17
25604.75 10.13 85.56 12.33
25621.18 9.91 88.12 8.02
25637.37 10.20 85.00 5.56
25654.00 10.12 83.25 24.31
25670.25 9.98 85.00 5.60
25686.75 10.13 84.68 21.99
25703.12 9.98 85.81 12.20
25719.25 9.98 77.81 19.15
25736.00 10.12 82.68 12.77
25752.25 9.98 90.75 23.37
25768.68 10.11 82.56 9.75
25785.12 9.98 84.12 2.87
25801.25 9.98 79.93 24.76
25817.93 10.15 76.87 19.67
25834.25 9.98 81.93 7.18
25850.62 10.18 79.43 21.43
25867.06 10.05 82.75 3.11
25883.25 9.98 82.56 2.87
25899.87 10.15 83.37 8.52
25916.25 9.98 81.87 5.84
25932.50 10.22 82.06 17.79
25949.06 10.05 83.12 9.81
25965.25 9.98 81.43 9.37
25981.81 10.14 79.25 22.56
25998.18 9.91 81.00 4.72
26014.43 10.20 83.87 9.60
26031.06 10.05 77.06 14.27
26047.25 9.98 86.12 16.01
26063.75 10.13 80.68 4.24
26080.18 9.91 79.50 18.12
26096.37 10.20 81.18 4.56
26113.06 10.05 80.62 4.43
26129.25 9.98 78.93 7.45
26145.75 10.13 81.87 7.08
26162.12 9.98 79.12 5.48
26178.31 10.03 76.75 17.32
26195.00 10.12 83.00 10.54
26211.25 9.98 82.87 13.93
26227.68 10.11 81.87 20.82
26244.12 9.98 91.25 45.53
26260.25 9.98 80.18 3.01
26277.00 10.12 78.18 13.07
26293.25 9.98 78.81 3.84
26309.62 10.18 74.43 18.90
26326.06 10.05 82.62 13.14
26342.25 9.98 80.18 4.49
26358.93 10.15 81.56 9.92
26375.25 9.98 79.06 3.65
26391.50 10.22 78.37 11.23
26408.06 10.05 79.75 4.41
26424.25 9.98 78.37 9.79
26440.87 10.15 78.12 2.26
26457.18 9.91 79.37 8.16
26473.43 10.20 82.18 18.90
26490.06 10.05 76.50 10.90
26506.25 9.98 78.87 2.89
26522.81 10.14 72.62 16.88
26539.18 9.91 78.43 5.66
26555.37 10.20 71.25 21.56
26572.06 10.05 77.00 2.03
26588.25 9.98 81.00 15.67
26604.75 10.13 82.75 19.93
26621.18 9.91 80.43 14.84
26637.37 10.20 77.81 3.91
26654.00 10.12 73.31 12.16
26670.25 9.98 77.93 5.82
26686.75 10.13 73.93 5.98
26703.12 9.98 79.31 5.63
26719.25 9.98 84.81 25.63
26736.00 10.12 82.50 19.03
26752.25 9.98 74.00 18.11
26768.68 10.11 77.43 8.57
26785.12 9.98 72.37 12.87
26801.25 9.98 68.81 18.72
26817.93 10.15 78.50 9.09
26834.25 9.98 77.37 5.10
26850.62 10.18 85.56 42.81
26867.06 10.05 74.68 2.36
26883.25 9.98 72.75 9.69
26899.87 10.15 74.56 5.79
26916.25 9.98 78.87 21.68
26932.50 10.22 75.31 2.49
26949.06 10.05 75.87 10.84
26965.25 9.98 79.75 9.54
26981.81 10.14 80.93 39.99
26998.18 9.91 74.62 4.41
27014.43 10.20 71.31 15.55
27031.06 10.05 71.06 8.23
27047.25 9.98 71.12 18.52
27063.75 10.13 74.25 2.41
27080.18 9.91 84.00 28.78
27096.37 10.20 74.06 2.44
27113.06 10.05 70.81 11.44
27129.25 9.98 71.12 7.12
27145.75 10.13 72.31 6.51
27162.12 9.98 75.00 5.40
27178.31 10.03 72.62 4.00
27195.00 10.12 74.43 7.93
27211.25 9.98 72.00 7.87
27227.68 10.11 83.37 27.12
27244.12 9.98 69.06 18.63
27260.25 9.98 74.18 4.43
27277.00 10.12 71.93 5.52
27293.25 9.98 70.87 8.78
27309.62 10.18 79.12 26.78
27326.06 10.05 76.00 14.27
27342.25 9.98 74.81 4.08
27358.93 10.15 75.87 16.33
27375.25 9.98 72.37 5.65
27391.50 10.22 71.12 9.14
27408.06 10.05 71.81 5.32
27424.25 9.98 67.56 17.78
27440.87 10.15 72.81 2.67
27457.18 9.91 80.50 17.96
27473.43 10.20 71.25 6.92
27490.06 10.05 74.25 12.32
27506.25 9.98 76.12 16.20
27522.81 10.14 67.50 13.34
27539.18 9.91 71.06 6.61
27555.37 10.20 74.50 15.97
27572.06 10.05 71.43 2.91
27588.25 9.98 77.12 21.03
27604.75 10.13 73.93 9.00
27621.18 9.91 68.25 15.04
27637.37 10.20 72.50 2.06
27654.00 10.12 78.37 25.93
27670.25 9.98 68.43 10.77
27686.75 10.13 72.93 12.07
27703.12 9.98 71.56 3.20
27719.25 9.98 68.62 8.92
27736.00 10.12 75.00 10.43
27752.25 9.98 73.00 23.59
27768.68 10.11 73.75 5.88
27785.12 9.98 70.25 3.58
27801.25 9.98 73.12 13.70
27817.93 10.15 78.75 25.03
27834.25 9.98 71.43 1.90
27850.62 10.18 66.93 14.39
27867.06 10.05 70.62 4.69
27883.25 9.98 72.43 6.49
27899.87 10.15 66.25 12.85
27916.25 9.98 69.12 8.35
27932.50 10.22 71.50 8.79
27949.06 10.05 73.87 7.59
27965.25 9.98 69.87 6.10
27981.81 10.14 74.81 14.53
27998.18 9.91 73.56 14.40
28014.43 10.20 63.87 18.33
28031.06 10.05 74.93 15.39
28047.25 9.98 66.37 17.28
28063.75 10.13 69.62 5.28
28080.18 9.91 73.93 12.88
28096.37 10.20 70.68 2.59
28113.06 10.05 66.62 17.34
28129.25 9.98 68.31 8.30
28145.75 10.13 73.18 15.64
28162.12 9.98 69.68 4.59
28178.31 10.03 76.81 12.94
28195.00 10.12 71.00 4.11
28211.25 9.98 69.12 5.56
28227.68 10.11 63.93 16.60
28244.12 9.98 64.75 17.01
28260.25 9.98 73.56 9.59
28277.00 10.12 75.18 12.84
28293.25 9.98 69.06 5.10
28309.62 10.18 73.25 14.22
28326.06 10.05 68.00 7.17
28342.25 9.98 70.00 3.04
28358.93 10.15 68.12 6.07
28375.25 9.98 69.06 4.48
28391.50 10.22 70.50 3.08
28408.06 10.05 71.25 3.51
28424.25 9.98 75.68 21.58
28440.87 10.15 69.68 3.35
28457.18 9.91 71.25 10.36
28473.43 10.20 65.00 17.07
28490.06 10.05 64.06 16.56
28506.25 9.98 68.12 4.06
28522.81 10.14 73.25 10.54
28539.18 9.91 70.68 7.81
28555.37 10.20 83.68 52.15
28572.06 10.05 70.81 3.89
28588.25 9.98 66.37 11.77
28604.75 10.13 65.37 17.88
28621.18 9.91 69.12 4.36
28637.37 10.20 68.93 3.68
28654.00 10.12 71.06 8.23
28670.25 9.98 70.62 8.67
28686.75 10.13 72.18 13.84
28703.12 9.98 70.25 7.43
28719.25 9.98 67.75 14.86
28736.00 10.12 63.12 17.63
28752.25 9.98 71.43 14.91
28768.68 10.11 68.81 3.24
28785.12 9.98 73.00 16.51
28801.25 9.98 74.18 17.57
28817.93 10.15 67.18 8.98
28834.25 9.98 68.12 4.99
28850.62 10.18 63.18 18.79
28867.06 10.05 69.12 1.49
28883.25 9.98 70.31 6.47
28899.87 10.15 71.68 6.26
28916.25 9.98 74.81 22.18
28932.50 10.22 71.50 11.77
28949.06 10.05 65.18 13.36
28965.25 9.98 68.93 6.86
28981.81 10.14 67.31 22.42
28998.18 9.91 67.12 4.79
29014.43 10.20 71.00 7.69
29031.06 10.05 70.31 11.44
29047.25 9.98 79.25 41.80
29063.75 10.13 70.31 5.68
29080.18 9.91 60.12 20.18
29096.37 10.20 69.12 1.80
29113.06 10.05 67.81 3.40
29129.25 9.98 73.18 13.85
29145.75 10.13 65.62 9.19
29162.12 9.98 67.31 2.89
29178.31 10.03 70.50 8.75
29195.00 10.12 65.81 8.28
29211.25 9.98 75.43 22.03
29227.68 10.11 69.06 7.44
29244.12 9.98 74.12 26.49
29260.25 9.98 66.62 5.38
29277.00 10.12 71.06 10.92
29293.25 9.98 73.06 16.64
29309.62 10.18 66.93 13.24
29326.06 10.05 64.12 8.22
29342.25 9.98 67.87 2.52
29358.93 10.15 63.25 16.67
29375.25 9.98 69.12 2.85
29391.50 10.22 70.00 7.60
29408.06 10.05 70.25 8.04
29424.25 9.98 64.75 12.09
29440.87 10.15 68.75 2.80
29457.18 9.91 62.50 14.33
29473.43 10.20 64.06 11.09
29490.06 10.05 62.62 16.35
29506.25 9.98 65.62 12.32
29522.81 10.14 71.68 12.05
29539.18 9.91 69.18 4.88
29555.37 10.20 66.31 30.64
29572.06 10.05 69.81 5.10
29588.25 9.98 64.18 16.71
29604.75 10.13 61.81 17.72
29621.18 9.91 70.31 11.29
29637.37 10.20 68.43 3.87
29654.00 10.12 66.06 22.50
29670.25 9.98 70.87 9.70
29686.75 10.13 69.56 11.95
29703.12 9.98 68.93 4.76
29719.25 9.98 63.81 9.02
29736.00 10.12 61.93 17.67
29752.25 9.98 71.00 25.12
29768.68 10.11 64.00 10.18
29785.12 9.98 67.56 3.50
29801.25 9.98 72.00 15.84
29817.93 10.15 63.56 16.61
29834.25 9.98 67.31 6.79
29850.62 10.18 70.87 8.34
29867.06 10.05 67.56 2.71
29883.25 9.98 67.75 6.06
29899.87 10.15 70.68 12.25
29916.25 9.98 70.93 10.41
29932.50 10.22 69.56 26.24
29949.06 10.05 67.56 10.80
29965.25 9.98 68.37 5.97
29981.81 10.14 69.87 21.53
29998.18 9.91 67.00 4.92
30014.43 10.20 77.43 26.80
30031.06 10.05 65.93 12.07
30047.25 9.98 66.25 6.63
30063.75 10.13 70.25 12.55
30080.18 9.91 63.37 16.74
30096.37 10.20 67.31 3.12
30113.06 10.05 69.75 6.19
30129.25 9.98 70.87 12.14
30145.75 10.13 66.06 6.51
30162.12 9.98 66.06 7.77
30178.31 10.03 57.87 21.17
30195.00 10.12 67.06 8.85
30211.25 9.98 64.50 7.59
30227.68 10.11 68.81 10.26
30244.12 9.98 71.75 16.36
30260.25 9.98 67.18 5.81
30277.00 10.12 73.00 19.21
30293.25 9.98 68.25 4.64
30309.62 10.18 63.68 16.83
30326.06 10.05 66.56 6.03
30342.25 9.98 67.43 3.66
30358.93 10.15 65.50 5.40
30375.25 9.98 67.81 7.71
30391.50 10.22 68.31 4.84
30408.06 10.05 66.06 4.44
30424.25 9.98 65.06 21.53
30440.87 10.15 66.75 4.29
30457.18 9.91 66.93 17.91
30473.43 10.20 82.87 51.12
30490.06 10.05 70.12 15.24
30506.25 9.98 68.25 8.36
30522.81 10.14 64.37 9.07
30539.18 9.91 64.68 7.43
30555.37 10.20 57.18 21.17
30572.06 10.05 68.06 4.16
30588.25 9.98 68.56 8.87
30604.75 10.13 78.75 49.22
30621.18 9.91 69.06 9.50
30637.37 10.20 69.00 4.96
30654.00 10.12 65.75 6.37
30670.25 9.98 63.62 6.98
30686.75 10.13 71.12 7.68
30703.12 9.98 66.81 2.07
30719.25 9.98 68.00 5.17
30736.00 10.12 80.50 47.25
30752.25 9.98 65.25 11.88
30768.68 10.11 66.37 2.03
30785.12 9.98 66.87 1.90
30801.25 9.98 61.43 16.07
30817.93 10.15 68.75 6.47
30834.25 9.98 66.68 2.69
30850.62 10.18 75.62 24.97
30867.06 10.05 67.68 2.20
30883.25 9.98 66.25 5.35
30899.87 10.15 67.06 4.68
30916.25 9.98 65.68 11.49
30932.50 10.22 66.12 4.88
30949.06 10.05 71.00 12.92
30965.25 9.98 67.68 5.84
30981.81 10.14 73.12 30.15
30998.18 9.91 66.43 5.57
31014.43 10.20 63.93 6.92
31031.06 10.05 63.00 19.69
31047.25 9.98 63.93 17.32
31063.75 10.13 65.68 4.62
31080.18 9.91 73.00 18.31
31096.37 10.20 65.68 5.68
31113.06 10.05 71.37 11.68
31129.25 9.98 66.43 3.66
31145.75 10.13 73.00 19.29
31162.12 9.98 67.93 3.72
31178.31 10.03 63.37 10.80
31195.00 10.12 70.43 9.75
31211.25 9.98 73.62 22.98
31227.68 10.11 69.62 12.02
31244.12 9.98 64.81 11.87
31260.25 9.98 70.37 16.67
31277.00 10.12 61.93 13.98
31293.25 9.98 64.75 10.14
31309.62 10.18 76.81 36.87
31326.06 10.05 67.06 8.72
31342.25 9.98 67.25 6.17
31358.93 10.15 75.93 29.33
31375.25 9.98 65.43 6.06
31391.50 10.22 66.25 3.99
31408.06 10.05 65.93 7.61
31424.25 9.98 65.43 5.98
31440.87 10.15 67.43 2.96
31457.18 9.91 71.81 15.58
31473.43 10.20 67.18 12.57
31490.06 10.05 72.18 27.95
31506.25 9.98 67.31 12.97
31522.81 10.14 64.06 10.20
31539.18 9.91 66.12 4.65
31555.37 10.20 71.18 28.10
31572.06 10.05 70.31 11.30
31588.25 9.98 71.00 16.86
31604.75 10.13 67.75 1.85
31621.18 9.91 66.06 3.72
31637.37 10.20 67.68 2.87
31654.00 10.12 65.81 19.30
31670.25 9.98 63.50 9.82
31686.75 10.13 69.75 18.05
31703.12 9.98 66.12 6.87
31719.25 9.98 71.68 11.76
31736.00 10.12 69.37 12.84
31752.25 9.98 68.87 23.98
31768.68 10.11 68.06 5.55
31785.12 9.98 72.25 21.26
31801.25 9.98 62.31 16.84
31817.93 10.15 75.37 26.29
31834.25 9.98 66.06 6.91
31850.62 10.18 69.81 8.97
31867.06 10.05 66.68 2.73
31883.25 9.98 67.25 3.03
31899.87 10.15 65.18 9.35
31916.25 9.98 63.06 13.08
31932.50 10.22 67.93 14.76
31949.06 10.05 67.62 7.60
31965.25 9.98 65.18 7.38
31981.81 10.14 67.25 23.05
31998.18 9.91 67.93 11.87
32014.43 10.20 61.12 17.91
32031.06 10.05 66.18 7.06
32047.25 9.98 68.43 5.24
32063.75 10.13 64.25 8.81
32080.18 9.91 73.50 26.90
32096.37 10.20 66.68 3.13
32113.06 10.05 67.81 8.53
32129.25 9.98 64.12 5.00
32145.75 10.13 64.00 7.18
32162.12 9.98 67.25 5.07
32178.31 10.03 79.12 34.53
32195.00 10.12 66.43 6.94
32211.25 9.98 70.68 13.13
32227.68 10.11 70.56 18.26
32244.12 9.98 56.43 20.84
32260.25 9.98 69.93 12.52
32277.00 10.12 63.25 19.48
32293.25 9.98 66.06 5.40
32309.62 10.18 73.43 25.10
32326.06 10.05 66.18 6.83
32342.25 9.98 72.00 13.26
32358.93 10.15 62.00 16.69
32375.25 9.98 70.43 13.08
32391.50 10.22 66.12 6.63
32408.06 10.05 67.12 6.60
32424.25 9.98 68.31 5.88
32440.87 10.15 68.06 3.25
32457.18 9.91 68.37 10.25
32473.43 10.20 62.37 18.40
32490.06 10.05 63.93 7.23
32506.25 9.98 66.75 14.51
32522.81 10.14 68.43 6.90
32539.18 9.91 67.93 5.65
32555.37 10.20 67.12 26.68
32572.06 10.05 66.37 4.15
32588.25 9.98 65.81 5.69
32604.75 10.13 66.12 19.11
32621.18 9.91 68.25 6.28
32637.37 10.20 70.25 9.43
32654.00 10.12 66.50 6.59
32670.25 9.98 67.43 3.87
32686.75 10.13 69.06 6.02
32703.12 9.98 66.31 2.59
32719.25 9.98 63.56 17.17
32736.00 10.12 65.43 17.89
32752.25 9.98 70.62 7.68
32768.68 10.11 69.25 6.98
32785.12 9.98 66.62 4.97
32801.25 9.98 81.93 51.27
32817.93 10.15 66.75 3.75
32834.25 9.98 65.81 3.38
32850.62 10.18 63.68 18.70
32867.06 10.05 65.68 3.63
32883.25 9.98 66.00 3.79
32899.87 10.15 67.00 5.45
32916.25 9.98 66.43 4.58
32932.50 10.22 69.37 14.11
32949.06 10.05 68.31 3.12
32965.25 9.98 66.12 4.55
32981.81 10.14 63.18 25.18
32998.18 9.91 68.62 9.88
33014.43 10.20 69.06 6.02
33031.06 10.05 69.31 21.03
33047.25 9.98 72.68 20.09
33063.75 10.13 63.87 8.70
33080.18 9.91 66.56 12.32
33096.37 10.20 66.75 4.16
33113.06 10.05 63.81 11.28
33129.25 9.98 65.68 2.95
33145.75 10.13 66.25 27.38
33162.12 9.98 65.56 3.08
33178.31 10.03 70.06 23.44
33195.00 10.12 67.93 7.59
33211.25 9.98 63.81 10.54
33227.68 10.11 66.56 17.92
33244.12 9.98 66.00 3.24
33260.25 9.98 67.81 7.19
33277.00 10.12 78.75 36.69
33293.25 9.98 69.18 3.68
33309.62 10.18 68.00 5.94
33326.06 10.05 66.00 3.45
33342.25 9.98 68.25 4.01
33358.93 10.15 65.12 9.13
33375.25 9.98 67.12 3.92
33391.50 10.22 66.87 6.20
33408.06 10.05 66.25 2.84
33424.25 9.98 71.56 10.52
33440.87 10.15 65.00 7.20
33457.18 9.91 69.50 22.95
33473.43 10.20 65.93 5.62
33490.06 10.05 65.56 3.92
33506.25 9.98 70.12 15.61
33522.81 10.14 71.31 12.93
33539.18 9.91 65.12 7.07
33555.37 10.20 68.06 20.96
33572.06 10.05 67.31 2.71
