2 104
55 98
72 102
88 101
104 106
121 103
137 108
153 115
170 121
186 122
202 127
219 118
235 132
251 140
268 110
284 146
300 151
317 157
333 155
349 164
366 164
382 168
398 171
415 177
431 179
447 186
464 192
480 194
496 196
513 199
529 204
545 204
562 209
578 214
594 211
611 219
627 225
643 216
660 231
676 235
692 233
709 244
725 245
741 251
758 254
774 257
790 257
807 263
823 266
839 274
856 273
872 278
888 284
905 284
921 289
937 294
954 295
970 298
986 305
1003 303
1019 307
1036 317
1053 316
1069 297
1085 324
1102 328
1118 364
1134 333
1151 336
1167 328
1183 344
1200 349
1216 351
1232 357
1249 354
1265 361
1281 366
1298 366
1314 369
1330 374
1347 372
1363 379
1379 383
1396 392
1412 389
1428 395
1445 397
1461 399
1477 401
1494 389
1510 408
1526 412
1543 385
1559 422
1575 421
1592 424
1608 425
1624 431
1641 433
1657 437
1673 440
1690 445
1706 443
1722 445
1739 452
1755 456
1771 458
1788 459
1804 465
1820 467
1837 472
1853 469
1869 473
1886 481
1902 484
1918 474
1935 489
1951 491
1967 492
1984 496
2000 499
2016 500
2034 511
2050 508
2066 511
2083 516
2099 516
2115 527
2132 521
2148 525
2164 530
2181 530
2197 536
2213 539
2230 541
2246 543
2262 537
2279 548
2295 552
2311 557
2328 564
2344 556
2360 562
2377 565
2393 564
2409 572
2426 574
2442 574
2458 581
2475 582
2491 589
2507 591
2524 589
2540 597
2556 593
2573 600
2589 596
2605 600
2622 605
2638 608
2654 610
2671 613
2687 618
2703 620
2720 669
2736 620
2752 627
2769 631
2785 629
2801 634
2818 636
2834 638
2850 640
2867 645
2883 646
2899 641
2916 650
2932 656
2948 656
2965 668
2981 659
2997 661
3014 664
3031 659
3048 675
3064 673
3080 671
3097 679
3113 683
3129 682
3146 685
3162 724
3178 689
3195 697
3211 706
3227 699
3244 704
3260 704
3276 707
3293 710
3309 713
3325 714
3342 716
3358 719
3374 722
3391 722
3407 724
3423 729
3440 730
3456 731
3472 737
3489 737
3505 741
3521 743
3538 747
3554 748
3570 751
3587 742
3603 754
3619 754
3636 758
3652 763
3668 763
3685 769
3701 829
3717 770
3734 772
3750 775
3766 779
3783 778
3799 781
3815 782
3832 807
3848 787
3864 792
3881 790
3897 798
3913 800
3930 802
3946 803
3962 790
3979 809
3995 809
4011 808
4029 814
4045 816
4061 818
4078 821
4094 821
4110 826
4127 821
4143 834
4159 831
4176 833
4192 835
4208 840
4225 841
4241 840
4257 849
4274 844
4290 850
4306 854
4323 854
4339 855
4355 859
4372 859
4388 862
4404 868
4421 870
4437 870
4453 869
4470 871
4486 873
4502 876
4519 879
4535 877
4551 883
4568 885
4584 887
4600 890
4617 894
4633 893
4649 901
4666 901
4682 901
4698 905
4715 906
4731 910
4747 906
4764 909
4780 912
4796 914
4813 918
4829 915
4845 915
4862 922
4878 925
4894 929
4911 988
4927 934
4943 936
4960 940
4976 940
4992 944
5009 942
5026 944
5042 948
5059 948
5075 949
5091 956
5108 954
5124 956
5140 957
5157 963
5173 961
5189 965
5206 969
5222 986
5238 970
5255 974
5271 977
5287 973
5304 978
5320 970
5336 987
5353 944
5369 988
5385 990
5402 993
5418 994
5434 997
5451 997
5467 1001
5483 1002
5500 1005
5516 1003
5532 1010
5549 1007
5565 1011
5581 1015
5598 1018
5614 1021
5630 1019
5647 1023
5663 1029
5679 1029
5696 1034
5712 1035
5728 1029
5745 1038
5761 1040
5777 1043
5794 1043
5810 1045
5826 1048
5843 1053
5859 1046
5875 1054
5892 1056
5908 1059
5924 1061
5941 1064
5957 1064
5973 1068
5990 1070
6006 1072
6024 1079
6040 1050
6056 1080
6073 1084
6089 1089
6105 1086
6122 1088
6138 1093
6154 1095
6171 1088
6187 1099
6203 1102
6220 1107
6236 1109
6252 1109
6269 1112
6285 1112
6301 1097
6318 1116
6334 1120
6350 1124
6367 1131
6383 1135
6399 1135
6416 1139
6432 1147
6448 1144
6465 1149
6481 1149
6497 1151
6514 1155
6530 1157
6546 1149
6563 1165
6579 1164
6595 1171
6612 1174
6628 1178
6644 1184
6661 1184
6677 1213
6693 1193
6710 1196
6726 1194
6742 1204
6759 1208
6775 1214
6791 1219
6808 1222
6824 1226
6840 1234
6857 1240
6873 1247
6889 1251
6906 1260
6922 1269
6938 1273
6955 1278
6971 1284
6987 1291
7004 1305
7020 1315
7037 1327
7054 1334
7070 1350
7086 1361
7103 1372
7119 1409
7135 1398
7152 1418
7168 1439
7184 1454
7201 1472
7217 1496
7233 1512
7250 1534
7266 1558
7282 1581
7299 1600
7315 1623
7331 1645
7348 1672
7364 1693
7380 1721
7397 1746
7413 1772
7429 1794
7446 1822
7462 1844
7478 1866
7495 1890
7511 1913
7527 1934
7544 2009
7560 1975
7576 1992
7593 2031
7609 2029
7625 2045
7642 2063
7658 2078
7674 2086
7691 2102
7707 2108
7723 2119
7740 2123
7756 2124
7772 2133
7789 2131
7805 2134
7821 2133
7838 2140
7854 2130
7870 2124
7887 2117
7903 2109
7919 2103
7936 2091
7952 2076
7968 2071
7985 2050
8001 2032
8017 2015
8034 2001
8051 1980
8067 1964
8083 1940
8100 1919
8116 1899
8132 1876
8149 1857
8165 1830
8181 1808
8198 1787
8214 1752
8230 1736
8247 1718
8263 1693
8279 1668
8296 1647
8312 1625
8328 1599
8345 1582
8361 1564
8377 1543
8394 1522
8410 1510
8426 1495
8443 1480
8459 1462
8475 1448
8492 1469
8508 1421
8524 1416
8541 1409
8557 1404
8573 1392
8590 1394
8606 1391
8622 1393
8639 1393
8655 1393
8671 1402
8688 1401
8704 1410
8720 1414
8737 1417
8753 1427
8769 1435
8786 1449
8802 1462
8818 1475
8835 1488
8851 1509
8867 1516
8884 1535
8900 1554
8916 1577
8933 1589
8949 1612
8965 1625
8982 1644
8998 1666
9014 1690
9032 1707
9048 1731
9064 1743
9081 1763
9097 1788
9113 1811
9130 1827
9146 1850
9162 1866
9179 1888
9195 1907
9211 1923
9228 1940
9244 1953
9260 1962
9277 1980
9293 1959
9309 2008
9326 2017
9342 2032
9358 2039
9375 2045
9391 2055
9407 2057
9424 2059
9440 2064
9456 2066
9473 2066
9489 2064
9505 2060
9522 2061
9538 2058
9554 2048
9571 2044
9587 2038
9603 2027
9620 2021
9636 2009
9652 2004
9669 1969
9685 1972
9701 1958
9718 1932
9734 1926
9750 1913
9767 1861
9783 1877
9799 1856
9816 1836
9832 1820
9848 1803
9865 1786
9881 1767
9897 1744
9914 1729
9930 1708
9946 1682
9963 1669
9979 1654
9995 1635
10012 1617
10029 1600
10046 1583
10062 1569
10078 1556
10095 1539
10111 1528
10127 1515
10144 1507
10160 1495
10176 1485
10193 1530
10209 1471
10225 1461
10242 1460
10258 1458
10274 1453
10291 1449
10307 1449
10323 1455
10340 1455
10356 1456
10372 1467
10389 1469
10405 1477
10421 1484
10438 1494
10454 1502
10470 1511
10487 1519
10503 1533
10519 1546
10536 1557
10552 1574
10568 1560
10585 1599
10601 1618
10617 1594
10634 1649
10650 1665
10666 1682
10683 1700
10699 1712
10715 1728
10732 1749
10748 1766
10764 1783
10781 1801
10797 1816
10813 1834
10830 1850
10846 1866
10862 1883
10879 1894
10895 1905
10911 1919
10928 1934
10944 1959
10960 1956
10977 1965
10993 1949
11009 1985
11027 1992
11043 1984
11059 2002
11076 2008
11092 2020
11108 2013
11125 2014
11141 2017
11157 2015
11174 2007
11190 2015
11206 2007
11223 2001
11239 1994
11255 1990
11272 1978
11288 1975
11304 1967
11321 1961
11337 1946
11353 1936
11370 1923
11386 1911
11402 1902
11419 1883
11435 1873
11451 1855
11468 1901
11484 1818
11500 1809
11517 1776
11533 1775
11549 1761
11566 1745
11582 1727
11598 1711
11615 1699
11631 1679
11647 1664
11664 1652
11680 1640
11696 1622
11713 1607
11729 1592
11745 1582
11762 1571
11778 1560
11794 1546
11811 1542
11827 1536
11843 1543
11860 1518
11876 1511
11892 1527
11909 1505
11925 1500
11941 1496
11958 1495
11974 1495
11990 1500
12007 1497
12024 1501
12041 1506
12057 1507
12073 1515
12090 1521
12106 1522
12122 1538
12139 1546
12155 1559
12171 1561
12188 1576
12204 1588
12220 1604
12237 1610
12253 1623
12269 1632
12286 1648
12302 1663
12318 1667
12335 1694
12351 1709
12367 1723
12384 1738
12400 1757
12416 1766
12433 1781
12449 1801
12465 1810
12482 1827
12498 1849
12514 1856
12531 1863
12547 1882
12563 1893
12580 1900
12596 1914
12612 1926
12629 1934
12645 1941
12661 1947
12678 1952
12694 1924
12710 1966
12727 1970
12743 1978
12759 1980
12776 1979
12792 1993
12808 1984
12825 1971
12841 1979
12857 1979
12874 1969
12890 1972
12906 1962
12923 1957
12939 1951
12955 1952
12972 1935
12988 1925
13004 1920
13021 1907
13038 1895
13054 1888
13071 1869
13087 1863
13103 1850
13120 1840
13136 1817
13152 1816
13169 1800
13185 1786
13201 1769
13218 1756
13234 1740
13250 1728
13267 1764
13283 1696
13299 1687
13316 1675
13332 1660
13348 1652
13365 1635
13381 1624
13397 1616
13414 1605
13430 1594
13446 1584
13463 1575
13479 1567
13495 1567
13512 1552
13528 1547
13544 1543
13561 1541
13577 1536
13593 1537
13610 1535
13626 1530
13642 1531
13659 1535
13675 1535
13691 1538
13708 1539
13724 1546
13740 1542
13757 1556
13773 1556
13789 1569
13806 1579
13822 1583
13838 1593
13855 1603
13871 1611
13887 1623
13904 1625
13920 1640
13936 1663
13953 1662
13969 1678
13985 1679
14002 1703
14018 1713
14034 1726
14051 1739
14067 1756
14083 1768
14100 1777
14116 1789
14132 1805
14149 1811
14165 1826
14181 1839
14198 1847
14214 1855
14230 1871
14247 1849
14263 1890
14279 1897
14296 1897
14312 1910
14328 1917
14345 1924
14361 1926
14377 1932
14394 1932
14410 1937
14426 1937
14443 1964
14459 1934
14475 1940
14492 1938
14508 1939
14524 1937
14541 1940
14557 1932
14573 1927
14590 1922
14606 1919
14622 1910
14639 1900
14655 1896
14671 1885
14688 1877
14704 1864
14720 1853
14737 1851
14753 1842
14769 1830
14786 1817
14802 1812
14818 1792
14835 1780
14851 1770
14867 1753
14884 1771
14900 1726
14916 1734
14933 1706
14949 1697
14965 1691
14982 1675
14998 1668
15014 1709
15032 1641
15048 1633
15065 1657
15081 1614
15097 1607
15114 1598
15130 1590
15146 1580
15163 1577
15179 1567
15195 1575
15212 1555
15228 1555
15244 1557
15261 1551
15277 1550
15293 1544
15310 1551
15326 1584
15342 1558
15359 1553
15375 1561
15391 1558
15408 1562
15424 1567
15440 1571
15457 1579
15473 1582
15489 1593
15506 1599
15522 1609
15538 1621
15555 1631
15571 1635
15587 1647
15604 1657
15620 1662
15636 1676
15653 1691
15669 1688
15685 1706
15702 1701
15718 1733
15734 1744
15751 1760
15767 1770
15783 1778
15800 1789
15816 1800
15832 1797
15849 1821
15865 1828
15881 1839
15898 1847
15914 1858
15930 1868
15947 1876
15963 1863
15979 1892
15996 1896
16012 1899
16029 1906
16046 1911
16062 1916
16078 1918
16095 1918
16111 1922
16127 1920
16144 1867
16160 1921
16176 1920
16193 1923
16209 1916
16225 1911
16242 1908
16258 1905
16274 1919
16291 1894
16307 1890
16323 1909
16340 1878
16356 1868
16372 1864
16389 1851
16405 1842
16421 1836
16438 1827
16454 1817
16470 1801
16487 1795
16503 1785
16519 1778
16536 1767
16552 1749
16568 1736
16585 1735
16601 1724
16617 1717
16634 1705
16650 1692
16666 1683
16683 1675
16699 1668
16715 1658
16732 1646
16748 1643
16764 1638
16781 1628
16797 1621
16813 1613
16830 1608
16846 1601
16862 1598
16879 1593
16895 1592
16911 1589
16928 1582
16944 1591
16960 1585
16977 1584
16993 1617
17009 1586
17027 1588
17043 1564
17059 1597
17076 1596
17092 1564
17108 1603
17125 1613
17141 1630
17157 1621
17174 1627
17190 1630
17206 1643
17223 1649
17239 1659
17255 1664
17272 1678
17288 1683
17304 1702
17321 1703
17337 1716
17353 1724
17370 1733
17386 1743
17402 1749
17419 1763
17435 1769
17451 1783
17468 1762
17484 1803
17500 1812
17517 1852
17533 1827
17549 1832
17566 1843
17582 1850
17598 1854
17615 1860
17631 1867
17647 1875
17664 1879
17680 1885
17696 1892
17713 1892
17729 1899
17745 1905
17762 1904
17778 1903
17794 1901
17811 1905
17827 1903
17843 1930
17860 1897
17876 1898
17892 1895
17909 1894
17925 1892
17941 1892
17958 1874
17974 1886
17990 1871
18007 1868
18024 1859
18041 1853
18057 1846
18073 1836
18090 1829
18106 1822
18122 1812
18139 1806
18155 1792
18171 1790
18188 1770
18204 1766
18220 1757
18237 1751
18253 1741
18269 1735
18286 1720
18302 1715
18318 1721
18335 1697
18351 1688
18367 1709
18384 1670
18400 1660
18416 1656
18433 1651
18449 1638
18465 1637
18482 1635
18498 1629
18514 1624
18531 1620
18547 1618
18563 1612
18580 1605
18596 1608
18612 1607
18629 1604
18645 1604
18661 1604
18678 1606
18694 1603
18710 1610
18727 1613
18743 1590
18759 1622
18776 1619
18792 1625
18808 1633
18825 1634
18841 1647
18857 1653
18874 1650
18890 1664
18906 1674
18923 1678
18939 1695
18955 1694
18972 1703
18988 1710
19004 1718
19021 1726
19038 1737
19054 1746
19071 1755
19087 1761
19103 1772
19120 1776
19136 1789
19152 1789
19169 1792
19185 1809
19201 1817
19218 1874
19234 1831
19250 1840
19267 1864
19283 1862
19299 1854
19316 1863
19332 1863
19348 1869
19365 1876
19381 1874
19397 1875
19414 1880
19430 1884
19446 1878
19463 1886
19479 1886
19495 1887
19512 1883
19528 1882
19544 1880
19561 1877
19577 1873
19593 1870
19610 1867
19626 1861
19642 1899
19659 1849
19675 1847
19691 1840
19708 1834
19724 1825
19740 1822
19757 1811
19773 1803
19789 1792
19806 1788
19822 1780
19838 1770
19855 1765
19871 1754
19887 1746
19904 1740
19920 1732
19936 1724
19953 1723
19969 1703
19985 1702
20002 1693
20018 1671
20034 1676
20051 1670
20067 1655
20083 1657
20100 1654
20116 1650
20132 1642
20149 1637
20165 1634
20181 1629
20198 1631
20214 1628
20230 1621
20247 1617
20263 1621
20279 1616
20296 1614
20312 1628
20328 1616
20345 1617
20361 1622
20377 1626
20394 1623
20410 1627
20426 1635
20443 1644
20459 1640
20475 1645
20492 1672
20508 1653
20524 1659
20541 1669
20557 1676
20573 1681
20590 1689
20606 1696
20622 1706
20639 1711
20655 1717
20671 1726
20688 1732
20704 1741
20720 1745
20737 1756
20753 1763
20769 1772
20786 1779
20802 1785
20818 1839
20835 1801
20851 1807
20867 1887
20884 1821
20900 1826
20916 1837
20933 1836
20949 1843
20965 1851
20982 1852
20998 1856
21014 1864
21032 1864
21048 1868
21065 1869
21081 1867
21097 1872
21114 1874
21130 1873
21146 1875
21163 1873
21179 1869
21195 1868
21212 1868
21228 1864
21244 1862
21261 1861
21277 1850
21293 1832
21310 1847
21326 1840
21342 1795
21359 1832
21375 1823
21391 1820
21408 1814
21424 1803
21440 1797
21457 1789
21473 1780
21489 1771
21506 1763
21522 1759
21538 1747
21555 1745
21571 1738
21587 1728
21604 1721
21620 1708
21636 1713
21653 1701
21669 1691
21685 1687
21702 1634
21718 1675
21734 1668
21751 1660
21767 1659
21783 1654
21800 1652
21816 1648
21832 1654
21849 1647
21865 1637
21881 1639
21898 1630
21914 1632
21930 1630
21947 1630
21963 1633
21979 1630
21996 1631
22012 1631
22029 1636
22046 1637
22062 1638
22078 1641
22095 1646
22111 1650
22127 1652
22144 1643
22160 1665
22176 1661
22193 1673
22209 1679
22225 1679
22242 1689
22258 1697
22274 1714
22291 1704
22307 1717
22323 1720
22340 1730
22356 1740
22372 1742
22389 1756
22405 1756
22421 1764
22438 1769
22454 1777
22470 1781
22487 1791
22503 1794
22519 1815
22536 1812
22552 1816
22568 1818
22585 1824
22601 1830
22617 1832
22634 1839
22650 1844
22666 1845
22683 1848
22699 1851
22715 1853
22732 1852
22748 1854
22764 1857
22781 1876
22797 1856
22813 1860
22830 1856
22846 1856
22862 1852
22879 1848
22895 1849
22911 1843
22928 1841
22944 1839
22960 1831
22977 1828
22993 1823
23009 1821
23027 1812
23043 1812
23059 1803
23076 1796
23092 1771
23108 1792
23125 1779
23141 1776
23157 1768
23174 1760
23190 1753
23206 1747
23223 1726
23239 1730
23255 1711
23272 1722
23288 1713
23304 1706
23321 1699
23337 1696
23353 1690
23370 1687
23386 1678
23402 1678
23419 1671
23435 1663
23451 1660
23468 1640
23484 1652
23500 1647
23517 1650
23533 1648
23549 1642
23566 1644
23582 1642
23598 1694
23615 1644
23631 1647
23647 1639
23664 1641
23680 1641
23696 1642
23713 1646
23729 1652
23745 1653
23762 1656
23778 1666
23794 1667
23811 1673
23827 1675
23843 1682
23860 1684
23876 1693
23892 1695
23909 1702
23925 1706
23941 1711
23958 1722
23974 1727
23990 1732
24007 1736
24024 1743
24041 1727
24057 1756
24073 1765
24090 1772
24106 1793
24122 1785
24139 1795
24155 1798
24171 1800
24188 1805
24204 1810
24220 1817
24237 1819
24253 1825
24269 1823
24286 1828
24302 1842
24318 1838
24335 1844
24351 1847
24367 1849
24384 1851
24400 1855
24416 1851
24433 1854
24449 1850
24465 1856
24482 1852
24498 1850
24514 1862
24531 1851
24547 1841
24563 1843
24580 1844
24596 1845
24612 1838
24629 1831
24645 1825
24661 1824
24678 1818
24694 1809
24710 1811
24727 1742
24743 1803
24759 1790
24776 1787
24792 1781
24808 1770
24825 1770
24841 1764
24857 1775
24874 1748
24890 1741
24906 1735
24923 1732
24939 1726
24955 1720
24972 1714
24988 1669
25004 1707
25021 1695
25038 1694
25054 1687
25071 1681
25087 1682
25103 1676
25120 1678
25136 1674
25152 1672
25169 1668
25185 1665
25201 1663
25218 1670
25234 1659
25250 1660
25267 1626
25283 1659
25299 1666
25316 1662
25332 1662
25348 1667
25365 1666
25381 1671
25397 1672
25414 1671
25430 1677
25446 1677
25463 1684
25479 1684
25495 1692
25512 1697
25528 1699
25544 1704
25561 1710
25577 1721
25593 1696
25610 1711
25626 1732
25642 1703
25659 1742
25675 1747
25691 1715
25708 1759
25724 1763
25740 1770
25757 1777
25773 1778
25789 1788
25806 1792
25822 1797
25838 1803
25855 1806
25871 1811
25887 1815
25904 1816
25920 1818
25936 1825
25953 1830
25969 1829
25985 1832
26002 1837
26018 1844
26034 1839
26051 1839
26067 1908
26083 1842
26100 1841
26116 1841
26132 1837
26149 1837
26165 1838
26181 1830
26198 1830
26214 1828
26230 1824
26247 1826
26263 1822
26279 1820
26296 1813
26312 1807
26328 1804
26345 1801
26361 1796
26377 1788
26394 1792
26410 1779
26426 1775
26443 1739
26459 1762
26475 1759
26492 1730
26508 1747
26524 1741
26541 1737
26557 1728
26573 1728
26590 1721
26606 1715
26622 1706
26639 1703
26655 1701
26671 1698
26688 1689
26704 1707
26720 1687
26737 1679
26753 1679
26769 1677
26786 1671
26802 1670
26818 1672
26835 1663
26851 1660
26867 1623
26884 1659
26900 1658
26916 1705
26933 1664
26949 1658
26965 1666
26982 1660
26998 1679
27014 1662
27032 1668
27048 1670
27065 1673
27081 1677
27097 1677
27114 1682
27130 1682
27146 1688
27163 1691
27179 1695
27195 1701
27212 1704
27228 1708
27244 1714
27261 1718
27277 1727
27293 1777
27310 1736
27326 1736
27342 1817
27359 1750
27375 1753
27391 1761
27408 1767
27424 1767
27440 1776
27457 1782
27473 1785
27489 1790
27506 1793
27522 1798
27538 1805
27555 1804
27571 1806
27587 1811
27604 1813
27620 1817
27636 1817
27653 1822
27669 1827
27685 1824
27702 1822
27718 1815
27734 1828
27751 1829
27767 1830
27783 1829
27800 1824
27816 1824
27832 1825
27849 1819
27865 1813
27881 1819
27898 1817
27914 1804
27930 1817
27947 1803
27963 1801
27979 1801
27996 1794
28012 1791
28029 1787
28046 1771
28062 1779
28078 1775
28095 1771
28111 1764
28127 1755
28144 1751
28160 1747
28176 1742
28193 1736
28209 1733
28225 1729
28242 1727
28258 1723
28274 1714
28291 1705
28307 1705
28323 1698
28340 1694
28356 1686
28372 1696
28389 1686
28405 1677
28421 1675
28438 1680
28454 1669
28470 1674
28487 1674
28503 1672
28519 1668
28536 1666
28552 1666
28568 1679
28585 1662
28601 1666
28617 1676
28634 1662
28650 1669
28666 1701
28683 1655
28699 1673
28715 1679
28732 1679
28748 1680
28764 1685
28781 1686
28797 1689
28813 1689
28830 1695
28846 1702
28862 1706
28879 1707
28895 1715
28911 1719
28928 1724
28944 1725
28960 1732
28977 1737
28993 1737
29009 1739
29027 1752
29043 1628
29059 1760
29076 1765
29092 1768
29108 1775
29125 1769
29141 1779
29157 1779
29174 1786
29190 1795
29206 1796
29223 1802
29239 1804
29255 1807
29272 1810
29288 1810
29304 1813
29321 1814
29337 1816
29353 1836
29370 1818
29386 1816
29402 1818
29419 1815
29435 1819
29451 1823
29468 1831
29484 1816
29500 1820
29517 1817
29533 1812
29549 1813
29566 1809
29582 1802
29598 1822
29615 1800
29631 1798
29647 1795
29664 1794
29680 1786
29696 1784
29713 1781
29729 1778
29745 1771
29762 1767
29778 1764
29794 1757
29811 1757
29827 1754
29843 1757
29860 1745
29876 1741
29892 1740
29909 1785
29925 1729
29941 1727
29958 1723
29974 1718
29990 1714
30007 1712
30024 1706
30041 1703
30057 1703
30073 1697
30090 1697
30106 1693
30122 1690
30139 1689
30155 1688
30171 1686
30188 1685
30204 1683
30220 1755
30237 1684
30253 1673
30269 1687
30286 1685
30302 1686
30318 1682
30335 1684
30351 1740
30367 1683
30384 1686
30400 1689
30416 1692
30433 1697
30449 1699
30465 1695
30482 1702
30498 1709
30514 1707
30531 1712
30547 1712
30563 1716
30580 1720
30596 1731
30612 1728
30629 1734
30645 1739
30661 1742
30678 1743
30694 1752
30710 1756
30727 1765
30743 1760
30759 1765
30776 1769
30792 1770
30808 1774
30825 1778
30841 1779
30857 1784
30874 1788
30890 1793
30906 1801
30923 1793
30939 1796
30955 1798
30972 1802
30988 1835
31004 1802
31021 1806
31038 1811
31054 1806
31071 1808
31087 1804
31103 1806
31120 1797
31136 1801
31152 1800
31169 1802
31185 1801
31201 1801
31218 1800
31234 1798
31250 1796
31267 1795
31283 1786
31299 1819
31316 1788
31332 1786
31348 1781
31365 1776
31381 1775
31397 1773
31414 1771
31430 1766
31446 1764
31463 1762
31479 1756
31495 1754
31512 1751
31528 1748
31544 1697
31561 1740
31577 1735
31593 1733
31610 1729
31626 1728
31642 1723
31659 1721
31675 1705
31691 1710
31708 1716
31724 1708
31740 1709
31757 1706
31773 1703
31789 1699
31806 1672
31822 1695
31838 1695
31855 1692
31871 1693
31887 1693
31904 1693
31920 1696
31936 1677
31953 1695
31969 1693
31985 1695
32002 1694
32018 1693
32034 1698
32051 1690
32067 1699
32083 1698
32100 1700
32116 1706
32132 1709
32149 1708
32165 1714
32181 1716
32198 1717
32214 1719
32230 1722
32247 1726
32263 1727
32279 1729
32296 1737
32312 1741
32328 1740
32345 1747
32361 1748
32377 1757
32394 1770
32410 1762
32426 1765
32443 1756
32459 1768
32475 1772
32492 1778
32508 1778
32524 1781
32541 1784
32557 1786
32573 1786
32590 1789
32606 1791
32622 1813
32639 1795
32655 1802
32671 1795
32688 1798
32704 1799
32720 1800
32737 1799
32753 1856
32769 1801
32786 1797
32802 1800
32818 1797
32835 1798
32851 1799
32867 1798
32884 1770
32900 1793
32916 1802
32933 1785
32949 1787
32965 1784
32982 1785
32998 1783
33014 1779
33032 1774
33048 1773
33065 1763
33081 1767
33097 1758
33114 1765
33130 1764
33146 1758
33163 1755
33179 1747
33195 1778
33212 1744
33228 1743
33244 1737
33261 1735
33277 1730
33293 1728
33310 1729
33326 1695
33342 1728
33359 1723
33375 1720
33391 1719
33408 1713
33424 1712
33440 1709
33457 1708
33473 1703
33489 1713
33506 1704
33522 1702
33538 1706
33555 1705
33571 1644
33587 1703
33604 1701
33620 1695
33636 1702
33653 1706
33669 1703
33685 1703
33702 1691
33718 1700
33734 1711
33751 1710
33767 1710
33783 1720
33800 1720
33816 1719
33832 1726
33849 1723
33865 1722
33881 1726
33898 1728
33914 1722
33930 1730
33947 1739
33963 1733
33979 1751
33996 1742
34012 1743
34029 1763
34046 1751
34062 1754
34078 1716
34095 1756
34111 1759
34127 1778
34144 1761
34160 1772
34176 1770
34193 1754
34209 1774
34225 1774
34242 1770
34258 1774
34274 1778
34291 1777
34307 1777
34323 1779
34340 1781
34356 1784
34372 1782
34389 1775
34405 1784
34421 1785
34438 1783
34454 1789
34470 1784
34487 1782
34503 1783
34519 1782
34536 1775
34552 1780
34568 1781
34585 1779
34601 1777
34617 1748
34634 1774
34650 1771
34666 1701
34683 1766
34699 1763
34715 1756
34732 1756
34748 1758
34764 1751
34781 1753
34797 1751
34813 1748
34830 1746
34846 1744
34862 1742
34879 1735
34895 1740
34911 1731
34928 1729
34944 1726
34960 1725
34977 1720
34993 1737
35009 1716
35027 1713
35043 1752
35059 1712
35076 1705
35092 1711
35108 1710
35125 1705
35141 1738
35157 1703
35174 1707
35190 1701
35206 1705
35223 1702
35239 1703
35255 1698
35272 1698
35288 1699
35304 1696
35321 1699
35337 1699
35353 1704
35370 1702
35386 1701
35402 1702
35419 1703
35435 1706
35451 1704
35468 1731
35484 1710
35500 1706
35517 1776
35533 1718
35549 1718
35566 1720
35582 1725
35598 1728
35615 1729
35631 1743
35647 1728
35664 1734
35680 1738
35696 1739
35713 1740
35729 1748
35745 1749
35762 1747
35778 1754
35794 1756
35811 1760
35827 1760
35843 1770
35860 1762
35876 1764
35892 1754
35909 1767
35925 1772
35941 1770
35958 1773
35974 1774
35990 1777
36007 1781
36024 1772
36041 1780
36057 1784
36073 1778
36090 1781
36106 1787
36122 1782
36139 1785
36155 1782
36171 1782
36188 1776
36204 1781
36220 1779
36237 1776
36253 1777
36269 1775
36286 1777
36302 1778
36318 1758
36335 1777
36351 1772
36367 1765
36384 1769
36400 1763
36416 1765
36433 1765
36449 1758
36465 1757
36482 1761
36498 1756
36514 1751
36531 1753
36547 1751
36563 1747
36580 1745
36596 1743
36612 1739
36629 1739
36645 1733
36661 1734
36678 1731
36694 1728
36710 1731
36727 1727
36743 1732
36759 1724
36776 1720
36792 1739
36808 1720
36825 1720
36841 1718
36857 1716
36874 1718
36890 1718
36906 1715
36923 1715
36939 1719
36955 1716
36972 1716
36988 1719
37004 1716
37021 1714
37038 1715
37054 1716
37071 1711
37087 1720
37103 1723
37120 1721
37136 1718
37152 1722
37169 1723
37185 1728
37201 1726
37218 1718
37234 1729
37250 1733
37267 1711
37283 1734
37299 1738
37316 1742
37332 1742
37348 1743
37365 1745
37381 1749
37397 1752
37414 1750
37430 1754
37446 1751
37463 1754
37479 1757
37495 1760
37512 1760
37528 1763
37544 1763
37561 1766
37577 1771
37593 1757
37610 1772
37626 1774
37642 1766
37659 1773
37675 1776
37691 1780
37708 1780
37724 1778
37740 1781
37757 1780
37773 1779
37789 1778
37806 1783
37822 1783
37838 1783
37855 1782
37871 1777
37887 1779
37904 1777
37920 1748
37936 1780
37953 1779
37969 1779
37985 1780
38002 1779
38018 1765
38034 1776
38051 1784
38067 1770
38083 1769
38100 1771
38116 1767
38132 1763
38149 1763
38165 1762
38181 1767
38198 1757
38214 1758
38230 1746
38247 1754
38263 1750
38279 1749
38296 1743
38312 1749
38328 1743
38345 1741
38361 1750
38377 1735
38394 1736
38410 1733
38426 1734
38443 1613
38459 1732
38475 1730
38492 1728
38508 1727
38524 1726
38541 1727
38557 1725
38573 1720
38590 1720
38606 1718
38622 1716
38639 1719
38655 1718
38671 1722
38688 1720
38704 1722
38720 1721
38737 1725
38753 1654
38769 1722
38786 1726
38802 1725
38818 1726
38835 1728
38851 1731
38867 1729
38884 1736
38900 1733
38916 1736
38933 1732
38949 1735
38965 1738
38982 1740
38998 1741
39014 1740
39032 1744
39048 1753
39065 1751
39081 1738
39097 1752
39114 1754
39130 1752
39146 1760
39163 1759
39179 1758
39195 1737
39212 1767
39228 1765
39244 1770
39261 1770
39277 1767
39293 1765
39310 1760
39326 1752
39342 1768
39359 1771
39375 1773
39391 1775
39408 1776
39424 1776
39440 1775
39457 1779
39473 1778
39489 1781
39506 1780
39522 1779
39538 1770
39555 1774
39571 1773
39587 1774
39604 1775
39620 1770
39636 1772
39653 1774
39669 1767
39685 1767
39702 1795
39718 1767
39734 1760
39751 1758
39767 1761
39783 1756
39800 1756
39816 1753
39832 1769
39849 1751
39865 1746
39881 1747
39898 1746
39914 1744
39930 1744
39947 1737
39963 1741
39979 1738
39996 1732
40012 1734
40029 1732
40046 1728
40062 1728
40078 1726
40095 1725
40111 1723
40127 1717
40144 1724
40160 1721
40176 1718
40193 1721
40209 1723
40225 1720
40242 1721
40258 1735
40274 1742
40291 1723
40307 1721
40323 1723
40340 1714
40356 1720
40372 1719
40389 1721
40405 1723
40421 1727
40438 1725
40454 1732
40470 1730
40487 1726
40503 1729
40519 1684
40536 1729
40552 1723
40568 1732
40585 1731
40601 1735
40617 1740
40634 1739
40650 1805
40666 1746
40683 1746
40699 1744
40715 1749
40732 1748
40748 1753
40764 1752
40781 1754
40797 1757
40813 1756
40830 1763
40846 1762
40862 1776
40879 1766
40895 1771
40911 1765
40928 1772
40944 1774
40960 1773
40977 1770
40993 1776
41009 1776
41027 1776
41043 1777
41059 1777
41076 1775
41092 1806
41108 1777
41125 1779
41141 1776
41157 1779
41174 1776
41190 1779
41206 1778
41223 1774
41239 1777
41255 1774
41272 1772
41288 1771
41304 1769
41321 1765
41337 1764
41353 1765
41370 1765
41386 1763
41402 1759
41419 1759
41435 1759
41451 1755
41468 1769
41484 1751
41500 1749
41517 1751
41533 1744
41549 1745
41566 1743
41582 1741
41598 1729
41615 1731
41631 1736
41647 1743
41664 1733
41680 1733
41696 1730
41713 1727
41729 1717
41745 1724
41762 1722
41778 1713
41794 1717
41811 1719
41827 1722
41843 1718
41860 1720
41876 1722
41892 1723
41909 1795
41925 1720
41941 1717
41958 1716
41974 1721
41990 1719
42007 1718
42024 1723
42041 1720
42057 1721
42073 1720
42090 1727
42106 1721
42122 1720
42139 1723
42155 1730
42171 1729
42188 1732
42204 1733
42220 1737
42237 1735
42253 1738
42269 1738
42286 1737
42302 1735
42318 1743
42335 1747
42351 1816
42367 1750
42384 1749
42400 1754
42416 1754
42433 1756
42449 1758
42465 1754
42482 1757
42498 1758
42514 1759
42531 1758
42547 1764
42563 1764
42580 1768
42596 1669
42612 1767
42629 1769
42645 1723
42661 1769
42678 1771
42694 1772
42710 1773
42727 1772
42743 1772
42759 1770
42776 1772
42792 1771
42808 1772
42825 1770
42841 1763
42857 1776
42874 1773
42890 1774
42906 1769
42923 1769
42939 1766
42955 1766
42972 1762
42988 1760
43004 1767
43021 1760
43038 1755
43054 1761
43071 1763
43087 1755
43103 1750
43120 1772
43136 1751
43152 1747
43169 1745
43185 1742
43201 1744
43218 1742
43234 1740
43250 1739
43267 1738
43283 1733
43299 1732
43316 1730
43332 1728
43348 1731
43365 1726
43381 1726
43397 1730
43414 1728
43430 1726
43446 1729
43463 1725
43479 1724
43495 1721
43512 1720
43528 1718
43544 1720
43561 1718
43577 1719
43593 1724
43610 1722
43626 1721
43642 1753
43659 1718
43675 1726
43691 1718
43708 1723
43724 1726
43740 1721
43757 1726
43773 1725
43789 1724
43806 1730
43822 1730
43838 1729
43855 1734
43871 1739
43887 1734
43904 1739
43920 1741
43936 1740
43953 1740
43969 1747
43985 1746
44002 1748
44018 1763
44034 1753
44051 1752
44067 1716
44083 1762
44100 1759
44116 1783
44132 1768
44149 1760
44165 1769
44181 1772
44198 1770
44214 1769
44230 1772
44247 1771
44263 1773
44279 1774
44296 1773
44312 1776
44328 1776
44345 1782
44361 1781
44377 1782
44394 1778
44410 1781
44426 1776
44443 1829
44459 1774
44475 1783
44492 1772
44508 1779
44524 1779
44541 1784
44557 1776
44573 1778
44590 1773
44606 1773
44622 1773
44639 1774
44655 1771
44671 1766
44688 1765
44704 1766
44720 1763
44737 1762
44753 1762
44769 1759
44786 1759
44802 1759
44818 1754
44835 1753
44851 1750
44867 1766
44884 1748
44900 1748
44916 1749
44933 1743
44949 1740
44965 1743
44982 1742
44998 1739
45014 1735
45032 1733
45048 1733
45065 1735
45081 1734
45097 1723
45114 1737
45130 1730
45146 1729
45163 1730
45179 1726
45195 1730
45212 1725
45228 1728
45244 1729
45261 1731
45277 1731
45293 1744
45310 1729
45326 1732
45342 1703
45359 1734
45375 1732
45391 1736
45408 1734
45424 1735
45440 1745
45457 1739
45473 1741
45489 1743
45506 1753
45522 1745
45538 1744
45555 1750
45571 1746
45587 1754
45604 1750
45620 1755
45636 1754
45653 1756
45669 1756
45685 1759
45702 1760
45718 1753
45734 1759
45751 1762
45767 1749
45783 1768
45800 1769
45816 1713
45832 1769
45849 1769
45865 1774
45881 1772
45898 1790
45914 1772
45930 1776
45947 1777
45963 1776
45979 1775
45996 1779
46012 1778
46029 1783
46046 1778
46062 1773
46078 1775
46095 1776
46111 1778
46127 1778
46144 1770
46160 1771
46176 1771
46193 1829
46209 1760
46225 1768
46242 1842
46258 1765
46274 1766
46291 1761
46307 1760
46323 1759
46340 1761
46356 1756
46372 1752
46389 1750
46405 1746
46421 1738
46438 1718
46454 1744
46470 1745
46487 1740
46503 1742
46519 1742
46536 1736
46552 1739
46568 1732
46585 1732
46601 1747
46617 1731
46634 1728
46650 1725
46666 1725
46683 1724
46699 1724
46715 1721
46732 1725
46748 1717
46764 1722
46781 1717
46797 1721
46813 1714
46830 1725
46846 1716
46862 1719
46879 1715
46895 1714
46911 1720
46928 1718
46944 1725
46960 1723
46977 1724
46993 1731
47009 1729
47027 1726
47043 1708
47059 1731
47076 1726
47092 1724
47108 1732
47125 1735
47141 1749
47157 1732
47174 1736
47190 1732
47206 1739
47223 1740
47239 1746
47255 1745
47272 1748
47288 1749
47304 1750
47321 1753
47337 1754
47353 1754
47370 1755
47386 1756
47402 1757
47419 1760
47435 1761
47451 1763
47468 1806
47484 1766
47500 1767
47517 1845
47533 1767
47549 1769
47566 1772
47582 1771
47598 1769
47615 1772
47631 1771
47647 1777
47664 1771
47680 1769
47696 1770
47713 1769
47729 1771
47745 1771
47762 1772
47778 1770
47794 1770
47811 1766
47827 1766
47843 1761
47860 1764
47876 1762
47892 1758
47909 1763
47925 1762
47941 1762
47958 1761
47974 1759
47990 1756
48007 1755
48024 1729
48041 1749
48057 1751
48073 1746
48090 1748
48106 1743
48122 1741
48139 1737
48155 1707
48171 1738
48188 1730
48204 1736
48220 1734
48237 1729
48253 1728
48269 1733
48286 1721
48302 1726
48318 1722
48335 1723
48351 1720
48367 1721
48384 1717
48400 1715
48416 1720
48433 1718
48449 1721
48465 1712
48482 1721
48498 1721
48514 1717
48531 1722
48547 1719
48563 1722
48580 1720
48596 1753
48612 1719
48629 1727
48645 1719
48661 1722
48678 1726
48694 1730
48710 1728
48727 1723
48743 1723
48759 1733
48776 1726
48792 1737
48808 1732
48825 1733
48841 1735
48857 1800
48874 1735
48890 1736
48906 1741
48923 1741
48939 1744
48955 1749
48972 1748
48988 1778
49004 1750
49021 1752
49038 1766
49054 1752
49071 1759
49087 1757
49103 1758
49120 1759
49136 1763
49152 1760
49169 1838
49185 1766
49201 1761
49218 1768
49234 1764
49250 1767
49267 1767
49283 1771
49299 1770
49316 1766
49332 1775
49348 1769
49365 1771
49381 1767
49397 1766
49414 1766
49430 1767
49446 1768
49463 1770
49479 1763
49495 1765
49512 1766
49528 1763
49544 1747
49561 1765
49577 1761
49593 1752
49610 1756
49626 1756
49642 1758
49659 1757
49675 1747
49691 1758
49708 1756
49724 1753
49740 1747
49757 1751
49773 1751
49789 1750
49806 1794
49822 1744
49838 1745
49855 1740
49871 1735
49887 1743
49904 1738
49920 1741
49936 1741
49953 1740
49969 1735
49985 1740
50002 1734
50018 1734
50034 1733
50051 1730
50067 1731
50083 1727
50100 1730
50116 1727
50132 1730
50149 1722
50165 1735
50181 1726
50198 1730
50214 1729
50230 1729
50247 1763
50263 1731
50279 1733
50296 1727
50312 1731
50328 1730
50345 1730
50361 1731
50377 1735
50394 1734
50410 1738
50426 1739
50443 1736
50459 1737
50475 1740
50492 1781
50508 1739
50524 1745
50541 1734
50557 1743
50573 1739
50590 1741
50606 1746
50622 1804
50639 1747
50655 1748
50671 1750
50688 1749
50704 1750
50720 1749
50737 1755
50753 1707
50769 1755
50786 1754
50802 1751
50818 1755
50835 1770
50851 1762
50867 1761
50884 1817
50900 1762
50916 1756
50933 1760
50949 1761
50965 1759
50982 1759
50998 1760
51014 1756
51032 1759
51048 1760
51065 1797
51081 1757
51097 1760
51114 1764
51130 1758
51146 1759
51163 1764
51179 1760
51195 1743
51212 1758
51228 1760
51244 1757
51261 1756
51277 1749
51293 1752
51310 1755
51326 1780
51342 1752
51359 1751
51375 1753
51391 1748
51408 1753
51424 1751
51440 1748
51457 1747
51473 1743
51489 1749
51506 1744
51522 1744
51538 1741
51555 1745
51571 1742
51587 1743
51604 1744
51620 1745
51636 1742
51653 1741
51669 1742
51685 1740
51702 1739
51718 1742
51734 1738
51751 1734
51767 1766
51783 1733
51800 1738
51816 1727
51832 1736
51849 1737
51865 1734
51881 1739
51898 1735
51914 1737
51930 1733
51947 1732
51963 1733
51979 1727
51996 1722
52012 1730
52029 1733
52046 1735
52062 1736
52078 1736
52095 1735
52111 1739
52127 1735
52144 1736
52160 1742
52176 1740
52193 1659
52209 1745
52225 1743
52242 1683
52258 1746
52274 1746
52291 1741
52307 1748
52323 1752
52340 1752
52356 1752
52372 1753
52389 1754
52405 1756
52421 1754
52438 1744
52454 1762
52470 1754
52487 1755
52503 1760
52519 1755
52536 1756
52552 1758
52568 1757
52585 1761
52601 1764
52617 1747
52634 1762
52650 1763
52666 1767
52683 1767
52699 1759
52715 1753
52732 1769
52748 1754
52764 1762
52781 1759
52797 1759
52813 1753
52830 1760
52846 1761
52862 1757
52879 1759
52895 1759
52911 1757
52928 1757
52944 1753
52960 1755
52977 1754
52993 1738
53009 1749
53027 1751
53043 1756
53059 1751
53076 1751
53092 1816
53108 1752
53125 1747
53141 1746
53157 1750
53174 1752
53190 1746
53206 1746
53223 1748
53239 1751
53255 1746
53272 1741
53288 1743
53304 1743
53321 1743
53337 1740
53353 1741
53370 1734
53386 1744
53402 1742
53419 1741
53435 1743
53451 1739
53468 1766
53484 1733
53500 1734
53517 1682
53533 1738
53549 1734
53566 1746
53582 1742
53598 1739
53615 1745
53631 1739
53647 1742
53664 1745
53680 1741
53696 1738
53713 1740
53729 1740
53745 1740
53762 1740
53778 1745
53794 1742
53811 1740
53827 1748
53843 1743
53860 1743
53876 1742
53892 1735
53909 1742
53925 1744
53941 1739
53958 1739
53974 1737
53990 1744
54007 1753
54024 1746
54041 1746
54057 1747
54073 1746
54090 1750
54106 1749
54122 1745
54139 1749
54155 1752
54171 1750
54188 1750
54204 1748
54220 1750
54237 1747
54253 1748
54269 1748
54286 1746
54302 1747
54318 1758
54335 1748
54351 1751
54367 1767
54384 1749
54400 1754
54416 1749
54433 1751
54449 1749
54465 1756
54482 1745
54498 1745
54514 1745
54531 1747
54547 1741
54563 1747
54580 1746
54596 1744
54612 1744
54629 1748
54645 1748
54661 1743
54678 1744
54694 1737
54710 1734
54727 1742
54743 1747
54759 1739
54776 1739
54792 1712
54808 1744
54825 1743
54841 1688
54857 1743
54874 1739
54890 1733
54906 1736
54923 1743
54939 1734
54955 1735
54972 1735
54988 1739
55004 1736
55021 1741
55038 1720
55054 1738
55071 1734
55087 1734
55103 1734
55120 1734
55136 1733
55152 1743
55169 1734
55185 1734
55201 1729
55218 1745
55234 1730
55250 1729
55267 1744
55283 1728
55299 1730
55316 1766
55332 1730
55348 1733
55365 1731
55381 1732
55397 1733
55414 1747
55430 1733
55446 1727
55463 1733
55479 1731
55495 1739
55512 1733
55528 1733
55544 1732
55561 1735
55577 1737
55593 1736
55610 1733
55626 1736
55642 1738
55659 1735
55675 1737
55691 1731
55708 1736
55724 1743
55740 1740
55757 1740
55773 1740
55789 1746
55806 1739
55822 1746
55838 1744
55855 1744
55871 1742
55887 1745
55904 1744
55920 1742
55936 1747
55953 1742
55969 1744
55985 1720
56002 1746
56018 1743
56034 1748
56051 1751
56067 1753
56083 1752
56100 1751
56116 1761
56132 1749
56149 1753
56165 1748
56181 1752
56198 1748
56214 1751
56230 1753
56247 1788
56263 1757
56279 1752
56296 1757
56312 1754
56328 1751
56345 1755
56361 1753
56377 1749
56394 1751
56410 1746
56426 1754
56443 1731
56459 1754
56475 1750
56492 1725
56508 1766
56524 1751
56541 1755
56557 1756
56573 1753
56590 1751
56606 1751
56622 1711
56639 1750
56655 1749
56671 1752
56688 1747
56704 1754
56720 1746
56737 1747
56753 1736
56769 1749
56786 1750
56802 1742
56818 1748
56835 1746
56851 1746
56867 1745
56884 1718
56900 1745
56916 1745
56933 1746
56949 1743
56965 1747
56982 1744
56998 1746
57014 1743
57032 1740
57048 1745
57065 1710
57081 1739
57097 1742
57114 1749
57130 1741
57146 1744
57163 1741
57179 1739
57195 1762
57212 1741
57228 1739
57244 1742
57261 1744
57277 1742
57293 1744
57310 1742
57326 1747
57342 1749
57359 1745
57375 1741
57391 1740
57408 1742
57424 1741
57440 1744
57457 1745
57473 1747
57489 1747
57506 1747
57522 1741
57538 1744
57555 1755
57571 1790
57587 1746
57604 1749
57620 1748
57636 1748
57653 1750
57669 1751
57685 1751
57702 1650
57718 1755
57734 1756
57751 1754
57767 1752
57783 1751
57800 1752
57816 1751
57832 1749
57849 1755
57865 1760
57881 1753
57898 1758
57914 1755
57930 1761
57947 1765
57963 1759
57979 1758
57996 1761
58012 1747
58029 1759
58046 1759
58062 1759
58078 1758
58095 1758
58111 1759
58127 1759
58144 1739
58160 1758
58176 1760
58193 1762
58209 1758
58225 1759
58242 1761
58258 1757
58274 1754
58291 1761
58307 1759
58323 1757
58340 1754
58356 1755
58372 1753
58389 1755
58405 1752
58421 1751
58438 1751
58454 1749
58470 1753
58487 1751
58503 1752
58519 1728
58536 1751
58552 1752
58568 1745
58585 1746
58601 1748
58617 1744
58634 1745
58650 1754
58666 1744
58683 1747
58699 1744
58715 1753
58732 1746
58748 1747
58764 1743
58781 1743
58797 1743
58813 1740
58830 1774
58846 1742
58862 1741
58879 1740
58895 1741
58911 1745
58928 1744
58944 1755
58960 1745
58977 1743
58993 1746
59009 1743
59027 1744
59043 1747
59059 1742
59076 1743
59092 1745
59108 1742
59125 1745
59141 1744
59157 1741
59174 1741
59190 1746
59206 1742
59223 1748
59239 1746
59255 1749
59272 1775
59288 1748
59304 1753
59321 1751
59337 1748
59353 1746
59370 1748
59386 1749
59402 1752
59419 1752
59435 1762
59451 1753
59468 1766
59484 1752
59500 1754
59517 1756
59533 1755
59549 1750
59566 1749
59582 1751
59598 1752
59615 1753
59631 1752
59647 1747
59664 1754
59680 1756
59696 1757
59713 1757
59729 1754
59745 1754
59762 1754
59778 1739
59794 1749
59811 1750
59827 1752
59843 1746
59860 1753
59876 1753
59892 1747
59909 1715
59925 1750
59941 1750
59958 1746
59974 1747
59990 1747
60007 1749
60024 1749
60041 1747
60057 1745
60073 1744
60090 1819
60106 1745
60122 1743
60139 1743
60155 1742
60171 1743
60188 1744
60204 1743
60220 1743
60237 1745
60253 1743
60269 1746
60286 1739
60302 1746
60318 1718
60335 1742
60351 1741
60367 1743
60384 1736
60400 1752
60416 1740
60433 1741
60449 1742
60465 1735
60482 1753
60498 1740
60514 1744
60531 1742
60547 1742
60563 1744
60580 1738
60596 1741
60612 1743
60629 1742
60645 1747
60661 1745
60678 1752
60694 1750
60710 1749
60727 1748
60743 1739
60759 1751
60776 1747
60792 1739
60808 1751
60825 1749
60841 1749
60857 1752
60874 1751
60890 1752
60906 1755
60923 1753
60939 1748
60955 1752
60972 1754
60988 1750
61004 1753
61021 1749
61038 1754
61054 1759
61071 1754
61087 1763
61103 1757
61120 1755
61136 1756
61152 1755
61169 1756
61185 1749
61201 1758
61218 1760
61234 1758
61250 1759
61267 1729
61283 1758
61299 1756
61316 1682
61332 1755
61348 1754
61365 1746
61381 1755
61397 1750
61414 1753
61430 1750
61446 1755
61463 1751
61479 1753
61495 1752
61512 1749
61528 1750
61544 1746
61561 1746
61577 1744
61593 1745
61610 1741
61626 1744
61642 1682
61659 1742
61675 1739
61691 1687
61708 1743
61724 1743
61740 1740
61757 1739
61773 1743
61789 1728
61806 1739
61822 1740
61838 1743
61855 1737
61871 1739
61887 1738
61904 1747
61920 1743
61936 1742
61953 1742
61969 1738
61985 1740
62002 1735
62018 1737
62034 1737
62051 1736
62067 1745
62083 1740
62100 1737
62116 1715
62132 1749
62149 1737
62165 1740
62181 1746
62198 1753
62214 1750
62230 1743
62247 1745
62263 1741
62279 1744
62296 1741
62312 1744
62328 1748
62345 1748
62361 1743
62377 1750
62394 1747
62410 1749
62426 1745
62443 1757
62459 1747
62475 1748
62492 1777
62508 1748
62524 1746
62541 1764
62557 1751
62573 1751
62590 1762
62606 1754
62622 1751
62639 1753
62655 1753
62671 1751
62688 1751
62704 1754
62720 1756
62737 1751
62753 1753
62769 1757
62786 1747
62802 1754
62818 1756
62835 1753
62851 1754
62867 1655
62884 1751
62900 1752
62916 1697
62933 1754
62949 1751
62965 1747
62982 1748
62998 1752
63014 1753
63032 1748
63048 1745
63065 1747
63081 1747
63097 1745
63114 1745
63130 1748
63146 1745
63163 1748
63179 1745
63195 1751
63212 1742
63228 1739
63244 1742
63261 1744
63277 1740
63293 1733
63310 1740
63326 1739
63342 1749
63359 1740
63375 1740
63391 1744
63408 1742
63424 1734
63440 1737
63457 1734
63473 1799
63489 1736
63506 1738
63522 1727
63538 1743
63555 1740
63571 1739
63587 1752
63604 1737
63620 1741
63636 1739
63653 1736
63669 1737
63685 1745
63702 1740
63718 1736
63734 1743
63751 1741
63767 1742
63783 1743
63800 1738
63816 1742
63832 1743
63849 1775
63865 1743
63881 1742
63898 1736
63914 1743
63930 1747
63947 1770
63963 1745
63979 1748
63996 1745
64012 1748
64029 1752
64046 1750
64062 1752
64078 1750
64095 1754
64111 1755
64127 1753
64144 1754
64160 1760
64176 1759
64193 1755
64209 1757
64225 1760
64242 1760
64258 1759
64274 1763
64291 1761
64307 1764
64323 1764
64340 1756
64356 1765
64372 1757
64389 1758
64405 1765
64421 1764
64438 1767
64454 1766
64470 1763
64487 1768
64503 1763
64519 1793
64536 1760
64552 1762
64568 1764
64585 1764
64601 1753
64617 1760
64634 1763
64650 1754
64666 1757
64683 1753
64699 1760
64715 1755
64732 1762
64748 1755
64764 1753
64781 1755
64797 1754
64813 1753
64830 1699
64846 1756
64862 1748
64879 1747
64895 1750
64911 1746
64928 1747
64944 1746
64960 1823
64977 1748
64993 1749
65009 1751
65027 1743
65043 1740
65059 1746
65076 1746
65092 1745
65108 1746
65125 1749
65141 1748
65157 1747
65174 1745
65190 1743
65206 1745
65223 1745
65239 1743
65255 1742
65272 1747
65288 1747
65304 1750
65321 1746
65337 1750
65353 1747
65370 1749
65386 1751
65402 1749
65419 1751
65435 1745
65451 1750
65468 1732
65484 1753
65500 1751
65517 1752
65533 1754
65549 1753
65566 1757
65582 1755
65598 1758
65615 1756
65631 1756
65647 1729
65664 1758
65680 1757
65696 1756
65713 1750
65729 1756
65745 1760
65762 1763
65778 1741
65794 1762
65811 1762
65827 1767
65843 1763
65860 1764
65876 1764
65892 1760
65909 1779
65925 1758
65941 1760
65958 1758
65974 1760
65990 1767
66007 1764
66024 1762
66041 1760
66057 1763
66073 1761
66090 1738
66106 1761
66122 1764
66139 1765
66155 1751
66171 1758
66188 1754
66204 1756
66220 1750
66237 1752
66253 1750
66269 1752
66286 1749
66302 1751
66318 1750
66335 1747
66351 1753
66367 1750
66384 1748
66400 1743
66416 1746
66433 1738
66449 1746
66465 1741
66482 1743
66498 1741
66514 1740
66531 1738
66547 1741
66563 1738
66580 1737
66596 1738
66612 1731
66629 1735
66645 1728
66661 1730
66678 1730
66694 1738
66710 1734
66727 1741
66743 1736
66759 1735
66776 1737
66792 1732
66808 1735
66825 1731
66841 1733
66857 1710
66874 1731
66890 1733
66906 1738
66923 1734
66939 1734
66955 1738
66972 1730
66988 1737
67004 1734
67021 1738
67038 1736
67055 1740
67071 1741
67088 1747
67104 1750
67121 1741
67137 1743
67153 1746
67170 1747
67186 1748
67203 1745
67219 1745
67236 1743
67252 1750
67268 1753
67285 1753
67301 1747
67318 1750
67334 1752
67351 1786
67367 1753
67383 1760
67400 1758
67416 1755
67433 1755
67449 1755
67466 1787
67482 1760
67498 1756
67515 1761
67531 1760
67548 1763
67564 1758
67581 1760
67597 1762
67613 1759
67630 1760
67646 1762
67663 1757
67679 1760
67696 1761
67712 1760
67728 1758
67745 1759
67761 1758
67778 1774
67794 1753
67811 1752
67827 1757
67843 1755
67860 1756
67876 1756
67893 1754
67909 1784
67926 1747
67942 1745
67958 1750
67975 1746
67991 1744
68008 1747
68025 1745
68042 1746
68058 1743
68075 1741
68091 1721
68107 1739
68124 1738
68140 1740
68157 1739
68173 1738
68190 1738
68206 1731
68222 1732
68239 1732
68255 1732
68272 1703
68288 1733
68305 1731
68321 1733
68337 1725
68354 1723
68370 1729
68387 1730
68403 1730
68420 1733
68436 1730
68452 1708
68469 1727
68485 1731
68502 1729
68518 1714
68535 1734
68551 1729
68567 1731
68584 1727
68600 1728
68617 1733
68633 1730
68650 1700
68666 1737
68682 1739
68699 1732
68715 1742
68732 1736
68748 1740
68765 1740
68781 1735
68797 1742
68814 1744
68830 1811
68847 1739
68863 1741
68880 1749
68896 1743
68912 1745
68929 1751
68945 1746
68962 1755
68978 1751
68995 1751
69011 1742
69028 1754
69045 1751
69061 1757
69078 1757
69094 1758
69111 1755
69127 1757
69143 1753
69160 1760
69176 1753
69193 1760
69209 1759
69226 1762
69242 1756
69258 1757
69275 1757
69291 1757
69308 1755
69324 1758
69341 1731
69357 1758
69373 1758
69390 1759
69406 1752
69423 1754
69439 1761
69456 1757
69472 1757
69488 1748
69505 1753
69521 1751
69538 1748
69554 1752
69571 1750
69587 1757
69603 1753
69620 1749
69636 1749
69653 1748
69669 1744
69686 1749
69702 1749
69718 1749
69735 1745
69751 1743
69768 1745
69784 1747
69801 1744
69817 1748
69833 1748
69850 1744
69866 1762
69883 1740
69899 1741
69916 1702
69932 1744
69948 1740
69965 1743
69981 1742
69998 1739
70014 1742
70032 1739
70048 1740
70065 1739
70081 1735
70097 1736
70114 1747
70130 1738
70147 1741
70163 1742
70180 1741
70196 1737
70212 1740
70229 1741
70245 1741
70262 1742
70278 1741
70295 1738
70311 1741
70327 1741
70344 1743
70360 1744
70377 1745
70393 1744
70410 1744
70426 1742
70442 1755
70459 1743
70475 1743
70492 1755
70508 1733
70525 1743
70541 1715
70557 1746
70574 1749
70590 1748
70607 1749
70623 1749
70640 1748
70656 1748
70672 1749
70689 1749
70705 1750
70722 1752
70738 1755
70755 1751
70771 1747
70787 1746
70804 1750
70820 1754
70837 1752
70853 1753
70870 1759
70886 1751
70902 1752
70919 1754
70935 1753
70952 1753
70968 1753
70985 1751
71001 1753
71017 1743
71034 1747
71051 1750
71067 1802
71084 1748
71100 1749
71117 1715
71133 1750
71149 1748
71166 1795
71182 1753
71199 1747
71215 1747
71232 1749
71248 1746
71264 1744
71281 1747
71297 1745
71314 1747
71330 1747
71347 1748
71363 1736
71379 1739
71396 1747
71412 1747
71429 1744
71445 1746
71462 1743
71478 1743
71494 1745
71511 1746
71527 1763
71544 1746
71560 1743
71577 1747
71593 1748
71609 1744
71626 1744
71642 1805
71659 1747
71675 1746
71692 1708
71708 1747
71724 1743
71741 1734
71757 1744
71774 1748
71790 1739
71807 1743
71823 1744
71839 1747
71856 1743
71872 1744
71889 1745
71905 1745
71922 1744
71938 1743
71954 1745
71971 1744
71987 1741
72004 1741
72020 1740
72038 1744
72054 1747
72071 1748
72087 1739
72104 1748
72120 1744
72136 1742
72153 1742
72169 1747
72186 1745
72202 1748
72219 1750
72235 1749
72251 1746
72268 1745
72284 1747
72301 1743
72317 1748
72334 1749
72350 1748
72366 1745
72383 1745
72399 1747
72416 1751
72432 1752
72449 1756
72465 1754
72481 1757
72498 1759
72514 1754
72531 1751
72547 1750
72564 1756
72580 1749
72596 1752
72613 1753
72629 1751
72646 1750
72662 1748
72679 1748
72695 1752
72711 1751
72728 1751
72744 1753
72761 1752
72777 1754
72794 1753
72810 1753
72826 1754
72843 1748
72859 1748
72876 1749
72892 1812
72909 1750
72925 1752
72941 1744
72958 1749
72974 1747
72991 1741
73007 1750
73025 1753
73041 1693
73057 1747
73074 1749
73090 1748
73107 1748
73123 1752
73140 1750
73156 1752
73172 1742
73189 1749
73205 1750
73222 1747
73238 1747
73255 1754
73271 1750
73287 1740
73304 1754
73320 1750
73337 1748
73353 1734
73370 1748
73386 1749
73402 1744
73419 1750
73435 1745
73452 1751
73468 1753
73485 1748
73501 1746
73517 1778
73534 1746
73550 1749
73567 1744
73583 1748
73600 1751
73616 1746
73632 1746
73649 1781
73665 1742
73682 1744
73698 1751
73715 1751
73731 1748
73747 1752
73764 1747
73780 1747
73797 1746
73813 1747
73830 1739
73846 1750
73862 1751
73879 1747
73895 1748
73912 1747
73928 1743
73945 1748
73961 1768
73977 1751
73994 1748
74010 1747
74028 1750
74044 1744
74061 1745
74077 1744
74094 1744
74110 1743
74126 1749
74143 1758
74159 1741
74176 1746
74192 1747
74209 1747
74225 1739
74241 1741
74258 1737
74274 1742
74291 1743
74307 1740
74324 1744
74340 1738
74356 1738
74373 1742
74389 1743
74406 1743
74422 1742
74439 1740
74455 1738
74471 1735
74488 1740
74504 1740
74521 1741
74537 1739
74554 1737
74570 1810
74586 1734
74603 1739
74619 1743
74636 1744
74652 1739
74669 1742
74685 1739
74701 1742
74718 1740
74734 1739
74751 1743
74767 1742
74784 1741
74800 1741
74816 1740
74833 1735
74849 1736
74866 1740
74882 1718
74899 1741
74915 1739
74931 1736
74948 1743
74964 1740
74981 1741
74997 1741
75014 1743
75031 1739
75048 1743
75064 1725
75080 1743
75097 1743
75113 1744
75130 1740
75146 1734
75163 1738
75179 1740
75195 1713
75212 1742
75228 1741
75245 1734
75261 1737
75278 1740
75294 1739
75310 1743
75327 1735
75343 1742
75360 1741
75376 1737
75393 1739
75409 1739
75425 1737
75442 1763
75458 1738
75475 1739
75491 1734
75508 1735
75524 1736
75540 1738
75557 1737
75573 1742
75590 1738
75606 1734
75623 1728
75639 1738
75655 1737
75672 1743
75688 1741
75705 1740
75721 1738
75738 1739
75754 1735
75770 1740
75787 1735
75803 1685
75820 1739
75836 1740
75853 1738
75869 1735
75885 1737
75902 1751
75918 1740
75935 1801
75951 1742
75968 1745
75984 1738
76000 1739
76017 1740
76034 1739
76051 1742
76067 1744
76084 1743
76100 1742
76117 1762
76133 1743
76149 1741
76166 1745
76182 1746
76199 1750
76215 1749
76232 1745
76248 1745
76264 1755
76281 1745
76297 1710
76314 1751
76330 1752
76347 1750
76363 1751
76379 1754
76396 1751
76412 1749
76429 1751
76445 1752
76462 1755
76478 1753
76494 1752
76511 1755
76527 1749
76544 1746
76560 1756
76577 1759
76593 1759
76609 1754
76626 1752
76642 1753
76659 1756
76675 1789
76692 1757
76708 1758
76724 1756
76741 1756
76757 1754
76774 1751
76790 1757
76807 1758
76823 1754
76839 1758
76856 1738
76872 1754
76889 1756
76905 1753
76922 1751
76938 1755
76954 1755
76971 1752
76987 1685
77004 1751
77020 1754
77038 1743
77054 1746
77071 1746
77087 1745
77103 1746
77120 1745
77136 1750
77153 1750
77169 1737
77186 1743
77202 1745
77218 1748
77235 1743
77251 1744
77268 1744
77284 1741
77301 1739
77317 1743
77333 1745
77350 1762
77366 1744
77383 1744
77399 1744
77416 1739
77432 1741
77448 1741
77465 1743
77481 1741
77498 1741
77514 1739
77531 1740
77547 1739
77563 1740
77580 1742
77596 1728
77613 1739
77629 1744
77646 1738
77662 1744
77678 1743
77695 1739
77711 1742
77728 1745
77744 1747
77761 1746
77777 1747
77793 1744
77810 1745
77826 1751
77843 1749
77859 1747
77876 1742
77892 1749
77908 1753
77925 1745
77941 1764
77958 1753
77974 1754
77991 1755
78007 1752
78025 1754
78041 1752
78057 1759
78074 1759
78090 1753
78107 1757
78123 1758
78140 1759
78156 1760
78172 1761
78189 1763
78205 1759
78222 1758
78238 1759
78255 1768
78271 1759
78287 1765
78304 1808
78320 1761
78337 1755
78353 1727
78370 1763
78386 1760
78402 1760
78419 1748
78435 1761
78452 1757
78468 1753
78485 1761
78501 1761
78517 1760
78534 1756
78550 1759
78567 1744
78583 1754
78600 1756
78616 1743
78632 1761
78649 1746
78665 1785
78682 1753
78698 1750
78715 1750
78731 1750
78747 1749
78764 1750
78780 1748
78797 1751
78813 1750
78830 1744
78846 1744
78862 1747
78879 1752
78895 1746
78912 1745
78928 1742
78945 1740
78961 1740
78977 1742
78994 1746
79010 1744
79028 1743
79044 1741
79061 1741
79077 1742
79093 1742
79110 1740
79126 1740
79143 1738
79159 1743
79176 1741
79192 1658
79208 1742
79225 1743
79241 1753
79258 1740
79274 1742
79291 1745
79307 1744
79323 1743
79340 1748
79356 1745
79373 1741
79389 1744
79406 1747
79422 1744
79438 1741
79455 1749
79471 1747
79488 1735
79504 1746
79521 1744
79537 1751
79553 1745
79570 1747
79586 1750
79603 1750
79619 1746
79636 1749
79652 1754
79668 1752
79685 1751
79701 1755
79718 1754
79734 1751
79751 1750
79767 1859
79783 1762
79800 1753
79816 1736
79833 1750
79849 1752
79866 1753
79882 1739
79898 1746
79915 1752
79931 1752
79948 1751
79964 1757
79981 1755
79997 1752
80013 1764
80031 1751
80047 1750
80064 1749
80080 1746
80097 1749
80113 1751
80130 1755
80146 1749
80162 1753
80179 1746
80195 1740
80212 1747
80228 1747
80245 1747
80261 1750
80277 1749
80294 1746
80310 1745
80327 1746
80343 1745
80360 1745
80376 1747
80392 1745
80409 1745
80425 1742
80442 1710
80458 1742
80475 1747
80491 1776
80507 1745
80524 1742
80540 1807
80557 1742
80573 1746
80590 1743
80606 1748
80622 1748
80639 1738
80655 1743
80672 1742
80688 1744
80705 1755
80721 1748
80737 1749
80754 1747
80770 1744
80787 1744
80803 1744
80820 1745
80836 1744
80852 1744
80869 1744
80885 1746
80902 1748
80918 1745
80935 1747
80951 1747
80967 1741
80984 1746
81000 1749
81017 1727
81034 1752
81051 1746
81067 1687
81084 1748
81100 1753
81116 1737
81133 1750
81149 1752
81166 1746
81182 1754
81199 1753
81215 1757
81231 1754
81248 1754
81264 1742
81281 1754
81297 1753
81314 1750
81330 1748
81346 1752
81363 1757
81379 1752
81396 1752
81412 1752
81429 1753
81445 1747
81461 1745
81478 1747
81494 1752
81511 1753
81527 1751
81544 1750
81560 1751
81576 1749
81593 1747
81609 1749
81626 1752
81642 1713
81659 1747
81675 1747
81691 1719
81708 1742
81724 1745
81741 1814
81757 1743
81774 1745
81790 1747
81806 1742
81823 1741
81839 1740
81856 1746
81872 1749
81889 1746
81905 1746
81921 1732
81938 1745
81954 1743
81971 1752
81987 1744
82004 1746
82020 1744
82038 1748
82054 1743
82070 1744
82087 1742
82103 1735
82120 1742
82136 1740
82153 1742
82169 1746
82185 1746
82202 1747
82218 1744
82235 1744
82251 1736
82268 1745
82284 1759
82300 1746
82317 1755
82333 1745
82350 1747
82366 1746
82383 1742
82399 1746
82415 1745
82432 1746
82448 1747
82465 1742
82481 1762
82498 1734
82514 1741
82530 1746
82547 1750
82563 1748
82580 1746
82596 1823
82613 1747
82629 1748
82645 1746
82662 1748
82678 1750
82695 1751
82711 1747
82728 1743
82744 1747
82760 1747
82777 1747
82793 1759
82810 1752
82826 1749
82843 1748
82859 1753
82875 1747
82892 1748
82908 1714
82925 1766
82941 1749
82958 1751
82974 1752
82990 1749
83007 1751
83024 1748
83041 1746
83057 1741
83074 1749
83090 1809
83107 1749
83123 1753
83139 1747
83156 1747
83172 1748
83189 1745
83205 1747
83222 1759
83238 1746
83254 1745
83271 1744
83287 1744
83304 1742
83320 1741
83337 1745
83353 1740
83369 1742
83386 1742
83402 1745
83419 1739
83435 1739
83452 1744
83468 1742
83484 1743
83501 1739
83517 1768
83534 1742
83550 1737
83567 1734
83583 1742
83599 1743
83616 1743
83632 1740
83649 1760
83665 1742
83682 1739
83698 1745
83714 1743
83731 1742
83747 1742
83764 1741
83780 1742
83797 1746
83813 1741
83829 1736
83846 1741
83862 1743
83879 1745
83895 1748
83912 1745
83928 1747
83944 1747
83961 1756
83977 1753
83994 1744
84010 1742
84028 1749
84044 1752
84060 1754
84077 1752
84093 1748
84110 1741
84126 1752
84143 1757
84159 1753
84175 1755
84192 1756
84208 1752
84225 1751
84241 1756
84258 1759
84274 1752
84290 1755
84307 1758
84323 1784
84340 1756
84356 1757
84373 1762
84389 1761
84405 1757
84422 1760
84438 1759
84455 1756
84471 1761
84488 1758
84504 1760
84520 1765
84537 1759
84553 1759
84570 1774
84586 1755
84603 1756
84619 1761
84635 1758
84652 1760
84668 1756
84685 1760
84701 1775
84718 1759
84734 1757
84750 1757
84767 1759
84783 1754
84800 1753
84816 1755
84833 1755
84849 1752
84865 1753
84882 1798
84898 1751
84915 1747
84931 1742
84948 1747
84964 1748
84980 1752
84997 1752
85013 1740
85031 1752
85047 1750
85064 1736
85080 1749
85097 1746
85113 1748
85129 1749
85146 1747
85162 1752
85179 1747
85195 1716
85212 1750
85228 1749
85244 1741
85261 1747
85277 1751
85294 1752
85310 1750
85327 1749
85343 1751
85359 1750
85376 1740
85392 1751
85409 1753
85425 1752
85442 1762
85458 1749
85474 1749
85491 1751
85507 1748
85524 1752
85540 1757
85557 1754
85573 1754
85589 1753
85606 1756
85622 1752
85639 1757
85655 1758
85672 1761
85688 1758
85704 1757
85721 1754
85737 1755
85754 1755
85770 1757
85787 1759
85803 1710
85819 1757
85836 1761
85852 1755
85869 1757
85885 1757
85902 1759
85918 1762
85934 1825
85951 1756
85967 1758
85984 1754
86000 1758
86017 1759
86034 1756
86051 1757
86067 1764
86083 1759
86100 1757
86116 1750
86133 1757
86149 1752
86166 1751
86182 1753
86198 1753
86215 1756
86231 1751
86248 1752
86264 1751
86281 1748
86297 1714
86313 1750
86330 1749
86346 1747
86363 1747
86379 1746
86396 1743
86412 1745
86428 1742
86445 1742
86461 1744
86478 1744
86494 1742
86511 1740
86527 1737
86543 1762
86560 1738
86576 1735
86593 1737
86609 1738
86626 1738
86642 1783
86658 1739
86675 1737
86691 1737
86708 1738
86724 1735
86741 1737
86757 1736
86773 1734
86790 1737
86806 1736
86823 1737
86839 1735
86856 1736
86872 1733
86888 1731
86905 1743
86921 1741
86938 1742
86954 1741
86971 1740
86987 1741
87003 1741
87020 1741
87037 1742
87054 1738
87070 1740
87087 1741
87103 1743
87120 1754
87136 1742
87152 1745
87169 1787
87185 1747
87202 1745
87218 1709
87235 1744
87251 1748
87267 1743
87284 1749
87300 1750
87317 1749
87333 1753
87350 1755
87366 1754
87382 1750
87399 1750
87415 1752
87432 1753
87448 1754
87465 1756
87481 1757
87497 1758
87514 1755
87530 1757
87547 1759
87563 1753
87580 1757
87596 1757
87612 1763
87629 1764
87645 1755
87662 1752
87678 1756
87695 1754
87711 1754
87727 1754
87744 1753
87760 1753
87777 1751
87793 1750
87810 1753
87826 1753
87842 1759
87859 1754
87875 1750
87892 1727
87908 1747
87925 1747
87941 1811
87957 1751
87974 1750
87990 1751
88007 1743
88024 1745
88041 1732
88057 1745
88074 1744
88090 1745
88106 1739
88123 1741
88139 1738
88156 1727
88172 1742
88189 1739
88205 1735
88221 1734
88238 1737
88254 1736
88271 1743
88287 1733
88304 1736
88320 1733
88336 1727
88353 1731
88369 1733
88386 1732
88402 1733
88419 1732
88435 1730
88451 1732
88468 1723
88484 1738
88501 1738
88517 1738
88534 1737
88550 1738
88566 1716
88583 1735
88599 1736
88616 1801
88632 1736
88649 1740
88665 1765
88681 1736
88698 1735
88714 1734
88731 1739
88747 1743
88764 1760
88780 1742
88796 1743
88813 1743
88829 1737
88846 1746
88862 1745
88879 1747
88895 1747
88911 1746
88928 1746
88944 1749
88961 1743
88977 1747
88994 1745
89010 1749
89028 1741
89044 1749
89060 1750
89077 1752
89093 1755
89110 1754
89126 1752
89143 1747
89159 1752
89175 1753
89192 1640
89208 1755
89225 1754
89241 1778
89258 1757
89274 1756
89290 1751
89307 1754
89323 1754
89340 1755
89356 1754
89373 1755
89389 1749
89405 1755
89422 1754
89438 1750
89455 1754
89471 1754
89488 1744
89504 1752
89520 1753
89537 1759
89553 1748
89570 1743
89586 1753
89603 1750
89619 1746
89635 1749
89652 1748
89668 1749
89685 1745
89701 1746
89718 1746
89734 1746
89750 1757
89767 1807
89783 1747
89800 1747
89816 1740
89833 1744
89849 1744
89865 1751
89882 1745
89898 1748
89915 1748
89931 1750
89948 1743
89964 1740
89980 1743
89997 1740
90013 1745
90031 1743
90047 1745
90064 1743
90080 1741
90096 1740
90113 1745
90129 1743
90146 1744
90162 1741
90179 1744
90195 1744
90211 1743
90228 1743
90244 1746
90261 1748
90277 1741
90294 1740
90310 1743
90326 1745
90343 1749
90359 1743
90376 1756
90392 1746
90409 1741
90425 1746
90441 1719
90458 1747
90474 1747
90491 1749
90507 1750
90524 1745
90540 1778
90556 1749
90573 1751
90589 1749
90606 1748
90622 1749
90639 1747
90655 1746
90671 1763
90688 1758
90704 1752
90721 1715
90737 1748
90754 1750
90770 1748
90786 1746
90803 1749
90819 1753
90836 1751
90852 1752
90869 1750
90885 1749
90901 1752
90918 1745
90934 1747
90951 1751
90967 1757
90984 1752
91000 1750
91016 1748
91034 1756
91051 1747
91067 1746
91083 1751
91100 1749
91116 1750
91133 1747
91149 1750
91166 1751
91182 1741
91198 1745
91215 1696
91231 1745
91248 1746
91264 1744
91281 1749
91297 1747
91313 1743
91330 1744
91346 1746
91363 1746
91379 1747
91396 1745
91412 1747
91428 1748
91445 1740
91461 1744
91478 1749
91494 1744
91511 1745
91527 1745
91543 1754
91560 1744
91576 1747
91593 1749
91609 1755
91626 1747
91642 1743
91658 1750
91675 1703
91691 1746
91708 1745
91724 1745
91741 1749
91757 1752
91773 1748
91790 1748
91806 1748
91823 1742
91839 1748
91856 1753
91872 1744
91888 1743
91905 1746
91921 1749
91938 1747
91954 1743
91971 1750
91987 1742
92003 1745
92020 1748
92037 1752
92054 1744
92070 1747
92087 1744
92103 1745
92120 1743
92136 1750
92152 1749
92169 1865
92185 1747
92202 1748
92218 1748
92235 1747
92251 1753
92267 1753
92284 1748
92300 1744
92317 1750
92333 1750
92350 1734
92366 1748
92382 1751
92399 1752
92415 1750
92432 1748
92448 1746
92465 1749
92481 1746
92497 1747
92514 1755
92530 1754
92547 1746
92563 1751
92580 1750
92596 1712
92612 1747
92629 1750
92645 1749
92662 1750
92678 1749
92695 1749
92711 1750
92727 1750
92744 1744
92760 1748
92777 1752
92793 1745
92810 1745
92826 1749
92842 1752
92859 1748
92875 1743
92892 1749
92908 1715
92925 1748
92941 1748
92957 1747
92974 1748
92990 1749
93007 1751
93024 1748
93041 1752
93057 1746
93073 1748
93090 1821
93106 1747
93123 1749
93139 1747
93156 1747
93172 1747
93188 1749
93205 1750
93221 1745
93238 1753
93254 1756
93271 1748
93287 1748
93303 1751
93320 1752
93336 1751
93353 1750
93369 1750
93386 1747
93402 1747
93418 1752
93435 1747
93451 1750
93468 1753
93484 1752
93501 1754
93517 1770
93533 1752
93550 1751
93566 1747
93583 1751
93599 1753
93616 1749
93632 1750
93648 1767
93665 1750
93681 1754
93698 1752
93714 1747
93731 1747
93747 1752
93763 1744
93780 1749
93796 1749
93813 1754
93829 1743
93846 1747
93862 1730
93878 1749
93895 1747
93911 1748
93928 1748
93944 1747
93961 1745
93977 1747
93993 1744
94010 1741
94027 1745
94044 1747
94060 1743
94077 1746
94093 1744
94110 1744
94126 1738
94142 1762
94159 1743
94175 1742
94192 1738
94208 1739
94225 1741
94241 1741
94257 1741
94274 1739
94290 1739
94307 1737
94323 1739
94340 1739
94356 1736
94372 1738
94389 1739
94405 1739
94422 1738
94438 1740
94455 1736
94471 1739
94487 1723
94504 1736
94520 1738
94537 1738
94553 1734
94570 1805
94586 1739
94602 1739
94619 1738
94635 1739
94652 1735
94668 1736
94685 1740
94701 1745
94717 1738
94734 1738
94750 1741
94767 1741
94783 1736
94800 1741
94816 1741
94832 1744
94849 1741
94865 1742
94882 1681
94898 1740
94915 1741
94931 1738
94947 1744
94964 1739
94980 1739
94997 1739
95013 1750
95031 1745
95047 1745
95064 1734
95080 1745
95096 1740
95113 1739
95129 1739
95146 1742
95162 1748
95179 1745
95195 1722
95211 1742
95228 1740
95244 1735
95261 1740
95277 1739
95294 1738
95310 1742
95326 1739
95343 1741
95359 1742
95376 1740
95392 1741
95409 1743
95425 1741
95441 1745
95458 1739
95474 1738
95491 1690
95507 1739
95524 1739
95540 1738
95556 1736
95573 1735
95589 1735
95606 1737
95622 1740
95639 1733
95655 1739
95671 1740
95688 1736
95704 1737
95721 1739
95737 1735
95754 1743
95770 1739
95786 1738
95803 1736
95819 1733
95836 1736
95852 1737
95869 1740
95885 1736
95901 1739
95918 1738
95934 1736
95951 1733
95967 1728
95984 1737
96000 1739
96016 1720
96034 1736
96050 1741
96067 1720
96083 1740
96100 1740
96116 1774
96133 1743
96149 1738
96165 1744
96182 1743
96198 1744
96215 1742
96231 1743
96248 1742
96264 1750
96280 1746
96297 1748
96313 1744
96330 1748
96346 1746
96363 1750
96379 1747
96395 1750
96412 1753
96428 1754
96445 1754
96461 1753
96478 1752
96494 1752
96510 1749
96527 1753
96543 1753
96560 1754
96576 1755
96593 1752
96609 1754
96625 1756
96642 1800
96658 1759
96675 1758
96691 1776
96708 1758
96724 1751
96740 1732
96757 1757
96773 1756
96790 1756
96806 1752
96823 1759
96839 1756
96855 1748
96872 1753
96888 1754
96905 1752
96921 1753
96938 1749
96954 1753
96970 1749
96987 1750
97003 1754
97020 1752
97037 1756
97054 1751
97070 1754
97086 1751
97103 1748
97119 1750
97136 1753
97152 1747
97169 1749
97185 1745
97201 1745
97218 1745
97234 1745
97251 1746
97267 1728
97284 1744
97300 1742
97316 1716
97333 1751
97349 1742
97366 1754
97382 1743
97399 1743
97415 1742
97431 1743
97448 1741
97464 1744
97481 1740
97497 1742
97514 1737
97530 1741
97546 1741
97563 1739
97579 1744
97596 1743
97612 1746
97629 1747
97645 1742
97661 1738
97678 1740
97694 1739
97711 1738
97727 1744
97744 1744
97760 1746
97776 1746
97793 1741
97809 1744
97826 1747
97842 1744
97859 1745
97875 1751
97891 1754
97908 1750
97924 1747
97941 1749
97957 1752
97974 1754
97990 1686
98006 1753
98024 1754
98040 1797
98057 1758
98073 1755
98090 1753
98106 1754
98123 1754
98139 1752
98155 1760
98172 1762
98188 1762
98205 1760
98221 1759
98238 1762
98254 1761
98270 1761
98287 1762
98303 1762
98320 1761
98336 1759
98353 1761
98369 1762
98385 1760
98402 1760
98418 1758
98435 1761
98451 1756
98468 1758
98484 1759
98500 1754
98517 1765
98533 1756
98550 1759
98566 1740
98583 1753
98599 1753
98615 1807
98632 1753
98648 1757
98665 1756
98681 1756
98698 1753
98714 1751
98730 1751
98747 1752
98763 1750
98780 1750
98796 1750
98813 1746
98829 1748
98845 1747
98862 1747
98878 1748
98895 1750
98911 1742
98928 1750
98944 1742
98960 1744
98977 1747
98993 1747
99010 1743
99027 1744
99044 1740
99060 1740
99076 1743
99093 1741
99109 1744
99126 1742
99142 1735
99159 1743
99175 1739
99191 1755
99208 1741
99224 1742
99241 1716
99257 1736
99274 1742
99290 1759
99306 1740
99323 1743
99339 1735
99356 1739
99372 1739
99389 1742
99405 1744
99421 1743
99438 1743
99454 1745
99471 1747
99487 1744
99504 1745
99520 1747
99536 1752
99553 1749
99569 1772
99586 1753
99602 1746
99619 1746
99635 1746
99651 1755
99668 1752
99684 1750
99701 1799
99717 1751
99734 1752
99750 1745
99766 1750
99783 1755
99799 1754
99816 1754
99832 1756
99849 1754
99865 1753
99881 1696
99898 1748
99914 1753
99931 1755
99947 1751
99964 1755
99980 1753
99996 1748
100013 1732
100030 1747
100047 1748
100063 1800
100080 1753
100096 1750
100113 1754
100129 1753
100145 1753
100162 1748
100178 1749
100195 1808
100211 1751
100228 1740
100244 1752
100260 1748
100277 1748
100293 1740
100310 1747
100326 1746
100343 1743
100359 1748
100375 1755
100392 1748
100408 1743
100425 1744
100441 1759
100458 1743
100474 1744
100490 1747
100507 1747
100523 1749
100540 1740
100556 1743
100573 1746
100589 1746
100605 1748
100622 1783
100638 1743
100655 1743
100671 1741
100688 1738
100704 1745
100720 1747
100737 1746
100753 1744
100769 1741
100786 1745
100802 1736
100818 1746
100834 1744
100851 1742
100867 1745
100883 1749
100900 1745
100916 1752
100932 1744
100948 1744
100965 1747
100981 1749
100997 1747
101014 1746
101031 1748
101047 1749
101064 1735
101080 1748
101096 1751
101112 1749
101129 1754
101145 1750
101161 1737
101178 1750
101194 1751
101210 1763
101226 1752
101243 1748
101259 1751
101275 1752
101292 1755
101308 1753
101324 1723
101340 1748
101357 1747
101373 1751
101389 1750
101406 1751
101422 1748
101438 1754
101454 1750
101471 1751
101487 1750
101503 1749
101520 1746
101536 1747
101552 1737
101568 1747
101585 1750
101601 1748
101617 1747
101634 1743
101650 1752
101666 1750
101682 1744
101699 1770
101715 1743
101731 1747
101748 1745
101764 1747
101780 1744
101796 1758
101813 1746
101829 1721
101845 1749
101862 1747
101878 1746
101894 1746
101910 1739
101927 1746
101943 1751
101959 1746
101976 1744
101992 1749
102008 1743
102026 1743
102042 1745
102058 1747
102074 1745
102091 1795
102107 1743
102123 1742
102140 1738
102156 1742
102172 1748
102188 1747
102205 1744
102221 1732
102237 1746
102254 1748
102270 1742
102286 1746
102302 1743
102319 1743
102335 1746
102351 1745
102368 1747
102384 1755
102400 1744
102416 1746
102433 1745
102449 1746
102465 1744
102482 1740
102498 1742
102514 1742
102530 1744
102547 1742
102563 1741
102579 1748
102596 1737
102612 1747
102628 1747
102644 1750
102661 1745
102677 1748
102693 1756
102710 1740
102726 1705
102742 1748
102758 1750
102775 1734
102791 1746
102807 1749
102824 1744
102840 1747
102856 1762
102872 1749
102889 1746
102905 1749
102921 1748
102938 1746
102954 1749
102970 1754
102986 1728
103003 1744
103019 1750
103036 1743
103053 1748
103069 1742
103085 1743
103102 1748
103118 1747
103134 1747
103150 1748
103167 1743
103183 1743
103199 1747
103216 1747
103232 1746
103248 1743
103264 1743
103281 1746
103297 1701
103313 1747
103330 1746
103346 1745
103362 1742
103378 1744
103395 1743
103411 1744
103427 1737
103444 1743
103460 1745
103476 1742
103492 1720
103509 1741
103525 1743
103541 1742
103558 1740
103574 1746
103590 1743
103606 1742
103623 1755
103639 1740
103655 1745
103672 1746
103688 1745
103704 1739
103720 1738
103737 1743
103753 1754
103769 1737
103786 1742
103802 1751
103818 1742
103834 1749
103851 1751
103867 1746
103883 1751
103900 1743
103916 1745
103932 1748
103948 1746
103965 1747
103981 1747
103997 1748
104014 1748
104031 1746
104047 1748
104063 1693
104080 1753
104096 1751
104112 1747
104129 1747
104145 1752
104161 1758
104177 1756
104194 1755
104210 1753
104226 1750
104243 1754
104259 1758
104275 1752
104291 1755
104308 1757
104324 1754
104340 1735
104357 1758
104373 1755
104389 1757
104405 1757
104422 1758
104438 1757
104454 1761
104471 1757
104487 1757
104503 1758
104519 1764
104536 1764
104552 1741
104568 1761
104585 1756
104601 1758
104617 1757
104633 1762
104650 1758
104666 1757
104682 1758
104699 1757
104715 1743
104731 1757
104747 1756
104764 1749
104780 1753
104796 1755
104813 1756
104829 1753
104845 1756
104861 1754
104878 1754
104894 1760
104910 1751
104927 1749
104943 1741
104959 1751
104975 1753
104992 1750
105008 1753
105025 1747
105042 1772
105058 1749
105074 1747
105091 1723
105107 1753
105123 1748
105139 1744
105156 1747
105172 1748
105188 1750
105205 1746
105221 1753
105237 1749
105253 1748
105270 1757
105286 1755
105302 1752
105319 1752
105335 1750
105351 1743
105367 1753
105384 1752
105400 1751
105416 1753
105433 1749
105449 1752
105465 1756
105481 1754
105498 1752
105514 1750
105530 1753
105547 1751
105563 1758
105579 1756
105595 1752
105612 1756
105628 1752
105644 1756
105661 1758
105677 1757
105693 1756
105709 1755
105726 1753
105742 1771
105758 1762
105775 1750
105791 1806
105807 1756
105823 1759
105840 1774
105856 1761
105872 1757
105889 1760
105905 1755
105921 1757
105937 1756
105954 1754
105970 1765
105986 1764
106003 1757
106019 1751
106036 1754
106053 1757
106069 1759
106085 1751
106101 1755
106118 1754
106134 1752
106150 1754
106167 1652
106183 1756
106199 1751
106215 1820
106232 1748
106248 1756
106264 1753
106281 1747
106297 1754
106313 1745
106329 1750
106346 1750
106362 1746
106378 1740
106395 1742
106411 1745
106427 1746
106443 1744
106460 1742
106476 1740
106492 1739
106509 1744
106525 1739
106541 1728
106557 1740
106574 1741
106590 1732
106606 1739
106623 1738
106639 1736
106655 1735
106671 1735
106688 1737
106704 1740
106720 1738
106737 1742
106753 1736
106769 1744
106785 1739
106802 1738
106818 1735
106834 1741
106851 1736
106867 1711
106883 1743
106899 1737
106916 1685
106932 1739
106948 1738
106965 1740
106981 1740
106997 1741
107013 1746
107031 1741
107047 1739
107063 1738
107080 1743
107096 1745
107112 1743
107129 1744
107145 1743
107161 1741
107177 1747
107194 1747
107210 1738
107226 1750
107243 1734
107259 1747
107275 1750
107291 1744
107308 1751
107324 1750
107340 1703
107357 1748
107373 1752
107389 1752
107405 1752
107422 1751
107438 1753
107454 1755
107471 1758
107487 1757
107503 1753
107519 1752
107536 1752
107552 1753
107568 1752
107585 1758
107601 1755
107617 1760
107633 1758
107650 1758
107666 1752
107682 1748
107699 1753
107715 1720
107731 1753
107747 1753
107764 1753
107780 1752
107796 1749
107813 1753
107829 1753
107845 1754
107861 1750
107878 1748
107894 1748
107910 1745
107927 1751
107943 1748
107959 1756
107975 1743
107992 1684
108008 1745
108025 1745
108042 1674
108058 1742
108074 1742
108090 1735
108107 1738
108123 1739
108139 1734
108156 1739
108172 1739
108188 1736
108204 1736
108221 1736
108237 1735
108253 1736
108270 1703
108286 1736
108302 1733
108318 1727
108335 1734
108351 1740
108367 1735
108384 1734
108400 1744
108416 1734
108432 1738
108449 1733
108465 1746
108481 1731
108498 1733
108514 1746
108530 1735
108546 1736
108563 1731
108579 1735
108595 1731
108612 1737
108628 1738
108644 1741
108660 1735
108677 1734
108693 1740
108709 1740
108726 1672
108742 1745
108758 1740
108774 1747
108791 1740
108807 1746
108823 1742
108840 1741
108856 1761
108872 1744
108888 1745
108905 1748
108921 1743
108937 1745
108954 1746
108970 1745
108986 1734
109002 1749
109019 1752
109036 1756
109052 1752
109069 1750
109085 1754
109101 1753
109118 1756
109134 1754
109150 1754
109166 1750
109183 1753
109199 1761
109215 1758
109232 1754
109248 1756
109264 1755
109280 1753
109297 1783
109313 1755
109329 1754
109346 1756
109362 1751
109378 1757
109394 1758
109411 1757
109427 1754
109443 1751
109460 1752
109476 1754
109492 1729
109508 1754
109525 1750
109541 1750
109557 1746
109574 1750
109590 1752
109606 1751
109622 1801
109639 1751
109655 1752
109671 1751
109688 1747
109704 1748
109720 1747
109736 1746
109753 1766
109769 1753
109785 1750
109802 1742
109818 1749
109834 1748
109850 1747
109867 1748
109883 1748
109899 1744
109916 1745
109932 1746
109948 1747
109964 1742
109981 1752
109997 1744
110013 1746
110031 1740
110047 1741
110063 1688
110080 1744
110096 1743
110112 1745
110128 1746
110145 1744
110161 1746
110177 1741
110194 1767
110210 1740
110226 1744
110242 1744
110259 1749
110275 1743
110291 1743
110308 1742
110324 1706
110340 1743
110356 1747
110373 1744
110389 1746
110405 1744
110422 1745
110438 1745
110454 1745
110470 1746
110487 1742
110503 1746
110519 1750
110536 1752
110552 1746
110568 1748
110584 1746
110601 1749
110617 1746
110633 1749
110650 1737
110666 1750
110682 1748
110698 1749
110715 1751
110731 1750
110747 1750
110764 1751
110780 1752
110796 1751
110812 1748
110829 1769
110845 1748
110861 1748
110878 1750
110894 1752
110910 1749
110926 1748
110943 1751
110959 1750
110975 1749
110992 1752
111008 1754
111025 1751
111042 1748
111058 1745
111074 1745
111090 1654
111107 1747
111123 1749
111139 1749
111156 1744
111172 1741
111188 1745
111204 1747
111221 1752
111237 1744
111253 1741
111270 1748
111286 1745
111302 1752
111318 1746
111335 1747
111351 1739
111367 1754
111384 1745
111400 1746
111416 1743
111432 1743
111449 1746
111465 1750
111481 1749
111498 1751
111514 1753
111530 1748
111546 1748
111563 1746
111579 1746
111595 1806
111612 1742
111628 1749
111644 1743
111660 1747
111677 1750
111693 1747
111709 1739
111726 1713
111742 1744
111758 1741
111774 1747
111791 1742
111807 1746
111823 1748
111840 1748
111856 1780
111872 1745
111888 1747
111905 1745
111921 1745
111937 1742
111954 1745
111970 1744
111986 1726
112002 1743
112019 1745
112036 1750
112052 1746
112069 1750
112085 1747
112101 1748
112118 1745
112134 1745
112150 1762
112166 1754
112183 1750
112199 1747
112215 1749
112232 1747
112248 1749
112264 1749
112280 1749
112297 1803
112313 1746
112329 1748
112346 1747
112362 1749
112378 1748
112394 1751
112411 1750
112427 1753
112443 1752
112460 1748
112476 1748
112492 1729
112508 1750
112525 1753
112541 1747
112557 1749
112574 1746
112590 1752
112606 1748
112622 1891
112639 1749
112655 1748
112671 1744
112688 1746
112704 1749
112720 1744
112736 1747
112753 1749
112769 1748
112785 1751
112802 1743
112818 1752
112834 1752
112850 1749
112867 1747
112883 1746
112899 1750
112916 1751
112932 1800
112948 1748
112964 1751
112981 1721
112997 1752
113013 1746
113031 1716
113047 1750
113063 1748
113080 1740
113096 1747
113112 1747
113128 1744
113145 1739
113161 1748
113177 1745
113194 1746
113210 1747
113226 1747
113242 1752
113259 1746
113275 1751
113291 1751
113308 1776
113324 1753
113340 1749
113356 1797
113373 1744
113389 1750
113405 1750
113422 1749
113438 1749
113454 1747
113470 1750
113487 1755
113503 1751
113519 1748
113536 1748
113552 1749
113568 1750
113584 1754
113601 1750
113617 1750
113633 1750
113650 1747
113666 1772
113682 1751
113698 1753
113715 1745
113731 1748
113747 1749
113764 1752
113780 1748
113796 1751
113812 1748
113829 1745
113845 1749
113861 1748
113878 1756
113894 1745
113910 1749
113926 1746
113943 1747
113959 1748
113975 1747
113992 1775
114008 1744
114025 1748
114042 1769
114058 1748
114074 1748
114090 1803
114107 1747
114123 1747
114139 1740
114156 1743
114172 1747
114188 1741
114204 1742
114221 1739
114237 1739
114253 1741
114270 1743
114286 1741
114302 1739
114318 1739
114335 1740
114351 1740
114367 1740
114384 1743
114400 1741
114416 1742
114432 1739
114449 1744
114465 1789
114481 1738
114498 1739
114514 1737
114530 1732
114546 1738
114563 1741
114579 1736
114595 1736
114612 1739
114628 1737
114644 1742
114660 1735
114677 1734
114693 1738
114709 1741
114726 1740
114742 1740
114758 1743
114774 1741
114791 1698
114807 1745
114823 1744
114840 1731
114856 1740
114872 1741
114888 1740
114905 1743
114921 1742
114937 1735
114954 1737
114970 1739
114986 1744
115002 1742
115019 1739
115036 1744
115052 1746
115069 1744
115085 1743
115101 1742
115118 1741
115134 1743
115150 1747
115166 1757
115183 1746
115199 1744
115215 1716
115232 1740
115248 1743
115264 1742
115280 1743
115297 1739
115313 1741
115329 1744
115346 1740
115362 1740
115378 1740
115394 1741
115411 1737
115427 1737
115443 1740
115460 1739
115476 1736
115492 1735
115508 1736
115525 1743
115541 1757
115557 1737
115574 1737
115590 1736
115606 1740
115622 1738
115639 1738
115655 1735
115671 1733
115688 1737
115704 1736
115720 1737
115736 1734
115753 1735
115769 1734
115785 1737
115802 1738
115818 1738
115834 1733
115850 1737
115867 1748
115883 1736
115899 1741
115916 1792
115932 1736
115948 1738
115964 1736
115981 1737
115997 1738
116013 1740
116031 1740
116047 1739
116063 1733
116080 1739
116096 1740
116112 1744
116128 1739
116145 1738
116161 1737
116177 1741
116194 1742
116210 1747
116226 1743
116242 1742
116259 1744
116275 1748
116291 1731
116308 1746
116324 1747
116340 1756
116356 1750
116373 1751
116389 1749
116405 1751
116422 1744
116438 1755
116454 1750
116470 1750
116487 1753
116503 1747
116519 1752
116536 1750
116552 1757
116568 1757
116584 1756
116601 1754
116617 1754
116633 1758
116650 1755
116666 1761
116682 1746
116698 1753
116715 1748
116731 1758
116747 1755
116764 1755
116780 1756
116796 1757
116812 1759
116829 1758
116845 1756
116861 1754
116878 1748
116894 1750
116910 1751
116926 1755
116943 1752
116959 1751
116975 1752
116992 1793
117008 1754
117025 1749
117042 1751
117058 1754
117074 1751
117090 1739
117107 1750
117123 1764
117139 1747
117156 1749
117172 1751
117188 1746
117204 1744
117221 1743
117237 1744
117253 1695
117270 1741
117286 1742
117302 1737
117318 1745
117335 1746
117351 1744
117367 1746
117384 1741
117400 1742
117416 1739
117432 1743
117449 1741
117465 1729
117481 1745
117498 1743
117514 1741
117530 1739
117546 1739
117563 1743
117579 1742
117595 1674
117612 1744
117628 1741
117644 1737
117660 1738
117677 1741
117693 1744
117709 1744
117726 1774
117742 1743
117758 1744
117774 1748
117791 1743
117807 1746
117823 1744
117840 1746
117856 1715
117872 1752
117888 1750
117905 1747
117921 1749
117937 1753
117954 1752
117970 1755
117986 1777
118002 1752
118019 1754
118036 1758
118052 1759
118069 1754
118085 1757
118101 1756
118118 1756
118134 1758
118150 1758
118166 1736
118183 1757
118199 1760
118215 1761
118232 1761
118248 1762
118264 1762
118280 1762
118297 1765
118313 1763
118329 1760
118346 1760
118362 1764
118378 1759
118394 1756
118411 1760
118427 1758
118443 1759
118460 1759
118476 1760
118492 1818
118508 1756
118525 1759
118541 1756
118557 1759
118574 1760
118590 1762
118606 1759
118622 1717
118639 1751
118655 1754
118671 1755
118688 1756
118704 1754
118720 1753
118736 1754
118753 1756
118769 1749
118785 1751
118802 1744
118818 1751
118834 1748
118850 1747
118867 1749
118883 1742
118899 1746
118916 1745
118932 1748
118948 1740
118964 1743
118981 1745
118997 1740
119013 1746
119031 1739
119047 1742
119063 1826
119080 1743
119096 1741
119112 1732
119128 1736
119145 1742
119161 1739
119177 1740
119194 1711
119210 1740
119226 1737
119242 1732
119259 1742
119275 1741
119291 1738
119308 1743
119324 1768
119340 1744
119356 1743
119373 1740
119389 1743
119405 1738
119422 1740
119438 1745
119454 1743
119470 1742
119487 1745
119503 1745
119519 1741
119536 1749
119552 1746
119568 1747
119584 1741
119601 1746
119617 1750
119633 1748
119650 1749
119666 1748
119682 1745
119698 1714
119715 1751
119731 1749
119747 1749
119764 1750
119780 1754
119796 1752
119812 1754
119829 1742
119845 1745
119861 1750
119878 1749
119894 1745
119910 1751
119926 1751
119943 1749
119959 1717
119975 1753
119992 1749
120008 1752
120025 1749
120042 1753
120058 1750
120074 1752
120090 1692
120107 1751
120123 1753
120139 1752
120156 1753
120172 1752
120188 1752
120204 1750
120221 1745
120237 1748
120253 1746
120270 1747
120286 1748
120302 1750
120318 1751
120335 1751
120351 1749
120367 1748
120384 1748
120400 1746
120416 1746
120432 1748
120449 1746
120465 1775
120481 1744
120498 1748
120514 1739
120530 1743
120546 1746
120563 1752
120579 1745
120595 1743
120612 1743
120628 1742
120644 1752
120660 1746
120677 1744
120693 1744
120709 1746
120726 1718
120742 1743
120758 1745
120774 1745
120791 1752
120807 1742
120823 1743
120840 1744
120856 1757
120872 1746
120888 1747
120905 1742
120921 1745
120937 1748
120954 1749
120970 1749
120986 1715
121002 1743
121019 1746
121036 1750
121052 1745
121069 1751
121085 1749
121101 1752
121118 1752
121134 1749
121150 1748
121166 1698
121183 1750
121199 1752
121215 1745
121232 1750
121248 1752
121264 1749
121280 1754
121297 1756
121313 1753
121329 1748
121346 1752
121362 1748
121378 1749
121394 1751
121411 1750
121427 1747
121443 1748
121460 1751
121476 1748
121492 1628
121508 1749
121525 1743
121541 1751
121557 1759
121574 1748
121590 1749
121606 1746
121622 1750
121639 1751
121655 1749
121671 1755
121688 1749
121704 1746
121720 1746
121736 1746
121753 1747
121769 1750
121785 1744
121802 1747
121818 1749
121834 1747
121850 1747
121867 1742
121883 1745
121899 1745
121916 1746
121932 1752
121948 1749
121964 1743
121981 1745
121997 1747
122013 1746
122031 1745
122047 1771
122063 1746
122080 1747
122096 1723
122112 1744
122128 1747
122145 1743
122161 1747
122177 1743
122194 1741
122210 1745
122226 1744
122242 1747
122259 1744
122275 1741
122291 1747
122308 1744
122324 1747
122340 1746
122356 1746
122373 1746
122389 1746
122405 1748
122422 1746
122438 1745
122454 1742
122470 1746
122487 1747
122503 1746
122519 1748
122536 1742
122552 1742
122568 1742
122584 1746
122601 1742
122617 1739
122633 1744
122650 1746
122666 1732
122682 1745
122698 1746
122715 1750
122731 1746
122747 1749
122764 1748
122780 1747
122796 1748
122812 1746
122829 1745
122845 1744
122861 1749
122878 1748
122894 1744
122910 1747
122926 1740
122943 1748
122959 1748
122975 1750
122992 1727
123008 1746
123025 1739
123042 1732
123058 1743
123074 1748
123090 1738
123107 1750
123123 1746
123139 1746
123156 1745
123172 1745
123188 1748
123204 1747
123221 1747
123237 1750
123253 1741
123270 1749
123286 1746
123302 1741
123318 1744
123335 1741
123351 1742
123367 1736
123384 1748
123400 1746
123416 1737
123432 1742
123449 1745
123465 1740
123481 1747
123498 1747
123514 1745
123530 1741
123546 1743
123563 1742
123579 1744
123595 1744
123612 1748
123628 1744
123644 1744
123660 1743
123677 1746
123693 1744
123709 1744
123726 1742
123742 1748
123758 1740
123774 1743
123791 1776
123807 1745
123823 1740
123840 1738
123856 1745
123872 1747
123888 1749
123905 1750
123921 1748
123937 1748
123954 1746
123970 1746
123986 1748
124002 1750
124019 1745
124036 1748
124052 1747
124069 1749
124085 1754
124101 1751
124118 1743
124134 1751
124150 1753
124166 1770
124183 1755
124199 1753
124215 1743
124232 1753
124248 1754
124264 1758
124280 1755
124297 1753
124313 1753
124329 1758
124346 1757
124362 1758
124378 1759
124394 1759
124411 1756
124427 1755
124443 1760
124460 1754
124476 1759
124492 1756
124508 1751
124525 1762
124541 1758
124557 1763
124574 1755
124590 1715
124606 1757
124622 1758
124639 1762
124655 1753
124671 1755
124688 1755
124704 1756
124720 1754
124736 1756
124753 1755
124769 1750
124785 1753
124802 1758
124818 1755
124834 1752
124850 1751
124867 1750
124883 1751
124899 1764
124916 1748
124932 1750
124948 1758
124964 1728
124981 1757
124997 1754
125013 1749
125031 1753
125047 1752
125063 1751
125080 1749
125096 1750
125112 1751
125128 1749
125145 1747
125161 1748
125177 1748
125194 1747
125210 1752
125226 1745
125242 1748
125259 1751
125275 1751
125291 1755
125308 1752
125324 1751
125340 1727
125356 1751
125373 1753
125389 1751
125405 1754
125422 1749
125438 1758
125454 1760
125470 1760
125487 1755
125503 1753
125519 1750
125536 1749
125552 1760
125568 1754
125584 1753
125601 1752
125617 1754
125633 1760
125650 1760
125666 1778
125682 1757
125698 1754
125715 1751
125731 1757
125747 1755
125764 1752
125780 1758
125796 1753
125812 1755
125829 1759
125845 1761
125861 1759
125878 1756
125894 1759
125910 1756
125926 1758
125943 1755
125959 1754
125975 1751
125992 1753
126008 1759
126025 1751
126042 1756
126058 1758
126074 1756
126090 1752
126107 1753
126123 1751
126139 1753
126156 1753
126172 1755
126188 1752
126204 1754
126221 1750
126237 1753
126253 1754
126270 1748
126286 1746
126302 1744
126318 1740
126335 1744
126351 1746
126367 1745
126384 1745
126400 1746
126416 1742
126432 1747
126449 1747
126465 1820
126481 1742
126498 1741
126514 1738
126530 1741
126546 1738
126563 1738
126579 1737
126595 1737
126612 1742
126628 1737
126644 1740
126660 1732
126677 1736
126693 1737
126709 1736
126726 1738
126742 1732
126758 1736
126774 1736
126791 1720
126807 1738
126823 1734
126840 1732
126856 1737
126872 1738
126888 1740
126905 1739
126921 1740
126937 1735
126954 1737
126970 1741
126986 1744
127002 1742
127019 1792
127036 1742
127052 1743
127069 1739
127085 1744
127101 1740
127118 1744
127134 1744
127150 1749
127166 1745
127183 1739
127199 1751
127215 1750
127232 1748
127248 1749
127264 1751
127280 1703
127297 1750
127313 1749
127329 1752
127346 1752
127362 1751
127378 1755
127394 1751
127411 1743
127427 1755
127443 1747
127460 1750
127476 1752
127492 1806
127508 1753
127525 1756
127541 1756
127557 1754
127574 1755
127590 1756
127606 1754
127622 1772
127639 1754
127655 1757
127671 1756
127688 1757
127704 1754
127720 1754
127736 1752
127753 1753
127769 1753
127785 1755
127802 1754
127818 1746
127834 1750
127850 1750
127867 1753
127883 1751
127899 1749
127916 1745
127932 1747
127948 1751
127964 1749
127981 1748
127997 1739
128013 1746
128031 1740
128047 1740
128063 1736
128080 1743
128096 1741
128112 1741
128128 1739
128145 1736
128161 1725
128177 1736
128194 1709
128210 1735
128226 1736
128242 1733
128259 1735
128275 1734
128291 1735
128308 1740
128324 1714
128340 1735
128356 1736
128373 1733
128389 1732
128405 1735
128422 1737
128438 1741
128454 1737
128470 1729
128487 1731
128503 1734
128519 1736
128536 1731
128552 1734
128568 1768
128584 1731
128601 1735
128617 1737
128633 1738
128650 1738
128666 1737
128682 1738
128698 1712
128715 1739
128731 1740
128747 1742
128764 1735
128780 1739
128796 1736
128812 1744
128829 1736
128845 1743
128861 1742
128878 1744
128894 1747
128910 1746
128926 1745
128943 1744
128959 1792
128975 1745
128992 1747
129008 1754
129025 1754
129042 1750
129058 1751
129074 1752
129090 1720
129107 1756
129123 1752
129139 1759
129156 1753
129172 1754
129188 1754
129204 1752
129221 1752
129237 1755
129253 1754
129270 1756
129286 1752
129302 1753
129318 1753
129335 1756
129351 1751
129367 1754
129384 1757
129400 1755
129416 1755
129432 1751
129449 1753
129465 1762
129481 1754
129498 1755
129514 1754
129530 1747
129546 1754
129563 1751
129579 1753
129595 1700
129612 1749
129628 1747
129644 1745
129660 1749
129677 1747
129693 1747
129709 1747
129726 1769
129742 1746
129758 1748
129774 1751
129791 1747
129807 1746
129823 1744
129840 1744
129856 1727
129872 1745
129888 1744
129905 1747
129921 1745
129937 1748
129954 1740
129970 1747
129986 1792
130002 1742
130019 1738
130036 1737
130052 1742
130069 1741
130085 1741
130101 1745
130118 1747
130134 1744
130150 1742
130166 1738
130183 1744
130199 1745
130215 1745
130232 1745
130248 1745
130264 1744
130280 1744
130297 1725
130313 1747
130329 1743
130346 1739
130362 1744
130378 1745
130394 1748
130411 1743
130427 1741
130443 1742
130460 1744
130476 1746
130492 1679
130508 1746
130525 1742
130541 1747
130557 1749
130574 1747
130590 1749
130606 1746
130622 1751
130639 1749
130655 1751
130671 1753
130688 1752
130704 1748
130720 1747
130736 1749
130753 1751
130769 1800
130785 1747
130802 1747
130818 1747
130834 1748
130850 1749
130867 1755
130883 1746
130899 1750
130916 1752
130932 1745
130948 1745
130964 1748
130981 1751
130997 1747
131013 1749
131031 1747
131047 1749
131063 1747
131080 1745
131096 1741
131112 1744
131128 1747
131145 1750
131161 1749
131177 1745
131194 1759
131210 1743
131226 1744
131242 1751
131259 1745
131275 1747
131291 1742
131308 1747
131324 1746
131340 1743
131356 1741
131373 1741
131389 1736
131405 1751
131422 1748
131438 1748
131454 1742
131470 1744
131487 1746
131503 1749
131519 1748
131536 1750
131552 1745
131568 1750
131584 1742
131601 1751
131617 1747
131633 1744
131650 1748
131666 1722
131682 1747
131698 1748
131715 1803
131731 1748
131747 1752
131764 1756
131780 1750
131796 1747
131812 1750
131829 1746
131845 1744
131861 1748
131878 1748
131894 1748
131910 1747
131926 1748
131943 1741
131959 1747
131975 1750
131992 1747
132008 1744
132025 1746
132042 1747
132058 1745
132074 1750
132090 1713
132107 1751
132123 1748
132139 1786
132156 1751
132172 1745
132188 1744
132204 1749
132221 1744
132237 1749
132253 1743
132270 1751
132286 1750
132302 1745
132318 1746
132335 1745
132351 1747
132367 1746
132384 1749
132400 1749
132416 1745
132432 1748
132449 1750
132465 1690
132481 1751
132498 1749
132514 1752
132530 1745
132546 1747
132563 1751
132579 1748
132595 1748
132612 1748
132628 1749
132644 1752
132660 1740
132677 1747
132693 1745
132709 1747
132726 1747
132742 1745
132758 1747
132774 1753
132791 1725
132807 1746
132823 1750
132840 1748
132856 1751
132872 1746
132888 1754
132905 1750
132921 1748
132937 1751
132954 1749
132970 1744
132986 1747
133002 1749
133019 1747
133036 1751
133052 1751
133069 1748
133085 1748
133101 1750
133118 1746
133134 1746
133150 1749
133166 1749
133183 1751
133199 1752
133215 1779
133232 1748
133248 1748
133264 1727
133280 1751
133297 1751
133313 1749
133329 1751
133346 1751
133362 1750
133378 1751
133394 1751
133411 1750
133427 1752
133443 1751
133460 1748
133476 1748
133492 1746
133508 1750
133525 1748
133541 1785
133557 1752
133574 1751
133590 1822
133606 1749
133622 1747
133639 1751
133655 1748
133671 1749
133688 1741
133704 1752
133720 1747
133736 1745
133753 1750
133769 1749
133785 1750
133802 1752
133818 1753
133834 1749
133850 1745
133867 1743
133883 1745
133899 1746
133916 1723
133932 1748
133948 1746
133964 1743
133981 1747
133997 1746
134013 1746
134031 1746
134047 1741
134063 1744
