2 1841
55 1811
71 1792
88 1767
104 1744
121 1720
137 1694
153 1672
170 1653
186 1630
202 1608
219 1588
235 1566
252 1558
268 1526
284 1505
301 1472
317 1467
334 1445
350 1471
366 1411
383 1392
399 1375
416 1362
432 1345
448 1331
465 1315
481 1299
498 1285
514 1275
530 1260
547 1245
563 1237
580 1230
596 1207
612 1214
629 1202
645 1193
661 1183
678 1179
694 1172
711 1167
727 1163
743 1165
760 1155
776 1036
793 1157
809 1154
825 1140
842 1147
858 1156
875 1155
891 1157
909 1160
925 1164
941 1168
958 1174
974 1184
990 1186
1007 1240
1023 1203
1040 1213
1056 1225
1072 1233
1089 1243
1105 1256
1122 1265
1138 1281
1154 1282
1171 1301
1187 1319
1204 1332
1220 1342
1236 1361
1253 1383
1269 1392
1286 1400
1302 1427
1318 1500
1335 1464
1351 1480
1368 1499
1384 1517
1400 1535
1417 1561
1433 1581
1449 1574
1466 1620
1482 1639
1499 1658
1515 1681
1531 1695
1548 1725
1564 1742
1581 1726
1597 1790
1613 1807
1630 1831
1646 1851
1663 1873
1679 1895
1695 1916
1712 1940
1728 1956
1745 1978
1761 2001
1777 2023
1794 2044
1810 2063
1827 2118
1843 2102
1859 2122
1876 2143
1892 2166
1914 2186
1930 2232
1947 2224
1963 2243
1980 2258
1996 2274
2012 2293
2029 2306
2045 2324
2062 2388
2078 2352
2094 2367
2111 2381
2127 2393
2143 2400
2160 2418
2176 2430
2193 2456
2209 2449
2225 2461
2242 2463
2258 2477
2275 2487
2291 2494
2307 2497
2324 2504
2340 2511
2357 2512
2373 2574
2389 2521
2406 2524
2422 2534
2439 2527
2455 2523
2471 2532
2488 2531
2504 2507
2521 2525
2537 2523
2553 2522
2570 2517
2586 2515
2602 2507
2619 2505
2635 2495
2652 2487
2668 2484
2684 2474
2701 2465
2717 2453
2734 2444
2750 2416
2766 2426
2783 2412
2799 2404
2816 2391
2832 2379
2848 2366
2865 2350
2881 2331
2898 2320
2914 2306
2931 2284
2947 2277
2963 2260
2980 2240
2996 2226
3013 2208
3029 2188
3045 2173
3062 2127
3078 2136
3095 2118
3111 2096
3127 2078
3144 2061
3160 2039
3177 2023
3193 1994
3209 1981
3226 1959
3242 1943
3259 1921
3275 1903
3291 1881
3308 1850
3324 1846
3341 1823
3357 1802
3373 1729
3390 1768
3406 1746
3422 1724
3439 1709
3455 1687
3472 1670
3488 1649
3504 1598
3521 1614
3537 1594
3554 1579
3570 1561
3586 1544
3603 1526
3619 1523
3636 1507
3652 1482
3668 1470
3685 1452
3701 1447
3718 1430
3734 1414
3750 1417
3767 1391
3783 1377
3800 1367
3816 1357
3832 1345
3849 1335
3865 1338
3881 1319
3898 1311
3914 1301
3931 1299
3947 1291
3964 1283
3980 1283
3996 1275
4013 1272
4029 1271
4045 1269
4062 1254
4078 1260
4095 1261
4111 1266
4127 1262
4144 1266
4160 1266
4177 1268
4193 1272
4209 1274
4226 1276
4242 1281
4259 1287
4275 1291
4291 1300
4308 1300
4324 1315
4341 1321
4357 1326
4373 1296
4390 1347
4406 1356
4423 1367
4439 1376
4455 1387
4472 1400
4488 1412
4504 1470
4521 1437
4537 1449
4554 1462
4570 1478
4586 1493
4603 1506
4619 1520
4636 1540
4652 1550
4668 1571
4685 1589
4701 1601
4718 1620
4734 1637
4750 1684
4767 1672
4783 1690
4800 1710
4816 1726
4832 1744
4849 1761
4865 1780
4882 1792
4898 1814
4914 1831
4931 1847
4947 1869
4964 1890
4980 1909
4996 1922
5013 1940
5029 1952
5046 1988
5062 1975
5078 2013
5095 2029
5111 2048
5128 2065
5144 2081
5160 2099
5177 2111
5193 2132
5209 2144
5226 2159
5242 2204
5259 2190
5275 2203
5291 2222
5308 2231
5324 2248
5341 2258
5357 2275
5373 2307
5390 2299
5406 2307
5423 2319
5439 2327
5455 2338
5472 2347
5488 2356
5505 2383
5521 2373
5537 2380
5554 2386
5570 2393
5587 2394
5603 2402
5619 2409
5636 2411
5652 2412
5668 2413
5685 2421
5701 2421
5718 2428
5734 2424
5750 2438
5767 2424
5783 2425
5800 2427
5816 2422
5832 2418
5849 2414
5865 2413
5882 2401
5898 2400
5914 2399
5931 2391
5947 2390
5964 2381
5980 2381
5996 2368
6013 2360
6029 2351
6046 2338
6062 2334
6078 2326
6095 2316
6111 2300
6128 2293
6144 2279
6160 2266
6177 2264
6193 2243
6209 2230
6226 2258
6242 2204
6259 2188
6275 2122
6291 2160
6308 2146
6324 2136
6341 2116
6357 2099
6373 2080
6390 2069
6406 2053
6423 2031
6439 2022
6455 2003
6472 1988
6488 1975
6505 1956
6521 1936
6537 1922
6554 1907
6570 1885
6587 1872
6603 1854
6619 1837
6636 1822
6652 1800
6668 1790
6685 1774
6701 1756
6718 1741
6734 1727
6750 1741
6767 1694
6783 1681
6800 1658
6816 1649
6832 1632
6849 1622
6865 1598
6882 1589
6898 1577
6914 1562
6931 1551
6947 1539
6964 1526
6980 1514
6996 1502
7013 1489
7029 1480
7046 1470
7062 1459
7078 1453
7095 1440
7111 1432
7128 1426
7144 1414
7160 1410
7177 1405
7193 1398
7209 1388
7226 1404
7242 1378
7259 1373
7275 1328
7291 1367
7308 1367
7324 1337
7341 1356
7357 1361
7373 1371
7390 1360
7406 1360
7423 1358
7439 1358
7455 1363
7472 1359
7488 1377
7505 1368
7521 1372
7537 1374
7554 1380
7570 1386
7587 1391
7603 1395
7619 1403
7636 1408
7652 1417
7668 1422
7685 1432
7701 1439
7718 1436
7734 1460
7750 1489
7767 1476
7783 1488
7800 1504
7816 1510
7832 1521
7849 1527
7865 1543
7882 1559
7898 1568
7914 1583
7931 1595
7947 1607
7964 1621
7980 1639
7996 1652
8013 1667
8029 1681
8046 1694
8062 1715
8078 1724
8095 1742
8111 1756
8128 1768
8144 1785
8160 1802
8177 1818
8193 1833
8209 1846
8226 1851
8242 1876
8259 1895
8275 1996
8291 1920
8308 1935
8324 1983
8341 1970
8357 1983
8373 2003
8390 2013
8406 2025
8423 2041
8439 2055
8455 2069
8472 2084
8488 2098
8505 2111
8521 2124
8537 2136
8554 2147
8570 2156
8587 2171
8603 2182
8619 2195
8636 2203
8652 2218
8668 2225
8685 2237
8701 2247
8718 2254
8734 2262
8750 2254
8767 2277
8783 2286
8800 2288
8816 2297
8832 2306
8849 2312
8865 2316
8882 2321
8898 2326
8914 2328
8931 2333
8947 2330
8964 2338
8980 2342
8996 2341
9013 2342
9029 2332
9046 2342
9062 2341
9078 2341
9095 2344
9111 2335
9128 2339
9144 2331
9160 2330
9177 2323
9193 2324
9209 2314
9226 2287
9242 2304
9259 2302
9275 2318
9291 2288
9308 2283
9324 2294
9341 2266
9357 2260
9373 2257
9390 2244
9406 2236
9423 2224
9439 2211
9455 2206
9472 2195
9488 2186
9505 2173
9521 2160
9537 2148
9554 2136
9570 2124
9587 2113
9603 2101
9619 2086
9636 2073
9652 2062
9668 2047
9685 2034
9701 2029
9718 2006
9734 1994
9750 1957
9767 1958
9783 1953
9800 1934
9816 1927
9832 1910
9849 1898
9865 1879
9882 1867
9898 1857
9914 1840
9931 1826
9947 1810
9964 1796
9980 1783
9996 1772
10013 1756
10029 1697
10046 1726
10062 1715
10078 1702
10095 1690
10111 1679
10128 1665
10144 1652
10160 1623
10177 1629
10193 1620
10209 1606
10226 1598
10242 1585
10259 1577
10275 1568
10291 1557
10308 1544
10324 1538
10341 1534
10357 1522
10373 1517
10390 1506
10406 1496
10423 1492
10439 1489
10455 1478
10472 1464
10488 1466
10505 1465
10521 1463
10537 1454
10554 1447
10570 1448
10587 1445
10603 1440
10619 1440
10636 1439
10652 1440
10668 1436
10685 1442
10701 1441
10718 1444
10734 1434
10750 1437
10767 1447
10783 1445
10800 1450
10816 1450
10832 1453
10849 1459
10865 1460
10882 1466
10898 1477
10914 1477
10931 1447
10947 1488
10964 1496
10980 1504
10996 1511
11013 1517
11029 1524
11046 1535
11062 1525
11078 1549
11095 1560
11111 1582
11128 1580
11144 1591
11160 1602
11177 1609
11193 1619
11209 1633
11226 1644
11242 1623
11259 1668
11275 1673
11291 1686
11308 1699
11324 1714
11341 1728
11357 1739
11373 1717
11390 1757
11406 1777
11423 1791
11439 1805
11455 1807
11472 1826
11488 1844
11505 1859
11521 1871
11537 1875
11554 1894
11570 1910
11587 1918
11603 1932
11619 1943
11636 1955
11652 1971
11668 1984
11685 1994
11701 2005
11718 2017
11734 2022
11750 2036
11767 2052
11783 2060
11800 2073
11816 2087
11832 2093
11849 2106
11865 2121
11882 2120
11898 2135
11914 2143
11931 2172
11947 2158
11964 2170
11980 2176
11996 2185
12013 2193
12029 2200
12046 2206
12062 2186
12078 2218
12095 2226
12111 2224
12128 2235
12144 2238
12160 2237
12177 2245
12193 2250
12209 2255
12226 2255
12242 2304
12259 2258
12275 2261
12291 2268
12308 2262
12324 2264
12341 2262
12357 2266
12373 2238
12390 2260
12406 2258
12423 2259
12439 2257
12455 2261
12472 2251
12488 2248
12505 2236
12521 2238
12537 2235
12554 2229
12570 2222
12587 2219
12603 2213
12619 2207
12636 2200
12652 2193
12668 2189
12685 2181
12701 2171
12718 2166
12734 2156
12750 2193
12767 2139
12783 2131
12800 2119
12816 2110
12832 2100
12849 2092
12865 2080
12882 2074
12898 2062
12914 2040
12931 2065
12947 2028
12964 2017
12980 2008
12996 1995
13013 1978
13029 1972
13046 1960
13062 1957
13078 1937
13095 1927
13111 1913
13128 1901
13144 1891
13160 1878
13177 1864
13193 1855
13209 1843
13226 1832
13242 1808
13259 1808
13275 1795
13291 1789
13308 1770
13324 1761
13341 1752
13357 1741
13373 1764
13390 1722
13406 1707
13423 1700
13439 1687
13455 1675
13472 1666
13488 1658
13505 1639
13521 1641
13537 1631
13554 1625
13570 1615
13587 1608
13603 1599
13619 1593
13636 1586
13652 1581
13668 1569
13685 1568
13701 1559
13718 1556
13734 1548
13750 1543
13767 1539
13783 1534
13800 1532
13816 1517
13832 1523
13849 1522
13865 1521
13882 1516
13898 1514
13914 1510
13931 1492
13947 1510
13964 1508
13980 1509
13996 1508
14013 1509
14029 1512
14046 1508
14062 1542
14078 1514
14095 1519
14111 1521
14128 1526
14144 1518
14160 1530
14177 1532
14193 1540
14209 1543
14226 1553
14242 1558
14259 1557
14275 1561
14291 1568
14308 1574
14324 1582
14341 1591
14357 1600
14373 1625
14390 1614
14406 1621
14423 1626
14439 1639
14455 1647
14472 1654
14488 1664
14505 1669
14521 1682
14537 1694
14554 1702
14570 1710
14587 1720
14603 1728
14619 1740
14636 1749
14652 1764
14668 1769
14685 1784
14701 1793
14718 1803
14734 1816
14750 1801
14767 1836
14783 1849
14800 1835
14816 1870
14832 1876
14849 1890
14865 1899
14882 1913
14898 1923
14914 1934
14931 1942
14947 1951
14964 1965
14980 1974
14996 1988
15013 1993
15029 2002
15046 2011
15062 2027
15078 2033
15095 2026
15111 2052
15128 2063
15144 2067
15160 2078
15177 2091
15193 2091
15209 2097
15226 2118
15242 2114
15259 2120
15275 2127
15291 2133
15308 2138
15324 2193
15341 2153
15357 2156
15373 2160
15390 2164
15406 2167
15423 2176
15439 2180
15455 2183
15472 2180
15488 2189
15505 2191
15521 2192
15537 2194
15554 2196
15570 2197
15587 2198
15603 2199
15619 2201
15636 2202
15652 2200
15668 2198
15685 2197
15701 2195
15718 2196
15734 2194
15750 2197
15767 2189
15783 2184
15800 2161
15816 2184
15832 2177
15849 2172
15865 2167
15882 2164
15898 2159
15914 2153
15931 2147
15947 2140
15964 2137
15980 2127
15996 2127
16013 2113
16029 2112
16046 2102
16062 2097
16078 2088
16095 2080
16111 2074
16128 2064
16144 2057
16160 2050
16177 2036
16193 2031
16209 2020
16226 1981
16242 2002
16259 1993
16275 2046
16291 1977
16308 1963
16324 1929
16341 1945
16357 1941
16373 1922
16390 1917
16406 1905
16423 1895
16439 1886
16455 1876
16472 1867
16488 1859
16505 1848
16521 1840
16537 1827
16554 1819
16570 1808
16587 1800
16603 1788
16619 1778
16636 1771
16652 1762
16668 1752
16685 1745
16701 1736
16718 1725
16734 1715
16750 1683
16767 1699
16783 1694
16800 1734
16816 1678
16832 1674
16849 1666
16865 1654
16882 1651
16898 1647
16914 1638
16931 1625
16947 1621
16964 1615
16980 1613
16996 1606
17013 1605
17029 1602
17046 1595
17062 1593
17078 1590
17095 1585
17111 1581
17128 1577
17144 1574
17160 1574
17177 1571
17193 1573
17209 1570
17226 1451
17242 1569
17259 1569
17275 1559
17291 1563
17308 1565
17324 1556
17341 1569
17357 1571
17373 1573
17390 1572
17406 1578
17423 1586
17439 1584
17455 1587
17472 1583
17488 1589
17505 1597
17521 1598
17537 1604
17554 1607
17570 1615
17587 1618
17603 1621
17619 1627
17636 1632
17652 1641
17668 1646
17685 1654
17701 1660
17718 1665
17734 1677
17750 1668
17767 1689
17783 1700
17800 1709
17816 1710
17832 1718
17849 1728
17865 1743
17882 1745
17898 1754
17914 1758
17931 1771
17947 1782
17964 1786
17980 1794
17996 1801
18013 1812
18029 1827
18046 1832
18062 1840
18078 1848
18095 1860
18111 1866
18128 1877
18144 1883
18160 1893
18177 1908
18193 1910
18209 1921
18226 1999
18242 1935
18259 1946
18275 1902
18291 1960
18308 1973
18324 1993
18341 1985
18357 1995
18373 2007
18390 2011
18406 2018
18423 2022
18439 2031
18455 2043
18472 2046
18488 2056
18505 2059
18521 2063
18537 2058
18554 2081
18570 2085
18587 2089
18603 2093
18619 2097
18636 2101
18652 2111
18668 2111
18685 2117
18701 2119
18718 2123
18734 2126
18750 2147
18767 2133
18783 2134
18800 2101
18816 2136
18832 2141
18849 2141
18865 2144
18882 2142
18898 2141
18914 2143
18931 2146
18947 2144
18964 2141
18980 2139
18996 2142
19013 2141
19029 2173
19046 2135
19062 2135
19078 2137
19095 2128
19111 2125
19128 2120
19144 2120
19160 2106
19177 2113
19193 2108
19209 2102
19226 2101
19242 2093
19259 2091
19275 2085
19291 2071
19308 2073
19324 2067
19341 2063
19357 2054
19373 2050
19390 2045
19406 2036
19423 2032
19439 2024
19455 2015
19472 2030
19488 2001
19505 1992
19521 1991
19537 1980
19554 1970
19570 1961
19587 1955
19603 1862
19619 1938
19636 1931
19652 1923
19668 1913
19685 1907
19701 1899
19718 1891
19734 1879
19750 1888
19767 1863
19783 1857
19800 1848
19816 1842
19832 1830
19849 1829
19865 1816
19882 1807
19898 1800
19914 1783
19931 1874
19947 1775
19964 1768
19980 1761
19996 1754
20013 1751
20029 1740
20046 1733
20062 1613
20078 1713
20095 1714
20111 1702
20128 1702
20144 1696
20160 1691
20177 1683
20193 1681
20209 1673
20226 1668
20242 1659
20259 1672
20275 1654
20291 1655
20308 1648
20324 1643
20341 1638
20357 1634
20373 1620
20390 1631
20406 1627
20423 1625
20439 1616
20455 1620
20472 1620
20488 1620
20505 1624
20521 1617
20537 1614
20554 1615
20570 1615
20587 1618
20603 1616
20619 1624
20636 1618
20652 1621
20668 1624
20685 1624
20701 1622
20718 1628
20734 1623
20750 1648
20767 1635
20783 1637
20800 1638
20816 1647
20832 1646
20849 1642
20865 1656
20882 1658
20898 1665
20914 1669
20931 1699
20947 1678
20964 1679
20980 1682
20996 1695
21013 1701
21029 1705
21046 1713
21062 1753
21078 1721
21095 1733
21111 1739
21128 1742
21144 1753
21160 1757
21177 1764
21193 1774
21209 1780
21226 1786
21242 1796
21259 1809
21275 1809
21291 1820
21308 1820
21324 1829
21341 1837
21357 1846
21373 1896
21390 1864
21406 1868
21423 1881
21439 1886
21455 1894
21472 1899
21488 1909
21505 1918
21521 1922
21537 1930
21554 1943
21570 1943
21587 1950
21603 1958
21619 1964
21636 1972
21652 1976
21668 1981
21685 1989
21701 2001
21718 1994
21734 2012
21750 2007
21767 2020
21783 2037
21800 2029
21816 2037
21832 2041
21849 2049
21865 2053
21882 2056
21898 2061
21914 2066
21931 2036
21947 2073
21964 2079
21980 2081
21996 2083
22013 2087
22029 2087
22046 2091
22062 2173
22078 2094
22095 2100
22111 2101
22128 2104
22144 2099
22160 2104
22177 2101
22193 2105
22209 2104
22226 2105
22242 2110
22259 2103
22275 2103
22291 2096
22308 2100
22324 2097
22341 2096
22357 2094
22373 2094
22390 2090
22406 2087
22423 2084
22439 2084
22455 2080
22472 2073
22488 2072
22505 2064
22521 2067
22537 2062
22554 2058
22570 2054
22587 2047
22603 2043
22619 2040
22636 2030
22652 2026
22668 2020
22685 2007
22701 2011
22718 2005
22734 1998
22750 1970
22767 1987
22783 1979
22800 1976
22816 1967
22832 1959
22849 1956
22865 1948
22882 1941
22898 1933
22914 1927
22931 1871
22947 1913
22964 1907
22980 1898
22996 1891
23013 1884
23029 1877
23046 1868
23062 1850
23078 1856
23095 1848
23111 1842
23128 1839
23144 1828
23160 1814
23177 1814
23193 1809
23209 1802
23226 1794
23242 1780
23259 1781
23275 1775
23291 1773
23308 1762
23324 1757
23341 1749
23357 1745
23373 1712
23390 1735
23406 1728
23423 1719
23439 1720
23455 1719
23472 1706
23488 1706
23505 1691
23521 1693
23537 1691
23554 1685
23570 1686
23587 1682
23603 1675
23619 1676
23636 1672
23652 1668
23668 1663
23685 1661
23701 1658
23718 1661
23734 1659
23750 1649
23767 1646
23783 1656
23800 1696
23816 1651
23832 1656
23849 1656
23865 1650
23882 1654
23898 1653
23914 1655
23931 1656
23947 1653
23964 1658
23980 1657
23996 1656
24013 1661
24029 1662
24046 1666
24062 1670
24078 1667
24095 1674
24111 1675
24128 1681
24144 1670
24160 1692
24177 1688
24193 1694
24209 1698
24226 1663
24242 1708
24259 1714
24275 1742
24291 1725
24308 1726
24324 1730
24341 1736
24357 1741
24373 1739
24390 1754
24406 1760
24423 1768
24439 1772
24455 1776
24472 1778
24488 1790
24505 1796
24521 1800
24537 1807
24554 1814
24570 1823
24587 1827
24603 1834
24619 1839
24636 1846
24652 1852
24668 1860
24685 1867
24701 1872
24718 1878
24734 1885
24750 1863
24767 1900
24783 1906
24800 1947
24816 1918
24832 1926
24849 1926
24865 1935
24882 1943
24898 1948
24914 1952
24931 1961
24947 1966
24964 1972
24980 1976
24996 1987
25013 1983
25029 1992
25046 1997
25062 2001
25078 2005
25095 2011
25111 2019
25128 2017
25144 2026
25160 2029
25177 2030
25193 2038
25209 2038
25226 2087
25242 2044
25259 2047
25275 2031
25291 2055
25308 2056
25324 2067
25341 2058
25357 2061
25373 2061
25390 2066
25406 2067
25423 2063
25439 2066
25455 2069
25472 2067
25488 2070
25505 2071
25521 2067
25537 2070
25554 2071
25570 2069
25587 2067
25603 2062
25619 2063
25636 2063
25652 2063
25668 2057
25685 2059
25701 2051
25718 2053
25734 2049
25750 2029
25767 2043
25783 2044
25800 2015
25816 2040
25832 2040
25849 2025
25865 2021
25882 2018
25898 2016
25914 2010
25931 2000
25947 1999
25964 1995
25980 1993
25996 1985
26013 1981
26029 1975
26046 1968
26062 1964
26078 1960
26095 1954
26111 1947
26128 1944
26144 1932
26160 1932
26177 1925
26193 1918
26209 1911
26226 1904
26242 1900
26259 1896
26275 1859
26291 1883
26308 1878
26324 1866
26341 1865
26357 1858
26373 1853
26390 1846
26406 1841
26423 1838
26439 1826
26455 1825
26472 1819
26488 1807
26505 1807
26521 1802
26537 1797
26554 1790
26570 1785
26587 1779
26603 1775
26619 1770
26636 1764
26652 1761
26668 1755
26685 1750
26701 1746
26718 1739
26734 1726
26750 1767
26767 1729
26783 1726
26800 1678
26816 1720
26832 1716
26849 1749
26865 1708
26882 1707
26898 1702
26914 1701
26931 1703
26947 1696
26964 1696
26980 1693
26996 1696
27013 1688
27029 1689
27046 1685
27062 1687
27078 1684
27095 1687
27111 1683
27128 1687
27144 1685
27160 1685
27177 1680
27193 1688
27209 1683
27226 1636
27242 1687
27259 1689
27275 1695
27291 1693
27308 1696
27324 1696
27341 1696
27357 1698
27373 1702
27390 1708
27406 1707
27423 1711
27439 1711
27455 1716
27472 1720
27488 1727
27505 1730
27521 1722
27537 1735
27554 1739
27570 1743
27587 1746
27603 1747
27619 1754
27636 1756
27652 1767
27668 1770
27685 1773
27701 1779
27718 1784
27734 1789
27750 1800
27767 1802
27783 1803
27800 1801
27816 1821
27832 1823
27849 1778
27865 1829
27882 1852
27898 1845
27914 1847
27931 1853
27947 1863
27964 1866
27980 1868
27996 1869
28013 1869
28029 1889
28046 1892
28062 1899
28078 1927
28095 1911
28111 1914
28128 1923
28144 1926
28160 1930
28177 1933
28193 1933
28209 1951
28226 1948
28242 1959
28259 1963
28275 1964
28291 1970
28308 1973
28324 1980
28341 1984
28357 1989
28373 1991
28390 2026
28406 1996
28423 2002
28439 2011
28455 2007
28472 2015
28488 2016
28505 2017
28521 2020
28537 2025
28554 2024
28570 2026
28587 2030
28603 2032
28619 2034
28636 2034
28652 2043
28668 2033
28685 2039
28701 2042
28718 2040
28734 2039
28750 2020
28767 2042
28783 2041
28800 2043
28816 2046
28832 2039
28849 2046
28865 2039
28882 2041
28898 2037
28914 2035
28931 2034
28947 2033
28964 2034
28980 2028
28996 2029
29013 2024
29029 2024
29046 2019
29062 1983
29078 2015
29095 2015
29111 2012
29128 2007
29144 2005
29160 2003
29177 1999
29193 1994
29209 1990
29226 1986
29242 1980
29259 1977
29275 1973
29291 1968
29308 1966
29324 1961
29341 1955
29357 1950
29373 1963
29390 1941
29406 1946
29423 1931
29439 1926
29455 1923
29472 1917
29488 1911
29505 1896
29521 1900
29537 1898
29554 1892
29570 1879
29587 1883
29603 1875
29619 1872
29636 1863
29652 1860
29668 1855
29685 1852
29701 1844
29718 1830
29734 1833
29750 1806
29767 1826
29783 1823
29800 1821
29816 1811
29832 1806
29849 1799
29865 1797
29882 1803
29898 1787
29914 1782
29931 1732
29947 1774
29964 1772
29980 1766
29996 1762
30013 1758
30029 1757
30046 1753
30062 1718
30078 1745
30095 1746
30111 1735
30128 1738
30144 1737
30160 1733
30177 1725
30193 1730
30209 1726
30226 1731
30242 1722
30259 1720
30275 1715
30291 1717
30308 1715
30324 1715
30341 1715
30357 1714
30373 1714
30390 1712
30406 1709
30423 1711
30439 1717
30455 1713
30472 1714
30488 1714
30505 1711
30521 1713
30537 1719
30554 1719
30570 1717
30587 1719
30603 1719
30619 1723
30636 1721
30652 1728
30668 1724
30685 1736
30701 1731
30718 1736
30734 1740
30750 1644
30767 1740
30783 1747
30800 1748
30816 1762
30832 1758
30849 1760
30865 1760
30882 1768
30898 1775
30914 1776
30931 1731
30947 1781
30964 1790
30980 1793
30996 1793
31013 1799
31029 1800
31046 1806
31062 1843
31078 1816
31095 1821
31111 1826
31128 1830
31144 1836
31160 1841
31177 1843
31193 1849
31209 1854
31226 1860
31242 1853
31259 1872
31275 1871
31291 1879
31308 1880
31324 1889
31341 1889
31357 1898
31373 1858
31390 1905
31406 1909
31423 1913
31439 1918
31455 1922
31472 1929
31488 1935
31505 1938
31521 1938
31537 1941
31554 1962
31570 1947
31587 1956
31603 1958
31619 1963
31636 1966
31652 1968
31668 1971
31685 1973
31701 1977
31718 1983
31734 1980
31750 1993
31767 1987
31783 1995
31800 1992
31816 1996
31832 1999
31849 2000
31865 2002
31882 2003
31898 2005
31914 2005
31931 2100
31947 2008
31964 2010
31980 2014
31996 2006
32013 2010
32029 2011
32046 2013
32062 2045
32078 2010
32095 2016
32111 2011
32128 2013
32144 2011
32160 2010
32177 2010
32193 2006
32209 2011
32226 2005
32242 2040
32259 2002
32275 2002
32291 1995
32308 1999
32324 1993
32341 1992
32357 1993
32373 1974
32390 1990
32406 1980
32423 1984
32439 1977
32455 1978
32472 1972
32488 1969
32505 1969
32521 1964
32537 1958
32554 1974
32570 1952
32587 1950
32603 1951
32619 1942
32636 1937
32652 1935
32668 1928
32685 1926
32701 1922
32718 1919
32734 1915
32750 2012
32767 1902
32783 1904
32800 1920
32816 1890
32832 1892
32849 1900
32865 1879
32882 1882
32898 1871
32914 1872
32931 1862
32947 1858
32964 1857
32980 1852
32996 1848
33013 1844
33029 1833
33046 1833
33062 1832
33078 1828
33095 1820
33111 1817
33128 1818
33144 1811
33160 1811
33177 1803
33193 1802
33209 1799
33226 1776
33242 1791
33259 1784
33275 1754
33291 1782
33308 1778
33324 1786
33341 1775
33357 1772
33373 1770
33390 1764
33406 1762
33423 1755
33439 1758
33455 1755
33472 1755
33488 1754
33505 1745
33521 1753
33537 1735
33554 1749
33570 1745
33587 1744
33603 1745
33619 1744
33636 1740
33652 1744
33668 1741
33685 1742
33701 1742
33718 1740
33734 1738
33750 1749
33767 1741
33783 1741
33800 1762
33816 1743
33832 1743
33849 1748
33865 1747
33882 1749
33898 1750
33914 1746
33931 1753
33947 1755
33964 1755
33980 1757
33996 1761
34013 1758
34029 1764
34046 1764
34062 1768
34078 1770
34095 1771
34111 1772
34128 1780
34144 1781
34160 1782
34177 1738
34193 1789
34209 1795
34226 1823
34242 1797
34259 1801
34275 1809
34291 1816
34308 1813
34324 1812
34341 1820
34357 1825
34373 1828
34390 1831
34406 1834
34423 1833
34439 1838
34455 1847
34472 1850
34488 1853
34505 1864
34521 1860
34537 1864
34554 1871
34570 1887
34587 1879
34603 1866
34619 1886
34636 1889
34652 1889
34668 1898
34685 1899
34701 1900
34718 1904
34734 1911
34750 2019
34767 1918
34783 1923
34800 1868
34816 1930
34832 1931
34849 1913
34865 1933
34882 1939
34898 1943
34914 1947
34931 1950
34947 1953
34964 1952
34980 1959
34996 1961
35013 1962
35029 1960
35046 1966
35062 1964
35078 1971
35095 1967
35111 1972
35128 1974
35144 1978
35160 1976
35177 1982
35193 1980
35209 1981
35226 1991
35242 1984
35259 1984
35275 2016
35291 1986
35308 1987
35324 1960
35341 1987
35357 1988
35373 1986
35390 1981
35406 1986
35423 1991
35439 1987
35455 1985
35472 1985
35488 1983
35505 1985
35521 1987
35537 1982
35554 1980
35570 1977
35587 1977
35603 1973
35619 1971
35636 1972
35652 1968
35668 1965
35685 1965
35701 1963
35718 1960
35734 1961
35750 2025
35767 1953
35783 1952
35800 1991
35816 1945
35832 1943
35849 1954
35865 1937
35882 1935
35898 1934
35914 1931
35931 1928
35947 1921
35964 1923
35980 1911
35996 1909
36013 1912
36029 1909
36046 1905
36062 1899
36078 1897
36095 1892
36111 1889
36128 1887
36144 1882
36160 1880
36177 1876
36193 1875
36209 1872
36226 1885
36242 1863
36259 1861
36275 1883
36291 1854
36308 1850
36324 1858
36341 1842
36357 1839
36373 1835
36390 1835
36406 1828
36423 1828
36439 1823
36455 1822
36472 1820
36488 1821
36505 1812
36521 1815
36537 1803
36554 1809
36570 1803
36587 1800
36603 1795
36619 1794
36636 1794
36652 1788
36668 1786
36685 1785
36701 1781
36718 1781
36734 1777
36750 1714
36767 1774
36783 1775
36800 1813
36816 1775
36832 1772
36849 1759
36865 1766
36882 1764
36898 1757
36914 1766
36931 1767
36947 1762
36964 1764
36980 1763
36996 1764
37013 1763
37029 1765
37046 1760
37062 1762
37078 1769
37095 1765
37111 1763
37128 1767
37144 1767
37160 1785
37177 1768
37193 1773
37209 1880
37226 1775
37242 1773
37259 1779
37275 1776
37291 1778
37308 1779
37324 1781
37341 1784
37357 1786
37373 1788
37390 1775
37406 1788
37423 1792
37439 1794
37455 1797
37472 1800
37488 1800
37505 1803
37521 1809
37537 1810
37554 1812
37570 1814
37587 1821
37603 1822
37619 1825
37636 1829
37652 1827
37668 1832
37685 1844
37701 1840
37718 1842
37734 1850
37750 1747
37767 1856
37783 1855
37800 1853
37816 1862
37832 1858
37849 1866
37865 1872
37882 1875
37898 1877
37914 1876
37931 1856
37947 1885
37964 1891
37980 1895
37996 1894
38013 1901
38029 1902
38046 1905
38062 1901
38078 1907
38095 1911
38111 1907
38128 1917
38144 1921
38160 1924
38177 1922
38193 1929
38209 1939
38226 1935
38242 1891
38259 1937
38275 1938
38291 1940
38308 1944
38324 1943
38341 1946
38357 1948
38373 1927
38390 1944
38406 1953
38423 1953
38439 1951
38455 1956
38472 1957
38488 1958
38505 1957
38521 1960
38537 1962
38554 1992
38570 1959
38587 1963
38603 1966
38619 1963
38636 1965
38652 1966
38668 1963
38685 1967
38701 1964
38718 1965
38734 1963
38750 1851
38767 1962
38783 1961
38800 1983
38816 1959
38832 1959
38849 1953
38865 1955
38882 1955
38898 1955
38914 1954
38931 1943
38947 1951
38964 1947
38980 1944
38996 1947
39013 1944
39029 1944
39046 1941
39062 1948
39078 1933
39095 1933
39111 1928
39128 1928
39144 1924
39160 1927
39177 1919
39193 1921
39209 1916
39226 1913
39242 1950
39259 1910
39275 1909
39291 1910
39308 1906
39324 1898
39341 1897
39357 1895
39373 1814
39390 1889
39406 1885
39423 1879
39439 1879
39455 1876
39472 1874
39488 1869
39505 1866
39521 1863
39537 1862
39554 1837
39570 1854
39587 1840
39603 1852
39619 1849
39636 1846
39652 1842
39668 1840
39685 1838
39701 1837
39718 1833
39734 1831
39750 1826
39767 1825
39783 1822
39800 1819
39816 1819
39832 1815
39849 1809
39865 1815
39882 1810
39898 1813
39914 1806
39931 1849
39947 1800
39964 1801
39980 1799
39996 1795
40013 1795
40029 1793
40046 1798
40062 1794
40078 1789
40095 1787
40111 1786
40128 1788
40144 1785
40160 1786
40177 1783
40193 1786
40209 1783
40226 1784
40242 1812
40259 1782
40275 1782
40291 1783
40308 1784
40324 1783
40341 1782
40357 1784
40373 1749
40390 1782
40406 1783
40423 1787
40439 1783
40455 1785
40472 1784
40488 1789
40505 1785
40521 1789
40537 1793
40554 1773
40570 1792
40587 1794
40603 1793
40619 1802
40636 1797
40652 1799
40668 1801
40685 1803
40701 1804
40718 1809
40734 1807
40750 1764
40767 1811
40783 1814
40800 1795
40816 1819
40832 1822
40849 1823
40865 1826
40882 1831
40898 1830
40914 1832
40931 1839
40947 1838
40964 1847
40980 1844
40996 1848
41013 1849
41029 1851
41046 1853
41062 1863
41078 1856
41095 1860
41111 1863
41128 1867
41144 1867
41160 1870
41177 1873
41193 1878
41209 1880
41226 1883
41242 1855
41259 1885
41275 1891
41291 1891
41308 1895
41324 1897
41341 1896
41357 1901
41373 2006
41390 1907
41406 1909
41423 1905
41439 1912
41455 1917
41472 1915
41488 1916
41505 1921
41521 1921
41537 1926
41554 1947
41570 1927
41587 1930
41603 1930
41619 1932
41636 1934
41652 1936
41668 1937
41685 1937
41701 1939
41718 1944
41734 1947
41750 1910
41767 1939
41783 1947
41800 1959
41816 1947
41832 1950
41849 1951
41865 1946
41882 1944
41898 1949
41914 1954
41931 1948
41947 1959
41964 1953
41980 1951
41996 1951
42013 1949
42029 1952
42046 1949
42062 1950
42078 1949
42095 1946
42111 1947
42128 1981
42144 1942
42160 1947
42177 1915
42193 1944
42209 1941
42226 1949
42242 1941
42259 1928
42275 1934
42291 1938
42308 1931
42324 1926
42341 1933
42357 1932
42373 1929
42390 1928
42406 1923
42423 1924
42439 1925
42455 1917
42472 1916
42488 1916
42505 1914
42521 1908
42537 1908
42554 1901
42570 1902
42587 1902
42603 1904
42619 1893
42636 1892
42652 1886
42668 1888
42685 1886
42701 1882
42718 1881
42734 1879
42750 1841
42767 1870
42783 1873
42800 1842
42816 1865
42832 1863
42849 1857
42865 1857
42882 1857
42898 1849
42914 1851
42931 1849
42947 1845
42964 1845
42980 1841
42996 1844
43013 1837
43029 1835
43046 1832
43062 1833
43078 1829
43095 1828
43111 1821
43128 1824
43144 1819
43160 1818
43177 1816
43193 1817
43209 1814
43226 1811
43242 1813
43259 1810
43275 1855
43291 1805
43308 1804
43324 1765
43341 1801
43357 1800
43373 1822
43390 1798
43406 1798
43423 1798
43439 1790
43455 1794
43472 1792
43488 1795
43505 1791
43521 1799
43537 1790
43554 1794
43570 1797
43587 1790
43603 1791
43619 1798
43636 1796
43652 1795
43668 1793
43685 1793
43701 1792
43718 1795
43734 1796
43750 1751
43767 1797
43783 1795
43800 1865
43816 1798
43832 1798
43849 1799
43865 1798
43882 1801
43898 1806
43914 1811
43931 1802
43947 1808
43964 1809
43980 1810
43996 1812
44013 1814
44029 1813
44046 1818
44062 1821
44078 1820
44095 1824
44111 1823
44128 1825
44144 1828
44160 1830
44177 1835
44193 1835
44209 1837
44226 1833
44242 1858
44259 1847
44275 1861
44291 1852
44308 1844
44324 1931
44341 1858
44357 1858
44373 1801
44390 1862
44406 1864
44423 1874
44439 1872
44455 1870
44472 1869
44488 1875
44505 1879
44521 1885
44537 1882
44554 1885
44570 1886
44587 1890
44603 1890
44619 1892
44636 1896
44652 1900
44668 1900
44685 1903
44701 1905
44718 1904
44734 1907
44750 1950
44767 1910
44783 1912
44800 1938
44816 1914
44832 1918
44849 1925
44865 1924
44882 1922
44898 1920
44914 1924
44931 1926
44947 1930
44964 1934
44980 1930
44996 1930
45013 1934
45029 1937
45046 1935
45062 1942
45078 1937
45095 1941
45111 1938
45128 1939
45144 1938
45160 1939
45177 1941
45193 1944
45209 1941
45226 1942
45242 1943
45259 1950
45275 1923
45291 1941
45308 1941
45324 1969
45341 1940
45357 1939
45373 1968
45390 1938
45406 1932
45423 1940
45439 1938
45455 1934
45472 1936
45488 1936
45505 1929
45521 1929
45537 1931
45554 1929
45570 1928
45587 1929
45603 1923
45619 1926
45636 1922
45652 1920
45668 1918
45685 1920
45701 1917
45718 1912
45734 1912
45750 1935
45767 1909
45783 1906
45800 1877
45816 1906
45832 1901
45849 1900
45865 1900
45882 1895
45898 1892
45914 1887
45931 1897
45947 1889
45964 1887
45980 1882
45996 1870
46013 1881
46029 1879
46046 1873
46062 1867
46078 1869
46095 1870
46111 1864
46128 1882
46144 1854
46160 1854
46177 1858
46193 1854
46209 1852
46226 1849
46242 1845
46259 1900
46275 1838
46291 1842
46308 1847
46324 1836
46341 1832
46357 1834
46373 1832
46390 1833
46406 1827
46423 1826
46439 1828
46455 1822
46472 1821
46488 1817
46505 1819
46521 1817
46537 1815
46554 1816
46570 1847
46587 1813
46603 1810
46619 1813
46636 1810
46652 1806
46668 1803
46685 1805
46701 1810
46718 1804
46734 1808
46750 1761
46767 1799
46783 1805
46800 1780
46816 1798
46832 1798
46849 1795
46865 1797
46882 1802
46898 1802
46914 1802
46931 1837
46947 1796
46964 1802
46980 1801
46996 1800
47013 1801
47029 1806
47046 1804
47062 1803
47078 1804
47095 1806
47111 1806
47128 1806
47144 1805
47160 1810
47177 1808
47193 1813
47209 1813
47226 1816
47242 1905
47259 1819
47275 1820
47291 1822
47308 1822
47324 1823
47341 1824
47357 1829
47373 1852
47390 1832
47406 1828
47423 1834
47439 1834
47455 1837
47472 1836
47488 1841
47505 1841
47521 1842
47537 1845
47554 1845
47570 1849
47587 1855
47603 1849
47619 1845
47636 1855
47652 1862
47668 1863
47685 1868
47701 1865
47718 1869
47734 1863
47750 1838
47767 1876
47783 1875
47800 1883
47816 1881
47832 1882
47849 1882
47865 1885
47882 1891
47898 1888
47914 1890
47931 1921
47947 1895
47964 1904
47980 1902
47996 1904
48013 1902
48029 1908
48046 1909
48062 1906
48078 1912
48095 1911
48111 1914
48128 1916
48144 1917
48160 1919
48177 1917
48193 1924
48209 1924
48226 1922
48242 1948
48259 1927
48275 1925
48291 1920
48308 1927
48324 1930
48341 1929
48357 1925
48373 1932
48390 1931
48406 1931
48423 1935
48439 1933
48455 1937
48472 1931
48488 1935
48505 1931
48521 1935
48537 1934
48554 1944
48570 1933
48587 1935
48603 1934
48619 1934
48636 1935
48652 1936
48668 1919
48685 1933
48701 1931
48718 1931
48734 1929
48750 1929
48767 1929
48783 1929
48800 1925
48816 1927
48832 1922
48849 1925
48865 1920
48882 1927
48898 1920
48914 1921
48931 1900
48947 1916
48964 1917
48980 1916
48996 1913
49013 1907
49029 1909
49046 1906
49062 1905
49078 1902
49095 1903
49111 1901
49128 1897
49144 1894
49160 1897
49177 1891
49193 1892
49209 1887
49226 1892
49242 1841
49259 1884
49275 1883
49291 1882
49308 1878
49324 1881
49341 1872
49357 1872
49373 1831
49390 1871
49406 1868
49423 1872
49439 1863
49455 1860
49472 1853
49488 1858
49505 1854
49521 1853
49537 1849
49554 1846
49570 1847
49587 1846
49603 1848
49619 1842
49636 1841
49652 1840
49668 1838
49685 1837
49701 1836
49718 1831
49734 1837
49750 1850
49767 1828
49783 1829
49800 1818
49816 1826
49832 1823
49849 1825
49865 1820
49882 1821
49898 1821
49914 1816
49931 1784
49947 1817
49964 1818
49980 1813
49996 1816
50013 1812
50029 1811
50046 1808
50062 1815
50078 1810
50095 1810
50111 1808
50128 1812
50144 1811
50160 1810
50177 1807
50193 1812
50209 1810
50226 1811
50242 1758
50259 1811
50275 1811
50291 1811
50308 1813
50324 1812
50341 1812
50357 1814
50373 1773
50390 1819
50406 1814
50423 1816
50439 1816
50455 1818
50472 1818
50488 1814
50505 1818
50521 1822
50537 1821
50554 1826
50570 1827
50587 1828
50603 1829
50619 1831
50636 1827
50652 1829
50668 1834
50685 1834
50701 1827
50718 1840
50734 1841
50750 1855
50767 1844
50783 1843
50800 1840
50816 1849
50832 1851
50849 1853
50865 1852
50882 1854
50898 1861
50914 1858
50931 1860
50947 1860
50964 1864
50980 1866
50996 1867
51013 1871
51029 1869
51046 1871
51062 1874
51078 1876
51095 1878
51111 1876
51128 1880
51144 1883
51160 1885
51177 1877
51193 1885
51209 1888
51226 1877
51242 1896
51259 1895
51275 1950
51291 1898
51308 1898
51324 1902
51341 1904
51357 1906
51373 1911
51390 1907
51406 1904
51423 1912
51439 1911
51455 1910
51472 1913
51488 1911
51505 1914
51521 1914
51537 1917
51554 1914
51570 1923
51587 1919
51603 1917
51619 1916
51636 1921
51652 1915
51668 1919
51685 1921
51701 1921
51718 1926
51734 1920
51750 1941
51767 1924
51783 1921
51800 1971
51816 1923
51832 1921
51849 1907
51865 1923
51882 1921
51898 1923
51914 1920
51931 1923
51947 1922
51964 1919
51980 1919
51996 1922
52013 1916
52029 1926
52046 1924
52062 1916
52078 1918
52095 1914
52111 1913
52128 1915
52144 1910
52160 1914
52177 1908
52193 1909
52209 1907
52226 1912
52242 1904
52259 1907
52275 1894
52291 1902
52308 1901
52324 1978
52341 1897
52357 1894
52373 1936
52390 1894
52406 1892
52423 1896
52439 1888
52455 1888
52472 1887
52488 1884
52505 1882
52521 1881
52537 1879
52554 1880
52570 1876
52587 1876
52603 1873
52619 1872
52636 1871
52652 1868
52668 1869
52685 1855
52701 1862
52718 1864
52734 1861
52750 1878
52767 1858
52783 1862
52800 1854
52816 1858
52832 1851
52849 1890
52865 1849
52882 1848
52898 1849
52914 1856
52931 1848
52947 1847
52964 1844
52980 1839
52996 1843
53013 1838
53029 1839
53046 1841
53062 1835
53078 1833
53095 1835
53111 1832
53128 1830
53144 1830
53160 1828
53177 1830
53193 1829
53209 1830
53226 1821
53242 1828
53259 1829
53275 1786
53291 1831
53308 1820
53324 1833
53341 1828
53357 1823
53373 1817
53390 1820
53406 1820
53423 1821
53439 1824
53455 1823
53472 1821
53488 1824
53505 1821
53521 1824
53537 1821
53554 1824
53570 1823
53587 1823
53603 1826
53619 1826
53636 1826
53652 1828
53668 1826
53685 1830
53701 1830
53718 1829
53734 1829
53750 1826
53767 1830
53783 1830
53800 1792
53816 1832
53832 1832
53849 1848
53865 1837
53882 1838
53898 1836
53914 1835
53931 1844
53947 1838
53964 1846
53980 1844
53996 1844
54013 1848
54029 1848
54046 1841
54062 1851
54078 1851
54095 1855
54111 1855
54128 1857
54144 1856
54160 1860
54177 1859
54193 1859
54209 1862
54226 1857
54242 1867
54259 1870
54275 1746
54291 1869
54308 1873
54324 1829
54341 1874
54357 1878
54373 1884
54390 1879
54406 1878
54423 1880
54439 1882
54455 1885
54472 1886
54488 1888
54505 1886
54521 1890
54537 1891
54554 1890
54570 1891
54587 1897
54603 1883
54619 1896
54636 1897
54652 1897
54668 1900
54685 1898
54701 1902
54718 1903
54734 1902
54750 1897
54767 1905
54783 1905
54800 1884
54816 1908
54832 1905
54849 1889
54865 1908
54882 1908
54898 1908
54914 1907
54931 1911
54947 1914
54964 1907
54980 1918
54996 1911
55013 1911
55029 1913
55046 1913
55062 1913
55078 1910
55095 1916
55111 1909
55128 1932
55144 1911
55160 1910
55177 1911
55193 1911
55209 1910
55226 1910
55242 1906
55259 1911
55275 1905
55291 1908
55308 1955
55324 1910
55341 1904
55357 1910
55373 1906
55390 1904
55406 1904
55423 1903
55439 1872
55455 1903
55472 1895
55488 1900
55505 1898
55521 1898
55537 1896
55554 1900
55570 1894
55587 1893
55603 1894
55619 1890
55636 1896
55652 1889
55668 1892
55685 1888
55701 1883
55718 1888
55734 1885
55750 1875
55767 1883
55783 1882
55800 1879
55816 1876
55832 1877
55849 1877
55865 1874
55882 1873
55898 1873
55914 1872
55931 1873
55947 1867
55964 1864
55980 1871
55996 1863
56013 1869
56029 1861
56046 1860
56062 1861
56078 1858
56095 1858
56111 1858
56128 1858
56144 1855
56160 1856
56177 1854
56193 1853
56209 1852
56226 1849
56242 1846
56259 1843
56275 1846
56291 1847
56308 1843
56324 1848
56341 1852
56357 1844
56373 1809
56390 1841
56406 1841
56423 1838
56439 1838
56455 1839
56472 1849
56488 1838
56505 1839
56521 1836
56537 1836
56554 1837
56570 1835
56587 1834
56603 1834
56619 1834
56636 1835
56652 1833
56668 1830
56685 1834
56701 1834
56718 1835
56734 1835
56750 1835
56767 1840
56783 1833
56800 1837
56816 1835
56832 1832
56849 1840
56865 1834
56882 1833
56898 1836
56914 1828
56931 1823
56947 1834
56964 1835
56980 1840
56996 1840
57013 1837
57029 1836
57046 1837
57062 1834
57078 1841
57095 1840
57111 1871
57128 1842
57144 1844
57160 1846
57177 1841
57193 1847
57209 1847
57226 1840
57242 1792
57259 1849
57275 1848
57291 1849
57308 1852
57324 1852
57341 1845
57357 1856
57373 1848
57390 1857
57406 1857
57423 1862
57439 1857
57455 1864
57472 1862
57488 1864
57505 1864
57521 1864
57537 1864
57554 1852
57570 1867
57587 1868
57603 1871
57619 1874
57636 1868
57652 1877
57668 1874
57685 1874
57701 1872
57718 1879
57734 1877
57750 1872
57767 1881
57783 1886
57800 1881
57816 1884
57832 1884
57849 1891
57865 1885
57882 1887
57898 1889
57914 1887
57931 1866
57947 1890
57964 1893
57980 1888
57996 1892
58013 1903
58029 1894
58046 1892
58062 1899
58078 1897
58095 1895
58111 1883
58128 1895
58144 1898
58160 1897
58177 1898
58193 1899
58209 1896
58226 1895
58242 1873
58259 1899
58275 1899
58291 1901
58308 1901
58324 1906
58341 1899
58357 1901
58373 1920
58390 1901
58406 1898
58423 1898
58439 1900
58455 1900
58472 1901
58488 1901
58505 1900
58521 1899
58537 1896
58554 1933
58570 1898
58587 1897
58603 1898
58619 1898
58636 1894
58652 1898
58668 1894
58685 1895
58701 1891
58718 1894
58734 1895
58750 1889
58767 1889
58783 1891
58800 1884
58816 1889
58832 1890
58849 1893
58865 1884
58882 1888
58898 1887
58914 1881
58931 1901
58947 1883
58964 1885
58980 1882
58996 1879
59013 1876
59029 1880
59046 1879
59062 1883
59078 1877
59095 1875
59111 1886
59128 1874
59144 1872
59160 1872
59177 1868
59193 1871
59209 1867
59226 1871
59242 1918
59259 1865
59275 1864
59291 1861
59308 1862
59324 1856
59341 1860
59357 1859
59373 1874
59390 1863
59406 1854
59423 1857
59439 1853
59455 1853
59472 1852
59488 1856
59505 1852
59521 1850
59537 1847
59554 1863
59570 1851
59587 1849
59603 1843
59619 1856
59636 1847
59652 1847
59668 1851
59685 1844
59701 1844
59718 1848
59734 1845
59750 1851
59767 1841
59783 1840
59800 1841
59816 1844
59832 1842
59849 1839
59865 1841
59882 1841
59898 1844
59914 1842
59931 1842
59947 1842
59964 1841
59980 1839
59996 1842
60013 1843
60029 1797
60046 1835
60062 1841
60078 1822
60095 1836
60111 1840
60128 1838
60144 1840
60160 1842
60177 1841
60193 1841
60209 1840
60226 1841
60242 1838
60259 1844
60275 1844
60291 1844
60308 1842
60324 1847
60341 1844
60357 1843
60373 1845
60390 1847
60406 1846
60423 1855
60439 1849
60455 1848
60472 1849
60488 1851
60505 1856
60521 1852
60537 1850
60554 1876
60570 1854
60587 1855
60603 1809
60619 1858
60636 1857
60652 1854
60668 1866
60685 1855
60701 1862
60718 1864
60734 1859
60750 1851
60767 1867
60783 1865
60800 1852
60816 1866
60832 1865
60849 1913
60865 1867
60882 1871
60898 1868
60914 1869
60931 1874
60947 1873
60964 1873
60980 1876
60996 1880
61013 1884
61029 1880
61046 1882
61062 1882
61078 1881
61095 1884
61111 1880
61128 1882
61144 1882
61160 1888
61177 1884
61193 1886
61209 1885
61226 1885
61242 1890
61259 1890
61275 1862
61291 1892
61308 1886
61324 1872
61341 1890
61357 1886
61373 1891
61390 1899
61406 1892
61423 1893
61439 1892
61455 1893
61472 1894
61488 1899
61505 1898
61521 1892
61537 1886
61554 1897
61570 1895
61587 1896
61603 1893
61619 1895
61636 1895
61652 1900
61668 1896
61685 1916
61701 1895
61718 1899
61734 1899
61750 1884
61767 1897
61783 1897
61800 1883
61816 1897
61832 1890
61849 1881
61865 1891
61882 1893
61898 1889
61914 1894
61931 1892
61947 1891
61964 1895
61980 1889
61996 1897
62013 1898
62029 1892
62046 1889
62062 1892
62078 1892
62095 1889
62111 1888
62128 1895
62144 1888
62160 1886
62177 1886
62193 1887
62209 1885
62226 1884
62242 1881
62259 1882
62275 1920
62291 1881
62308 1878
62324 1851
62341 1878
62357 1879
62373 1880
62390 1878
62406 1878
62423 1875
62439 1873
62455 1875
62472 1866
62488 1872
62505 1869
62521 1874
62537 1868
62554 1869
62570 1867
62587 1868
62603 1864
62619 1866
62636 1866
62652 1862
62668 1863
62685 1865
62701 1861
62718 1859
62734 1858
62750 1866
62767 1858
62783 1859
62800 1843
62816 1857
62832 1855
62849 1813
62865 1852
62882 1853
62898 1851
62914 1846
62931 1848
62947 1851
62964 1853
62980 1850
62996 1841
63013 1850
63029 1848
63046 1843
63062 1848
63078 1845
63095 1848
63111 1845
63128 1843
63144 1846
63160 1843
63177 1840
63193 1841
63209 1843
63226 1844
63242 1842
63259 1844
63275 1831
63291 1842
63308 1841
63324 1828
63341 1844
63357 1841
63373 1828
63390 1840
63406 1842
63423 1841
63439 1843
63455 1842
63472 1843
63488 1843
63505 1841
63521 1844
63537 1843
63554 1842
63570 1845
63587 1845
63603 1843
63619 1844
63636 1847
63652 1844
63668 1846
63685 1849
63701 1846
63718 1851
63734 1847
63750 1836
63767 1854
63783 1851
63800 1882
63816 1851
63832 1850
63849 1818
63865 1855
63882 1852
63898 1868
63914 1853
63931 1855
63947 1856
63964 1856
63980 1857
63996 1858
64013 1859
64029 1861
64046 1857
64062 1863
64078 1859
64095 1868
64111 1853
64128 1868
64144 1867
64160 1867
64177 1838
64193 1871
64209 1869
64226 1867
64242 1869
64259 1871
64275 1872
64291 1860
64308 1876
64324 1874
64341 1874
64357 1822
64373 1876
64390 1882
64406 1878
64423 1880
64439 1879
64455 1882
64472 1880
64488 1851
64505 1881
64521 1884
64537 1885
64554 1886
64570 1882
64587 1883
64603 1886
64619 1887
64636 1886
64652 1889
64668 1888
64685 1889
64701 1894
64718 1893
64734 1890
64750 1886
64767 1885
64783 1893
64800 1857
64816 1895
64832 1891
64849 1894
64865 1895
64882 1893
64898 1895
64914 1894
64931 1879
64947 1892
64964 1894
64980 1895
64996 1893
65013 1896
65029 1894
65046 1895
65062 1898
65078 1894
65095 1893
65111 1897
65128 1889
65144 1894
65160 1899
65177 1894
65193 1892
65209 1891
65226 1894
65242 1861
65259 1890
65275 1892
65291 1891
65308 1889
65324 1891
65341 1888
65357 1893
65373 1888
65390 1890
65406 1888
65423 1887
65439 1885
65455 1893
65472 1889
65488 1887
65505 1885
65521 1886
65537 1886
65554 1866
65570 1879
65587 1882
65603 1879
65619 1880
65636 1879
65652 1887
65668 1876
65685 1876
65701 1876
65718 1872
65734 1884
65750 1871
65767 1872
65783 1874
65800 1929
65816 1871
65832 1870
65849 1874
65865 1867
65882 1866
65898 1862
65914 1863
65931 1842
65947 1863
65964 1863
65980 1863
65996 1861
66013 1858
66029 1862
66046 1856
66062 1857
66078 1860
66095 1858
66111 1826
66128 1855
66144 1855
66160 1857
66177 1853
66193 1855
66209 1853
66226 1854
66242 1853
66259 1850
66275 1849
66291 1848
66308 1849
66324 1849
66341 1847
66357 1841
66373 1839
66390 1848
66406 1840
66423 1849
66439 1842
66455 1847
66472 1843
66488 1844
66505 1842
66521 1844
66537 1844
66554 1915
66570 1839
66587 1841
66603 1844
66619 1843
66636 1841
66652 1847
66668 1840
66685 1846
66701 1844
66718 1844
66734 1844
66750 1839
66767 1843
66783 1843
66800 1855
66816 1841
66832 1843
66849 1848
66865 1843
66882 1846
66898 1846
66914 1846
66931 1906
66947 1844
66964 1848
66980 1849
66996 1848
67013 1850
67029 1850
67046 1850
67062 1852
67078 1851
67095 1852
67111 1831
67128 1851
67144 1852
67160 1847
67177 1854
