2 162
55 157
71 155
87 164
104 168
120 172
138 166
154 179
170 183
187 183
203 191
220 195
236 198
252 199
269 162
285 205
302 212
318 217
334 220
351 226
367 226
384 229
400 232
416 242
433 243
449 243
466 248
482 252
498 259
515 282
531 258
548 268
564 271
580 275
597 280
613 280
629 285
646 294
662 293
679 301
695 298
711 302
728 307
744 318
761 315
777 321
793 322
810 323
826 317
843 332
859 338
875 340
892 345
908 349
925 352
941 358
957 354
974 360
990 363
1007 371
1023 371
1039 375
1056 380
1072 382
1088 386
1105 386
1121 384
1144 394
1160 393
1177 402
1193 409
1209 408
1226 412
1242 404
1259 415
1275 424
1291 438
1308 430
1324 431
1341 437
1357 441
1373 445
1390 442
1406 445
1423 452
1439 456
1455 458
1472 460
1488 479
1505 466
1521 468
1537 473
1554 478
1570 479
1586 483
1603 489
1619 486
1636 493
1652 493
1668 502
1685 502
1701 507
1718 507
1734 510
1750 511
1767 517
1783 520
1800 532
1816 523
1832 526
1849 528
1865 536
1882 539
1898 540
1914 544
1931 527
1947 547
1964 554
1980 549
1996 549
2013 558
2029 564
2045 567
2062 570
2078 572
2095 572
2111 576
2127 582
2145 586
2161 585
2178 588
2194 590
2211 594
2227 600
2243 602
2260 601
2276 608
2293 613
2309 613
2325 614
2342 617
2358 621
2375 620
2391 628
2407 628
2424 633
2440 636
2456 638
2473 638
2489 639
2506 644
2522 650
2538 652
2555 654
2571 658
2588 657
2604 661
2620 665
2637 669
2653 669
2670 736
2686 674
2702 678
2719 685
2735 680
2752 687
2768 687
2784 688
2801 784
2817 692
2834 697
2850 700
2866 703
2883 705
2899 710
2915 712
2932 713
2948 714
2965 713
2981 722
2997 732
3014 725
3030 719
3047 728
3063 730
3079 741
3096 740
3112 758
3129 740
3146 742
3162 745
3179 751
3195 750
3212 755
3228 757
3244 760
3261 763
3277 765
3294 835
3310 768
3326 771
3343 776
3359 776
3376 779
3392 780
3408 782
3425 785
3441 786
3458 788
3474 794
3490 793
3507 796
3523 798
3540 786
3556 803
3572 799
3589 811
3605 810
3621 814
3638 813
3654 817
3671 857
3687 823
3703 830
3720 825
3736 825
3753 832
3769 832
3785 834
3802 834
3818 838
3835 842
3851 840
3867 846
3884 847
3900 847
3917 851
3933 855
3949 846
3966 859
3982 860
3999 861
4015 865
4031 869
4048 869
4064 871
4080 873
4097 876
4113 876
4131 877
4147 880
4164 883
4180 887
4196 889
4213 890
4229 896
4246 894
4262 893
4278 890
4295 902
4311 902
4328 978
4344 908
4360 906
4377 882
4393 920
4410 912
4426 916
4442 919
4459 920
4475 927
4492 926
4508 925
4524 927
4541 930
4557 933
4574 939
4590 939
4606 939
4623 940
4639 938
4655 945
4672 946
4688 953
4705 951
4721 952
4737 954
4754 954
4770 955
4787 964
4803 964
4819 962
4836 961
4852 968
4869 969
4885 966
4901 973
4918 977
4934 976
4951 977
4967 982
4983 982
5000 977
5016 985
5033 987
5049 992
5065 991
5082 994
5098 998
5114 975
5132 999
5148 1001
5165 981
5181 1008
5198 1007
5214 997
5230 1009
5247 1012
5263 993
5280 1018
5296 1020
5312 1014
5329 1023
5345 1024
5362 1023
5378 1026
5394 1029
5411 1032
5427 1032
5443 1029
5460 1034
5476 1039
5493 1041
5509 1040
5525 1045
5542 1045
5558 1048
5575 1051
5591 1052
5607 1053
5624 1057
5640 1054
5657 1057
5673 1058
5689 1093
5706 1061
5722 1067
5739 1044
5755 1071
5771 1067
5788 1070
5804 1071
5821 1080
5837 1076
5853 1079
5870 1080
5886 1088
5902 1087
5919 1092
5935 1090
5952 1090
5968 1092
5984 1091
6001 1094
6017 1100
6034 1100
6050 1097
6066 1100
6083 1102
6099 1104
6116 1104
6134 1109
6151 1110
6167 1116
6184 1113
6200 1112
6216 1119
6233 1119
6249 1123
6266 1122
6282 1124
6298 1125
6315 1120
6331 1138
6348 1130
6364 1170
6380 1132
6397 1131
6413 1133
6430 1139
6446 1142
6462 1143
6479 1145
6495 1145
6511 1148
6528 1149
6544 1152
6561 1150
6577 1158
6593 1156
6610 1163
6626 1162
6643 1163
6659 1163
6675 1163
6692 1163
6708 1169
6725 1170
6741 1173
6757 1172
6774 1177
6790 1182
6807 1178
6823 1185
6839 1179
6856 1187
6872 1186
6889 1225
6905 1194
6921 1192
6938 1239
6954 1196
6970 1200
6987 1200
7003 1205
7020 1204
7036 1205
7052 1206
7069 1209
7085 1212
7102 1219
7118 1216
7136 1219
7152 1218
7168 1222
7185 1227
7201 1229
7218 1229
7234 1231
7250 1233
7267 1233
7283 1236
7299 1238
7316 1238
7332 1239
7349 1243
7365 1247
7381 1244
7398 1247
7414 1243
7431 1252
7447 1256
7463 1258
7480 1258
7496 1266
7513 1262
7529 1267
7545 1269
7562 1272
7578 1272
7595 1274
7611 1278
7627 1277
7644 1280
7660 1281
7677 1285
7693 1287
7709 1291
7726 1290
7742 1291
7758 1297
7775 1299
7791 1303
7808 1307
7824 1310
7840 1310
7857 1313
7873 1314
7890 1318
7906 1324
7922 1322
7939 1314
7955 1330
7972 1332
7988 1332
8004 1338
8021 1343
8037 1341
8054 1348
8070 1351
8086 1357
8103 1364
8119 1365
8140 1368
8157 1376
8173 1376
8189 1420
8206 1386
8222 1390
8239 1421
8255 1402
8271 1403
8288 1412
8304 1416
8321 1422
8337 1436
8353 1436
8370 1442
8386 1449
8403 1456
8419 1465
8435 1473
8452 1479
8468 1489
8485 1497
8501 1509
8517 1522
8534 1529
8550 1542
8567 1552
8583 1564
8599 1577
8616 1587
8632 1603
8648 1616
8665 1640
8681 1652
8698 1666
8714 1692
8730 1693
8747 1699
8763 1752
8780 1738
8796 1760
8812 1777
8829 1790
8845 1805
8862 1818
8878 1835
8894 1848
8911 1859
8927 1875
8944 1889
8960 1902
8976 1913
8993 1923
9009 1934
9026 1945
9042 1952
9058 1959
9075 1969
9091 1975
9107 1979
9124 1987
9141 1988
9158 1990
9174 1996
9191 1995
9207 1996
9223 1990
9240 1988
9256 1987
9273 1949
9289 1981
9305 1976
9322 1966
9338 1960
9355 1950
9371 1944
9387 1936
9404 1937
9420 1910
9437 1901
9453 1887
9469 1876
9486 1861
9502 1847
9518 1834
9535 1821
9551 1806
9568 1792
9584 1773
9600 1761
9617 1741
9633 1729
9650 1721
9666 1700
9682 1688
9699 1676
9715 1658
9732 1646
9748 1664
9764 1622
9781 1613
9797 1603
9814 1590
9830 1583
9846 1572
9863 1562
9879 1562
9896 1549
9912 1542
9928 1537
9945 1536
9961 1534
9977 1536
9994 1535
10010 1531
10027 1534
10043 1536
10059 1537
10076 1538
10092 1545
10109 1550
10125 1554
10142 1560
10159 1566
10175 1575
10191 1580
10208 1588
10224 1596
10241 1636
10257 1616
10273 1622
10290 1636
10306 1646
10323 1658
10339 1671
10355 1683
10372 1655
10388 1705
10405 1715
10421 1729
10437 1746
10454 1753
10470 1762
10487 1779
10503 1788
10519 1798
10536 1811
10552 1821
10569 1835
10585 1843
10601 1853
10618 1839
10634 1873
10650 1882
10667 1888
10683 1893
10700 1893
10716 1909
10732 1908
10749 1929
10765 1926
10782 1927
10798 1931
10814 1932
10831 1935
10847 1935
10864 1933
10880 1935
10896 1931
10913 1929
10929 1992
10946 1925
10962 1924
10978 1915
10995 1911
11011 1903
11028 1897
11044 1893
11060 1858
11077 1872
11093 1866
11109 1858
11126 1845
11142 1838
11159 1828
11175 1817
11192 1807
11208 1795
11224 1784
11241 1774
11257 1760
11273 1747
11290 1735
11306 1729
11323 1719
11339 1705
11355 1700
11372 1651
11388 1678
11405 1683
11421 1656
11437 1647
11454 1644
11470 1635
11487 1625
11503 1616
11519 1611
11536 1608
11552 1601
11569 1591
11585 1589
11601 1587
11618 1647
11634 1582
11651 1580
11667 1578
11683 1584
11700 1582
11716 1586
11732 1584
11749 1589
11765 1581
11782 1588
11798 1598
11814 1601
11831 1605
11847 1613
11864 1618
11880 1627
11896 1629
11913 1633
11929 1664
11946 1653
11962 1662
11978 1670
11995 1679
12011 1690
12028 1696
12044 1712
12060 1677
12077 1726
12093 1735
12110 1745
12126 1756
12142 1763
12159 1771
12175 1782
12192 1793
12208 1801
12224 1813
12241 1818
12257 1824
12274 1834
12290 1844
12306 1851
12323 1861
12339 1868
12356 1865
12372 1861
12388 1877
12405 1878
12421 1883
12437 1886
12454 1889
12470 1891
12487 1897
12503 1895
12519 1899
12536 1896
12552 1896
12569 1891
12585 1888
12601 1886
12618 1884
12634 1882
12651 1876
12667 1872
12683 1871
12700 1865
12716 1861
12733 1851
12749 1835
12765 1838
12782 1830
12798 1823
12815 1777
12831 1802
12847 1795
12864 1815
12880 1779
12896 1768
12913 1761
12929 1750
12946 1740
12962 1730
12978 1727
12995 1716
13011 1707
13028 1704
13044 1689
13060 1682
13077 1678
13093 1670
13110 1661
13126 1656
13142 1650
13159 1644
13175 1638
13192 1636
13208 1627
13224 1620
13241 1618
13257 1618
13274 1612
13290 1613
13306 1615
13323 1615
13339 1617
13356 1611
13372 1613
13388 1682
13405 1617
13421 1620
13437 1625
13454 1624
13470 1627
13487 1635
13503 1637
13519 1639
13536 1646
13552 1658
13569 1660
13585 1671
13601 1672
13618 1679
13634 1684
13651 1698
13667 1704
13683 1713
13700 1714
13716 1728
13733 1736
13749 1745
13765 1759
13782 1766
13798 1766
13815 1822
13831 1784
13847 1792
13864 1802
13880 1806
13896 1811
13913 1812
13929 1826
13946 1830
13962 1841
13978 1845
13995 1851
14011 1859
14028 1859
14044 1864
14060 1865
14077 1869
14093 1875
14110 1874
14126 1874
14142 1873
14159 1876
14175 1876
14192 1876
14208 1878
14224 1876
14241 1870
14257 1871
14274 1872
14290 1869
14306 1864
14323 1861
14339 1837
14356 1853
14372 1849
14388 1832
14405 1839
14421 1819
14437 1814
14454 1818
14470 1810
14487 1804
14503 1795
14519 1788
14536 1782
14552 1776
14569 1766
14585 1758
14601 1753
14618 1745
14634 1739
14651 1733
14667 1724
14683 1720
14700 1710
14716 1704
14733 1699
14749 1693
14765 1685
14782 1681
14798 1676
14815 1646
14831 1667
14847 1662
14864 1633
14880 1658
14896 1654
14913 1654
14929 1645
14946 1644
14962 1643
14978 1645
14995 1648
15011 1639
15028 1644
15044 1641
15060 1648
15077 1649
15093 1655
15110 1652
15126 1650
15142 1660
15159 1663
15175 1667
15192 1667
15208 1670
15224 1678
15241 1683
15257 1689
15274 1692
15290 1694
15306 1699
15323 1714
15339 1697
15356 1724
15372 1729
15388 1709
15405 1742
15421 1751
15437 1757
15454 1771
15470 1765
15487 1773
15503 1778
15519 1789
15536 1791
15552 1796
15569 1801
15585 1810
15601 1811
15618 1814
15634 1819
15651 1823
15667 1831
15683 1834
15700 1839
15716 1833
15733 1840
15749 1842
15765 1850
15782 1844
15798 1843
15815 1851
15831 1847
15847 1848
15864 1815
15880 1842
15896 1843
15913 1839
15929 1841
15946 1835
15962 1832
15978 1832
15995 1831
16011 1825
16028 1820
16044 1816
16060 1805
16077 1806
16093 1803
16110 1798
16126 1788
16142 1783
16159 1777
16175 1773
16192 1769
16208 1760
16224 1755
16241 1747
16257 1743
16274 1739
16290 1729
16306 1723
16323 1718
16339 1772
16356 1710
16372 1704
16388 1647
16405 1692
16421 1690
16437 1685
16454 1679
16470 1677
16487 1668
16503 1670
16519 1668
16536 1664
16552 1662
16569 1657
16585 1664
16601 1659
16618 1654
16634 1654
16651 1653
16667 1655
16683 1655
16700 1658
16716 1657
16733 1657
16749 1662
16765 1662
16782 1671
16798 1671
16815 1667
16831 1672
16847 1684
16864 1750
16880 1686
16896 1694
16913 1672
16929 1695
16946 1702
16962 1707
16978 1716
16995 1722
17011 1728
17028 1729
17044 1735
17060 1743
17077 1748
17093 1751
17110 1754
17126 1760
17142 1770
17159 1771
17175 1775
17192 1775
17208 1784
17224 1790
17241 1794
17257 1797
17274 1800
17290 1808
17306 1809
17323 1813
17339 1799
17356 1818
17372 1818
17388 1899
17405 1823
17421 1823
17437 1824
17454 1824
17470 1826
17487 1824
17503 1826
17519 1823
17536 1828
17552 1821
17569 1821
17585 1818
17601 1819
17618 1808
17634 1814
17651 1808
17667 1811
17683 1805
17700 1802
17716 1795
17733 1789
17749 1786
17765 1785
17782 1781
17798 1776
17815 1779
17831 1767
17847 1765
17864 1756
17880 1750
17896 1747
17913 1743
17929 1674
17946 1731
17962 1726
17978 1716
17995 1717
18011 1714
18028 1707
18044 1707
18060 1702
18077 1698
18093 1695
18110 1711
18126 1691
18142 1684
18159 1687
18175 1677
18192 1679
18208 1674
18224 1672
18241 1630
18257 1667
18274 1673
18290 1669
18306 1668
18323 1664
18339 1671
18356 1671
18372 1665
18388 1669
18405 1670
18421 1677
18437 1679
18454 1683
18470 1683
18487 1681
18503 1690
18519 1691
18536 1697
18552 1699
18569 1701
18585 1706
18601 1707
18618 1689
18634 1717
18651 1720
18667 1719
18683 1728
18700 1738
18716 1742
18733 1746
18749 1749
18765 1752
18782 1758
18798 1760
18815 1769
18831 1770
18847 1778
18864 1780
18880 1781
18896 1784
18913 1789
18929 1773
18946 1798
18962 1795
18978 1804
18995 1802
19011 1811
19028 1812
19044 1814
19060 1806
19077 1813
19093 1817
19110 1814
19126 1816
19142 1809
19159 1817
19175 1818
19192 1817
19208 1819
19224 1816
19241 1806
19257 1818
19274 1814
19290 1815
19306 1807
19323 1806
19339 1802
19356 1804
19372 1781
19388 1798
19405 1790
19421 1788
19437 1785
19454 1783
19470 1776
19487 1775
19503 1770
19519 1809
19536 1761
19552 1754
19569 1752
19585 1757
19601 1741
19618 1741
19634 1734
19651 1726
19667 1726
19683 1724
19700 1713
19716 1717
19733 1709
19749 1708
19765 1704
19782 1705
19798 1698
19815 1690
19831 1668
19847 1689
19864 1691
19880 1692
19896 1685
19913 1686
19929 1681
19946 1680
19962 1680
19978 1679
19995 1677
20011 1677
20028 1684
20044 1683
20060 1683
20077 1683
20093 1683
20110 1688
20126 1691
20142 1693
20159 1691
20175 1695
20192 1698
20208 1702
20224 1705
20241 1704
20257 1708
20274 1733
20290 1716
20306 1718
20323 1718
20339 1724
20356 1733
20372 1733
20388 1740
20405 1742
20421 1744
20437 1749
20454 1750
20470 1756
20487 1758
20503 1763
20519 1771
20536 1773
20552 1774
20569 1776
20585 1779
20601 1784
20618 1796
20634 1786
20651 1785
20667 1785
20683 1799
20700 1797
20716 1803
20733 1802
20749 1803
20765 1800
20782 1806
20798 1806
20815 1808
20831 1810
20847 1807
20864 1803
20880 1808
20896 1805
20913 1824
20929 1796
20946 1805
20962 1802
20978 1801
20995 1798
21011 1794
21028 1794
21044 1796
21060 1787
21077 1790
21093 1781
21110 1778
21126 1773
21142 1775
21159 1773
21175 1766
21192 1758
21208 1766
21224 1760
21241 1753
21257 1748
21274 1745
21290 1744
21306 1743
21323 1734
21339 1733
21356 1731
21372 1728
21388 1719
21405 1717
21421 1714
21437 1711
21454 1710
21470 1709
21487 1702
21503 1703
21519 1699
21536 1696
21552 1705
21569 1693
21585 1697
21601 1694
21618 1692
21634 1691
21651 1694
21667 1690
21683 1693
21700 1690
21716 1693
21733 1694
21749 1694
21765 1694
21782 1696
21798 1698
21815 1721
21831 1701
21847 1704
21864 1685
21880 1707
21896 1709
21913 1732
21929 1714
21946 1718
21962 1722
21978 1726
21995 1727
22011 1730
22028 1736
22044 1740
22060 1742
22077 1751
22093 1749
22110 1748
22126 1755
22142 1760
22159 1760
22175 1764
22192 1764
22208 1768
22224 1772
22241 1776
22257 1777
22274 1777
22290 1777
22306 1784
22323 1788
22339 1700
22356 1789
22372 1798
22388 1795
22405 1802
22421 1801
22437 1798
22454 1799
22470 1797
22487 1801
22503 1800
22519 1795
22536 1800
22552 1798
22569 1800
22585 1796
22601 1798
22618 1796
22634 1795
22651 1794
22667 1792
22683 1790
22700 1789
22716 1788
22733 1786
22749 1785
22765 1777
22782 1774
22798 1775
22815 1757
22831 1766
22847 1767
22864 1736
22880 1759
22896 1758
22913 1749
22929 1753
22946 1748
22962 1744
22978 1747
22995 1739
23011 1734
23028 1731
23044 1732
23060 1729
23077 1719
23093 1723
23110 1730
23126 1717
23142 1716
23159 1712
23175 1712
23192 1712
23208 1709
23224 1706
23241 1705
23257 1704
23274 1703
23290 1696
23306 1699
23323 1697
23339 1684
23356 1699
23372 1701
23388 1650
23405 1696
23421 1706
23437 1701
23454 1703
23470 1703
23487 1707
23503 1706
23519 1708
23536 1709
23552 1711
23569 1711
23585 1717
23601 1715
23618 1715
23634 1720
23651 1721
23667 1722
23683 1726
23700 1736
23716 1740
23733 1734
23749 1739
23765 1739
23782 1735
23798 1745
23815 1727
23831 1747
23847 1755
23864 1763
23880 1755
23896 1757
23913 1742
23929 1765
23946 1766
23962 1766
23978 1771
23995 1769
24011 1768
24028 1774
24044 1779
24060 1780
24077 1782
24093 1769
24110 1781
24126 1780
24142 1785
24159 1785
24175 1784
24192 1784
24208 1784
24224 1786
24241 1786
24257 1785
24274 1784
24290 1777
24306 1780
24323 1781
24339 1826
24356 1777
24372 1773
24388 1777
24405 1775
24421 1771
24437 1766
24454 1764
24470 1760
24487 1763
24503 1758
24519 1758
24536 1753
24552 1749
24569 1748
24585 1747
24601 1745
24618 1740
24634 1734
24651 1733
24667 1728
24683 1729
24700 1724
24716 1725
24733 1721
24749 1719
24765 1715
24782 1710
24798 1710
24815 1711
24831 1708
24847 1708
24864 1676
24880 1707
24896 1703
24913 1701
24929 1702
24946 1699
24962 1699
24978 1698
24995 1691
25011 1700
25028 1698
25044 1693
25060 1698
25077 1701
25093 1700
25110 1708
25126 1702
25142 1703
25159 1707
25175 1640
25192 1707
25208 1698
25224 1701
25241 1715
25257 1714
25274 1715
25290 1720
25306 1708
25323 1723
25339 1726
25356 1729
25372 1731
25388 1733
25405 1732
25421 1737
25437 1740
25454 1732
25470 1750
25487 1752
25503 1750
25519 1754
25536 1757
25552 1761
25569 1762
25585 1763
25601 1768
25618 1752
25634 1770
25651 1773
25667 1775
25683 1775
25700 1779
25716 1781
25733 1782
25749 1787
25765 1787
25782 1795
25798 1733
25815 1786
25831 1787
25847 1789
25864 1789
25880 1788
25896 1788
25913 1789
25929 1735
25946 1788
25962 1785
25978 1787
25995 1786
26011 1782
26028 1781
26044 1782
26060 1775
26077 1783
26093 1778
26110 1778
26126 1768
26142 1772
26159 1765
26175 1768
26192 1763
26208 1763
26224 1759
26241 1714
26257 1757
26274 1752
26290 1752
26306 1741
26323 1746
26339 1743
26356 1740
26372 1726
26388 1736
26405 1734
26421 1734
26437 1733
26454 1723
26470 1724
26487 1719
26503 1721
26519 1721
26536 1719
26552 1702
26569 1708
26585 1717
26601 1715
26618 1693
26634 1710
26651 1711
26667 1714
26683 1711
26700 1708
26716 1710
26733 1710
26749 1716
26765 1712
26782 1716
26798 1782
26815 1715
26831 1715
26847 1719
26864 1719
26880 1719
26896 1722
26913 1724
26929 1755
26946 1724
26962 1723
26978 1720
26995 1731
27011 1730
27028 1733
27044 1738
27060 1766
27077 1743
27093 1745
27110 1745
27126 1747
27142 1753
27159 1753
27175 1755
27192 1760
27208 1761
27224 1762
27241 1829
27257 1769
27274 1767
27290 1774
27306 1775
27323 1772
27339 1778
27356 1778
27372 1750
27388 1779
27405 1778
27421 1785
27437 1786
27454 1786
27470 1786
27487 1787
27503 1785
27519 1789
27536 1786
27552 1792
27569 1786
27585 1787
27601 1790
27618 1835
27634 1787
27651 1786
27667 1784
27683 1783
27700 1782
27716 1783
27733 1779
27749 1781
27765 1773
27782 1775
27798 1715
27815 1773
27831 1769
27847 1766
27864 1763
27880 1763
27896 1760
27913 1759
27929 1787
27946 1756
27962 1753
27978 1741
27995 1747
28011 1748
28028 1743
28044 1743
28060 1750
28077 1737
28093 1735
28110 1736
28126 1731
28142 1724
28159 1727
28175 1727
28192 1727
28208 1726
28224 1720
28241 1712
28257 1721
28274 1721
28290 1724
28306 1716
28323 1715
28339 1716
28356 1717
28372 1766
28388 1714
28405 1715
28421 1717
28437 1718
28454 1721
28470 1715
28487 1724
28503 1722
28519 1723
28536 1722
28552 1726
28569 1723
28585 1726
28601 1729
28618 1710
28634 1731
28651 1728
28667 1728
28683 1734
28700 1750
28716 1737
28733 1741
28749 1741
28765 1746
28782 1746
28798 1786
28815 1750
28831 1754
28847 1757
28864 1758
28880 1761
28896 1760
28913 1763
28929 1752
28946 1767
28962 1767
28978 1772
28995 1768
29011 1771
29028 1770
29044 1776
29060 1753
29077 1774
29093 1776
29110 1779
29126 1780
29142 1779
29159 1774
29175 1779
29192 1778
29208 1779
29224 1778
29241 1782
29257 1776
29274 1772
29290 1769
29306 1776
29323 1765
29339 1771
29356 1770
29372 1772
29388 1777
29405 1767
29421 1769
29437 1766
29454 1776
29470 1762
29487 1759
29503 1757
29519 1758
29536 1755
29552 1753
29569 1749
29585 1749
29601 1750
29618 1740
29634 1744
29651 1742
29667 1738
29683 1737
29700 1736
29716 1737
29733 1732
29749 1734
29765 1730
29782 1733
29798 1724
29815 1729
29831 1717
29847 1725
29864 1722
29880 1723
29896 1721
29913 1730
29929 1723
29946 1723
29962 1776
29978 1721
29995 1718
30011 1722
30028 1718
30044 1719
30060 1719
30077 1722
30093 1719
30110 1721
30126 1721
30142 1720
30159 1725
30175 1725
30192 1732
30208 1730
30224 1730
30241 1731
30257 1733
30274 1734
30290 1736
30306 1737
30323 1738
30339 1784
30356 1744
30372 1742
30388 1741
30405 1745
30421 1746
30437 1749
30454 1753
30470 1758
30487 1755
30503 1754
30519 1757
30536 1765
30552 1764
30569 1765
30585 1766
30601 1765
30618 1768
30634 1769
30651 1769
30667 1768
30683 1766
30700 1774
30716 1775
30733 1774
30749 1773
30765 1772
30782 1776
30798 1779
30815 1785
30831 1774
30847 1774
30864 1739
30880 1775
30896 1772
30913 1771
30929 1770
30946 1770
30962 1727
30978 1770
30995 1766
31011 1765
31028 1764
31044 1762
31060 1761
31077 1761
31093 1757
31110 1759
31126 1757
31142 1765
31159 1755
31175 1752
31192 1751
31208 1747
31224 1747
31241 1748
31257 1743
31274 1745
31290 1743
31306 1743
31323 1744
31339 1712
31356 1737
31372 1732
31388 1694
31405 1735
31421 1734
31437 1732
31454 1731
31470 1730
31487 1729
31503 1727
31519 1730
31536 1728
31552 1726
31569 1724
31585 1723
31601 1724
31618 1725
31634 1725
31651 1726
31667 1722
31683 1719
31700 1723
31716 1727
31733 1722
31749 1726
31765 1724
31782 1725
31798 1731
31815 1745
31831 1729
31847 1727
31864 1755
31880 1728
31896 1733
31913 1669
31929 1733
31946 1735
31962 1767
31978 1740
31995 1739
32011 1738
32028 1741
32044 1743
32060 1746
32077 1744
32093 1748
32110 1751
32126 1750
32142 1750
32159 1758
32175 1755
32192 1751
32208 1753
32224 1758
32241 1760
32257 1770
32274 1768
32290 1765
32306 1764
32323 1764
32339 1768
32356 1764
32372 1764
32388 1786
32405 1765
32421 1767
32437 1767
32454 1770
32470 1771
32487 1770
32503 1767
32519 1765
32536 1763
32552 1768
32569 1763
32585 1765
32601 1766
32618 1764
32634 1764
32651 1763
32667 1761
32683 1762
32700 1763
32716 1758
32733 1758
32749 1760
32765 1756
32782 1751
32798 1753
32815 1750
32831 1750
32847 1750
32864 1751
32880 1744
32896 1746
32913 1767
32929 1739
32946 1742
32962 1708
32978 1739
32995 1739
33011 1734
33028 1739
33044 1735
33060 1735
33077 1737
33093 1733
33110 1727
33126 1729
33142 1730
33159 1729
33175 1730
33192 1728
33208 1721
33224 1733
33241 1727
33257 1726
33274 1727
33290 1731
33306 1727
33323 1730
33339 1710
33356 1728
33372 1730
33388 1732
33405 1731
33421 1732
33437 1732
33454 1732
33470 1734
33487 1737
33503 1732
33519 1736
33536 1741
33552 1738
33569 1743
33585 1745
33601 1745
33618 1718
