2 1771
55 1745
71 1699
87 1658
104 1619
120 1574
137 1537
153 1500
169 1453
186 1428
202 1383
219 1347
235 1305
251 1283
268 1246
284 1215
301 1182
317 1116
333 1128
350 1111
366 1076
383 1055
399 1034
415 1010
432 993
448 973
464 959
481 947
497 933
514 923
530 915
546 907
563 903
580 898
597 899
613 900
630 900
646 909
662 891
679 918
695 924
712 936
728 948
744 949
761 976
777 991
794 1015
810 1031
826 1056
843 1076
859 1101
875 1120
892 1153
908 1182
925 1237
941 1239
957 1275
974 1304
990 1339
1007 1371
1023 1409
1039 1444
1056 1436
1072 1517
1089 1558
1105 1590
1121 1633
1138 1672
1154 1712
1171 1749
1187 1769
1203 1828
1220 1868
1236 1916
1253 1947
1269 1989
1285 2026
1302 2064
1318 2102
1334 2143
1351 2180
1367 2215
1384 2253
1400 2287
1416 2326
1433 2355
1449 2388
1466 2419
1482 2450
1498 2473
1515 2508
1531 2533
1548 2559
1564 2587
1582 2608
1598 2633
1614 2652
1631 2665
1647 2687
1663 2719
1680 2719
1696 2733
1713 2700
1729 2751
1745 2758
1762 2783
1778 2774
1795 2777
1811 2777
1827 2777
1844 2772
1860 2772
1877 2767
1893 2756
1909 2756
1926 2745
1942 2730
1959 2723
1975 2706
1991 2695
2008 2672
2024 2658
2041 2634
2057 2613
2073 2593
2090 2569
2106 2543
2122 2518
2139 2490
2155 2461
2172 2432
2188 2428
2204 2377
2221 2341
2237 2284
2254 2274
2270 2240
2286 2197
2303 2168
2319 2134
2336 2101
2352 2055
2368 2022
2385 1987
2401 1952
2418 1913
2434 1880
2450 1839
2467 1801
2483 1766
2500 1729
2516 1690
2532 1656
2549 1623
2566 1581
2583 1548
2600 1519
2616 1483
2632 1451
2649 1422
2665 1390
2682 1362
2698 1332
2714 1304
2731 1280
2747 1249
2764 1309
2780 1206
2796 1187
2813 1137
2829 1143
2846 1129
2862 1100
2878 1097
2895 1080
2911 1066
2928 1057
2944 1050
2960 1041
2977 1035
2993 1035
3010 1031
3026 1025
3042 1025
3059 1025
3075 1030
3091 1039
3108 1037
3124 1045
3141 1055
3157 1065
3173 1080
3190 1091
3206 1105
3223 1122
3239 1143
3255 1158
3272 1178
3288 1221
3305 1223
3321 1243
3337 1234
3354 1294
3370 1318
3387 1351
3403 1374
3419 1401
3436 1437
3452 1462
3469 1493
3485 1523
3501 1557
3518 1589
3534 1622
3550 1658
3568 1692
3584 1726
3601 1765
3617 1804
3634 1831
3650 1863
3666 1899
3683 1932
3699 1967
3716 2003
3732 2032
3748 2069
3765 2099
3781 2133
3798 2162
3814 2190
3830 2224
3847 2256
3863 2285
3879 2314
3896 2341
3912 2366
3929 2394
3945 2416
3961 2440
3978 2482
3994 2487
4011 2508
4027 2525
4043 2534
4060 2554
4076 2574
4093 2586
4109 2594
4125 2612
4142 2624
4158 2630
4175 2640
4191 2646
4207 2652
4224 2651
4240 2653
4257 2657
4273 2654
4289 2648
4306 2647
4322 2642
4338 2585
4355 2627
4371 2627
4388 2620
4404 2596
4420 2579
4437 2558
4453 2549
4470 2530
4486 2514
4502 2498
4519 2478
4535 2456
4552 2435
4570 2408
4587 2376
4603 2359
4620 2331
4636 2307
4652 2275
4669 2251
4685 2225
4702 2194
4718 2161
4734 2131
4751 2102
4767 2075
4784 2036
4800 2009
4816 1974
4833 1944
4849 1912
4866 1881
4882 1846
4898 1814
4915 1785
4931 1751
4947 1721
4964 1686
4980 1658
4997 1628
5013 1577
5029 1573
5046 1540
5062 1521
5079 1487
5095 1460
5111 1433
5128 1412
5144 1388
5161 1367
5177 1342
5193 1324
5210 1304
5226 1283
5243 1264
5259 1247
5275 1232
5292 1220
5308 1206
5325 1192
5341 1184
5357 1172
5374 1165
5390 1157
5406 1149
5423 1149
5439 1135
5456 1142
5472 1140
5488 1143
5505 1145
5521 1149
5538 1151
5554 1162
5572 1170
5588 1150
5604 1184
5621 1195
5637 1214
5654 1222
5670 1238
5686 1255
5703 1265
5719 1294
5735 1292
5752 1335
5768 1345
5785 1368
5801 1390
5817 1417
5834 1442
5850 1465
5867 1487
5883 1515
5899 1497
5916 1567
5932 1605
5949 1622
5965 1652
5981 1681
5998 1713
6014 1740
6031 1812
6047 1799
6063 1829
6080 1871
6096 1891
6113 1919
6129 1948
6145 1979
6162 2009
6178 2033
6194 2068
6211 2084
6227 2118
6244 2146
6260 2169
6276 2200
6293 2224
6309 2250
6326 2273
6342 2259
6358 2317
6375 2336
6391 2357
6408 2379
6424 2397
6440 2415
6457 2432
6473 2449
6490 2464
6506 2478
6522 2486
6539 2499
6555 2509
6576 2520
6593 2528
6609 2532
6625 2537
6642 2545
6658 2546
6675 2545
6691 2546
6707 2541
6724 2544
6740 2540
6757 2532
6773 2530
6789 2524
6806 2513
6822 2528
6839 2492
6855 2484
6871 2468
6888 2456
6904 2441
6921 2424
6937 2404
6953 2387
6970 2368
6986 2349
7003 2338
7019 2312
7035 2288
7052 2267
7068 2242
7084 2217
7101 2193
7117 2167
7134 2109
7150 2119
7166 2090
7183 2049
7199 2038
7216 2012
7232 1984
7248 1955
7265 1898
7281 1897
7298 1870
7314 1848
7330 1815
7347 1789
7363 1763
7380 1738
7396 1707
7412 1684
7429 1654
7445 1614
7462 1607
7478 1580
7494 1556
7511 1534
7527 1510
7543 1491
7560 1466
7577 1445
7594 1430
7610 1410
7627 1388
7643 1372
7659 1356
7676 1342
7692 1311
7709 1314
7725 1298
7741 1289
7758 1279
7774 1270
7791 1257
7807 1258
7823 1247
7840 1244
7856 1238
7873 1220
7889 1235
7905 1232
7922 1238
7938 1240
7954 1244
7971 1248
7987 1255
8004 1211
8020 1268
8036 1276
8053 1288
8069 1298
8086 1310
8102 1322
8118 1338
8135 1355
8151 1366
8168 1381
8184 1400
8200 1424
8217 1440
8233 1459
8250 1477
8266 1500
8282 1520
8299 1543
8315 1547
8332 1587
8348 1613
8364 1633
8381 1647
8397 1687
8413 1710
8430 1739
8446 1734
8463 1787
8479 1811
8495 1841
8512 1866
8528 1890
8545 1918
8561 1946
8578 1968
8595 1993
8611 2016
8627 2042
8644 2066
8660 2102
8677 2119
8693 2134
8709 2169
8726 2185
8742 2202
8759 2222
8775 2242
8791 2263
8808 2281
8824 2299
8841 2311
8857 2332
8873 2324
8890 2360
8906 2374
8923 2383
8939 2398
8955 2407
8972 2417
8988 2428
9005 2523
9021 2444
9037 2446
9054 2436
9070 2452
9086 2453
9103 2457
9119 2454
9136 2455
9152 2453
9168 2448
9185 2453
9201 2440
9218 2436
9234 2427
9250 2419
9267 2408
9283 2401
9300 2389
9316 2397
9332 2365
9349 2352
9365 2334
9382 2323
9398 2306
9414 2291
9431 2272
9447 2250
9464 2234
9480 2217
9496 2195
9513 2173
9529 2153
9545 2130
9562 2084
9578 2088
9595 2066
9611 2041
9628 2019
9644 1996
9660 1968
9677 1950
9693 1923
9709 1906
9726 1876
9742 1851
9759 1829
9775 1804
9791 1779
9808 1758
9824 1735
9841 1712
9857 1687
9873 1626
9890 1642
9906 1625
9923 1604
9939 1581
9955 1558
9972 1542
9988 1523
10005 1532
10021 1487
10037 1485
10054 1453
10070 1440
10087 1427
10103 1415
10119 1401
10136 1388
10152 1379
10168 1369
10185 1355
10201 1349
10218 1345
10234 1336
10250 1335
10267 1328
10283 1326
10300 1321
10316 1321
10332 1327
10349 1318
10365 1327
10382 1326
10398 1331
10414 1338
10431 1344
10447 1348
10464 1360
10480 1365
10496 1372
10513 1385
10529 1395
10546 1407
10562 1462
10578 1432
10595 1445
10611 1462
10628 1476
10644 1492
10660 1501
10677 1530
10693 1539
10710 1566
10726 1583
10742 1604
10759 1624
10775 1647
10792 1664
10808 1688
10824 1710
10841 1730
10857 1753
10873 1772
10890 1795
10906 1822
10923 1838
10939 1857
10955 1882
10972 1907
10988 1936
11005 1952
11021 1971
11037 1958
11054 2018
11070 2041
11087 2047
11103 2080
11119 2096
11136 2117
11152 2136
11169 2156
11185 2172
11201 2190
11218 2208
11234 2224
11251 2240
11267 2254
11283 2266
11300 2280
11316 2294
11332 2309
11349 2315
11365 2324
11382 2335
11398 2347
11414 2349
11431 2358
11447 2367
11464 2334
11480 2369
11496 2376
11513 2377
11529 2382
11546 2375
11562 2355
11578 2375
11595 2373
11611 2366
11628 2363
11644 2357
11660 2351
11677 2349
11693 2332
11710 2333
11726 2321
11742 2313
11759 2297
11775 2286
11792 2276
11808 2260
11824 2245
11841 2232
11857 2218
11873 2204
11890 2185
11906 2170
11923 2150
11939 2132
11955 2107
11972 2096
11988 2101
12005 2058
12021 2039
12037 1967
12054 1998
12070 1980
12087 1938
12103 1938
12119 1915
12136 1895
12152 1874
12169 1862
12185 1832
12201 1814
12218 1791
12234 1778
12251 1750
12267 1728
12283 1711
12300 1691
12316 1672
12332 1657
12349 1640
12365 1618
12382 1602
12398 1586
12414 1566
12431 1555
12447 1538
12464 1533
12480 1509
12496 1498
12513 1486
12529 1475
12546 1461
12562 1415
12578 1444
12595 1437
12611 1427
12628 1422
12644 1414
12660 1408
12677 1406
12693 1404
12710 1406
12726 1394
12742 1396
12759 1401
12775 1396
12792 1396
12808 1399
12824 1403
12841 1405
12857 1414
12873 1417
12890 1425
12906 1432
12923 1440
12939 1454
12955 1457
12972 1467
12988 1466
13005 1491
13021 1504
13037 1573
13054 1529
13070 1543
13087 1570
13103 1572
13119 1590
13136 1609
13152 1624
13169 1639
13185 1656
13201 1672
13218 1691
13234 1707
13251 1725
13267 1745
13283 1764
13300 1783
13316 1804
13332 1821
13349 1843
13365 1860
13382 1875
13398 1901
13414 1916
13431 1936
13447 1956
13464 1997
13480 1995
13496 2012
13513 2033
13529 2048
13546 2070
13562 2109
13578 2101
13595 2113
13611 2128
13628 2146
13644 2159
13660 2179
13677 2189
13693 2203
13710 2211
13726 2227
13742 2235
13759 2242
13775 2254
13792 2265
13808 2273
13824 2282
13841 2286
13857 2293
13873 2297
13890 2301
13906 2305
13923 2309
13939 2307
13955 2310
13972 2313
13988 2268
14005 2309
14021 2305
14037 2340
14054 2302
14070 2297
14087 2277
14103 2284
14119 2280
14136 2266
14152 2265
14169 2257
14185 2244
14201 2238
14218 2228
14234 2202
14251 2203
14267 2190
14283 2177
14300 2161
14316 2148
14332 2131
14349 2119
14365 2105
14382 2089
14398 2073
14414 2056
14431 2037
14447 2024
14464 1998
14480 1986
14496 1969
14513 1951
14529 1933
14546 1914
14562 1933
14578 1878
14595 1860
14611 1842
14628 1819
14644 1809
14660 1785
14677 1768
14693 1755
14710 1735
14726 1719
14742 1659
14759 1690
14775 1663
14792 1652
14808 1639
14824 1627
14841 1612
14857 1592
14873 1552
14890 1570
14906 1560
14923 1547
14939 1537
14955 1525
14972 1516
14988 1504
15005 1513
15021 1491
15037 1485
15054 1482
15070 1467
15087 1468
15103 1463
15119 1462
15136 1460
15152 1456
15169 1454
15185 1468
15201 1453
15218 1458
15234 1457
15251 1458
15267 1464
15283 1465
15300 1473
15316 1453
15332 1485
15349 1493
15365 1498
15382 1506
15398 1518
15414 1516
15431 1534
15447 1544
15464 1558
15480 1567
15496 1577
15513 1590
15529 1605
15546 1619
15562 1611
15578 1648
15595 1667
15611 1674
15628 1691
15644 1708
15660 1721
15677 1741
15693 1755
15710 1775
15726 1790
15742 1843
15759 1824
15775 1844
15792 1861
15808 1874
15824 1891
15841 1909
15857 1926
15873 1986
15890 1959
15906 1973
15923 1993
15939 2007
15955 2018
15972 2035
15988 2050
16005 2082
16021 2080
16037 2093
16054 2108
16070 2121
16087 2134
16103 2143
16119 2159
16136 2168
16152 2178
16169 2190
16185 2202
16201 2206
16218 2212
16234 2227
16251 2227
16267 2234
16283 2238
16300 2240
16316 2258
16332 2251
16349 2250
16365 2257
16382 2254
16398 2252
16414 2258
16431 2256
16447 2252
16464 2250
16480 2246
16496 2246
16513 2241
16529 2234
16546 2233
16562 2208
16578 2218
16595 2209
16611 2203
16628 2193
16644 2181
16660 2171
16677 2163
16693 2151
16710 2141
16726 2128
16742 2129
16759 2103
16775 2087
16792 2078
16808 2066
16824 2050
16841 2039
16857 2025
16873 2035
16890 1990
16906 1978
16923 1957
16939 1948
16955 1930
16972 1915
16988 1900
17005 1878
17021 1867
17037 1855
17054 1837
17070 1822
17087 1808
17103 1795
17119 1779
17136 1764
17152 1748
17169 1729
17185 1710
17201 1706
17218 1688
17234 1680
17251 1665
17267 1653
17283 1641
17300 1628
17316 1645
17332 1607
17349 1596
17365 1592
17382 1581
17398 1570
17414 1562
17431 1553
17447 1546
17464 1543
17480 1535
17496 1541
17513 1524
17529 1525
17546 1518
17562 1474
17578 1515
17595 1514
17611 1509
17628 1512
17644 1517
17660 1513
17677 1516
17693 1515
17710 1522
17726 1526
17742 1522
17759 1535
17775 1540
17792 1547
17808 1553
17824 1564
17841 1571
17857 1577
17873 1560
17890 1599
17906 1607
17923 1616
17939 1627
17955 1638
17972 1649
17988 1661
18005 1668
18021 1685
18037 1696
18054 1714
18070 1728
18087 1739
18103 1744
18119 1763
18136 1782
18152 1797
18169 1805
18185 1806
18201 1837
18218 1851
18234 1867
18251 1881
18267 1895
18283 1907
18300 1923
18316 1932
18332 1954
18349 1968
18365 1984
18382 1993
18398 2016
18414 2022
18431 2036
18447 2045
18464 2058
18480 2070
18496 2080
18513 2092
18529 2102
18546 2112
18562 2087
18578 2131
18595 2140
18611 2148
18628 2153
18644 2162
18660 2172
18677 2175
18693 2180
18710 2187
18726 2186
18742 2185
18759 2194
18775 2198
18792 2198
18808 2199
18824 2203
18841 2203
18857 2203
18873 2176
18890 2200
18906 2194
18923 2197
18939 2189
18955 2187
18972 2182
18988 2176
19005 2168
19021 2167
19037 2157
19054 2155
19070 2144
19087 2133
19103 2129
19119 2114
19136 2108
19152 2099
19169 2085
19185 2054
19201 2068
19218 2057
19234 2041
19251 2035
19267 2033
19283 2004
19300 1994
19316 1979
19332 1969
19349 1953
19365 1940
19382 1928
19398 1913
19414 1902
19431 1888
19447 1874
19464 1859
19480 1849
19496 1842
19513 1819
19529 1809
19546 1792
19562 1871
19578 1766
19595 1756
19611 1742
19628 1731
19644 1720
19660 1704
19677 1697
19693 1684
19710 1671
19726 1664
19742 1657
19759 1649
19775 1637
19792 1635
19808 1619
19824 1611
19841 1604
19857 1597
19873 1592
19890 1585
19906 1581
19923 1581
19939 1573
19955 1569
19972 1565
19988 1637
20005 1564
20021 1561
20037 1539
20054 1561
20070 1561
20087 1557
20103 1564
20119 1556
20136 1569
20152 1571
20169 1579
20185 1574
20201 1586
20218 1589
20234 1596
20251 1601
20267 1609
20283 1615
20300 1622
20316 1630
20332 1650
20349 1645
20365 1656
20382 1663
20398 1677
20414 1684
20431 1698
20447 1705
20464 1711
20480 1731
20496 1742
20513 1751
20529 1764
20546 1777
20562 1741
20578 1799
20595 1810
20611 1851
20628 1836
20644 1848
20660 1861
20677 1873
20693 1887
20710 1899
20726 1911
20742 1924
20759 1942
20775 1949
20792 1960
20808 1973
20824 1984
20841 1993
20857 2007
20873 2013
20890 2028
20906 2036
20923 2046
20939 2056
20955 2065
20972 2074
20988 2067
21005 2089
21021 2097
21037 2171
21054 2111
21070 2118
21087 2117
21103 2130
21119 2131
21136 2141
21152 2143
21169 2146
21185 2152
21201 2151
21218 2150
21234 2154
21251 2160
21267 2151
21283 2155
21300 2154
21316 2152
21332 2148
21349 2148
21365 2143
21382 2145
21398 2139
21414 2136
21431 2127
21447 2126
21464 2111
21480 2135
21496 2108
21513 2100
21529 2098
21546 2071
21562 2162
21578 2069
21595 2066
21611 1996
21628 2043
21644 2033
21660 2029
21677 2013
21693 2004
21710 1994
21726 1983
21742 1972
21759 1967
21775 1949
21792 1937
21808 1927
21824 1919
21841 1908
21857 1880
21873 1881
21890 1868
21906 1860
21923 1844
21939 1836
21955 1824
21972 1811
21988 1792
22005 1791
22021 1779
22037 1791
22054 1755
22070 1747
22087 1737
22103 1729
22119 1719
22136 1707
22152 1694
22169 1693
22185 1688
22201 1678
22218 1673
22234 1658
22251 1655
22267 1649
22283 1644
22300 1637
22316 1632
22332 1623
22349 1622
22365 1619
22382 1613
22398 1616
22414 1608
22431 1609
22447 1608
22464 1605
22480 1604
22496 1607
22513 1606
22529 1607
22546 1611
22562 1636
22578 1612
22595 1616
22611 1647
22628 1623
22644 1628
22660 1630
22677 1638
22693 1641
22710 1649
22726 1652
22742 1661
22759 1662
22775 1675
22792 1685
22808 1692
22824 1692
22841 1709
22857 1715
22873 1726
22890 1734
22906 1742
22923 1753
22939 1761
22955 1772
22972 1784
22988 1833
23005 1804
23021 1812
23037 1798
23054 1838
23070 1847
23087 1857
23103 1869
23119 1881
23136 1883
23152 1898
23169 1911
23185 1916
23201 1931
23218 1944
23234 1958
23251 1962
23267 1973
23283 1981
23300 1990
23316 1998
23332 2008
23349 2015
23365 2022
23382 2035
23398 2042
23414 2014
23431 2056
23447 2062
23464 2070
23480 2073
23496 2084
23513 2086
23529 2088
23546 2097
23562 2063
23578 2101
23595 2106
23611 2108
23628 2110
23644 2114
23660 2111
23677 2113
23693 2113
23710 2114
23726 2116
23742 2097
23759 2111
23775 2109
23792 2115
23808 2105
23824 2102
23841 2094
23857 2092
23873 2131
23890 2083
23906 2079
23923 2073
23939 2070
23955 2062
23972 2060
23988 2050
24005 2035
24021 2038
24037 2028
24054 2022
24070 2014
24087 2005
24103 1996
24119 1990
24136 1977
24152 1967
24169 1959
24185 1968
24201 1940
24218 1932
24234 1920
24251 1912
24267 1900
24283 1891
24300 1881
24316 1947
24332 1860
24349 1850
24365 1846
24382 1830
24398 1818
24414 1811
24431 1803
24447 1793
24464 1786
24480 1774
24496 1767
24513 1751
24529 1752
24546 1739
24562 1686
24578 1724
24595 1718
24611 1711
24628 1706
24644 1697
24660 1692
24677 1689
24693 1680
24710 1676
24726 1673
24742 1662
24759 1661
24775 1659
24792 1650
24808 1655
24824 1651
24841 1649
24857 1644
24873 1652
24890 1644
24906 1652
24923 1646
24939 1645
24955 1648
24972 1647
24988 1651
25005 1655
25021 1647
25037 1657
25054 1661
25070 1665
25087 1667
25103 1658
25119 1677
25136 1682
25152 1686
25169 1698
25185 1660
25201 1705
25218 1710
25234 1717
25251 1725
25267 1732
25283 1739
25300 1744
25316 1861
25332 1765
25349 1769
25365 1780
25382 1788
25398 1795
25414 1803
25431 1812
25447 1821
25464 1838
25480 1840
25496 1841
25513 1862
25529 1865
25546 1878
25562 1844
25578 1894
25595 1905
25611 1912
25628 1921
25644 1932
25660 1941
25677 1950
25693 1957
25710 1963
25726 1972
25742 1990
25759 1991
25775 1994
25792 2001
25808 2012
25824 2016
25841 2021
25857 2027
25873 2011
25890 2041
25906 2041
25923 2051
25939 2056
25955 2056
25972 2063
25988 2066
26005 2071
26021 2069
26037 2071
26054 2073
26070 2072
26087 2080
26103 2076
26119 2076
26136 2078
26152 2076
26169 2078
26185 2032
26201 2087
26218 2074
26234 2070
26251 2070
26267 2065
26283 2063
26300 2059
26316 2068
26332 2047
26349 2042
26365 2043
26382 2028
26398 2029
26414 2023
26431 2019
26447 2013
26464 2006
26480 2001
26496 1993
26513 1984
26529 1978
26546 1969
26562 1977
26578 1955
26595 1947
26611 1938
26628 1931
26644 1922
26660 1913
26677 1902
26693 1893
26710 1889
26726 1878
26742 1875
26759 1861
26775 1848
26792 1846
26808 1836
26824 1828
26841 1817
26857 1809
26873 1772
26890 1810
26906 1789
26923 1780
26939 1773
26955 1765
26972 1756
26988 1752
27005 1750
27021 1734
27037 1730
27054 1725
27070 1720
27087 1714
27103 1708
27119 1705
27136 1699
27152 1690
27169 1692
27185 1724
27201 1682
27218 1682
27234 1679
27251 1677
27267 1675
27283 1672
27300 1673
27316 1580
27332 1672
27349 1667
27365 1667
27382 1669
27398 1673
27414 1674
27431 1677
27447 1681
27464 1680
27480 1683
27496 1685
27513 1691
27529 1699
27546 1699
27562 1758
27578 1707
27595 1712
27611 1719
27628 1723
27644 1719
27660 1732
27677 1741
27693 1742
27710 1753
27726 1758
27742 1745
27759 1772
27775 1779
27792 1786
27808 1793
27824 1802
27841 1807
27857 1813
27873 1857
27890 1832
27906 1841
27923 1854
27939 1856
27955 1864
27972 1874
27988 1882
28005 1887
28021 1896
28037 1906
28054 1912
28070 1921
28087 1927
28103 1938
28119 1943
28136 1953
28152 1956
28169 1960
28185 2006
28201 1977
28218 1986
28234 1987
28251 1994
28267 2001
28283 2007
28300 2012
28316 2020
28332 2018
28349 2025
28365 2029
28382 2034
28398 2035
28414 2040
28431 2045
28447 2049
28464 2052
28480 2049
28496 2051
28513 2052
28529 2051
28546 2052
28562 2038
28578 2053
28595 2052
28611 2021
28628 2049
28644 2051
28660 2050
28677 2045
28693 2040
28710 2039
28726 2035
28742 2032
28759 2030
28775 2027
28792 2020
28808 2021
28824 2013
28841 2008
28857 2003
28873 1994
28890 1991
28906 1992
28923 1979
28939 1974
28955 1965
28972 1960
28988 1982
29005 1948
29021 1937
29037 1973
29054 1925
29070 1916
29087 1895
29103 1905
29119 1894
29136 1898
29152 1881
29169 1872
29185 1865
29201 1869
29218 1847
29234 1842
29251 1838
29267 1828
29283 1821
29300 1814
29316 1802
29332 1801
29349 1794
29365 1785
29382 1779
29398 1772
29414 1767
29431 1763
29447 1757
29464 1754
29480 1742
29496 1741
29513 1736
29529 1731
29546 1728
29562 1802
29578 1729
29595 1717
29611 1753
29628 1711
29644 1707
29660 1706
29677 1704
29693 1703
29710 1685
29726 1695
29742 1699
29759 1698
29775 1699
29792 1702
29808 1699
29824 1699
29841 1699
29857 1705
29873 1702
29890 1704
29906 1711
29923 1710
29939 1711
29955 1716
29972 1719
29988 1757
30005 1728
30021 1730
30037 1728
30054 1738
30070 1742
30087 1787
30103 1754
30119 1761
30136 1765
30152 1768
30169 1778
30185 1784
30201 1797
30218 1794
30234 1804
30251 1809
30267 1815
30283 1823
30300 1831
30316 1837
30332 1843
30349 1851
30365 1856
30382 1863
30398 1869
30414 1879
30431 1885
30447 1891
30464 1898
30480 1908
30496 1912
30513 1921
30529 1933
30546 1932
30562 1944
30578 1951
30595 1953
30611 1943
30628 1966
30644 1969
30660 1972
30677 1980
30693 1986
30710 1989
30726 1994
30742 1997
30759 1997
30775 2008
30792 2009
30808 2013
30824 2008
30841 2022
30857 2021
30873 2029
30890 2029
30906 2030
30923 2029
30939 2032
30955 2031
30972 2034
30988 1997
31005 2032
31021 2030
31037 1990
31054 2028
31070 2028
31087 2038
31103 2026
31119 2025
31136 2021
31152 2018
31169 2009
31185 2014
31201 2007
31218 2008
31234 2000
31251 1998
31267 1994
31283 1989
31300 1987
31316 1979
31332 1975
31349 1966
31365 1964
31382 1951
31398 1953
31414 1944
31431 1937
31447 1932
31464 1921
31480 1919
31496 1911
31513 1905
31529 1901
31546 1894
31562 1841
31578 1878
31595 1877
31611 1876
31628 1865
31644 1856
31660 1845
31677 1838
31693 1833
31710 1828
31726 1817
31742 1813
31759 1808
31775 1802
31792 1797
31808 1790
31824 1784
31841 1779
31857 1773
31873 1769
31890 1766
31906 1758
31923 1755
31939 1738
31955 1745
31972 1741
31988 1714
32005 1735
32021 1732
32037 1709
32054 1727
32070 1723
32087 1702
32103 1720
32119 1718
32136 1719
32152 1715
32169 1717
32185 1710
32201 1716
32218 1716
32234 1715
32251 1716
32267 1717
32283 1718
32300 1722
32316 1719
32332 1722
32349 1725
32365 1728
32382 1729
32398 1733
32414 1734
32431 1738
32447 1742
32464 1743
32480 1752
32496 1757
32513 1763
32529 1762
32546 1773
32562 1751
32578 1781
32595 1783
32611 1795
32628 1794
32644 1802
32660 1813
32677 1814
32693 1819
32710 1824
32726 1830
32742 1847
32759 1843
32775 1850
32792 1856
32808 1864
32824 1870
32841 1877
32857 1879
32873 1883
32890 1897
32906 1899
32923 1904
32939 1915
32955 1920
32972 1925
32988 1929
33005 1932
33021 1946
33037 1943
33054 1948
33070 1958
33087 1961
33103 1967
33119 1972
33136 1972
33152 1978
33169 1986
33185 1954
33201 1991
33218 1997
33234 1993
33251 2001
33267 2006
33283 2004
33300 2013
33316 1955
33332 2008
33349 2012
33365 2011
33382 2011
33398 2013
33414 2012
33431 2012
33447 2011
33464 2012
33480 2011
33496 2012
33513 2006
33529 2006
33546 2007
33562 2090
33578 2002
33595 1995
33611 1995
33628 1996
33644 1993
33660 1986
33677 1985
33693 1980
33710 1978
33726 1966
33742 1962
33759 1959
33775 1957
33792 1953
33808 1952
33824 1944
33841 1939
33857 1929
33873 1902
33890 1922
33906 1918
33923 1910
33939 1904
33955 1903
33972 1894
33988 1892
34005 1877
34021 1874
34037 1871
34054 1867
34070 1857
34087 1853
34103 1848
34119 1837
34136 1838
34152 1828
34169 1824
34185 1773
34201 1814
34218 1810
34234 1802
34251 1796
34267 1795
34283 1789
34300 1784
34316 1758
34332 1775
34349 1773
34365 1767
34382 1766
34398 1758
34414 1757
34431 1753
34447 1747
34464 1750
34480 1747
34496 1744
34513 1741
34529 1739
34546 1740
34562 1794
34578 1736
34595 1737
34611 1736
34628 1730
34644 1736
34660 1732
34677 1734
34693 1737
34710 1735
34726 1735
34742 1738
34759 1737
34775 1740
34792 1742
34808 1748
34824 1745
34841 1752
34857 1754
34873 1759
34890 1760
34906 1760
34923 1768
34939 1768
34955 1774
34972 1778
34988 1781
35005 1790
35021 1792
35037 1796
35054 1797
35070 1806
35087 1809
35103 1815
35119 1818
35136 1825
35152 1830
35169 1837
35185 1931
35201 1849
35218 1854
35234 1862
35251 1862
35267 1869
35283 1867
35300 1880
35316 1954
35332 1889
35349 1899
35365 1902
35382 1907
35398 1912
35414 1918
35431 1922
35447 1924
35464 1933
35480 1939
35496 1946
35513 1946
35529 1949
35546 1948
35562 1927
35578 1963
35595 1964
35611 1972
35628 1970
35644 1973
35660 1980
35677 1982
35693 1986
35710 1985
35726 1987
35742 1989
35759 1989
35775 1991
35792 1991
35808 1992
35824 1994
35841 2000
35857 1993
35873 2018
35890 1995
35906 1994
35923 1975
35939 1994
35955 1988
35972 1992
35988 1993
36005 1991
36021 1985
36037 1984
36054 1979
36070 1977
36087 1976
36103 1973
36119 1962
36136 1966
36152 1964
36169 1959
36185 1979
36201 1951
36218 1948
36234 1946
36251 1939
36267 1940
36283 1929
36300 1924
36316 1905
36332 1916
36349 1909
36365 1909
36382 1901
36398 1895
36414 1889
36431 1885
36447 1888
36464 1875
36480 1868
36496 1866
36513 1860
36529 1853
36546 1850
36562 1825
36578 1838
36595 1836
36611 1830
36628 1825
36644 1820
36660 1815
36677 1814
36693 1808
36710 1803
36726 1799
36742 1795
36759 1796
36775 1787
36792 1783
36808 1783
36824 1776
36841 1775
36857 1772
36873 1775
36890 1768
36906 1769
36923 1766
36939 1763
36955 1752
36972 1760
36988 1755
37005 1755
37021 1756
37037 1755
37054 1759
37070 1754
37087 1751
37103 1757
37119 1751
37136 1756
37152 1756
37169 1759
37185 1863
37201 1763
37218 1762
37234 1735
37251 1768
37267 1766
37283 1763
37300 1764
37316 1776
37332 1779
37349 1783
37365 1786
37382 1789
37398 1791
37414 1796
37431 1799
37447 1805
37464 1806
37480 1812
37496 1816
37513 1819
37529 1825
37546 1830
37562 1804
37578 1840
37595 1843
37611 1845
37628 1852
37644 1859
37660 1864
37677 1866
37693 1869
37710 1874
37726 1879
37742 1884
37759 1890
37775 1893
37792 1897
37808 1902
37824 1910
37841 1913
37857 1918
37873 1920
37890 1923
37906 1930
37923 1933
37939 1937
37955 1935
37972 1938
37988 1948
38005 1952
38021 1953
38037 1944
38054 1956
38070 1960
38087 2004
38103 1965
38119 1966
38136 1968
38152 1971
38169 1972
38185 1972
38201 1974
38218 1977
38234 1972
38251 1974
38267 1977
38283 1974
38300 1978
38316 1973
38332 1976
38349 1975
38365 1975
38382 1974
38398 1974
38414 1968
38431 1969
38447 1966
38464 1962
38480 1958
38496 1963
38513 1960
38529 1957
38546 1955
38562 1935
38578 1948
38595 1943
38611 1944
38628 1934
38644 1933
38660 1936
38677 1929
38693 1925
38710 1926
38726 1917
38742 1915
38759 1908
38775 1902
38792 1900
38808 1893
38824 1890
38841 1887
38857 1883
38873 1878
38890 1871
38906 1870
38923 1867
38939 1861
38955 1859
38972 1852
38988 1858
39005 1844
39021 1834
39037 1825
39054 1833
39070 1827
39087 1804
39103 1816
39119 1814
39136 1809
39152 1808
39169 1809
39185 1805
39201 1801
39218 1798
39234 1795
39251 1793
39267 1783
39283 1791
39300 1783
39316 1780
39332 1783
39349 1779
39365 1777
39382 1779
39398 1773
39414 1773
39431 1770
39447 1770
39464 1772
39480 1769
39496 1771
39513 1771
39529 1771
39546 1771
39562 1735
39578 1772
39595 1781
39611 1779
39628 1777
39644 1780
39660 1778
39677 1781
39693 1782
39710 1779
39726 1786
39742 1789
39759 1794
39775 1794
39792 1794
39808 1800
39824 1800
39841 1805
39857 1809
39873 1796
39890 1817
39906 1816
39923 1823
39939 1823
39955 1830
39972 1838
39988 1841
40005 1841
40021 1845
40037 1837
40054 1853
40070 1858
40087 1823
40103 1867
40119 1869
40136 1875
40152 1877
40169 1887
40185 1886
40201 1881
40218 1894
40234 1890
40251 1904
40267 1898
40283 1917
40300 1911
40316 1917
40332 1918
40349 1921
40365 1926
40382 1929
40398 1934
40414 1932
40431 1936
40447 1939
40464 1940
40480 1942
40496 1944
40513 1949
40529 1949
40546 1952
40562 1947
40578 1954
40595 1952
40611 1951
40628 1957
40644 1959
40660 1959
40677 1960
40693 1959
40710 1960
40726 1961
40742 1947
40759 1953
40775 1959
40792 1958
40808 1957
40824 1952
40841 1956
40857 1954
40873 1952
40890 1948
40906 1948
40923 1944
40939 1944
40955 1948
40972 1940
40988 1936
41005 1935
41021 1933
41037 1959
41054 1927
41070 1928
41087 1885
41103 1915
41119 1914
41136 1921
41152 1906
41169 1903
41185 1903
41201 1898
41218 1894
41234 1889
41251 1882
41267 1884
41283 1874
41300 1877
41316 1872
41332 1867
41349 1859
41365 1854
41382 1856
41398 1851
41414 1851
41431 1847
41447 1841
41464 1851
41480 1838
41496 1833
41513 1829
41529 1826
41546 1825
41562 1861
41578 1818
41595 1816
41611 1813
41628 1810
41644 1810
41660 1806
41677 1803
41693 1804
41710 1802
41726 1796
41742 1792
41759 1795
41775 1793
41792 1795
41808 1791
41824 1790
41841 1789
41857 1792
41873 1768
41890 1792
41906 1791
41923 1784
41939 1789
41955 1791
41972 1792
41988 1789
42005 1793
42021 1790
42037 1796
42054 1779
42070 1795
42087 1797
42103 1795
42119 1799
42136 1798
42152 1801
42169 1805
42185 1813
42201 1805
42218 1813
42234 1818
42251 1814
42267 1819
42283 1823
42300 1826
42316 1848
42332 1831
42349 1834
42365 1834
42382 1839
42398 1844
42414 1845
42431 1852
42447 1853
42464 1853
42480 1857
42496 1871
42513 1864
42529 1867
42546 1867
42562 1877
42578 1881
42595 1883
42611 1886
42628 1889
42644 1893
42660 1896
42677 1899
42693 1900
42710 1905
42726 1907
42742 1921
42759 1909
42775 1910
42792 1912
42808 1920
42824 1921
42841 1925
42857 1926
42873 1926
42890 1932
42906 1934
42923 1935
42939 1932
42955 1936
42972 1938
42988 1943
43005 1941
43021 1939
43037 1941
43054 1961
43070 1944
43087 1944
43103 1944
43119 1944
43136 1945
43152 1942
43169 1943
43185 1992
43201 1946
43218 1943
43234 1942
43251 1940
43267 1941
43283 1937
43300 1941
43316 1940
43332 1935
43349 1932
43365 1931
43382 1931
43398 1930
43414 1926
43431 1925
43447 1918
43464 1918
43480 1917
43496 1916
43513 1912
43529 1909
43546 1905
43562 1908
43578 1898
43595 1897
43611 1898
43628 1891
43644 1894
43660 1885
43677 1886
43693 1879
43710 1876
43726 1876
43742 1864
43759 1868
43775 1863
43792 1860
43808 1853
43824 1855
43841 1851
43857 1851
43873 1893
43890 1843
43906 1840
43923 1837
43939 1837
43955 1832
43972 1829
43988 1826
44005 1825
44021 1822
44037 1820
44054 1796
44070 1819
44087 1815
44103 1813
44119 1809
44136 1808
44152 1804
44169 1805
44185 1795
44201 1805
44218 1804
44234 1800
44251 1801
44267 1796
44283 1797
44300 1799
44316 1794
44332 1798
44349 1800
44365 1799
44382 1798
44398 1799
44414 1801
44431 1798
44447 1796
44464 1801
44480 1804
44496 1800
44513 1804
44529 1808
44546 1806
44562 1780
44578 1811
44595 1809
44611 1813
44628 1821
44644 1817
44660 1825
44677 1825
44693 1827
44710 1831
44726 1831
44742 1815
44759 1840
44775 1836
44792 1838
44808 1846
44824 1850
44841 1853
44857 1853
44873 1853
44890 1863
44906 1864
44923 1869
44939 1868
44955 1868
44972 1876
44988 1880
45005 1883
45021 1884
45037 1888
45054 1885
45070 1896
45087 1896
45103 1896
45119 1898
45136 1905
45152 1906
45169 1907
45185 1868
45201 1913
45218 1912
45234 1920
45251 1922
45267 1923
45283 1922
45300 1925
45316 1918
45332 1929
45349 1929
45365 1925
45382 1930
45398 1933
45414 1936
45431 1937
45447 1938
45464 1933
45480 1936
45496 1936
45513 1936
45529 1938
45546 1939
45562 1911
45578 1937
45595 1941
45611 1937
45628 1946
45644 1936
45660 1934
45677 1935
45693 1933
45710 1931
45726 1929
45742 1896
45759 1926
45775 1927
45792 1923
45808 1922
45824 1913
45841 1918
45857 1915
45873 1903
45890 1913
45906 1911
45923 1911
45939 1907
45955 1904
45972 1898
45988 1897
46005 1893
46021 1893
46037 1890
46054 1907
46070 1883
46087 1881
46103 1885
46119 1877
46136 1873
46152 1870
46169 1865
46185 1838
46201 1862
46218 1857
46234 1857
46251 1856
46267 1849
46283 1848
46300 1848
46316 1843
46332 1847
46349 1840
46365 1835
46382 1835
46398 1831
46414 1829
46431 1827
46447 1826
46464 1820
46480 1822
46496 1820
46513 1819
46529 1815
46546 1816
46562 1851
46578 1817
46595 1811
46611 1848
46628 1810
46644 1808
46660 1809
46677 1807
46693 1808
46710 1808
46726 1804
46742 1806
46759 1804
46775 1808
46792 1806
46808 1811
46824 1804
46841 1806
46857 1806
46873 1808
46890 1807
46906 1809
46923 1809
46939 1812
46955 1812
46972 1814
46988 1812
47005 1818
47021 1819
47037 1789
47054 1819
47070 1822
47087 1790
47103 1825
47119 1830
47136 1824
47152 1835
47169 1834
47185 1837
47201 1840
47218 1844
47234 1846
47251 1843
47267 1854
47283 1851
47300 1858
47316 1858
47332 1859
47349 1863
47365 1866
47382 1863
47398 1872
47414 1871
47431 1876
47447 1878
47464 1879
47480 1879
47496 1886
47513 1890
47529 1887
47546 1896
47562 1865
47578 1897
47595 1896
47611 1911
47628 1903
47644 1906
47660 1905
47677 1911
47693 1908
47710 1906
47726 1914
47742 1913
47759 1919
47775 1919
47792 1920
47808 1918
47824 1922
47841 1923
47857 1920
47873 1925
47890 1925
47906 1922
47923 1920
47939 1930
47955 1928
47972 1928
47988 1925
48005 1925
48021 1926
48037 1955
48054 1928
48070 1926
48087 1881
48103 1925
48119 1930
48136 1909
48152 1920
48169 1920
48185 1917
48201 1917
48218 1916
48234 1915
48251 1911
48267 1916
48283 1914
48300 1913
48316 1907
48332 1908
48349 1904
48365 1903
48382 1894
48398 1899
48414 1898
48431 1894
48447 1891
48464 1891
48480 1886
48496 1882
48513 1883
48529 1880
48546 1877
48562 1904
48578 1873
48595 1868
48611 1849
48628 1865
48644 1867
48660 1860
48677 1858
48693 1857
48710 1851
48726 1851
48742 1849
48759 1842
48775 1845
48792 1843
48808 1839
48824 1838
48841 1833
48857 1835
48873 1832
48890 1832
48906 1829
48923 1830
48939 1823
48955 1821
48972 1825
48988 1823
49005 1822
49021 1823
49037 1837
49054 1820
49070 1818
49087 1832
49103 1816
49119 1814
49136 1835
49152 1813
49169 1813
49185 1814
49201 1814
49218 1813
49234 1818
49251 1813
49267 1817
49283 1816
49300 1819
49316 1826
49332 1815
49349 1817
49365 1816
49382 1819
49398 1820
49414 1823
49431 1824
49447 1825
49464 1824
49480 1822
49496 1829
49513 1830
49529 1832
49546 1833
49562 1865
49578 1835
49595 1844
49611 1797
49628 1844
49644 1845
49660 1863
49677 1857
49693 1851
49710 1859
49726 1855
49742 1858
49759 1858
49775 1864
49792 1864
49808 1871
49824 1868
49841 1871
49857 1867
49873 1886
49890 1880
49906 1879
49923 1879
49939 1888
49955 1888
49972 1891
49988 1894
50005 1894
50021 1890
50037 1876
50054 1899
50070 1902
50087 1966
50103 1901
50119 1904
50136 1882
50152 1905
50169 1909
50185 1909
50201 1909
50218 1910
50234 1913
50251 1913
50267 1916
50283 1911
50300 1917
50316 1918
50332 1920
50349 1922
50365 1919
50382 1922
50398 1922
50414 1920
50431 1919
50447 1921
50464 1873
50480 1917
50496 1920
50513 1919
50529 1919
50546 1920
50562 1902
50578 1916
50595 1918
50611 1916
50628 1913
50644 1907
50660 1914
50677 1913
50693 1910
50710 1911
50726 1907
50742 1927
50759 1905
50775 1903
50792 1899
50808 1902
50824 1897
50841 1895
50857 1893
50873 1921
50890 1890
50906 1887
50923 1891
50939 1889
50955 1884
50972 1878
50988 1877
51005 1878
51021 1874
51037 1875
51054 1849
51070 1861
51087 1867
51103 1855
51119 1862
51136 1859
51152 1857
51169 1854
51185 1884
51201 1852
51218 1850
51234 1853
51251 1847
51267 1845
51283 1845
51300 1843
51316 1836
51332 1838
51349 1838
51365 1840
51382 1836
51398 1835
51414 1831
51431 1830
51447 1828
51464 1828
51480 1826
51496 1826
51513 1825
51529 1824
51546 1820
51562 1802
51578 1822
51595 1819
51611 1823
51628 1820
51644 1822
51660 1820
51677 1818
51693 1818
51710 1823
51726 1825
51742 1789
51759 1820
51775 1822
51792 1816
51808 1823
51824 1828
51841 1822
51857 1825
51873 1923
51890 1826
51906 1829
51923 1817
51939 1830
51955 1830
51972 1843
51988 1836
52005 1837
52021 1842
52037 1836
52054 1858
52070 1840
52087 1842
52103 1843
52119 1845
52136 1846
52152 1851
52169 1851
52185 1839
52201 1855
52218 1859
52234 1866
52251 1861
52267 1864
52283 1865
52300 1868
52316 1878
52332 1874
52349 1873
52365 1874
52382 1879
52398 1880
52414 1882
52431 1887
52447 1886
52464 1888
52480 1890
52496 1890
52513 1892
52529 1890
52546 1893
52562 1888
52578 1899
52595 1900
52611 1900
52628 1904
52644 1899
52660 1909
52677 1909
52693 1910
52710 1907
52726 1909
52742 1871
52759 1911
52775 1914
52792 1911
52808 1915
52824 1911
52841 1908
52857 1914
52873 1948
52890 1914
52906 1915
52923 1914
52939 1914
52955 1915
52972 1915
52988 1914
53005 1914
53021 1913
53037 1912
53054 1915
53070 1911
53087 1909
53103 1912
53119 1905
53136 1909
53152 1906
53169 1902
53185 1878
53201 1902
53218 1898
53234 1896
53251 1892
53267 1896
53283 1894
53300 1894
53316 1898
53332 1893
53349 1884
53365 1881
53382 1885
53398 1885
53414 1885
53431 1879
53447 1876
53464 1874
53480 1876
53496 1873
53513 1869
53529 1868
53546 1868
53562 1842
53578 1862
53595 1861
53611 1859
53628 1858
53644 1856
53660 1852
53677 1856
53693 1847
53710 1848
53726 1836
53742 1855
53759 1846
53775 1844
53792 1843
53808 1842
53824 1839
53841 1838
53857 1834
53873 1753
53890 1834
53906 1834
53923 1834
53939 1832
53955 1831
53972 1833
53988 1830
54005 1832
54021 1831
54037 1829
54054 1807
54070 1831
54087 1826
54103 1835
54119 1826
54136 1829
54152 1827
54169 1829
54185 1819
54201 1825
54218 1830
54234 1828
54251 1830
54267 1832
54283 1831
54300 1831
54316 1830
54332 1832
54349 1832
54365 1837
54382 1834
54398 1844
54414 1839
54431 1841
54447 1843
54464 1842
54480 1841
54496 1846
54513 1845
54529 1847
54546 1849
54562 1897
54578 1852
54595 1859
54611 1855
54628 1855
54644 1858
54660 1859
54677 1863
54693 1864
54710 1865
54726 1866
54742 1917
54759 1867
54775 1873
54792 1871
54808 1860
54824 1874
54841 1873
54857 1877
54873 1822
54890 1879
54906 1882
54923 1888
54939 1883
54955 1885
54972 1887
54988 1889
55005 1885
55021 1894
55037 1891
55054 1901
55070 1895
55087 1893
55103 1902
55119 1897
55136 1893
55152 1898
55169 1895
55185 1901
55201 1901
55218 1901
55234 1879
55251 1900
55267 1903
55283 1905
55300 1905
55316 1904
55332 1906
55349 1903
55365 1906
55382 1908
55398 1905
55414 1907
55431 1900
55447 1904
55464 1909
55480 1904
55496 1903
55513 1899
55529 1901
55546 1899
55562 1913
55578 1895
55595 1897
55611 1881
55628 1897
55644 1895
55660 1894
55677 1895
55693 1890
55710 1891
55726 1897
55742 1890
55759 1889
55775 1884
55792 1886
55808 1882
55824 1885
55841 1884
55857 1879
55873 1877
55890 1874
55906 1873
55923 1873
55939 1872
55955 1872
55972 1873
55988 1869
56005 1868
56021 1857
56037 1929
56054 1855
56070 1862
56087 1816
56103 1856
56119 1859
56136 1857
56152 1853
56169 1853
56185 1849
56201 1850
56218 1849
56234 1847
56251 1846
56267 1848
56283 1852
56300 1845
56316 1845
56332 1842
56349 1847
56365 1840
56382 1839
56398 1839
56414 1840
56431 1837
56447 1839
56464 1838
56480 1838
56496 1837
56513 1840
56529 1838
56546 1835
56562 1883
56578 1832
56595 1838
56611 1795
56628 1841
56644 1840
56660 1838
56677 1835
56693 1834
56710 1838
56726 1847
56742 1838
56759 1840
56775 1842
56792 1845
56808 1847
56824 1843
56841 1845
56857 1841
56873 1847
56890 1850
56906 1848
56923 1847
56939 1853
56955 1853
56972 1854
56988 1856
57005 1855
57021 1857
57037 1921
57054 1860
57070 1862
57087 1911
57103 1865
57119 1867
57136 1864
57152 1875
57169 1868
57185 1874
57201 1873
57218 1867
57234 1871
57251 1876
57267 1878
57283 1886
57300 1880
57316 1881
57332 1886
57349 1886
57365 1888
57382 1891
57398 1889
57414 1886
57431 1893
57447 1892
57464 1895
57480 1896
57496 1896
57513 1899
57529 1895
57546 1896
57562 1917
57578 1898
57595 1896
57611 1869
57628 1900
57644 1900
57660 1904
57677 1900
57693 1899
57710 1905
57726 1903
57742 1902
57759 1897
57775 1909
57792 1901
57808 1902
57824 1901
57841 1901
57857 1901
57873 1900
57890 1901
57906 1903
57923 1900
57939 1900
57955 1897
57972 1898
57988 1893
58005 1896
58021 1897
58037 1865
58054 1890
58070 1893
58087 1908
58103 1892
58119 1887
58136 1885
58152 1886
58169 1885
58185 1884
58201 1884
58218 1879
58234 1880
58251 1878
58267 1878
58283 1876
58300 1874
58316 1873
58332 1873
58349 1871
58365 1867
58382 1865
58398 1871
58414 1862
58431 1865
58447 1866
58464 1863
58480 1859
58496 1861
58513 1859
58529 1853
58546 1856
58562 1838
58578 1853
58595 1852
58611 1938
58628 1856
58644 1849
58660 1837
58677 1848
58693 1847
58710 1850
58726 1845
58742 1847
58759 1845
58775 1844
58792 1843
58808 1846
58824 1841
58841 1843
58857 1840
58873 1836
58890 1840
58906 1839
58923 1840
58939 1838
58955 1835
58972 1842
58988 1839
59005 1840
59021 1839
59037 1841
59054 1841
59070 1840
59087 1813
59103 1841
59119 1843
59136 1853
59152 1846
59169 1854
59185 1844
59201 1842
59218 1844
59234 1844
59251 1845
59267 1849
59283 1851
59300 1854
59316 1854
59332 1855
59349 1854
59365 1862
59382 1856
59398 1858
59414 1910
59431 1859
59447 1861
59464 1864
59480 1860
59496 1864
59513 1865
59529 1865
59546 1867
59562 1841
59578 1870
59595 1868
59611 1871
59628 1873
59644 1875
59660 1877
59677 1874
59693 1878
59710 1880
59726 1881
59742 1839
59759 1880
59775 1886
59792 1883
59808 1883
59824 1890
59841 1887
59857 1882
59873 1836
59890 1890
59906 1889
59923 1889
59939 1892
59955 1893
59972 1895
59988 1896
60005 1897
60021 1898
60037 1894
60054 1895
60070 1899
60087 1897
60103 1897
60119 1901
60136 1897
60152 1891
60169 1897
60185 1874
60201 1919
60218 1896
60234 1898
60251 1896
60267 1896
60283 1897
60300 1898
60316 1892
60332 1894
60349 1893
60365 1899
60382 1891
60398 1895
60414 1892
60431 1892
60447 1897
60464 1890
60480 1890
60496 1887
60513 1886
60529 1887
60546 1884
60562 1862
60578 1884
60595 1880
60611 1881
60628 1880
60644 1886
60660 1879
60677 1874
60693 1878
60710 1869
60726 1874
60742 1820
60759 1869
60775 1871
60792 1866
60808 1869
60824 1865
60841 1867
60857 1859
60873 1833
60890 1858
60906 1860
60923 1851
60939 1857
60955 1855
60972 1859
60988 1857
61005 1855
61021 1854
61037 1849
61054 1850
61070 1850
61087 1849
61103 1850
61119 1844
61136 1846
61152 1847
61169 1847
61185 1829
61201 1838
61218 1841
61234 1845
61251 1842
61267 1842
61283 1841
61300 1841
61316 1853
61332 1842
61349 1842
61365 1843
61382 1850
61398 1843
61414 1840
61431 1842
61447 1843
61464 1846
61480 1845
61496 1845
61513 1845
61529 1845
61546 1844
61562 1845
61578 1843
61595 1845
61611 1847
61628 1850
61644 1850
61660 1848
61677 1855
61693 1851
61710 1853
61726 1852
61742 1939
61759 1856
61775 1860
61792 1862
61808 1861
61824 1862
61841 1864
61857 1865
61873 1926
61890 1864
61906 1867
61923 1869
61939 1868
61955 1870
61972 1873
61988 1872
62005 1877
62021 1877
62037 1877
62054 1878
62070 1879
62087 1879
62103 1885
62119 1884
62136 1885
62152 1885
62169 1885
62185 1903
62201 1887
62218 1885
62234 1884
62251 1890
62267 1890
62283 1890
62300 1891
62316 1896
62332 1892
62349 1892
62365 1891
62382 1895
62398 1892
62414 1897
62431 1896
62447 1895
62464 1896
62480 1898
62496 1896
62513 1894
62529 1898
62546 1899
62562 1923
62578 1897
62595 1895
62611 1899
62628 1894
62644 1899
62660 1893
62677 1897
62693 1893
62710 1889
62726 1895
62742 1923
62759 1894
62775 1893
62792 1895
62808 1888
62824 1891
62841 1888
62857 1888
62873 1885
62890 1883
62906 1885
62923 1886
62939 1884
62955 1879
62972 1884
62988 1879
63005 1874
63021 1877
63037 1878
63054 1875
63070 1875
63087 1874
63103 1876
63119 1872
63136 1871
63152 1868
63169 1870
63185 1881
63201 1867
63218 1865
63234 1867
63251 1861
63267 1870
63283 1862
63300 1859
63316 1859
63332 1856
63349 1856
63365 1856
63382 1855
63398 1857
63414 1857
63431 1855
63447 1850
63464 1854
63480 1849
63496 1852
63513 1851
63529 1848
63546 1848
63562 1835
63578 1845
63595 1845
63611 1850
63628 1845
63644 1845
63660 1844
63677 1840
63693 1845
63710 1842
63726 1842
63742 1799
63759 1843
63775 1843
63792 1842
63808 1844
63824 1844
63841 1846
63857 1846
63873 1796
63890 1843
63906 1842
63923 1844
63939 1846
63955 1845
63972 1846
63988 1848
64005 1847
64021 1851
64037 1847
64054 1851
64070 1852
64087 1853
64103 1850
64119 1853
64136 1854
64152 1856
64169 1856
64185 1855
64201 1859
64218 1858
64234 1805
64251 1859
64267 1856
64283 1896
64300 1864
64316 1866
64332 1864
64349 1865
64365 1867
64382 1869
64398 1869
64414 1873
64431 1876
64447 1876
64464 1873
64480 1877
64496 1867
64513 1879
64529 1882
64546 1879
64562 1841
64578 1880
64595 1881
64611 1838
64628 1886
64644 1884
64660 1880
64677 1890
64693 1894
64710 1888
64726 1889
64742 1889
64759 1882
64775 1893
64792 1894
64808 1898
64824 1896
64841 1894
64857 1896
64873 1894
64890 1894
64906 1897
64923 1896
64939 1897
64955 1895
64972 1900
64988 1899
65005 1898
65021 1897
65037 1881
65054 1896
65070 1906
65087 1939
65103 1897
65119 1896
65136 1896
65152 1896
65169 1897
65185 1895
65201 1896
65218 1894
65234 1887
65251 1892
65267 1890
65283 1890
65300 1891
65316 1889
65332 1889
65349 1888
65365 1893
65382 1892
65398 1883
65414 1887
65431 1877
65447 1881
65464 1883
65480 1878
65496 1879
65513 1879
65529 1877
65546 1876
65562 1875
65578 1871
65595 1870
65611 1878
65628 1875
65644 1866
65660 1863
65677 1865
65693 1864
65710 1864
65726 1863
65742 1866
65759 1858
65775 1856
65792 1858
65808 1856
65824 1855
65841 1857
65857 1848
65873 1855
65890 1852
65906 1852
65923 1849
65939 1852
65955 1852
65972 1847
65988 1849
66005 1846
66021 1849
66037 1882
66054 1848
66070 1848
66087 1844
66103 1844
66119 1844
66136 1833
66152 1844
66169 1845
66185 1849
66201 1847
66218 1844
66234 1843
66251 1840
66267 1842
66283 1841
66300 1841
66316 1842
66332 1851
66349 1845
66365 1844
66382 1852
66398 1843
66414 1845
66431 1844
66447 1847
66464 1851
66480 1847
66496 1849
66513 1849
66529 1850
66546 1852
66562 1836
66578 1852
66595 1859
66611 1906
66628 1858
66644 1856
66660 1883
66677 1859
66693 1860
66710 1862
66726 1863
66742 1864
66759 1864
66775 1869
66792 1859
66808 1858
66824 1866
66841 1870
66857 1870
66873 1872
66890 1869
66906 1872
66923 1873
66939 1872
66955 1874
66972 1876
66988 1875
67005 1876
67021 1873
67037 1902
67054 1883
67070 1881
67087 1856
67103 1883
67119 1883
67136 1908
67152 1883
67169 1885
67185 1886
