2 1638
55 1568
71 1482
88 1360
104 1312
120 1227
137 1149
153 1073
170 998
186 934
202 859
220 799
236 741
253 687
269 641
286 599
302 560
318 532
335 505
351 490
368 478
384 478
400 473
417 481
433 489
449 505
466 591
482 547
499 573
515 613
531 637
548 679
564 719
581 764
597 716
613 877
630 936
646 999
663 1064
679 1132
695 1205
712 1281
728 1362
745 1436
761 1514
777 1593
794 1676
810 1761
827 1843
843 1924
859 2006
876 2088
892 2168
908 2246
925 2323
941 2384
958 2474
974 2543
990 2607
1007 2677
1023 2736
1040 2796
1056 2862
1072 2898
1089 2949
1105 2991
1122 3034
1138 3064
1154 3094
1171 3118
1187 3136
1204 3153
1221 3158
1238 3172
1254 3187
1270 3160
1287 3147
1303 3134
1319 3113
1336 3087
1352 3061
1369 3027
1385 2988
1401 2947
1418 2898
1434 2836
1451 2795
1467 2736
1483 2671
1500 2614
1516 2550
1533 2478
1549 2404
1565 2354
1582 2265
1598 2185
1615 2110
1631 2028
1647 1957
1664 1876
1680 1797
1697 1720
1713 1642
1729 1569
1746 1497
1762 1425
1778 1343
1795 1284
1811 1217
1828 1155
1844 1091
1860 1035
1877 985
1893 933
1910 888
1926 842
1942 799
1959 766
1975 736
1992 704
2008 689
2024 671
2041 660
2057 655
2074 654
2090 654
2106 666
2123 641
2139 685
2156 703
2172 726
2188 760
2206 797
2222 831
2239 870
2255 915
2271 961
2288 1012
2304 1058
2321 1129
2337 1187
2353 1247
2370 1312
2386 1382
2403 1450
2419 1520
2435 1549
2452 1657
2468 1736
2485 1809
2501 1880
2517 1953
2534 2031
2550 2098
2566 2172
2583 2237
2599 2305
2616 2367
2632 2436
2648 2495
2665 2556
2681 2616
2698 2665
2714 2714
2730 2763
2747 2767
2763 2848
2780 2879
2796 2913
2812 2941
2829 2963
2845 2978
2862 2995
2878 3010
2894 3013
2911 3014
2927 3016
2944 3005
2960 2992
2976 2976
2993 3003
3009 2935
3025 2905
3042 2880
3058 2844
3075 2797
3091 2758
3107 2708
3124 2636
3140 2611
3157 2558
3173 2499
3189 2441
3207 2372
3224 2316
3240 2243
3257 2175
3273 2108
3289 2043
3306 1941
3322 1908
3339 1832
3355 1767
3371 1698
3388 1633
3404 1566
3421 1501
3437 1436
3453 1375
3470 1313
3486 1279
3503 1204
3519 1151
3535 1103
3552 1056
3568 1013
3584 972
3601 920
3617 954
3634 876
3650 851
3666 829
3683 811
3699 799
3716 793
3732 788
3748 791
3765 792
3781 798
3798 807
3814 825
3830 845
3847 867
3863 924
3880 926
3896 964
3912 996
3929 1040
3945 1084
3962 1131
3978 1180
3994 1234
4011 1291
4027 1348
4043 1409
4060 1467
4076 1528
4093 1594
4109 1654
4125 1713
4142 1778
4158 1850
4175 1904
4191 1981
4210 2052
4227 2117
4243 2178
4259 2235
4276 2297
4292 2357
4309 2413
4325 2463
4341 2514
4358 2593
4374 2608
4390 2650
4407 2651
4423 2725
4440 2761
4456 2789
4472 2814
4489 2839
4505 2854
4522 2869
4538 2881
4554 2885
4571 2890
4587 2858
4604 2884
4620 2875
4636 2837
4653 2846
4669 2825
4686 2797
4702 2781
4718 2745
4735 2712
4751 2674
4768 2637
4784 2595
4800 2544
4817 2498
4833 2445
4849 2396
4866 2340
4882 2283
4899 2225
4915 2169
4931 2107
4948 2051
4964 1988
4981 1926
4997 1865
5013 1777
5030 1743
5046 1684
5063 1616
5079 1549
5095 1509
5112 1453
5128 1399
5145 1349
5161 1301
5177 1249
5194 1202
5211 1161
5228 1114
5244 1081
5260 1051
5277 1024
5293 999
5310 976
5326 953
5342 934
5359 920
5375 913
5392 907
5408 906
5424 911
5441 914
5457 923
5474 934
5490 951
5506 971
5523 990
5539 1040
5556 1048
5572 1080
5588 1185
5605 1157
5621 1197
5637 1225
5654 1288
5670 1338
5687 1384
5703 1437
5719 1489
5736 1543
5752 1599
5769 1659
5785 1715
5801 1774
5818 1829
5834 1886
5851 1944
5867 2003
5883 2060
5900 2112
5916 2169
5933 2222
5949 2276
5965 2327
5982 2375
5998 2420
6015 2468
6031 2508
6047 2546
6064 2569
6080 2615
6096 2649
6113 2752
6129 2701
6146 2720
6162 2758
6178 2749
6195 2760
6217 2774
6233 2774
6249 2775
6266 2772
6282 2765
6298 2754
6315 2740
6331 2721
6348 2703
6364 2740
6380 2655
6397 2622
6413 2587
6430 2556
6446 2520
6462 2477
6479 2436
6495 2392
6512 2347
6528 2299
6544 2252
6561 2207
6577 2146
6594 2096
6610 2042
6626 1989
6643 1934
6659 1878
6676 1823
6692 1770
6708 1719
6725 1665
6741 1613
6757 1562
6774 1511
6790 1466
6807 1416
6823 1374
6839 1330
6856 1293
6872 1257
6889 1192
6905 1187
6921 1155
6938 1123
6954 1104
6971 1085
6987 1063
7003 1049
7020 1033
7036 1025
7053 1021
7069 1018
7085 1017
7102 1022
7118 1013
7135 1033
7151 1055
7167 1061
7184 1088
7200 1113
7217 1136
7234 1167
7250 1199
7267 1231
7283 1266
7299 1305
7316 1346
7332 1388
7348 1428
7365 1477
7381 1526
7398 1570
7414 1593
7430 1664
7447 1716
7463 1747
7480 1820
7496 1876
7512 1919
7529 1972
7545 2025
7562 2075
7578 2125
7594 2170
7611 2212
7627 2262
7644 2304
7660 2350
7676 2385
7693 2423
7709 2458
7726 2490
7742 2518
7758 2547
7775 2571
7791 2595
7807 2611
7824 2632
7840 2645
7857 2656
7873 2662
7889 2663
7906 2669
7922 2664
7939 2686
7955 2656
7971 2644
7988 2584
8004 2615
8021 2597
8037 2563
8053 2548
8070 2520
8086 2487
8103 2470
8119 2424
8135 2389
8152 2354
8168 2313
8185 2275
8201 2214
8217 2189
8234 2137
8250 2093
8267 2044
8283 1999
8299 1951
8316 1903
8332 1854
8349 1809
8365 1756
8381 1713
8398 1663
8414 1572
8431 1563
8447 1532
8463 1464
8480 1453
8496 1409
8512 1364
8529 1341
8545 1313
8562 1286
8578 1248
8594 1224
8611 1199
8627 1180
8644 1164
8660 1142
8676 1134
8693 1229
8709 1123
8726 1112
8742 1103
8758 1114
8775 1120
8791 1130
8808 1140
8824 1154
8840 1173
8857 1187
8873 1213
8890 1217
8906 1259
8922 1287
8939 1320
8955 1346
8971 1386
8988 1423
9004 1460
9021 1500
9037 1541
9053 1579
9070 1620
9086 1667
9103 1712
9119 1755
9135 1798
9152 1849
9168 1896
9185 1937
9201 2060
9217 2026
9234 2057
9250 2118
9267 2155
9283 2198
9299 2235
9316 2273
9332 2328
9349 2344
9365 2372
9381 2406
9398 2433
9414 2456
9431 2482
9447 2502
9463 2519
9480 2539
9496 2551
9512 2575
9529 2570
9545 2579
9562 2582
9578 2579
9594 2577
9611 2571
9627 2567
9644 2562
9660 2540
9676 2527
9693 2506
9709 2486
9726 2466
9742 2435
9758 2412
9775 2382
9791 2352
9808 2319
9824 2284
9840 2247
9857 2215
9873 2172
9890 2163
9906 2091
9922 2054
9939 2012
9955 1970
9971 1924
9988 1882
10004 1841
10021 1796
10037 1760
10053 1714
10070 1673
10086 1633
10103 1593
10119 1556
10135 1522
10152 1485
10168 1451
10185 1424
10201 1399
10217 1363
10234 1336
10250 1308
10267 1288
10283 1269
10299 1254
10316 1237
10332 1223
10349 1217
10365 1209
10381 1206
10398 1202
10414 1198
10431 1201
10447 1207
10463 1215
10480 1223
10496 1239
10512 1248
10529 1272
10545 1294
10562 1312
10578 1335
10594 1357
10611 1393
10627 1416
10644 1482
10660 1480
10676 1516
10693 1555
10709 1585
10726 1626
10742 1666
10758 1700
10775 1742
10791 1780
10808 1821
10824 1865
10840 1905
10857 1948
10873 1984
10890 2024
10906 2060
10922 2101
10939 2133
10955 2164
10971 2203
10988 2234
11004 2268
11021 2291
11037 2323
11053 2348
11070 2402
11086 2391
11103 2412
11119 2427
11135 2447
11152 2462
11168 2474
11185 2484
11201 2438
11217 2496
11234 2495
11250 2497
11267 2492
11283 2484
11299 2481
11316 2470
11332 2447
11349 2443
11365 2433
11381 2408
11398 2386
11414 2360
11431 2339
11447 2311
11463 2282
11480 2257
11496 2225
11512 2175
11529 2162
11545 2126
11562 2088
11578 2060
11594 2021
11611 1979
11627 1945
11644 1904
11660 1871
11676 1833
11693 1797
11709 1760
11726 1719
11742 1687
11758 1647
11775 1614
11791 1587
11808 1550
11824 1525
11840 1493
11857 1464
11873 1433
11890 1384
11906 1391
11922 1372
11939 1345
11955 1335
11971 1321
11988 1309
12004 1297
12021 1290
12037 1280
12053 1278
12070 1258
12086 1279
12103 1273
12119 1286
12135 1295
12152 1304
12168 1316
12185 1328
12201 1320
12217 1364
12234 1385
12250 1414
12267 1431
12283 1455
12299 1477
12316 1511
12332 1531
12349 1569
12365 1598
12381 1632
12398 1669
12414 1700
12431 1734
12447 1770
12463 1805
12480 1842
12496 1876
12512 1885
12529 1947
12545 1974
12562 2014
12578 2050
12594 2087
12611 2122
12627 2145
12644 2165
12660 2206
12676 2233
12693 2255
12709 2281
12726 2306
12742 2326
12758 2339
12775 2360
12791 2373
12808 2388
12824 2399
12840 2413
12857 2419
12873 2428
12890 2402
12906 2430
12922 2431
12939 2429
12955 2418
12971 2411
12988 2398
13004 2393
13021 2375
13037 2363
13053 2347
13070 2344
13086 2304
13103 2282
13119 2254
13135 2231
13152 2202
13168 2181
13185 2151
13201 2171
13217 2085
13234 2058
13250 2028
13267 1995
13283 1970
13299 1926
13316 1895
13332 1857
13349 1826
13365 1794
13381 1794
13398 1729
13414 1700
13431 1664
13447 1635
13463 1605
13480 1579
13496 1558
13512 1532
13529 1502
13545 1481
13562 1497
13578 1444
13594 1423
13611 1458
13627 1388
13644 1379
13660 1361
13676 1359
13693 1355
13709 1346
13726 1344
13742 1345
13758 1344
13775 1350
13791 1354
13808 1360
13824 1371
13840 1384
13857 1404
13873 1413
13890 1426
13906 1443
13922 1463
13939 1486
13955 1508
13971 1533
13988 1608
14004 1582
14021 1613
14037 1620
14053 1669
14070 1701
14086 1729
14103 1758
14119 1789
14135 1822
14152 1855
14168 1886
14185 1920
14201 1949
14217 1979
14234 2007
14250 2035
14267 2066
14283 2093
14299 2126
14316 2149
14332 2174
14349 2199
14365 2219
14381 2243
14398 2260
14414 2281
14431 2295
14447 2309
14463 2320
14480 2335
14496 2340
14512 2422
14529 2358
14545 2362
14562 2367
14578 2363
14594 2365
14611 2356
14627 2353
14644 2347
14660 2334
14676 2328
14693 2312
14709 2296
14726 2287
14742 2266
14758 2248
14775 2225
14791 2206
14808 2185
14824 2159
14840 2133
14857 2108
14873 2083
14890 2051
14906 2038
14922 2000
14939 1866
14955 1941
14971 1911
14988 1879
15004 1851
15021 1823
15037 1796
15053 1761
15070 1733
15086 1712
15103 1681
15119 1655
15135 1632
15152 1600
15168 1579
15185 1552
15201 1538
15217 1516
15234 1496
15250 1481
15267 1467
15283 1461
15299 1444
15316 1430
15332 1424
15349 1416
15365 1411
15381 1408
15398 1405
15414 1409
15431 1408
15447 1410
15463 1404
15480 1424
15496 1429
15512 1458
15529 1454
15545 1468
15562 1477
15578 1500
15594 1515
15611 1535
15627 1557
15644 1579
15660 1604
15676 1631
15693 1651
15709 1676
15726 1715
15742 1730
15758 1754
15775 1784
15791 1811
15808 1838
15824 1862
15840 1893
15857 1923
15873 1951
15890 1975
15906 2006
15922 2030
15939 2055
15955 2078
15971 2107
15988 2090
16004 2147
16021 2167
16037 2195
16053 2204
16070 2226
16086 2237
16103 2256
16119 2259
16135 2277
16152 2281
16168 2293
16185 2297
16201 2306
16217 2309
16234 2312
16250 2310
16267 2304
16283 2302
16299 2297
16316 2291
16332 2282
16349 2273
16365 2260
16381 2250
16398 2231
16414 2225
16431 2199
16447 2181
16463 2134
16480 2140
16496 2117
16512 2056
16529 2078
16545 2050
16562 2022
16578 1999
16594 1979
16611 1959
16627 1919
16644 1894
16660 1860
16676 1842
16693 1815
16709 1793
16726 1762
16742 1736
16758 1710
16775 1688
16791 1662
16808 1638
16824 1621
16840 1601
16857 1581
16873 1564
16890 1545
16906 1531
16922 1514
16939 1589
16955 1490
16971 1480
16988 1440
17004 1469
17021 1461
17037 1454
17053 1452
17070 1452
17086 1450
17103 1457
17119 1459
17135 1461
17152 1471
17168 1474
17185 1494
17201 1502
17217 1516
17234 1527
17250 1543
17267 1563
17283 1582
17299 1600
17316 1621
17332 1638
17349 1661
17365 1679
17381 1709
17398 1728
17414 1750
17431 1781
17447 1803
17463 1875
17480 1852
17496 1874
17512 1853
17529 1925
17545 1954
17562 2010
17578 2000
17594 2020
17611 2042
17627 2067
17644 2091
17660 2108
17676 2127
17693 2092
17709 2163
17726 2182
17742 2193
17758 2209
17775 2220
17791 2232
17808 2242
17824 2247
17840 2257
17857 2258
17873 2268
17890 2284
17906 2266
17922 2266
17939 2264
17955 2262
17971 2256
17988 2251
18004 2242
18021 2237
18037 2221
18053 2207
18070 2176
18086 2179
18103 2163
18119 2140
18135 2127
18152 2108
18168 2089
18185 2066
18201 2035
18217 2024
18234 2003
18250 1983
18267 1957
18283 1930
18299 1910
18316 1880
18332 1860
18349 1837
18365 1811
18381 1789
18398 1767
18414 1744
18431 1723
18447 1701
18463 1675
18480 1662
18496 1637
18512 1588
18529 1603
18545 1591
18562 1567
18578 1562
18594 1550
18611 1532
18627 1531
18644 1618
18660 1509
18676 1505
18693 1506
18709 1493
18726 1496
18742 1497
18758 1497
18775 1500
18791 1502
18808 1507
18824 1511
18840 1522
18857 1530
18873 1545
18890 1540
18906 1574
18922 1582
18939 1597
18955 1604
18971 1631
18988 1648
19004 1667
19021 1674
19037 1708
19053 1729
19070 1748
19086 1769
19103 1794
19119 1814
19135 1834
19152 1859
19168 1884
19185 1900
19201 1891
19217 1950
19234 1970
19250 1992
19267 2010
19283 2032
19299 2053
19316 2071
19332 2102
19349 2107
19365 2124
19381 2138
19398 2149
19414 2165
19431 2174
19447 2186
19463 2196
19480 2202
19496 2212
19512 2172
19529 2221
19545 2227
19562 2224
19578 2224
19594 2220
19611 2218
19627 2215
19644 2234
19660 2204
19676 2194
19693 2178
19709 2180
19726 2165
19742 2152
19758 2137
19775 2124
19791 2106
19808 2095
19824 2076
19840 2055
19857 2037
19873 2020
19890 1946
19906 1979
19922 1955
19939 1934
19955 1912
19971 1893
19988 1874
20004 1851
20021 1828
20037 1811
20053 1791
20070 1756
20086 1748
20103 1720
20119 1721
20135 1690
20152 1674
20168 1656
20185 1638
20201 1621
20217 1611
20234 1600
20250 1589
20267 1577
20283 1567
20299 1557
20316 1548
20332 1550
20349 1541
20365 1541
20381 1537
20398 1532
20414 1536
20431 1536
20447 1538
20463 1543
20480 1547
20496 1555
20512 1589
20529 1570
20545 1581
20562 1593
20578 1607
20594 1621
20611 1634
20627 1648
20644 1579
20660 1682
20676 1700
20693 1714
20709 1744
20726 1751
20742 1773
20758 1791
20775 1813
20791 1836
20808 1852
20824 1873
20840 1894
20857 1912
20873 1934
20890 1871
20906 1973
20922 1994
20939 2015
20955 2030
20971 2048
20988 2060
21004 2078
21021 2099
21037 2108
21053 2118
21070 2118
21086 2142
21103 2154
21119 2157
21135 2171
21152 2174
21168 2183
21185 2184
21201 2230
21217 2191
21234 2190
21250 2193
21267 2193
21283 2184
21299 2179
21316 2185
21332 2166
21349 2161
21365 2149
21381 2152
21398 2133
21414 2121
21431 2104
21447 2095
21463 2077
21480 2060
21496 2046
21512 2065
21529 2011
21545 1996
21562 1971
21578 1964
21594 1933
21611 1918
21627 1898
21644 1845
21660 1858
21676 1844
21693 1824
21709 1805
21726 1789
21742 1768
21758 1749
21775 1733
21791 1713
21808 1701
21824 1682
21840 1667
21857 1654
21873 1643
21890 1742
21906 1622
21922 1611
21939 1595
21955 1592
21971 1584
21988 1573
22004 1582
22021 1572
22037 1572
22053 1567
22070 1586
22086 1569
22103 1569
22119 1570
22135 1577
22152 1580
22168 1591
22185 1594
22201 1603
22217 1614
22234 1626
22250 1644
22267 1649
22283 1664
22299 1677
22316 1692
22332 1712
22349 1722
22365 1737
22381 1756
22398 1772
22414 1787
22431 1806
22447 1826
22463 1843
22480 1859
22496 1882
22512 1897
22529 1917
22545 1934
22562 2008
22578 1969
22594 1985
22611 1981
22627 2018
22644 2032
22660 2043
22676 2065
22693 2073
22709 2086
22726 2094
22742 2103
22758 2111
22775 2126
22791 2132
22808 2135
22824 2141
22840 2151
22857 2151
22873 2153
22890 2155
22906 2154
22922 2149
22939 2220
22955 2147
22971 2141
22988 2124
23004 2129
23021 2121
23037 2112
23053 2104
23070 2092
23086 2082
23103 2071
23119 2059
23135 2048
23152 2031
23168 2018
23185 1996
23201 1985
23217 1970
23234 1952
23250 1938
23267 1915
23283 1903
23299 1892
23316 1871
23332 1852
23349 1835
23365 1817
23381 1800
23398 1785
23414 1763
23431 1754
23447 1738
23463 1703
23480 1715
23496 1694
23512 1670
23529 1669
23545 1669
23562 1659
23578 1641
23594 1625
23611 1624
23627 1621
23644 1613
23660 1607
23676 1605
23693 1597
23709 1599
23726 1597
23742 1600
23758 1601
23775 1603
23791 1612
23808 1613
23824 1612
23840 1622
23857 1628
23873 1637
23890 1642
23906 1662
23922 1671
23939 1654
23955 1679
23971 1704
23988 1697
24004 1731
24021 1746
24037 1758
24053 1775
24070 1791
24086 1807
24103 1822
24119 1840
24135 1863
24152 1871
24168 1886
24185 1905
24201 1917
24217 1936
24234 1951
24250 1967
24267 1981
24283 1999
24299 2008
24316 2023
24332 2034
24349 2047
24365 2058
24381 2068
24398 2077
24414 2089
24431 2093
24447 2103
24463 2094
24480 2118
24496 2113
24512 2077
24529 2122
24545 2121
24562 2104
24578 2128
24594 2126
24611 2123
24627 2112
24644 2112
24660 2109
24676 2101
24693 2097
24709 2091
24726 2078
24742 2069
24758 2057
24775 2046
24791 2032
24808 2020
24824 2004
24840 1995
24857 1982
24873 1968
24890 1920
24906 1937
24922 1914
24939 1918
24955 1891
24971 1879
24988 1857
25004 1846
25021 1829
25037 1819
25053 1811
25070 1788
25086 1774
25103 1758
25119 1743
25135 1727
25152 1718
25168 1708
25185 1696
25201 1687
25217 1678
25234 1668
25250 1660
25267 1657
25283 1649
25299 1644
25316 1639
25332 1634
25349 1628
25365 1618
25381 1628
25398 1629
25414 1614
25431 1629
25447 1631
25463 1700
25480 1640
25496 1645
25512 1651
25529 1657
25545 1665
25562 1675
25578 1681
25594 1694
25611 1704
25627 1717
25644 1725
25660 1738
25676 1752
25693 1762
25709 1780
25726 1790
25742 1805
25758 1821
25775 1836
25791 1848
25808 1863
25824 1876
25840 1892
25857 1908
25873 1922
25890 1956
25906 1950
25922 1964
25939 1936
25955 1990
25971 2002
25988 2021
26004 2024
26021 2035
26037 2041
26053 2048
26070 2060
26086 2061
26103 2076
26119 2083
26135 2083
26152 2090
26168 2091
26185 2094
26201 2097
26217 2095
26234 2093
26250 2095
26267 2093
26283 2092
26299 2089
26316 2090
26332 2076
26349 2073
26365 2065
26381 2058
26398 2051
26414 2010
26431 2036
26447 2025
26463 2011
26480 2000
26496 1986
26512 1970
26529 1962
26545 1950
26562 1939
26578 1924
26594 1910
26611 1896
26627 1886
26644 1873
26660 1856
26676 1853
26693 1828
26709 1819
26726 1807
26742 1797
26758 1787
26775 1770
26791 1758
26808 1747
26824 1735
26840 1722
26857 1713
26873 1710
26890 1698
26906 1694
26922 1685
26939 1716
26955 1672
26971 1671
26988 1679
27004 1665
27021 1657
27037 1702
27053 1660
27070 1659
27086 1660
27103 1664
27119 1664
27135 1668
27152 1669
27168 1677
27185 1678
27201 1686
27217 1695
27234 1708
27250 1712
27267 1721
27283 1743
27299 1741
27316 1748
27332 1765
27349 1761
27365 1784
27381 1796
27398 1807
27414 1820
27431 1831
27447 1845
27463 1823
27480 1874
27496 1883
27512 1908
27529 1908
27545 1923
27562 1920
27578 1943
27594 1956
27611 1964
27627 1976
27644 1987
27660 1996
27676 2005
27693 2013
27709 2018
27726 2028
27742 2036
27758 2041
27775 2048
27791 2052
27808 2058
27824 2061
27840 2061
27857 2057
27873 2064
27890 2062
27906 2062
27922 2060
27939 2043
27955 2055
27971 2052
27988 2049
28004 2044
28021 2039
28037 2032
28053 2025
28070 2039
28086 2008
28103 2002
28119 1996
28135 1985
28152 1974
28168 1962
28185 1950
28201 1939
28217 1930
28234 1917
28250 1907
28267 1896
28283 1884
28299 1871
28316 1861
28332 1847
28349 1839
28365 1825
28381 1838
28398 1808
28414 1794
28431 1777
28447 1776
28463 1764
28480 1756
28496 1747
28512 1784
28529 1726
28545 1722
28562 1716
28578 1711
28594 1706
28611 1701
28627 1695
28644 1692
28660 1690
28676 1684
28693 1686
28709 1687
28726 1682
28742 1688
28758 1688
28775 1689
28791 1692
28808 1694
28824 1702
28840 1700
28857 1707
28873 1714
28890 1743
28906 1729
28922 1732
28939 1747
28955 1755
28971 1764
28988 1771
29004 1781
29021 1789
29037 1799
29053 1808
29070 1831
29086 1834
29103 1849
29119 1860
29135 1870
29152 1880
29168 1900
29185 1901
29201 1939
29217 1919
29234 1933
29250 1942
29267 1953
29283 1965
29299 1973
29316 1982
29332 1991
29349 2001
29365 2003
29381 2007
29398 2015
29414 2023
29431 2028
29447 2027
29463 2032
29480 2038
29496 2041
29512 2066
29529 2040
29545 2042
29562 2042
29578 2043
29594 2037
29611 2037
29627 2037
29644 2024
29660 2027
29676 2021
29693 2017
29709 2014
29726 2007
29742 2000
29758 1993
29775 1983
29791 1975
29808 1970
29824 1958
29840 1951
29857 1938
29873 1932
29890 1891
29906 1912
29922 1899
29939 1884
29955 1878
29971 1868
29988 1860
30004 1848
30021 1837
30037 1833
30053 1817
30070 1809
30086 1801
30103 1789
30119 1783
30135 1773
30152 1765
30168 1758
30185 1746
30201 1726
30217 1740
30234 1733
30250 1728
30267 1721
30283 1718
30299 1717
30316 1713
30332 1707
30349 1705
30365 1709
30381 1713
30398 1709
30414 1710
30431 1707
30447 1710
30463 1715
30480 1716
30496 1722
30512 1693
30529 1729
30545 1735
30562 1739
30578 1748
30594 1755
30611 1763
30627 1770
30644 1737
30660 1784
30676 1796
30693 1798
30709 1813
30726 1818
30742 1832
30758 1838
30775 1850
30791 1853
30808 1868
30824 1879
30840 1889
30857 1896
30873 1906
30890 1861
30906 1926
30922 1935
30939 1939
30955 1948
30971 1956
30988 1964
31004 1973
31021 1976
31037 1980
31053 1992
31070 1997
31086 2000
31103 2003
31119 2008
31135 2009
31152 2013
31168 2016
31185 2018
31201 1991
31217 2016
31234 2015
31250 2017
31267 2015
31283 2013
31299 2011
31316 2006
31332 2010
31349 2003
31365 1996
31381 1998
31398 1984
31414 1973
31431 1971
31447 1967
31463 1961
31480 1953
31496 1947
31512 1892
31529 1927
31545 1919
31562 1909
31578 1900
31594 1900
31611 1884
31627 1877
31644 1868
31660 1856
31676 1852
31693 1840
31709 1836
31726 1820
31742 1820
31758 1805
31775 1799
31791 1793
31808 1783
31824 1780
31840 1772
31857 1768
31873 1761
31890 1753
31906 1750
31922 1743
31939 1736
31955 1739
31971 1726
31988 1725
32004 1729
32021 1732
32037 1710
32053 1731
32070 1728
32086 1730
32103 1733
32119 1731
32135 1737
32152 1738
32168 1744
32185 1748
32201 1750
32217 1753
32234 1757
32250 1765
32267 1770
32283 1779
32299 1784
32316 1791
32332 1797
32349 1806
32365 1810
32381 1821
32398 1832
32414 1840
32431 1841
32447 1856
32463 1864
32480 1872
32496 1880
32512 1850
32529 1897
32545 1903
32562 1928
32578 1924
32594 1927
32611 1939
32627 1943
32644 1950
32660 1956
32676 1960
32693 1969
32709 1975
32726 1974
32742 1982
32758 1984
32775 1992
32791 1993
32808 1997
32824 1995
32840 2002
32857 2004
32873 1997
32890 2002
32906 2004
32922 2001
32939 1992
32955 1998
32971 1997
32988 2006
33004 1988
33021 1979
33037 1950
33053 1978
33070 1971
33086 1956
33103 1965
33119 1955
33135 1946
33152 1945
33168 1936
33185 1933
33201 1923
33217 1914
33234 1909
33250 1900
33267 1885
33283 1884
33299 1877
33316 1870
33332 1862
33349 1855
33365 1849
33381 1838
33398 1834
33414 1824
33431 1817
33447 1810
33463 1889
33480 1798
33496 1790
33512 1823
33529 1786
33545 1775
33562 1761
33578 1766
33594 1760
33611 1755
33627 1753
33644 1751
33660 1747
33676 1750
33693 1746
33709 1747
33726 1748
33742 1747
33758 1734
33775 1750
33791 1753
33808 1753
33824 1754
33840 1758
33857 1761
33873 1769
33890 1770
33906 1773
33922 1774
33939 1791
33955 1787
33971 1796
33988 1817
34004 1809
34021 1816
34037 1818
34053 1831
34070 1838
34086 1845
34103 1853
34119 1857
34135 1865
34152 1868
34168 1890
34185 1886
34201 1894
34217 1897
34234 1911
34250 1924
34267 1920
34283 1927
34299 1935
34316 1940
34332 1945
34349 1951
34365 1941
34381 1959
34398 1963
34414 1967
34431 1972
34447 1978
34463 1984
34480 1981
34496 1984
34512 2027
34529 1981
34545 1984
34562 1978
34578 1983
34594 1983
34611 1981
34627 1980
34644 1978
34660 1976
34676 1977
34693 1971
34709 1965
34726 1959
34742 1960
34758 1954
34775 1952
34791 1945
34808 1940
34824 1929
34840 1926
34857 1919
34873 1917
34890 1905
34906 1902
34922 1894
34939 1889
34955 1880
34971 1874
34988 1857
35004 1859
35021 1854
35037 1904
35053 1836
35070 1831
35086 1826
35103 1821
35119 1818
35135 1805
35152 1803
35168 1798
35185 1793
35201 1792
35217 1786
35234 1783
35250 1778
35267 1772
35283 1772
35299 1774
35316 1773
35332 1766
35349 1763
35365 1764
35381 1768
35398 1758
35414 1760
35431 1763
35447 1757
35463 1735
35480 1769
35496 1772
35512 1758
35529 1778
35545 1782
35562 1785
35578 1786
35594 1791
35611 1796
35627 1800
35644 1808
35660 1811
35676 1819
35693 1824
35709 1831
35726 1836
35742 1842
35758 1848
35775 1856
35791 1864
35808 1867
35824 1873
35840 1881
35857 1886
35873 1896
35890 1920
35906 1905
35922 1911
35939 1916
35955 1917
35971 1927
35988 1933
36004 1936
36021 1943
36037 1945
36053 1947
36070 1953
36086 1957
36103 1962
36119 1959
36135 1965
36152 1967
36168 1968
36185 1969
36201 2026
36217 1972
36234 1970
36250 1971
36267 1967
36283 1980
36299 1967
36316 1971
36332 1962
36349 1963
36365 1961
36381 1972
36398 1953
36414 1948
36431 1941
36447 1937
36463 1933
36480 1932
36496 1921
36512 1970
36529 1911
36545 1909
36562 1896
36578 1895
36594 1882
36611 1879
36627 1873
36644 1881
36660 1867
36676 1857
36693 1847
36709 1848
36726 1836
36742 1833
36758 1825
36775 1815
36791 1815
36808 1811
36824 1806
36840 1804
36857 1796
36873 1794
36890 1757
36906 1783
36922 1781
36939 1778
36955 1773
36971 1773
36988 1775
37004 1771
37021 1770
37037 1776
37053 1765
37070 1773
37086 1766
37103 1769
37119 1774
37135 1770
37152 1778
37168 1779
37185 1780
37201 1803
37217 1788
37234 1789
37250 1797
37267 1799
37283 1803
37299 1807
37316 1816
37332 1819
37349 1823
37365 1831
37381 1818
37398 1841
37414 1850
37431 1853
37447 1846
37463 1865
37480 1873
37496 1877
37512 1878
37529 1888
37545 1895
37562 1898
37578 1900
37594 1911
37611 1915
37627 1921
37644 1920
37660 1931
37676 1934
37693 1940
37709 1944
37726 1946
37742 1952
37758 1955
37775 1956
37791 1961
37808 1964
37824 1962
37840 1968
37857 1964
37873 1967
37890 1947
37906 1966
37922 1967
37939 1963
37955 1964
37971 1964
37988 1962
38004 1961
38021 1958
38037 1955
38053 1951
38070 1933
38086 1947
38103 1939
38119 1940
38135 1934
38152 1927
38168 1925
38185 1915
38201 1896
38217 1907
38234 1907
38250 1897
38267 1887
38283 1884
38299 1876
38316 1869
38332 1865
38349 1858
38365 1853
38381 1847
38398 1842
38414 1841
38431 1830
38447 1827
38463 1824
38480 1818
38496 1809
38512 1778
38529 1804
38545 1799
38562 1798
38578 1791
38594 1790
38611 1788
38627 1783
38644 1773
38660 1785
38676 1780
38693 1772
38709 1780
38726 1778
38742 1779
38758 1783
38775 1781
38791 1779
38808 1784
38824 1777
38840 1787
38857 1793
38873 1777
38890 1809
38906 1798
38922 1801
38939 1805
38955 1808
38971 1813
38988 1815
39004 1823
39021 1827
39037 1834
39053 1839
39070 1861
39086 1849
39103 1850
39119 1864
39135 1872
39152 1869
39168 1873
39185 1879
39201 1862
39217 1891
39234 1896
39250 1898
39267 1904
39283 1907
39299 1911
39316 1920
39332 1921
39349 1928
39365 1932
39381 1951
39398 1938
39414 1940
39431 1954
39447 1945
39463 1948
39480 1954
39496 1956
39512 1928
39529 1954
39545 1957
39562 1955
39578 1954
39594 1957
39611 1956
39627 1953
39644 1947
39660 1951
39676 1948
39693 1945
39709 1945
39726 1941
39742 1940
39758 1933
39775 1929
39791 1926
39808 1920
39824 1913
39840 1913
39857 1906
39873 1910
39890 1916
39906 1894
39922 1887
39939 1883
39955 1877
39971 1874
39988 1874
40004 1866
40021 1857
40037 1850
40053 1844
40070 1850
40086 1837
40103 1834
40119 1829
40135 1820
40152 1819
40168 1815
40185 1810
40201 1824
40217 1805
40234 1804
40250 1799
40267 1795
40283 1791
40299 1791
40316 1791
40332 1788
40349 1791
40365 1785
40381 1793
40398 1786
40414 1789
40431 1792
40447 1791
40463 1791
40480 1791
40496 1789
40512 1812
40529 1795
40545 1797
40562 1795
40578 1804
40594 1804
40611 1873
40627 1815
40644 1820
40660 1823
40676 1825
40693 1835
40709 1843
40726 1842
40742 1849
40758 1848
40775 1859
40791 1864
40808 1872
40824 1873
40840 1880
40857 1889
40873 1892
40890 1895
40906 1903
40922 1901
40939 1916
40955 1914
40971 1919
40988 1947
41004 1930
41021 1927
41037 1880
41053 1935
41070 1942
41086 1926
41103 1946
41119 1948
41135 1947
41152 1948
41168 1953
41185 1953
41201 1956
41217 1956
41234 1956
41250 1955
41267 1950
41283 1951
41299 1949
41316 1949
41332 1946
41349 1947
41365 1944
41381 1941
41398 1933
41414 1938
41431 1928
41447 1924
41463 1882
41480 1916
41496 1912
41512 1941
41529 1904
41545 1901
41562 1897
41578 1892
41594 1884
41611 1881
41627 1871
41644 1870
41660 1854
41676 1852
41693 1854
41709 1851
41726 1845
41742 1842
41758 1834
41775 1831
41791 1824
41808 1823
41824 1820
41840 1814
41857 1814
41873 1815
41890 1796
41906 1802
41922 1798
41939 1796
41955 1793
41971 1792
41988 1803
42004 1793
42021 1791
42037 1847
42053 1791
42070 1790
42086 1785
42103 1797
42119 1788
42135 1800
42152 1793
42168 1797
42185 1802
42201 1803
42217 1805
42234 1811
42250 1809
42267 1813
42283 1816
42299 1820
42316 1821
42332 1829
42349 1839
42365 1843
42381 1844
42398 1845
42414 1858
42431 1854
42447 1859
42463 1889
42480 1871
42496 1874
42512 1898
42529 1883
42545 1889
42562 1876
42578 1896
42594 1899
42611 1913
42627 1910
42644 1914
42660 1917
42676 1922
42693 1925
42709 1926
42726 1928
42742 1930
42758 1933
42775 1937
42791 1940
42808 1940
42824 1943
42840 1941
42857 1943
42873 1945
42890 1941
42906 1943
42922 1942
42939 1935
42955 1940
42971 1938
42988 1918
43004 1936
43021 1932
43037 1967
43053 1926
43070 1922
43086 1953
43103 1919
43119 1911
43135 1910
43152 1908
43168 1899
43185 1893
43201 1897
43217 1888
43234 1888
43250 1883
43267 1875
43283 1872
43299 1867
43316 1862
43332 1857
43349 1857
43365 1850
43381 1844
43398 1841
43414 1836
43431 1833
43447 1829
43463 1864
43480 1819
43496 1820
43512 1794
43529 1814
43545 1811
43562 1852
43578 1807
43594 1803
43611 1803
43627 1800
43644 1799
43660 1797
43676 1798
43693 1795
43709 1798
43726 1796
43742 1797
43758 1805
43775 1799
43791 1811
43808 1800
43824 1803
43840 1804
43857 1807
43873 1811
43890 1815
43906 1818
43922 1818
43939 1820
43955 1825
43971 1826
43988 1804
44004 1840
44021 1838
44037 1814
44053 1848
44070 1852
44086 1846
44103 1862
44119 1858
44135 1868
44152 1872
44168 1880
44185 1882
44201 1889
44217 1893
44234 1892
44250 1900
44267 1902
44283 1906
44299 1909
44316 1914
44332 1914
44349 1920
44365 1925
44381 1927
44398 1925
44414 1929
44431 1931
44447 1931
44463 1911
44480 1935
44496 1936
44512 1907
44529 1942
44545 1941
44562 1948
44578 1938
44594 1936
44611 1935
44627 1932
44644 1930
44660 1928
44676 1928
44693 1927
44709 1927
44726 1913
44742 1919
44758 1915
44775 1912
44791 1907
44808 1905
44824 1903
44840 1897
44857 1895
44873 1893
44890 1895
44906 1883
44922 1877
44939 1872
44955 1866
44971 1866
44988 1862
45004 1856
45021 1852
45037 1850
45053 1846
45070 1813
45086 1836
45103 1838
45119 1828
45135 1828
45152 1825
45168 1823
45185 1819
45201 1824
45217 1816
45234 1812
45250 1806
45267 1809
45283 1807
45299 1806
45316 1806
45332 1802
45349 1804
45365 1803
45381 1822
45398 1804
45414 1803
45431 1803
45447 1799
45463 1805
45480 1813
45496 1811
45512 1797
45529 1812
45545 1819
45562 1821
45578 1822
45594 1824
45611 1826
45627 1840
45644 1841
45660 1839
45676 1840
45693 1844
45709 1849
45726 1851
45742 1861
45758 1861
45775 1861
45791 1871
45808 1882
45824 1877
45840 1870
45857 1883
45873 1888
45890 1895
45906 1898
45922 1900
45939 1905
45955 1903
45971 1907
45988 1912
46004 1914
46021 1914
46037 1920
46053 1920
46070 1889
46086 1924
46103 1927
46119 1923
46135 1930
46152 1929
46168 1931
46185 1928
46201 1895
46217 1931
46234 1932
46250 1928
46267 1928
46283 1929
46299 1925
46316 1924
46332 1921
46349 1921
46365 1917
46381 1924
46398 1917
46414 1914
46431 1910
46447 1908
46463 1904
46480 1907
46496 1897
46512 1871
46529 1888
46545 1887
46562 1880
46578 1885
46594 1875
46611 1875
46627 1867
46644 1873
46660 1861
46676 1856
46693 1851
46709 1852
46726 1849
46742 1848
46758 1844
46775 1841
46791 1836
46808 1834
46824 1835
46840 1830
46857 1825
46873 1824
46890 1814
46906 1824
46922 1822
46939 1819
46955 1817
46971 1822
46988 1817
47004 1816
47021 1815
47037 1814
47053 1815
47070 1896
47086 1836
47103 1816
47119 1822
47135 1823
47152 1817
47168 1824
47185 1825
47201 1708
47217 1829
47234 1830
47250 1836
47267 1834
47283 1840
47299 1836
47316 1847
47332 1846
47349 1849
47365 1851
47381 1836
47398 1856
47414 1863
47431 1874
47447 1868
47463 1868
47480 1875
47496 1886
47512 1864
47529 1887
47545 1888
47562 1887
47578 1895
47594 1894
47611 1901
47627 1897
47644 1902
47660 1904
47676 1905
47693 1908
47709 1912
47726 1909
47742 1915
47758 1909
47775 1920
47791 1912
47808 1924
47824 1920
47840 1916
47857 1915
47873 1920
47890 1908
47906 1917
47922 1914
47939 1917
47955 1911
47971 1908
47988 1910
48004 1909
48021 1906
48037 1905
48053 1902
48070 1918
48086 1895
48103 1886
48119 1892
48135 1890
48152 1885
48168 1890
48185 1882
48201 1976
48217 1875
48234 1878
48250 1871
48267 1868
48283 1869
48299 1861
48316 1861
48332 1857
48349 1855
48365 1849
48381 1855
48398 1846
48414 1844
48431 1840
48447 1840
48463 1838
48480 1833
48496 1836
48512 1884
48529 1831
48545 1827
48562 1837
48578 1828
48594 1822
48611 1826
48627 1824
48644 1822
48660 1822
48676 1824
48693 1819
48709 1822
48726 1824
48742 1825
48758 1825
48775 1829
48791 1827
48808 1828
48824 1829
48840 1836
48857 1835
48873 1835
48890 1839
48906 1842
48922 1841
48939 1845
48955 1845
48971 1848
48988 1849
49004 1857
49021 1856
49037 1858
49053 1858
49070 1831
49086 1862
49103 1869
49119 1872
49135 1876
49152 1879
49168 1884
49185 1886
49201 1989
49217 1888
49234 1891
49250 1896
49267 1897
49283 1898
49299 1900
49316 1903
49332 1903
49349 1907
49365 1907
49381 1918
49398 1904
49414 1911
49431 1909
49447 1917
49463 1908
49480 1909
49496 1910
49512 1917
49529 1912
49545 1914
49562 1910
49578 1913
49594 1910
49611 1915
49627 1908
49644 1905
49660 1904
49676 1904
49693 1901
49709 1899
49726 1899
49742 1897
49758 1891
49775 1893
49791 1887
49808 1887
49824 1885
49840 1881
49857 1878
49873 1880
49890 1876
49906 1875
49922 1870
49939 1874
49955 1864
49971 1863
49988 1945
50004 1857
50021 1855
50037 1941
50053 1852
50070 1850
50086 1856
50103 1847
50119 1844
50135 1843
50152 1840
50168 1828
50185 1833
50201 1838
50217 1838
50234 1833
50250 1834
50267 1833
50283 1830
50299 1832
50316 1829
50332 1830
50349 1833
50365 1829
50381 1832
50398 1829
50414 1831
50431 1832
50447 1832
50463 1821
50480 1838
50496 1837
50512 1842
50529 1833
50545 1842
50562 1835
50578 1843
50594 1844
50611 1848
50627 1851
50644 1854
50660 1854
50676 1856
50693 1855
50709 1855
50726 1861
50742 1863
50758 1860
50775 1868
50791 1869
50808 1871
50824 1874
50840 1885
50857 1882
50873 1879
50890 1882
50906 1885
50922 1882
50939 1886
50955 1891
50971 1891
50988 1852
51004 1893
51021 1895
51037 1911
51053 1893
51070 1898
51086 1878
51103 1901
51119 1899
51135 1886
51152 1901
51168 1901
51185 1904
51201 1901
51217 1901
51234 1899
51250 1898
51267 1901
51283 1898
51299 1897
51316 1896
51332 1892
51349 1894
51365 1893
51381 1891
51398 1891
51414 1888
51431 1889
51447 1888
51463 1888
51480 1884
51496 1881
51512 1854
51529 1871
51545 1879
51562 1928
51578 1872
51594 1871
51611 1870
51627 1867
51644 1868
51660 1861
51676 1860
51693 1857
51709 1857
51726 1855
51742 1856
51758 1851
51775 1852
51791 1852
51808 1850
51824 1848
51840 1847
51857 1843
51873 1846
51890 1838
51906 1847
51922 1846
51939 1837
51955 1842
51971 1842
51988 1725
52004 1837
52021 1837
52037 1790
52053 1838
52070 1841
52086 1855
52103 1842
52119 1844
52135 1842
52152 1841
52168 1843
52185 1847
52201 1849
52217 1846
52234 1846
52250 1850
52267 1851
52283 1853
52299 1854
52316 1855
52332 1855
52349 1857
52365 1859
52381 1858
52398 1863
52414 1869
52431 1865
52447 1872
52463 1879
52480 1875
52496 1872
52512 1864
52529 1881
52545 1884
52562 1878
52578 1886
52594 1883
52611 1890
52627 1889
52644 1888
52660 1890
52676 1891
52693 1893
52709 1895
52726 1893
52742 1898
52758 1897
52775 1897
52791 1895
52808 1900
52824 1909
52840 1896
52857 1900
52873 1899
52890 1888
52906 1897
52922 1896
52939 1902
52955 1891
52971 1890
52988 1939
53004 1896
53021 1892
53037 1857
53053 1892
53070 1886
53086 1880
53103 1889
53119 1888
53135 1884
53152 1883
53168 1887
53185 1879
53201 1881
53217 1882
53234 1882
53250 1874
53267 1865
53283 1870
53299 1869
53316 1869
53332 1865
53349 1867
53365 1861
53381 1865
53398 1861
53414 1870
53431 1857
53447 1857
53463 1862
53480 1854
53496 1856
53512 1873
53529 1852
53545 1851
53562 1810
53578 1847
53594 1849
53611 1850
53627 1846
53644 1848
53660 1850
53676 1845
53693 1844
53709 1845
53726 1844
53742 1846
53758 1847
53775 1845
53791 1844
53808 1832
53824 1851
53840 1855
53857 1850
53873 1850
53890 1853
53906 1856
53922 1852
53939 1854
53955 1854
53971 1857
53988 1859
54004 1857
54021 1856
54037 1864
54053 1860
54070 1873
54086 1865
54103 1869
54119 1869
54135 1872
54152 1873
54168 1876
54185 1870
54201 1845
54217 1878
54234 1877
54250 1879
54267 1883
54283 1884
54299 1883
54316 1883
54332 1881
54349 1890
54365 1882
54381 1888
54398 1887
54414 1894
54431 1892
54447 1892
54463 1890
54480 1892
54496 1891
54512 1877
54529 1886
54545 1893
54562 1892
54578 1887
54594 1891
54611 1892
54627 1892
54644 1893
54660 1888
54676 1894
54693 1901
54709 1886
54726 1886
54742 1885
54758 1887
54775 1883
54791 1884
54808 1886
54824 1877
54840 1881
54857 1881
54873 1880
54890 1886
54906 1876
54922 1875
54939 1873
54955 1872
54971 1872
54988 1867
55004 1870
55021 1866
55037 1865
55053 1863
55070 1916
55086 1863
55103 1867
55119 1862
55135 1860
55152 1857
55168 1857
55185 1852
55201 1901
55217 1855
55234 1853
55250 1852
55267 1852
55283 1849
55299 1850
55316 1849
55332 1852
55349 1846
55365 1845
55381 1847
55398 1851
55414 1853
55431 1853
55447 1851
55463 1850
55480 1853
55496 1851
55512 1869
55529 1854
55545 1854
55562 1854
55578 1854
55594 1854
55611 1857
55627 1858
55644 1864
55660 1861
55676 1861
55693 1862
55709 1862
55726 1864
55742 1864
55758 1866
55775 1866
55791 1869
55808 1865
55824 1869
55840 1873
55857 1874
55873 1879
55890 1877
55906 1880
55922 1878
55939 1879
55955 1878
55971 1880
55988 1886
56004 1884
56021 1880
56037 1887
56053 1882
56070 1874
56086 1884
56103 1885
56119 1884
56135 1888
56152 1886
56168 1890
56185 1890
56201 1870
56217 1888
56234 1888
56250 1891
56267 1890
56283 1886
56299 1884
56316 1890
56332 1887
56349 1889
56365 1886
56381 1887
56398 1883
56414 1887
56431 1887
56447 1884
56463 1881
56480 1879
56496 1880
56512 1894
56529 1879
56545 1875
56562 1879
56578 1871
56594 1872
56611 1871
56627 1867
56644 1868
56660 1867
56676 1868
56693 1864
56709 1865
56726 1859
56742 1860
56758 1856
56775 1860
56791 1857
56808 1863
56824 1855
56840 1855
56857 1852
56873 1853
56890 1844
56906 1857
56922 1850
56939 1850
56955 1849
56971 1845
56988 1850
57004 1848
57021 1846
57037 1849
57053 1847
57070 1803
57086 1844
57103 1851
57119 1844
57135 1851
57152 1851
57168 1850
57185 1851
57201 1797
57217 1850
57234 1851
57250 1852
57267 1853
57283 1855
57299 1856
57316 1858
57332 1854
57349 1858
57365 1857
57381 1860
57398 1860
57414 1864
57431 1862
57447 1866
57463 1868
57480 1872
57496 1871
57512 1860
57529 1872
57545 1871
57562 1882
57578 1877
57594 1878
57611 1880
57627 1880
57644 1880
57660 1883
57676 1883
57693 1918
57709 1884
57726 1887
57742 1884
57758 1887
57775 1888
57791 1873
57808 1895
57824 1890
57840 1897
57857 1893
57873 1891
57890 1895
57906 1902
57922 1893
57939 1895
57955 1893
57971 1878
57988 1891
58004 1895
58021 1891
58037 1891
58053 1889
58070 1889
58086 1890
58103 1895
58119 1890
58135 1888
58152 1881
58168 1885
58185 1890
58201 1883
58217 1883
58234 1840
58250 1872
58267 1878
58283 1876
58299 1874
58316 1871
58332 1872
58349 1872
58365 1819
58381 1868
58398 1863
58414 1866
58431 1862
58447 1860
58463 1856
58480 1859
58496 1854
58512 1858
58529 1858
58545 1855
58562 1852
58578 1853
58594 1851
58611 1851
58627 1849
58644 1850
58660 1848
58676 1850
58693 1848
58709 1848
58726 1871
58742 1850
58758 1843
58775 1851
58791 1841
58808 1849
58824 1849
58840 1847
58857 1839
58873 1852
58890 1849
58906 1856
58922 1853
58939 1853
58955 1855
58971 1853
58988 1878
59004 1857
59021 1859
59037 1847
59053 1857
59070 1860
59086 1858
59103 1862
59119 1862
59135 1865
59152 1867
59168 1867
59185 1870
59201 1874
59217 1873
59234 1867
59250 1875
59267 1875
59283 1878
59299 1879
59316 1880
59332 1877
59349 1883
59365 1880
59381 1883
59398 1881
59414 1882
59431 1885
59447 1886
59463 1885
59480 1891
59496 1886
59512 1860
59529 1889
59545 1890
59562 1922
59578 1890
59594 1889
59611 1910
59627 1892
59644 1893
59660 1892
59676 1890
59693 1888
59709 1888
59726 1887
59742 1885
59758 1884
59775 1887
59791 1888
59808 1879
59824 1883
59840 1885
59857 1882
59873 1888
59890 1880
59906 1879
59922 1875
59939 1875
59955 1871
59971 1871
59988 1913
60004 1871
60021 1868
60037 1824
60053 1865
60070 1863
60086 1859
60103 1862
60119 1863
60135 1859
60152 1860
60168 1857
60185 1856
60201 1857
60217 1852
60234 1851
60250 1851
60267 1850
60283 1853
60299 1847
60316 1850
60332 1847
60349 1849
60365 1848
60381 1847
60398 1846
60414 1846
60431 1848
60447 1848
60463 1846
60480 1852
60496 1847
60512 1834
60529 1850
60545 1847
60562 1821
60578 1851
60594 1852
60611 1858
60627 1846
60644 1858
60660 1852
60676 1856
60693 1858
60709 1860
60726 1861
60742 1863
60758 1864
60775 1867
60791 1867
60808 1871
60824 1873
60840 1868
60857 1862
60873 1877
60890 1877
60906 1879
60922 1877
60939 1879
60955 1876
60971 1887
60988 1849
61004 1887
61021 1888
61037 1874
61053 1888
61070 1891
61086 1890
61103 1892
61119 1892
61135 1895
61152 1897
61168 1891
61185 1896
61201 1897
61217 1898
61234 1896
61250 1895
61267 1894
61283 1896
61299 1895
61316 1897
61332 1895
61349 1897
61365 1893
61381 1891
61398 1890
61414 1889
61431 1887
61447 1887
61463 1886
61480 1886
61496 1884
61512 1915
61529 1876
61545 1882
61562 1831
61578 1878
61594 1873
61611 1871
61627 1870
61644 1870
61660 1867
61676 1868
61693 1865
61709 1866
61726 1863
61742 1858
61758 1862
61775 1856
61791 1860
61808 1854
61824 1854
61840 1851
61857 1854
61873 1857
61890 1851
61906 1852
61922 1846
61939 1850
61955 1847
61971 1845
61988 1823
62004 1847
62021 1845
62037 1884
62053 1845
62070 1846
62086 1843
62103 1846
62119 1847
62135 1846
62152 1846
62168 1847
62185 1841
62201 1848
62217 1848
62234 1844
62250 1850
62267 1851
62283 1853
62299 1853
62316 1853
62332 1855
62349 1859
62365 1858
62381 1864
62398 1857
62414 1862
62431 1865
62447 1868
62463 1874
62480 1871
62496 1870
62512 1874
62529 1871
62545 1876
62562 1872
62578 1877
62594 1878
62611 1887
62627 1884
62644 1879
62660 1887
62676 1884
62693 1887
62709 1888
62726 1887
62742 1889
62758 1889
62775 1889
62791 1891
62808 1892
62824 1892
62840 1881
62857 1889
62873 1893
62890 1890
62906 1909
62922 1891
62939 1854
62955 1890
62971 1890
62988 1896
63004 1890
63021 1888
63037 1883
63053 1885
63070 1849
63086 1882
63103 1882
63119 1884
63135 1880
63152 1881
63168 1880
63185 1877
63201 1875
63217 1875
63234 1874
63250 1874
63267 1870
63283 1869
63299 1868
63316 1866
63332 1864
63349 1866
63365 1858
63381 1859
63398 1856
63414 1858
63431 1855
63447 1855
63463 1851
63480 1854
63496 1851
63512 1849
63529 1848
63545 1851
63562 1848
63578 1849
63594 1848
63611 1850
63627 1845
63644 1846
63660 1845
63676 1848
63693 1833
63709 1846
63726 1843
63742 1848
63758 1845
63775 1847
63791 1845
63808 1848
63824 1845
63840 1847
63857 1845
63873 1850
63890 1847
63906 1854
63922 1852
63939 1861
63955 1856
63971 1856
63988 1857
64004 1861
64021 1860
64037 1867
64053 1863
64070 1829
64086 1866
64103 1863
64119 1866
64135 1871
64152 1871
64168 1872
64185 1877
64201 1848
64217 1878
64234 1882
64250 1884
64267 1881
64283 1882
64299 1882
64316 1884
64332 1884
64349 1886
64365 1889
64381 1875
64398 1887
64414 1888
64431 1888
64447 1890
64463 1890
64480 1894
64496 1894
64512 1899
64529 1892
64545 1894
64562 1892
64578 1896
64594 1882
64611 1893
64627 1889
64644 1890
64660 1890
64676 1890
64693 1865
64709 1889
64726 1887
64742 1884
64758 1885
64775 1882
64791 1881
64808 1880
64824 1876
64840 1877
64857 1877
64873 1877
64890 1872
64906 1876
64922 1869
64939 1825
64955 1866
64971 1865
64988 1866
65004 1864
65021 1862
65037 1858
65053 1859
65070 1817
65086 1855
65103 1854
65119 1852
65135 1853
65152 1854
65168 1855
65185 1851
65201 1870
65217 1852
65234 1850
65250 1855
65267 1858
65283 1846
65299 1843
65316 1847
65332 1848
65349 1849
65365 1847
65381 1808
65398 1843
65414 1846
65431 1845
65447 1848
65463 1849
65480 1851
65496 1849
65512 1836
65529 1848
65545 1851
65562 1852
65578 1857
65594 1855
65611 1857
65627 1856
65644 1858
65660 1858
65676 1862
65693 1840
65709 1862
65726 1862
65742 1863
65758 1865
65775 1869
65791 1868
65808 1869
65824 1871
65840 1875
65857 1872
65873 1876
65890 1877
65906 1876
65922 1878
65939 1916
65955 1884
65971 1887
65988 1884
66004 1886
66021 1885
66037 1888
66053 1892
66070 1911
66086 1890
66103 1888
66119 1890
66135 1893
66152 1891
66168 1891
66185 1889
66201 1915
66217 1894
66234 1888
66250 1889
66267 1888
66283 1892
66299 1890
66316 1887
66332 1885
66349 1886
66365 1885
66381 1923
66398 1884
66414 1883
66431 1881
66447 1880
66463 1877
66480 1878
66496 1876
66512 1844
66529 1889
66545 1873
66562 1868
66578 1874
66594 1868
66611 1870
66627 1868
66644 1865
66660 1873
66676 1861
66693 1870
66709 1862
66726 1862
66742 1866
66758 1859
66775 1860
66791 1858
66808 1858
66824 1859
66840 1856
66857 1858
66873 1856
66890 1853
66906 1856
66922 1856
66939 1867
66955 1845
66971 1852
66988 1851
67004 1857
67021 1854
67037 1855
67053 1839
67070 1883
67086 1854
67103 1854
67119 1853
67135 1855
67152 1855
67168 1858
67185 1864
