2 1663
55 1566
71 1479
88 1394
104 1307
120 1227
137 1150
153 1072
169 1079
186 931
202 861
218 802
235 740
251 690
267 640
284 604
300 561
316 535
333 507
349 489
365 478
382 474
399 470
416 478
432 490
448 500
465 522
481 518
497 569
514 597
530 632
546 668
563 710
579 761
595 816
612 864
628 926
644 987
661 1052
677 1118
693 1192
710 1256
726 1339
742 1429
759 1491
775 1580
791 1658
808 1738
824 1817
840 1904
857 1978
873 2064
889 2146
906 2224
922 2299
938 2375
955 2451
971 2517
987 2615
1004 2652
1020 2718
1036 2776
1053 2837
1069 2882
1085 2931
1102 2975
1118 3010
1134 3052
1151 3077
1167 3104
1183 3126
1200 3144
1216 3152
1232 3160
1249 3160
1265 3156
1281 3151
1298 3137
1314 3116
1330 3095
1347 3070
1363 3038
1379 2993
1397 2958
1413 2910
1429 2864
1446 2812
1462 2758
1478 2703
1495 2637
1511 2571
1527 2506
1544 2436
1560 2365
1576 2292
1593 2217
1609 2142
1625 2065
1642 1986
1658 1910
1674 1883
1691 1756
1707 1682
1723 1607
1740 1530
1756 1457
1772 1386
1789 1304
1805 1225
1821 1184
1838 1123
1854 1054
1870 1009
1887 958
1903 909
1919 864
1936 790
1952 788
1968 751
1985 722
2001 700
2017 681
2034 669
2050 661
2066 656
2083 652
2099 658
2115 670
2132 677
2148 702
2164 600
2181 741
2197 775
2213 776
2230 844
2246 887
2262 932
2279 982
2295 1033
2311 1094
2328 1142
2344 1208
2360 1266
2377 1334
2394 1405
2410 1475
2427 1552
2443 1620
2459 1688
2476 1764
2492 1831
2508 1907
2525 1982
2541 2051
2557 2111
2574 2192
2590 2260
2606 2326
2623 2399
2639 2456
2655 2515
2672 2590
2688 2627
2704 2680
2721 2726
2737 2775
2753 2817
2770 2854
2786 2892
2802 2918
2819 2945
2835 2968
2851 2987
2868 2998
2884 3009
2900 3013
2917 3016
2933 3008
2949 3004
2966 2992
2982 2974
2998 2955
3015 2929
3031 2899
3047 2866
3064 2832
3080 2791
3096 2699
3113 2703
3129 2654
3145 2610
3162 2546
3178 2488
3194 2428
3211 2367
3227 2302
3243 2239
3260 2168
3276 2105
3292 2034
3309 1971
3325 1901
3341 1831
3358 1766
3374 1697
3392 1621
3408 1554
3425 1498
3441 1432
3457 1368
3474 1314
3490 1257
3506 1197
3523 1153
3539 1104
3555 1054
3572 1025
3588 976
3604 938
3621 915
3637 900
3653 853
3670 838
3686 821
3702 804
3719 798
3735 798
3751 792
3768 799
3784 804
3800 814
3817 833
3833 855
3849 878
3866 904
3882 937
3898 973
3915 1007
3931 1053
3947 1123
3964 1142
3980 1195
3996 1294
4013 1293
4029 1352
4045 1427
4062 1465
4078 1529
4094 1591
4111 1657
4127 1716
4143 1784
4160 1847
4176 1910
4192 1977
4209 2040
4225 2102
4241 2164
4258 2227
4274 2285
4290 2342
4307 2397
4323 2457
4339 2499
4356 2550
4372 2570
4388 2637
4406 2679
4422 2797
4439 2751
4455 2775
4471 2803
4488 2827
4504 2848
4520 2861
4537 2875
4553 2890
4569 2884
4586 2885
4602 2878
4618 2875
4635 2862
4651 2846
4667 2825
4684 2804
4700 2776
4716 2744
4733 2714
4749 2676
4765 2636
4782 2593
4798 2548
4814 2503
4831 2453
4847 2418
4863 2351
4880 2292
4896 2245
4912 2180
4929 2121
4945 2061
4961 2002
4978 1942
4994 1879
5010 1820
5027 1758
5043 1702
5059 1640
5076 1583
5092 1524
5108 1468
5125 1417
5141 1363
5157 1312
5174 1266
5190 1221
5206 1177
5223 1112
5239 1100
5255 1066
5272 1079
5288 1008
5304 986
5321 942
5337 944
5353 931
5370 921
5386 913
5403 911
5420 914
5436 918
5452 925
5469 933
5485 950
5501 966
5518 988
5534 1012
5550 1044
5567 1074
5583 1111
5599 1143
5616 1187
5632 1231
5648 1274
5665 1321
5681 1369
5697 1360
5714 1472
5730 1524
5746 1569
5763 1638
5779 1689
5795 1746
5812 1805
5828 1861
5844 1917
5861 1977
5877 2028
5893 2084
5910 2143
5926 2195
5942 2250
5959 2303
5975 2348
5991 2400
6008 2438
6024 2482
6040 2524
6057 2561
6073 2592
6089 2629
6106 2660
6122 2710
6138 2708
6155 2725
6171 2779
6187 2755
6204 2764
6220 2770
6236 2776
6253 2774
6269 2768
6285 2764
6302 2743
6318 2739
6334 2717
6351 2695
6367 2671
6383 2646
6401 2611
6417 2583
6433 2547
6450 2514
6466 2471
6482 2426
6499 2383
6515 2337
6531 2288
6548 2239
6564 2187
6580 2138
6597 2068
6613 2035
6629 1972
6646 1914
6662 1867
6678 1814
6695 1762
6711 1700
6727 1656
6744 1607
6760 1555
6776 1507
6793 1460
6809 1415
6825 1368
6842 1329
6858 1287
6874 1250
6891 1218
6907 1183
6923 1153
6940 1126
6956 1102
6972 1108
6989 1064
7005 1050
7021 998
7038 1028
7054 1026
7070 1071
7087 1021
7103 1027
7119 1035
7136 1047
7152 1058
7168 1079
7185 1095
7201 1116
7217 1139
7234 1170
7250 1196
7266 1233
7283 1268
7299 1307
7315 1343
7332 1389
7348 1428
7364 1477
7381 1523
7398 1572
7415 1619
7431 1669
7447 1721
7464 1768
7480 1828
7496 1870
7513 1922
7529 1971
7545 2022
7562 2073
7578 2121
7594 2173
7611 2209
7627 2259
7643 2300
7660 2339
7676 2378
7692 2424
7709 2467
7725 2488
7741 2516
7758 2543
7774 2568
7790 2587
7807 2610
7823 2626
7839 2642
7856 2648
7872 2661
7888 2664
7905 2671
7921 2664
7937 2662
7954 2655
7970 2643
7986 2584
8003 2612
8019 2593
8035 2575
8052 2553
8068 2525
8084 2490
8101 2463
8117 2420
8133 2390
8150 2354
8166 2315
8182 2275
8199 2237
8215 2191
8231 2143
8248 2094
8264 2053
8280 2007
8297 1958
8313 1908
8329 1862
8346 1816
8362 1767
8378 1721
8396 1674
8412 1626
8428 1546
8445 1537
8461 1505
8477 1461
8494 1421
8510 1384
8526 1347
8543 1317
8559 1286
8575 1259
8592 1232
8608 1207
8624 1189
8641 1172
8657 1155
8673 1117
8690 1130
8706 1125
8722 1118
8739 1120
8755 1119
8771 1125
8788 1135
8804 1157
8820 1153
8837 1166
8853 1190
8869 1215
8886 1227
8902 1254
8918 1279
8935 1376
8951 1344
8967 1379
8984 1411
9000 1449
9016 1491
9033 1526
9049 1568
9065 1627
9082 1653
9098 1698
9114 1750
9131 1785
9147 1830
9163 1881
9180 1922
9196 1968
9212 2011
9229 2058
9245 2095
9261 2138
9278 2182
9294 2218
9310 2254
9327 2295
9343 2328
9359 2361
9376 2393
9393 2421
9410 2448
9426 2472
9442 2496
9459 2515
9475 2531
9491 2545
9508 2555
9524 2565
9540 2573
9557 2581
9573 2573
9589 2577
9606 2570
9622 2549
9638 2559
9655 2544
9671 2520
9687 2514
9704 2490
9720 2471
9736 2446
9753 2392
9769 2393
9785 2364
9802 2333
9818 2298
9834 2264
9851 2216
9867 2188
9883 2255
9900 2110
9916 2068
9932 2029
9949 1987
9965 1942
9981 1903
9998 1861
10014 1815
10030 1777
10047 1735
10063 1696
10079 1656
10096 1614
10112 1575
10128 1541
10145 1505
10161 1471
10177 1439
10194 1414
10210 1382
10226 1350
10243 1322
10259 1317
10275 1282
10292 1264
10308 1248
10324 1239
10341 1226
10357 1215
10373 1208
10390 1206
10407 1207
10423 1204
10440 1210
10456 1220
10472 1226
10489 1237
10505 1250
10521 1266
10538 1287
10554 1322
10570 1337
10587 1356
10603 1381
10619 1408
10636 1438
10652 1470
10668 1503
10685 1539
10701 1561
10717 1609
10734 1647
10750 1679
10766 1725
10783 1765
10799 1804
10815 1843
10832 1882
10848 1922
10864 1959
10881 2010
10897 2039
10913 2077
10930 2126
10946 2151
10962 2187
10979 2213
10995 2249
11011 2279
11028 2309
11044 2338
11060 2358
11077 2383
11093 2404
11109 2424
11126 2444
11142 2455
11158 2468
11175 2477
11191 2487
11207 2490
11224 2495
11240 2499
11256 2493
11273 2491
11289 2488
11305 2453
11322 2458
11338 2454
11354 2498
11371 2420
11387 2402
11403 2357
11420 2352
11436 2332
11452 2299
11469 2273
11485 2246
11501 2214
11518 2180
11534 2149
11550 2113
11567 2074
11583 2042
11599 2005
11616 1967
11632 1934
11648 1910
11665 1857
11681 1819
11697 1750
11714 1745
11730 1714
11746 1728
11763 1642
11779 1608
11795 1564
11812 1543
11828 1513
11844 1483
11861 1461
11877 1434
11893 1406
11910 1386
11926 1367
11942 1346
11959 1333
11975 1318
11991 1309
12008 1298
12024 1288
12040 1284
12057 1281
12073 1282
12089 1283
12106 1280
12122 1214
12138 1301
12155 1309
12171 1280
12187 1341
12204 1356
12220 1377
12236 1387
12253 1417
12269 1439
12285 1463
12302 1488
12318 1521
12334 1548
12351 1578
12367 1611
12383 1641
12401 1687
12417 1712
12434 1749
12450 1780
12466 1819
12483 1850
12499 1885
12515 1923
12532 1957
12548 1991
12564 2029
12581 2054
12597 2112
12613 2120
12630 2148
12646 2211
12662 2208
12679 2234
12695 2263
12711 2283
12728 2307
12744 2330
12760 2346
12777 2361
12793 2378
12809 2389
12826 2402
12842 2413
12858 2418
12875 2421
12891 2426
12907 2427
12924 2425
12940 2420
12956 2412
12973 2410
12989 2397
13005 2385
13022 2420
13038 2356
13054 2337
13071 2323
13087 2298
13103 2280
13120 2252
13136 2231
13152 2193
13169 2173
13185 2153
13201 2115
13218 2085
13234 2053
13250 2021
13267 1988
13283 1956
13299 1916
13316 1887
13332 1857
13348 1823
13365 1788
13381 1758
13398 1721
13415 1690
13431 1662
13447 1665
13464 1606
13480 1576
13496 1515
13513 1522
13529 1499
13545 1472
13562 1458
13578 1434
13594 1421
13611 1404
13627 1389
13643 1375
13660 1366
13676 1356
13692 1350
13709 1345
13725 1344
13741 1343
13758 1344
13774 1347
13790 1350
13807 1362
13823 1363
13839 1385
13856 1402
13872 1409
13888 1423
13905 1445
13921 1459
13937 1484
13954 1509
13970 1528
13986 1559
14003 1582
14019 1612
14035 1635
14052 1667
14068 1702
14084 1723
14101 1760
14117 1789
14133 1818
14150 1867
14166 1883
14182 1914
14199 1953
14215 1976
14231 2007
14248 2034
14264 2066
14280 2092
14297 2148
14313 2145
14329 2172
14346 2234
14362 2215
14378 2241
14396 2241
14412 2279
14428 2297
14445 2314
14461 2321
14477 2338
14494 2333
14510 2352
14526 2360
14543 2363
14559 2361
14575 2364
14592 2364
14608 2364
14624 2356
14641 2350
14657 2340
14673 2328
14690 2319
14706 2303
14722 2283
14739 2258
14755 2252
14771 2209
14788 2217
14804 2191
14820 2163
14837 2144
14853 2118
14869 2088
14886 2063
14902 2039
14918 2004
14935 1977
14951 1948
14967 1918
14984 1891
15000 1859
15016 1831
15033 1801
15049 1670
15065 1742
15082 1713
15098 1692
15114 1657
15131 1638
15147 1610
15163 1586
15180 1566
15196 1546
15212 1527
15229 1503
15245 1485
15261 1469
15278 1457
15294 1431
15310 1433
15327 1423
15343 1413
15359 1408
15376 1402
15393 1404
15410 1397
15426 1402
15442 1406
15459 1410
15475 1415
15491 1446
15508 1435
15524 1448
15540 1461
15557 1476
15573 1492
15589 1510
15606 1529
15622 1530
15638 1571
15655 1592
15671 1616
15687 1640
15704 1667
15720 1689
15736 1720
15753 1790
15769 1772
15785 1799
15802 1827
15818 1853
15834 1880
15851 1915
15867 1942
15883 2026
15900 1999
15916 2018
15932 2047
15949 2071
15965 2107
15981 2120
15998 2151
16014 2160
16030 2180
16047 2195
16063 2213
16079 2232
16096 2248
16112 2262
16128 2271
16145 2282
16161 2290
16177 2297
16194 2303
16210 2308
16226 2308
16243 2306
16259 2308
16275 2307
16292 2316
16308 2298
16324 2271
16341 2275
16357 2268
16373 2257
16390 2241
16407 2224
16423 2208
16440 2189
16456 2170
16472 2150
16489 2128
16505 2106
16521 2084
16538 2060
16554 2035
16570 2014
16587 1988
16603 1959
16619 1935
16636 1904
16652 1883
16668 1857
16685 1830
16701 1906
16717 1779
16734 1753
16750 1729
16766 1709
16783 1677
16799 1658
16815 1633
16832 1607
16848 1590
16864 1577
16881 1556
16897 1539
16913 1530
16930 1510
16946 1495
16962 1487
16979 1479
16995 1467
17011 1467
17028 1457
17044 1449
17060 1452
17077 1455
17093 1452
17109 1455
17126 1460
17142 1432
17158 1476
17175 1480
17191 1491
17207 1507
17224 1517
17240 1532
17256 1546
17273 1577
17289 1583
17305 1601
17322 1621
17338 1647
17354 1678
17371 1669
17387 1708
17403 1736
17420 1758
17436 1785
17452 1808
17469 1831
17485 1862
17501 1878
17518 1908
17534 1934
17550 1959
17567 1969
17583 2006
17599 2026
17616 2051
17632 2071
17648 2079
17665 2117
17681 2134
17697 2144
17714 2167
17730 2185
17746 2200
17763 2213
17779 2171
17795 2241
17812 2243
17828 2255
17844 2259
17861 2263
17877 2265
17893 2269
17910 2259
17926 2267
17942 2265
17959 2262
17975 2252
17991 2248
18008 2241
18024 2229
18040 2218
18057 2206
18073 2195
18089 2173
18106 2163
18122 2143
18138 2133
18155 2110
18171 2087
18187 2066
18204 2048
18220 1977
18236 2004
18253 1977
18269 1957
18285 1925
18302 1904
18318 1885
18334 1860
18351 1852
18367 1814
18383 1786
18401 1765
18417 1741
18434 1716
18450 1697
18466 1676
18483 1657
18499 1639
18515 1624
18532 1601
18548 1587
18564 1571
18581 1557
18597 1556
18613 1534
18630 1522
18646 1513
18662 1507
18679 1502
18695 1497
18711 1496
18728 1485
18744 1493
18760 1492
18777 1501
18793 1499
18809 1508
18826 1516
18842 1516
18858 1533
18875 1542
18891 1552
18907 1542
18924 1582
18940 1598
18956 1613
18973 1631
18989 1635
19005 1669
19022 1684
19038 1717
19054 1728
19071 1750
19087 1772
19103 1793
19120 1813
19136 1839
19152 1862
19169 1896
19185 1906
19201 1926
19218 1947
19234 1960
19250 1994
19267 2014
19283 2035
19299 2078
19316 2072
19332 2089
19348 2110
19365 2122
19381 2135
19398 2148
19415 2166
19431 2183
19447 2190
19464 2195
19480 2273
19496 2213
19513 2219
19529 2220
19545 2217
19562 2226
19578 2223
19594 2221
19611 2221
19627 2217
19643 2215
19660 2205
19676 2194
19692 2184
19709 2178
19725 2162
19741 2152
19758 2142
19774 2126
19790 2108
19807 2094
19823 2075
19839 2060
19856 2044
19872 2020
19888 2000
19905 1984
19921 1955
19937 1935
19954 1897
19970 1897
19986 1876
20003 1826
20019 1830
20035 1810
20052 1792
20068 1771
20084 1750
20101 1733
20117 1707
20133 1693
20150 1676
20166 1656
20182 1642
20199 1628
20215 1615
20231 1609
20248 1588
20264 1575
20280 1564
20297 1559
20313 1550
20329 1536
20346 1539
20362 1534
20378 1528
20396 1532
20412 1526
20428 1553
20445 1536
20461 1540
20477 1549
20494 1556
20510 1562
20526 1565
20543 1577
20559 1592
20575 1598
20592 1614
20608 1630
20624 1642
20641 1659
20657 1675
20673 1690
20690 1709
20706 1728
20722 1749
20739 1766
20755 1784
20771 1816
20788 1824
20804 1842
20820 1865
20837 1886
20853 1904
20869 1926
20886 1946
20902 1972
20918 1983
20935 2008
20951 2019
20967 2042
20984 2049
21000 2068
21016 2084
21033 2098
21049 2112
21065 2122
21082 2136
21098 2142
21114 2152
21131 2165
21147 2162
21163 2168
21180 2183
21196 2255
21212 2186
21229 2189
21245 2192
21261 2193
21278 2185
21294 2178
21310 2175
21327 2171
21343 2164
21359 2156
21376 2146
21393 2132
21410 2125
21426 2110
21442 2097
21459 2084
21475 2069
21491 2054
21508 2038
21524 2029
21540 2001
21557 1985
21573 1967
21589 1949
21606 1930
21622 1861
21638 1890
21655 1872
21671 1809
21687 1831
21704 1815
21720 1797
21736 1776
21753 1761
21769 1746
21785 1724
21802 1710
21818 1694
21834 1676
21851 1670
21867 1651
21883 1637
21900 1629
21916 1615
21932 1608
21949 1599
21965 1590
21981 1580
21998 1578
22014 1572
22030 1570
22047 1570
22063 1570
22079 1572
22096 1576
22112 1573
22128 1576
22145 1583
22161 1589
22177 1592
22194 1607
22210 1609
22226 1622
22243 1633
22259 1641
22275 1651
22292 1651
22308 1681
22324 1695
22341 1713
22357 1726
22373 1743
22390 1762
22407 1781
22423 1795
22440 1813
22456 1833
22472 1851
22489 1867
22505 1887
22521 1902
22538 1919
22554 1937
22570 1960
22587 1970
22603 1988
22619 2002
22636 2019
22652 2040
22668 2051
22685 2061
22701 2079
22717 2083
22734 2095
22750 2111
22766 2119
22783 2122
22799 2134
22815 2141
22832 2144
22848 2149
22864 2149
22881 2151
22897 2125
22913 2154
22930 2152
22946 2103
22962 2149
22979 2144
22995 2125
23011 2128
23028 2122
23044 2107
23060 2106
23077 2094
23093 2076
23109 2073
23126 2060
23142 2046
23158 2033
23175 2017
23191 2002
23207 1985
23224 1968
23240 1952
23256 1930
23273 1920
23289 1903
23305 1884
23322 1876
23338 1856
23354 1821
23371 1823
23387 1807
23403 1787
23420 1769
23436 1757
23452 1741
23469 1713
23485 1714
23501 1700
23518 1687
23534 1676
23550 1664
23567 1637
23583 1644
23599 1637
23616 1628
23632 1622
23648 1615
23665 1614
23681 1609
23697 1604
23714 1605
23730 1604
23746 1610
23763 1608
23779 1610
23795 1597
23812 1618
23828 1622
23844 1623
23861 1640
23877 1646
23893 1656
23910 1670
23926 1671
23942 1681
23959 1697
23975 1708
23991 1719
24008 1733
24024 1800
24040 1763
24057 1771
24073 1792
24089 1809
24106 1823
24122 1842
24138 1857
24155 1782
24171 1887
24187 1903
24204 1925
24220 1936
24236 1937
24253 1965
24269 1976
24285 1997
24302 2007
24318 2017
24334 2030
24351 2042
24367 2052
24383 2062
24401 2072
24417 2080
24434 2091
24450 2095
24466 2098
24483 2109
24499 2114
24515 2113
24532 2118
24548 2120
24564 2124
24581 2116
24597 2027
24613 2115
24630 2109
24646 2107
24662 2099
24679 2095
24695 2086
24711 2081
24728 2063
24744 2063
24760 2040
24777 2040
24793 2032
24809 2017
24826 2006
24842 1991
24858 1979
24875 1964
24891 1947
24907 1932
24924 1919
24940 1905
24956 1893
24973 1875
24989 1859
25005 1844
25022 1829
25038 1764
25054 1801
25071 1784
25087 1775
25103 1760
25120 1749
25136 1736
25152 1721
25169 1708
25185 1698
25201 1694
25218 1681
25234 1674
25250 1666
25267 1658
25283 1652
25299 1640
25316 1642
25332 1638
25348 1635
25365 1635
25381 1630
25398 1631
25415 1632
25431 1632
25447 1639
25464 1634
25480 1595
25496 1651
25513 1647
25529 1658
25545 1675
25562 1676
25578 1688
25594 1699
25611 1709
25627 1719
25643 1734
25660 1742
25676 1755
25692 1773
25709 1782
25725 1776
25741 1806
25758 1820
25774 1834
25790 1848
25807 1866
25823 1876
25839 1891
25856 1886
25872 1918
25888 1929
25905 1958
25921 1959
25937 1974
25954 1986
25970 1997
25986 2046
26003 2018
26019 2030
26035 2039
26052 2050
26068 2059
26084 2061
26101 2070
26117 2137
26133 2081
26150 2085
26166 2101
26182 2090
26199 2093
26215 2089
26231 2096
26248 2093
26264 2091
26280 2087
26297 2087
26313 2080
26329 2075
26346 2071
26362 2063
26378 2056
26396 2049
26412 2036
26428 2049
26445 2020
26461 2009
26477 2002
26494 1988
26510 1975
26526 1964
26543 1950
26559 1943
26575 1926
26592 1914
26608 1893
26624 1884
26641 1872
26657 1858
26673 1880
26690 1831
26706 1821
26722 1806
26739 1795
26755 1781
26771 1771
26788 1758
26804 1714
26820 1735
26837 1726
26853 1719
26869 1711
26886 1701
26902 1705
26918 1687
26935 1755
26951 1671
26967 1672
26984 1667
27000 1664
27016 1664
27033 1662
27049 1658
27065 1658
27082 1664
27098 1663
27114 1666
27131 1671
27147 1671
27163 1677
27180 1682
27196 1690
27212 1695
27229 1708
27245 1722
27261 1718
27278 1730
27294 1739
27310 1755
27327 1761
27343 1774
27359 1781
27376 1758
27393 1804
27410 1819
27426 1827
27442 1845
27459 1857
27475 1867
27491 1878
27508 1891
27524 1904
27540 1917
27557 1930
27573 1942
27589 1954
27606 1959
27622 1957
27638 1984
27655 1995
27671 2004
27687 2012
27704 2022
27720 2024
27736 2032
27753 2060
27769 2044
27785 2050
27802 2055
27818 2059
27834 2056
27851 2060
27867 2060
27883 2058
27900 2064
27916 2058
27932 2059
27949 2056
27965 2053
27981 2053
27998 2048
28014 2040
28030 2030
28047 2029
28063 2014
28079 2009
28096 2005
28112 1993
28128 1986
28145 1979
28161 1970
28177 1958
28194 2023
28210 1935
28226 1921
28243 1909
28259 1902
28275 1885
28292 1880
28308 1867
28324 1830
28341 1845
28357 1830
28373 1816
28390 1811
28407 1800
28423 1788
28440 1779
28456 1769
28472 1759
28489 1749
28505 1743
28521 1732
28538 1725
28554 1720
28570 1679
28587 1709
28603 1704
28619 1700
28636 1697
28652 1691
28668 1690
28685 1691
28701 1658
28717 1686
28734 1686
28750 1684
28766 1692
28783 1691
28799 1698
28815 1700
28832 1703
28848 1708
28864 1714
28881 1718
28897 1730
28913 1736
28930 1640
28946 1750
28962 1757
28979 1718
28995 1777
29011 1790
29028 1799
29044 1806
29060 1817
29077 1830
29093 1843
29109 1849
29126 1864
29142 1875
29158 1898
29175 1893
29191 1905
29207 1915
29224 1925
29240 1936
29256 1946
29273 1947
29289 1964
29305 1976
29322 1977
29338 1989
29354 1980
29371 2011
29387 2009
29403 2000
29420 2020
29436 2027
29452 2034
29469 2032
29485 2037
29501 2037
29518 2041
29534 2044
29550 2037
29567 2045
29583 2039
29599 2038
29616 2038
29632 2030
29648 2029
29665 2026
29681 2017
29697 2015
29714 2014
29730 2003
29746 1985
29763 1998
29779 1982
29795 1952
29812 1953
29828 1957
29844 1945
29861 1940
29877 1932
29893 1919
29910 1909
29926 1898
29942 1887
29959 1879
29975 1870
29991 1857
30008 1847
30024 1838
30040 1827
30057 1818
30073 1812
30089 1800
30106 1795
30122 1780
30138 1776
30155 1762
30171 1771
30187 1752
30204 1748
30220 1756
30236 1735
30253 1732
30269 1732
30285 1723
30302 1721
30318 1719
30334 1718
30351 1711
30367 1720
30383 1713
30401 1713
30417 1714
30434 1715
30450 1717
30466 1724
30483 1725
30499 1724
30515 1728
30532 1737
30548 1749
30564 1751
30581 1754
30597 1828
30613 1768
30630 1774
30646 1762
30662 1790
30679 1799
30695 1833
30711 1813
30728 1822
30744 1832
30760 1842
30777 1855
30793 1864
30809 1874
30826 1884
30842 1904
30858 1901
30875 1907
30891 1918
30907 1929
30924 1938
30940 1947
30956 1954
30973 1962
30989 1965
31005 1976
31022 1961
31038 1987
31054 1991
31071 1959
31087 2000
31103 2005
31120 2007
31136 2012
31152 2013
31169 2013
31185 2018
31201 2016
31218 2023
31234 2020
31250 2024
31267 2016
31283 2013
31299 2010
31316 2005
31332 2005
31348 1996
31365 1997
31381 1989
31398 1985
31415 1977
31431 1969
31447 1961
31464 1958
31480 1949
31496 1990
31513 1935
31529 1929
31545 1912
31562 1909
31578 1899
31594 1893
31611 1883
31627 1876
31643 1864
31660 1857
31676 1836
31692 1848
31709 1831
31725 1820
31741 1816
31758 1806
31774 1796
31790 1792
31807 1784
31823 1777
31839 1773
31856 1767
31872 1780
31888 1756
31905 1751
31921 1728
31937 1746
31954 1728
31970 1715
31986 1731
32003 1733
32019 1730
32035 1731
32052 1730
32068 1730
32084 1732
32101 1734
32117 1734
32133 1734
32150 1742
32166 1744
32182 1748
32199 1755
32215 1762
32231 1761
32248 1768
32264 1773
32280 1785
32297 1715
32313 1794
32329 1802
32346 1767
32362 1817
32378 1826
32396 1827
32412 1844
32428 1850
32445 1855
32461 1867
32477 1873
32494 1881
32510 1892
32526 1898
32543 1909
32559 1917
32575 1924
32592 1936
32608 1938
32624 1945
32641 1951
32657 1971
32673 1963
32690 1973
32706 1977
32722 1971
32739 1981
32755 1986
32771 2022
32788 1995
32804 1998
32820 2034
32837 2000
32853 2000
32869 1999
32886 2001
32902 2003
32918 2001
32935 1999
32951 1995
32967 1998
32984 1998
33000 1988
33016 1983
33033 1981
33049 1976
33065 1968
33082 1966
33098 1959
33114 1948
33131 1948
33147 1946
33163 1933
33180 1926
33196 1959
33212 1912
33229 1904
33245 1902
33261 1889
33278 1880
33294 1875
33310 1865
33327 1860
33343 1846
33359 1847
33376 1838
33393 1837
33410 1820
33426 1814
33442 1801
33459 1800
33475 1800
33491 1786
33508 1787
33524 1772
33540 1769
33557 1764
33573 1763
33589 1761
33606 1756
33622 1783
33638 1750
33655 1741
33671 1710
33687 1750
33704 1745
33720 1794
33736 1747
33753 1747
33769 1748
33785 1747
33802 1752
33818 1758
33834 1755
33851 1762
33867 1762
33883 1766
33900 1769
33916 1775
33932 1781
33949 1789
33965 1796
33981 1797
33998 1805
34014 1812
34030 1820
34047 1787
34063 1833
34079 1837
34096 1847
34112 1858
34128 1864
34145 1874
34161 1879
34177 1869
34194 1896
34210 1901
34226 1909
34243 1915
34259 1925
34275 1929
34292 1933
34308 1894
34324 1945
34341 1953
34357 1957
34373 1964
34390 1969
34407 1977
34423 1974
34440 1980
34456 1982
34472 1982
34489 1949
34505 1987
34521 1987
34538 1983
34554 1989
34570 2019
34587 1987
34603 1987
34619 1985
34636 1983
34652 1979
34668 1978
34685 1975
34701 1977
34717 1970
34734 1962
34750 1957
34766 1953
34783 1949
34799 1949
34815 1939
34832 1936
34848 1925
34864 1920
34881 1898
34897 1907
34913 1900
34930 1894
34946 1885
34962 1877
34979 1872
34995 1865
35011 1865
35028 1853
35044 1846
35060 1836
35077 1832
35093 1823
35109 1816
35126 1813
35142 1812
35158 1803
35175 1788
35191 1798
35207 1787
35224 1781
35240 1780
35256 1773
35273 1741
35289 1767
35305 1762
35322 1769
35338 1760
35354 1758
35371 1756
35387 1759
35403 1756
35420 1761
35436 1761
35452 1760
35469 1764
35485 1760
35501 1760
35518 1771
35534 1779
35550 1775
35567 1788
35583 1786
35599 1791
35616 1795
35632 1802
35648 1807
35665 1812
35681 1819
35697 1822
35714 1830
35730 1831
35746 1840
35763 1849
35779 1867
35795 1863
35812 1868
35828 1878
35844 1881
35861 1889
35877 1895
35893 1913
35910 1908
35926 1914
35942 1920
35959 1906
35975 1934
35991 1934
36008 1940
36024 1939
36040 1948
36057 1953
36073 1955
36089 1929
36106 1964
36122 1961
36138 1975
36155 1970
36171 1969
36187 1974
36204 1975
36220 2001
36236 1972
36253 1975
36269 1974
36285 1970
36302 1971
36318 1968
36334 1956
36351 2032
36367 1960
36383 1956
36401 1967
36417 1948
36434 1944
36450 1940
36466 1937
36483 1930
36499 1924
36515 1918
36532 1913
36548 1907
36564 1904
36581 1896
36597 1937
36613 1882
36630 1875
36646 1882
36662 1864
36679 1858
36695 1852
36711 1844
36728 1835
36744 1832
36760 1825
36777 1818
36793 1815
36809 1817
36826 1807
36842 1802
36858 1796
36875 1792
36891 1791
36907 1824
36924 1781
36940 1776
36956 1777
36973 1773
36989 1775
37005 1771
37022 1766
37038 1741
37054 1767
37071 1771
37087 1773
37103 1768
37120 1769
37136 1773
37152 1773
37169 1837
37185 1780
37201 1782
37218 1787
37234 1789
37250 1794
37267 1792
37283 1793
37299 1805
37316 1812
37332 1812
37348 1819
37365 1830
37381 1833
37398 1831
37415 1847
37431 1848
37447 1856
37464 1859
37480 1843
37496 1873
37513 1885
37529 1888
37545 1894
37562 1901
37578 1906
37594 1909
37611 1916
37627 1917
37643 1921
37660 1931
37676 1938
37692 1954
37709 1943
37725 1948
37741 1953
37758 1955
37774 1960
37790 1959
37807 1960
37823 1963
37839 1967
37856 1965
37872 1965
37888 1968
37905 1970
37921 1944
37937 1970
37954 1969
37970 1957
37986 1967
38003 1960
38019 1958
38035 1951
38052 1955
38068 1947
38084 1947
38101 1943
38117 1935
38133 1935
38150 1932
38166 1921
38182 1912
38199 1915
38215 1907
38231 1901
38248 1896
38264 1886
38280 1885
38297 1834
38313 1873
38329 1866
38346 1884
38362 1852
38378 1849
38396 1893
38412 1839
38428 1828
38445 1816
38461 1823
38477 1817
38494 1805
38510 1810
38526 1802
38543 1800
38559 1797
38575 1793
38592 1788
38608 1785
38624 1775
38641 1781
38657 1779
38673 1780
38690 1779
38706 1777
38722 1775
38739 1782
38755 1775
38771 1661
38788 1781
38804 1776
38820 1734
38837 1785
38853 1783
38869 1787
38886 1792
38902 1793
38918 1796
38935 1802
38951 1800
38967 1805
38984 1821
39000 1822
39016 1823
39033 1831
39049 1835
39065 1838
39082 1846
39098 1849
39114 1858
39131 1861
39147 1869
39163 1870
39180 1880
39196 1859
39212 1890
39229 1896
39245 1903
39261 1906
39278 1910
39294 1918
39310 1921
39327 1925
39343 1930
39359 1935
39376 1942
39393 1942
39410 1944
39426 1947
39442 1955
39459 1952
39475 1952
39491 1954
39508 1954
39524 1956
39540 1955
39557 1959
39573 1958
39589 1956
39606 1957
39622 1950
39638 1958
39655 1958
39671 1991
39687 1947
39704 1948
39720 1964
39736 1941
39753 1937
39769 1936
39785 1926
39802 1927
39818 1924
39834 1916
39851 1911
39867 1909
39883 1900
39900 1894
39916 1891
39932 1886
39949 1882
39965 1874
39981 1868
39998 1864
40014 1858
40030 1857
40047 1876
40063 1840
40079 1836
40096 1790
40112 1825
40128 1824
40145 1853
40161 1816
40177 1809
40194 1804
40210 1804
40226 1799
40243 1794
40259 1792
40275 1790
40292 1790
40308 1778
40324 1782
40341 1787
40357 1783
40373 1785
40390 1783
40407 1779
40423 1788
40440 1784
40456 1785
40472 1786
40489 1786
40505 1790
40521 1795
40538 1793
40554 1797
40570 1799
40587 1801
40603 1809
40619 1814
40636 1813
40652 1818
40668 1826
40685 1827
40701 1839
40717 1842
40734 1838
40750 1855
40766 1855
40783 1857
40799 1862
40815 1869
40832 1875
40848 1882
40864 1884
40881 1889
40897 1891
40913 1899
40930 1904
40946 1929
40962 1912
40979 1915
40995 1955
41011 1925
41028 1927
41044 1930
41060 1935
41077 1936
41093 1946
41109 1942
41126 1944
41142 1940
41158 1951
41175 1949
41191 1951
41207 1950
41224 1948
41240 1952
41256 1951
41273 1945
41289 1952
41305 1946
41322 1974
41338 1948
41354 1941
41371 1915
41387 1940
41403 1931
41420 1916
41436 1929
41452 1923
41469 1920
41485 1917
41501 1913
41518 1910
41534 1904
41550 1896
41567 1904
41583 1890
41599 1885
41616 1882
41632 1872
41648 1868
41665 1868
41681 1860
41697 1856
41714 1851
41730 1844
41746 1853
41763 1838
41779 1832
41795 1889
41812 1823
41828 1823
41844 1817
41861 1822
41877 1808
41893 1808
41910 1805
41926 1785
41942 1799
41959 1797
41975 1795
41991 1792
42008 1793
42024 1793
42040 1789
42057 1782
42073 1787
42089 1791
42106 1790
42122 1791
42138 1794
42155 1798
42171 1795
42187 1794
42204 1801
42220 1805
42236 1810
42253 1803
42269 1814
42285 1817
42302 1818
42318 1799
42334 1830
42351 1834
42367 1841
42383 1841
42401 1843
42417 1849
42434 1852
42450 1857
42466 1859
42483 1866
42499 1875
42515 1875
42532 1881
42548 1887
42564 1895
42581 1895
42597 1890
42613 1904
42630 1906
42646 1914
42662 1915
42679 1920
42695 1922
42711 1926
42728 1930
42744 1930
42760 1945
42777 1929
42793 1936
42809 1939
42826 1938
42842 1940
42858 1942
42875 1943
42891 1934
42907 1912
42924 1943
42940 1946
42956 1946
42973 1943
42989 1939
43005 1938
43022 1931
43038 1920
43054 1931
43071 1934
43087 1925
43103 1924
43120 1919
43136 1912
43152 1910
43169 1921
43185 1902
43201 1898
43218 1894
43234 1891
43250 1884
43267 1883
43283 1879
43299 1876
43316 1869
43332 1863
43348 1862
43365 1855
43381 1851
43398 1849
43415 1841
43431 1839
43447 1836
43464 1832
43480 1844
43496 1827
43513 1821
43529 1816
43545 1813
43562 1813
43578 1810
43594 1816
43611 1811
43627 1805
43643 1806
43660 1804
43676 1803
43692 1801
43709 1804
43725 1795
43741 1802
43758 1803
43774 1798
43790 1805
43807 1806
43823 1806
43839 1809
43856 1864
43872 1811
43888 1815
43905 1822
43921 1822
43937 1814
43954 1827
43970 1832
43986 1790
44003 1828
44019 1839
44035 1850
44052 1851
44068 1852
44084 1856
44101 1864
44117 1873
44133 1868
44150 1873
44166 1875
44182 1881
44199 1885
44215 1887
44231 1891
44248 1892
44264 1899
44280 1903
44297 1894
44313 1910
44329 1912
44346 1925
44362 1917
44378 1922
44396 1921
44412 1925
44428 1869
44445 1930
44461 1930
44477 1930
44494 1934
44510 1933
44526 1931
44543 1932
44559 1930
44575 1884
44592 1931
44608 1928
44624 1929
44641 1931
44657 1927
44673 1926
44690 1926
44706 1915
44722 1918
44739 1916
44755 1910
44771 1908
44788 1906
44804 1905
44820 1898
44837 1886
44853 1891
44869 1887
44886 1885
44902 1880
44918 1876
44935 1870
44951 1869
44967 1886
44984 1860
45000 1857
45016 1853
45033 1843
45049 1847
45065 1841
45082 1838
45098 1826
45114 1832
45131 1829
45147 1828
45163 1822
45180 1821
45196 1824
45212 1818
45229 1855
45245 1815
45261 1813
45278 1809
45294 1808
45310 1807
45327 1809
45343 1806
45359 1697
45376 1809
45393 1811
45410 1786
45426 1811
45442 1813
45459 1815
45475 1812
45491 1816
45508 1820
45524 1822
45540 1823
45557 1824
45573 1824
45589 1828
45606 1832
45622 1887
45638 1842
45655 1839
45671 1843
45687 1848
45704 1854
45720 1859
45736 1848
45753 1868
45769 1867
45785 1867
45802 1875
45818 1878
45834 1878
45851 1885
45867 1888
45883 1887
45900 1896
45916 1898
45932 1900
45949 1913
45965 1909
45981 1909
45998 1912
46014 1916
46030 1916
46047 1920
46063 1924
46079 1922
46096 1918
46112 1919
46128 1926
46145 1928
46161 1930
46177 1929
46194 1888
46210 1932
46226 1924
46243 1935
46259 1928
46275 1921
46292 1928
46308 1924
46324 1904
46341 1918
46357 1915
46373 1915
46390 1912
46407 1910
46423 1906
46440 1906
46456 1902
46472 1896
46489 1893
46505 1892
46521 1887
46538 1885
46554 1874
46570 1836
46587 1876
46603 1873
46619 1863
46636 1867
46652 1861
46668 1857
46685 1852
46701 1852
46717 1845
46734 1845
46750 1842
46766 1838
46783 1836
46799 1824
46815 1828
46832 1827
46848 1827
46864 1829
46881 1826
46897 1827
46913 1820
46930 1820
46946 1787
46962 1819
46979 1815
46995 1786
47011 1817
47028 1814
47044 1814
47060 1817
47077 1815
47093 1817
47109 1822
47126 1816
47142 1827
47158 1824
47175 1820
47191 1831
47207 1836
47224 1832
47240 1844
47256 1833
47273 1838
47289 1840
47305 1845
47322 1841
47338 1850
47354 1849
47371 1836
47387 1857
47403 1861
47420 1866
47436 1865
47452 1871
47469 1878
47485 1878
47501 1882
47518 1883
47534 1884
47550 1891
47567 1890
47583 1895
47599 1898
47616 1901
47632 1904
47648 1902
47665 1908
47681 1908
47697 1909
47714 1912
47730 1915
47746 1909
47763 1914
47779 1914
47795 1989
47812 1903
47828 1917
47844 1924
47861 1917
47877 1917
47893 1910
47910 1917
47926 1914
47942 1904
47959 1914
47975 1912
47991 1904
48008 1907
48024 1902
48040 1904
48057 1898
48073 1899
48089 1894
48106 1890
48122 1892
48138 1888
48155 1882
48171 1886
48187 1880
48204 1877
48220 1882
48236 1880
48253 1865
48269 1869
48285 1863
48302 1859
48318 1854
48334 1863
48351 1853
48367 1845
48383 1848
48401 1847
48417 1847
48434 1844
48450 1835
48466 1835
48483 1833
48499 1832
48515 1830
48532 1830
48548 1828
48564 1825
48581 1830
48597 1834
48613 1824
48630 1827
48646 1793
48662 1825
48679 1824
48695 1825
48711 1827
48728 1826
48744 1828
48760 1830
48777 1828
48793 1830
48809 1829
48826 1830
48842 1831
48858 1839
48875 1846
48891 1838
48907 1842
48924 1844
48940 1846
48956 1849
48973 1851
48989 1855
49005 1858
49022 1820
49038 1871
49054 1864
49071 1916
49087 1868
49103 1872
49120 1873
49136 1876
49152 1876
49169 1884
49185 1889
49201 1886
49218 1887
49234 1889
49250 1891
49267 1896
49283 1899
49299 1900
49316 1903
49332 1901
49348 1905
49365 1906
49381 1905
49398 1907
49415 1908
49431 1913
49447 1912
49464 1912
49480 1912
49496 1871
49513 1908
49529 1909
49545 1910
49562 1908
49578 1908
49594 1880
49611 1906
49627 1905
49643 1908
49660 1904
49676 1902
49692 1899
49709 1897
49725 1892
49741 1898
49758 1894
49774 1892
49790 1888
49807 1890
49823 1882
49839 1880
49856 1879
49872 1877
49888 1875
49905 1870
49921 1859
49937 1866
49954 1865
49970 1840
49986 1863
50003 1859
50019 1856
50035 1854
50052 1852
50068 1852
50084 1845
50101 1843
50117 1843
50133 1844
50150 1846
50166 1841
50182 1840
50199 1840
50215 1838
50231 1836
50248 1835
50264 1831
50280 1836
50297 1825
50313 1828
50329 1834
50346 1846
50362 1834
50378 1833
50396 1873
50412 1838
50428 1832
50445 1835
50461 1834
50477 1842
50494 1842
50510 1844
50526 1843
50543 1848
50559 1846
50575 1847
50592 1852
50608 1857
50624 1854
50641 1853
50657 1859
50673 1861
50690 1866
50706 1865
50722 1867
50739 1871
50755 1874
50771 1939
50788 1870
50804 1877
50820 1855
50837 1882
50853 1887
50869 1910
50886 1887
50902 1892
50918 1887
50935 1892
50951 1893
50967 1896
50984 1896
51000 1897
51016 1898
51033 1901
51049 1903
51065 1902
51082 1900
51098 1901
51114 1904
51131 1905
51147 1906
51163 1901
51180 1911
51196 1890
51212 1901
51229 1904
51245 1854
51261 1899
51278 1900
51294 1895
51310 1896
51327 1896
51343 1895
51359 1888
51376 1893
51393 1892
51410 1888
51426 1888
51442 1887
51459 1886
51475 1884
51491 1876
51508 1880
51524 1876
51540 1872
51557 1869
51573 1864
51589 1867
51606 1868
51622 1861
51638 1861
51655 1861
51671 1875
51687 1861
51704 1855
51720 1864
51736 1853
51753 1853
51769 1847
51785 1846
51802 1848
51818 1849
51834 1844
51851 1842
51867 1846
51883 1843
51900 1841
51916 1840
51932 1840
51949 1821
51965 1841
51981 1838
51998 1837
52014 1839
52030 1838
52047 1841
52063 1843
52079 1843
52096 1843
52112 1844
52128 1848
52145 1846
52161 1848
52177 1848
52194 1850
52210 1850
52226 1848
52243 1854
52259 1840
52275 1854
52292 1859
52308 1861
52324 1859
52341 1863
52357 1865
52373 1867
52390 1877
52407 1870
52423 1874
52440 1874
52456 1875
52472 1879
52489 1880
52505 1884
52521 1871
52538 1884
52554 1888
52570 1867
52587 1893
52603 1890
52619 1887
52636 1894
52652 1896
52668 1894
52685 1894
52701 1897
52717 1894
52734 1895
52750 1900
52766 1895
52783 1898
52799 1897
52815 1898
52832 1897
52848 1900
52864 1899
52881 1906
52897 1894
52913 1897
52930 1897
52946 1906
52962 1900
52979 1891
52995 1891
53011 1922
53028 1887
53044 1890
53060 1879
53077 1886
53093 1884
53109 1882
53126 1880
53142 1865
53158 1874
53175 1871
53191 1880
53207 1874
53224 1872
53240 1870
53256 1869
53273 1873
53289 1870
53305 1863
53322 1865
53338 1860
53354 1861
53371 1860
53387 1855
53403 1855
53420 1851
53436 1849
53452 1873
53469 1849
53485 1848
53501 1846
53518 1849
53534 1847
53550 1845
53567 1842
53583 1844
53599 1842
53616 1843
53632 1840
53648 1849
53665 1840
53681 1837
53697 1843
53714 1841
53730 1843
53746 1843
53763 1839
53779 1845
53795 1841
53812 1844
53828 1845
53844 1846
53861 1845
53877 1849
53893 1852
53910 1855
53926 1853
53942 1853
53959 1859
53975 1849
53991 1858
54008 1857
54024 1866
54040 1862
54057 1868
54073 1866
54089 1925
54106 1871
54122 1870
54138 1874
54155 1876
54171 1876
54187 1877
54204 1879
54220 1854
54236 1882
54253 1886
54269 1887
54285 1886
54302 1888
54318 1890
54334 1890
54351 1900
54367 1891
54383 1897
54401 1904
54417 1894
54434 1883
54450 1894
54466 1897
54483 1895
54499 1894
54515 1894
54532 1889
54548 1894
54564 1895
54581 1897
54597 1893
54613 1895
54630 1896
54646 1891
54662 1893
54679 1891
54695 1890
54711 1890
54728 1893
54744 1889
54760 1886
54777 1885
54793 1889
54809 1885
54826 1888
54842 1883
54858 1880
54875 1876
54891 1881
54907 1830
54924 1873
54940 1874
54956 1872
54973 1869
54989 1869
55005 1871
55022 1863
55038 1855
55054 1862
55071 1863
55087 1860
55103 1860
55120 1859
55136 1856
55152 1855
55169 1847
55185 1855
55201 1853
55218 1850
55234 1853
55250 1847
55267 1843
55283 1847
55299 1848
55316 1850
55332 1845
55348 1875
55365 1846
55381 1844
55398 1846
55415 1847
55431 1846
55447 1848
55464 1850
55480 1865
55496 1847
55513 1851
55529 1849
55545 1847
55562 1851
55578 1852
55594 1833
55611 1853
55627 1854
55643 1861
55660 1856
55676 1860
55692 1861
55709 1859
55725 1863
55741 1861
55758 1862
55774 1865
55790 1870
55807 1870
55823 1872
55839 1876
55856 1872
55872 1875
55888 1878
55905 1876
55921 1937
55937 1876
55954 1877
55970 1963
55986 1884
56003 1884
56019 1887
56035 1885
56052 1884
56068 1884
56084 1884
56101 1890
56117 1887
56133 1895
56150 1893
56166 1888
56182 1900
56199 1890
56215 1889
56231 1893
56248 1890
56264 1892
56280 1889
56297 1882
56313 1893
56329 1889
56346 1894
56362 1891
56378 1886
56396 1881
56412 1890
56428 1884
56445 1865
56461 1884
56477 1882
56494 1881
56510 1882
56526 1881
56543 1878
56559 1875
56575 1878
56592 1874
56608 1872
56624 1874
56641 1869
56657 1864
56673 1865
56690 1868
56706 1864
56722 1866
56739 1865
56755 1859
56771 1869
56788 1859
56804 1857
56820 1842
56837 1858
56853 1856
56869 1858
56886 1855
56902 1851
56918 1854
56935 1846
56951 1849
56967 1852
56984 1847
57000 1846
57016 1846
57033 1850
57049 1845
57065 1847
57082 1851
57098 1851
57114 1848
57131 1850
57147 1849
57163 1848
57180 1850
57196 1953
57212 1844
57229 1846
57245 1880
57261 1851
57278 1853
57294 1856
57310 1854
57327 1855
57343 1857
57359 1856
57376 1859
57393 1857
57410 1866
57426 1866
57442 1864
57459 1863
57475 1870
57491 1868
57508 1875
57524 1873
57540 1872
57557 1875
57573 1879
57589 1877
57606 1882
57622 1887
57638 1883
57655 1884
57671 1861
57687 1886
57704 1886
57720 1842
57736 1888
57753 1890
57769 1893
57785 1889
57802 1892
57818 1893
57834 1894
57851 1891
57867 1895
57883 1896
57900 1890
57916 1897
57932 1895
57949 1893
57965 1898
57981 1897
57998 1895
58014 1896
58030 1895
58047 1893
58063 1893
58079 1890
58096 1871
58112 1887
58128 1889
58145 1879
58161 1886
58177 1886
58194 1881
58210 1883
58226 1883
58243 1879
58259 1877
58275 1867
58292 1873
58308 1872
58324 1872
58341 1872
58357 1871
58373 1869
58390 1865
58407 1865
58423 1865
58440 1862
58456 1862
58472 1858
58489 1856
58505 1856
58521 1856
58538 1855
58554 1843
58570 1828
58587 1851
58603 1850
58619 1830
58636 1848
58652 1848
58668 1847
58685 1845
58701 1845
58717 1844
58734 1844
58750 1845
58766 1846
58783 1845
58799 1845
58815 1844
58832 1844
58848 1837
58864 1848
58881 1865
58897 1848
58913 1849
58930 1847
58946 1781
58962 1851
58979 1854
58995 1811
59011 1853
59028 1856
59044 1863
59060 1858
59077 1862
59093 1863
59109 1864
59126 1865
59142 1865
59158 1866
59175 1867
59191 1873
59207 1872
59224 1879
59240 1875
59256 1880
59273 1878
59289 1880
59305 1881
59322 1879
59338 1885
59354 1886
59371 1873
59387 1885
59403 1886
59420 1899
59436 1888
59452 1889
59469 1890
59485 1890
59501 1891
59518 1892
59534 1891
59550 1892
59567 1891
59583 1889
59599 1891
59616 1892
59632 1895
59648 1891
59665 1893
59681 1896
59697 1889
59714 1880
59730 1885
59746 1884
59763 1892
59779 1887
59795 1928
59812 1887
59828 1880
59844 1901
59861 1882
59877 1881
59893 1879
59910 1878
59926 1870
59942 1877
59959 1876
59975 1871
59991 1870
60008 1871
60024 1867
60040 1863
60057 1865
60073 1862
60089 1861
60106 1859
60122 1861
60138 1843
60155 1857
60171 1807
60187 1851
60204 1850
60220 1860
60236 1846
60253 1848
60269 1847
60285 1847
60302 1847
60318 1846
60334 1843
60351 1847
60367 1845
60383 1843
60401 1845
60417 1842
60434 1845
60450 1845
60466 1843
60483 1845
60499 1845
60515 1842
60532 1845
60548 1847
60564 1850
60581 1848
60597 1849
60613 1851
60630 1851
60646 1840
60662 1853
60679 1855
60695 1822
60711 1860
60728 1858
60744 1859
60760 1862
60777 1860
60793 1859
60809 1865
60826 1868
60842 1869
60858 1869
60875 1872
60891 1871
60907 1871
60924 1876
60940 1877
60956 1877
60973 1884
60989 1882
61005 1882
61022 1879
61038 1885
61054 1897
61071 1888
61087 1891
61103 1892
61120 1890
61136 1891
61152 1891
61169 1892
61185 1923
61201 1894
61218 1891
61234 1890
61250 1887
61267 1892
61283 1892
61299 1891
61316 1895
61332 1893
61348 1894
61365 1891
61381 1896
61398 1889
61415 1891
61431 1886
61447 1931
61464 1888
61480 1887
61496 1887
61513 1880
61529 1882
61545 1881
61562 1882
61578 1877
61594 1853
61611 1876
61627 1872
61643 1873
61660 1869
61676 1871
61692 1869
61709 1868
61725 1866
61741 1866
61758 1862
61774 1860
61790 1861
61807 1860
61823 1856
61839 1855
61856 1833
61872 1852
61888 1852
61905 1850
61921 1849
61937 1854
61954 1846
61970 1846
61986 1818
62003 1847
62019 1844
62035 1845
62052 1843
62068 1844
62084 1845
62101 1844
62117 1846
62133 1845
62150 1845
62166 1852
62182 1850
62199 1847
62215 1848
62231 1849
62248 1850
62264 1852
62280 1851
62297 1836
62313 1850
62329 1854
62346 1856
62362 1853
62378 1859
62396 1862
62412 1862
62428 1854
62445 1865
62461 1861
62477 1865
62494 1871
62510 1868
62526 1869
62543 1873
62559 1874
62575 1872
62592 1876
62608 1876
62624 1878
62641 1880
62657 1884
62673 1889
62690 1882
62706 1885
62722 1884
62739 1885
62755 1886
62771 1887
62788 1883
62804 1924
62820 1888
62837 1888
62853 1896
62869 1890
62886 1893
62902 1892
62918 1891
62935 1899
62951 1892
62967 1894
62984 1900
63000 1891
63016 1891
63033 1889
63049 1890
63065 1890
63082 1888
63098 1889
63114 1889
63131 1886
63147 1885
63163 1881
63180 1883
63196 1875
63212 1879
63229 1878
63245 1949
63261 1876
63278 1875
63294 1889
63310 1872
63327 1870
63343 1869
63359 1865
63376 1842
63393 1862
63410 1864
63426 1863
63442 1863
63459 1859
63475 1863
63491 1866
63508 1850
63524 1857
63540 1858
63557 1852
63573 1855
63589 1850
63606 1854
63622 1837
63638 1854
63655 1853
63671 1850
63687 1852
63704 1847
63720 1849
63736 1850
63753 1861
63769 1850
63785 1852
63802 1849
63818 1855
63834 1852
63851 1854
63867 1855
63883 1854
63900 1860
63916 1858
63932 1897
63949 1860
63965 1858
63981 1861
63998 1862
64014 1863
64030 1861
64047 1876
64063 1820
64079 1864
64096 1869
64112 1877
64128 1869
64145 1872
64161 1872
64177 1873
64194 1874
64210 1875
64226 1880
64243 1879
64259 1876
64275 1878
64292 1870
64308 1883
64324 1851
64341 1883
64357 1887
64373 1882
64390 1878
64407 1885
64423 1883
64440 1885
64456 1886
64472 1878
64489 1887
64505 1888
64521 1886
64538 1886
64554 1885
64570 1930
64587 1886
64603 1893
64619 1880
64636 1883
64652 1886
64668 1885
64685 1882
64701 1882
64717 1880
64734 1880
64750 1879
64766 1881
64783 1872
64799 1877
64815 1874
64832 1871
64848 1874
64864 1871
64881 1869
64897 1860
64913 1870
64930 1863
64946 1825
64962 1863
64979 1859
64995 1891
65011 1860
65028 1865
65044 1839
65060 1858
65077 1864
65093 1858
65109 1856
65126 1856
65142 1852
65158 1853
65175 1852
65191 1849
65207 1853
65224 1852
65240 1849
65256 1846
65273 1849
65289 1868
65305 1857
65322 1847
65338 1851
65354 1849
65371 1879
65387 1849
65403 1851
65420 1870
65436 1853
65452 1855
65469 1854
65485 1857
65501 1851
65518 1854
65534 1856
65550 1857
65567 1859
65583 1863
65599 1858
65616 1860
65632 1862
65648 1863
65665 1865
65681 1866
65697 1870
65714 1866
65730 1868
65746 1858
65763 1871
65779 1871
65795 1839
65812 1879
65828 1874
65844 1881
65861 1877
65877 1878
65893 1879
65910 1875
65926 1881
65942 1880
65959 1884
65975 1890
65991 1884
66008 1887
66024 1886
66040 1887
66057 1887
66073 1889
66089 1889
66106 1887
66122 1891
66138 1887
66155 1883
66171 1864
66187 1888
66204 1890
66220 1836
66236 1886
66253 1888
66269 1878
66285 1885
66302 1885
66318 1878
66334 1884
66351 1884
66367 1874
66383 1874
66401 1876
66417 1882
66434 1879
66450 1877
66466 1875
66483 1874
66499 1874
66515 1871
66532 1872
66548 1871
66564 1863
66581 1866
66597 1864
66613 1863
66630 1861
66646 1973
66662 1858
66679 1864
66695 1949
66711 1859
66728 1864
66744 1858
66760 1855
66777 1860
66793 1854
66809 1855
66826 1852
66842 1853
66858 1857
66875 1855
66891 1852
66907 1852
66924 1851
66940 1851
66956 1852
66973 1854
66989 1850
67005 1852
67022 1841
67038 1854
67055 1855
67071 1914
67088 1858
67104 1856
67120 1886
67137 1856
67153 1858
67170 1827
67186 1863
67203 1861
67219 1861
67235 1862
67252 1860
67268 1863
67285 1863
67301 1864
67318 1868
67334 1867
67350 1870
67367 1875
67383 1870
67401 1873
67417 1868
67434 1871
67450 1869
67467 1876
67483 1873
67499 1877
67516 1876
67532 1880
67549 1874
67565 1875
67582 1878
67598 1877
67614 1880
67631 1881
67647 1881
67664 1880
67680 1883
67697 1880
67713 1887
67729 1882
67746 1861
67762 1876
67779 1880
67795 1898
67812 1880
67828 1881
67844 1873
67861 1880
67877 1878
67894 1879
67910 1876
67927 1876
67943 1882
67959 1876
67976 1880
67992 1873
68009 1874
68025 1871
68042 1872
68058 1872
68074 1875
68091 1872
68107 1868
68124 1869
68140 1867
68157 1871
68173 1863
68189 1862
68206 1861
68222 1858
68239 1860
68255 1860
68272 1858
68288 1856
68304 1859
68321 1817
68337 1859
68354 1854
68370 1912
68387 1860
68403 1859
68420 1809
68436 1855
68453 1857
68469 1837
68485 1852
68502 1857
68518 1856
68535 1854
68551 1855
68568 1854
68584 1857
68600 1858
68617 1863
68633 1861
68650 1861
68666 1865
68683 1860
68699 1807
68715 1858
68732 1859
68748 1861
68765 1863
68781 1863
68798 1864
68814 1862
68830 1857
68847 1863
68863 1862
68880 1864
68896 1868
68913 1867
68929 1871
68945 1869
68962 1872
68978 1872
68995 1871
69011 1840
69028 1872
69044 1878
69060 1877
69077 1878
69093 1875
69110 1875
69126 1875
69143 1883
69159 1875
69175 1878
69192 1877
69208 1880
69225 1875
69241 1884
69258 1882
69274 1881
69290 1884
69307 1885
69323 1885
69340 1891
69356 1886
69373 1892
69389 1880
69407 1882
69423 1878
69439 1884
69456 1881
69472 1884
69489 1879
69505 1879
69522 1881
69538 1882
69554 1881
69571 1873
69587 1880
69604 1875
69620 1893
69637 1876
69653 1878
69669 1877
69686 1873
69702 1878
69719 1873
69735 1872
69752 1851
69768 1868
69784 1867
69801 1869
69817 1864
69834 1868
69850 1867
69867 1868
69883 1866
69899 1863
69916 1866
69932 1859
69949 1863
69965 1861
69982 1864
69998 1860
70014 1864
70031 1863
70047 1864
70064 1847
70080 1861
70097 1860
70113 1862
70129 1861
70146 1860
70162 1866
70179 1860
70195 1859
70212 1859
70228 1865
70244 1854
70261 1861
70277 1864
70294 1872
70310 1862
70327 1865
70343 1865
70359 1866
70376 1906
70393 1863
70410 1864
70426 1865
70443 1866
70459 1866
70476 1864
70492 1869
70508 1868
70525 1869
70541 1870
70558 1885
70574 1873
70591 1872
70607 1873
70623 1876
70640 1871
70656 1872
70673 1881
70689 1883
70706 1874
70722 1873
70738 1874
70755 1871
70771 1875
70788 1878
70804 1839
70821 1878
70837 1879
70853 1880
70870 1879
70886 1879
70903 1887
70919 1875
70936 1880
70952 1877
70968 1878
70985 1833
71001 1876
71018 1879
71034 1874
71051 1880
71067 1874
71083 1876
71100 1876
71116 1878
71133 1873
71149 1881
71166 1880
71182 1877
71198 1875
71215 1874
71231 1875
71248 1874
71264 1874
71281 1871
71297 1834
71313 1870
71330 1871
71346 1862
71363 1866
71379 1872
71397 1869
71413 1868
71429 1865
71446 1866
71462 1866
71479 1821
71495 1866
71512 1865
71528 1863
71544 1863
71561 1867
71577 1862
71594 1865
71610 1863
71627 1864
71643 1862
71659 1863
71676 1863
71692 1860
71709 1861
71725 1896
71742 1861
71758 1860
71774 1861
71791 1861
71807 1860
71824 1862
71840 1861
71857 1859
71873 1859
71889 1872
71906 1840
71922 1864
71939 1865
71955 1862
71972 1866
71988 1865
72004 1866
72021 1866
72037 1845
72054 1868
72070 1870
72087 1871
72103 1870
72119 1873
72136 1868
72152 1870
72169 1874
72185 1870
72202 1872
72218 1855
72234 1875
72251 1873
72267 1875
72284 1873
72300 1875
72317 1874
72333 1874
72349 1861
72366 1876
72382 1876
72400 1839
72416 1865
72433 1878
72449 1879
72466 1879
72482 1876
72498 1877
72515 1884
72531 1883
72548 1880
72564 1874
72581 1882
72597 1877
72613 1878
72630 1876
72646 1876
72663 1875
72679 1869
72696 1877
72712 1875
72728 1877
72745 1882
72761 1876
72778 1893
72794 1876
72811 1874
72827 1881
72843 1875
72860 1873
72876 1874
72893 1870
72909 1869
72926 1863
72942 1872
72958 1850
72975 1865
72991 1870
73008 1863
73024 1868
73041 1857
73057 1868
73073 1870
73090 1926
73106 1865
73123 1865
73139 1865
73156 1866
73172 1867
73188 1862
73205 1863
73221 1865
73238 1861
73254 1860
73271 1830
73287 1863
73303 1861
73320 1863
73336 1864
73353 1876
73369 1870
73386 1865
73403 1863
73420 1868
73436 1867
73452 1865
73469 1865
73485 1864
73502 1862
73518 1863
73535 1863
73551 1864
73567 1867
73584 1864
73600 1863
73617 1863
73633 1867
73650 1865
73666 1870
73682 1865
73699 1865
73715 1865
73732 1868
73748 1866
73765 1867
73781 1865
73797 1868
73814 1866
73830 1871
73847 1867
73863 1865
73880 1870
73896 1909
73912 1868
73929 1867
73945 1911
73962 1868
73978 1871
73995 1828
74011 1869
74027 1872
74044 1889
74060 1869
74077 1869
74093 1873
74110 1871
74126 1873
74142 1869
74159 1874
74175 1874
74192 1877
74208 1874
74225 1871
74241 1872
74257 1875
74274 1865
74290 1875
74307 1874
74323 1872
74340 1876
74356 1877
74372 1875
74389 1874
74406 1876
74423 1874
74439 1873
74456 1876
74472 1871
74489 1874
74505 1872
74521 1874
74538 1873
74554 1873
74571 1879
74587 1869
74604 1875
74620 1854
74636 1874
74653 1872
74669 1869
74686 1872
74702 1872
74719 1873
74735 1873
74751 1874
74768 1873
74784 1873
74801 1870
74817 1866
74834 1873
74850 1872
74866 1872
74883 1876
74899 1874
74916 1877
74932 1871
74949 1872
74965 1873
74981 1871
74998 1873
75014 1871
75031 1870
75047 1870
75064 1866
75080 1871
75096 1868
75113 1872
75129 1872
75146 1834
75162 1868
75179 1872
75195 1921
75211 1870
75228 1872
75244 1867
75261 1870
75277 1869
75294 1866
75310 1867
75326 1866
75343 1871
75359 1865
75376 1867
75393 1867
75410 1867
75426 1865
75443 1867
75459 1868
75475 1865
75492 1868
75508 1871
75525 1872
75541 1862
75558 1869
75574 1868
75590 1867
75607 1868
75623 1867
75640 1868
75656 1867
75673 1868
75689 1867
75705 1868
75722 1869
75738 1867
75755 1867
75771 1871
75788 1868
75804 1870
75820 1891
75837 1870
75853 1873
75870 1818
75886 1871
75903 1866
75919 1872
75935 1871
75952 1871
75968 1874
75985 1871
76001 1872
76018 1871
76034 1870
76050 1872
76067 1859
76083 1871
76100 1868
76116 1867
76133 1870
76149 1873
76165 1865
76182 1870
76198 1868
76215 1873
76231 1873
76248 1871
76264 1871
76280 1873
76297 1871
76313 1871
76330 1871
76346 1876
76363 1871
76379 1871
76397 1868
76413 1871
76429 1871
76446 1852
76462 1873
76479 1871
76495 1908
76512 1875
76528 1870
76544 1870
76561 1871
76577 1873
76594 1871
76610 1870
76627 1870
76643 1869
76659 1872
76676 1870
76692 1870
76709 1869
76725 1868
76742 1870
76758 1872
76774 1869
76791 1864
76807 1870
76824 1870
76840 1867
76857 1870
76873 1868
76889 1867
76906 1869
76922 1868
76939 1869
76955 1866
76972 1865
76988 1868
77004 1865
77021 1909
77037 1864
77054 1867
77070 1869
77087 1867
77103 1865
77119 1839
77136 1866
77152 1866
77169 1867
77185 1866
77202 1863
77218 1871
77234 1858
77251 1864
77267 1864
77284 1864
77300 1866
77317 1858
77333 1870
77349 1865
77366 1864
77382 1866
77400 1869
77416 1872
77433 1866
77449 1871
77465 1866
77482 1868
77498 1866
77515 1867
77531 1870
77548 1865
77564 1871
77580 1870
77597 1869
77613 1869
77630 1870
77646 1871
77663 1871
77679 1872
77695 1870
77712 1875
77728 1875
77745 1876
77761 1875
77778 1755
77794 1874
77810 1880
77827 1876
77843 1877
77860 1875
77876 1878
77893 1878
77909 1879
77925 1876
77942 1877
77958 1871
77975 1876
77991 1879
78008 1881
78024 1882
78040 1879
78057 1881
78073 1880
78090 1836
78106 1879
78123 1881
78139 1880
78155 1879
78172 1881
78188 1868
78205 1881
78221 1877
78238 1876
78254 1878
78270 1907
78287 1876
78303 1874
78320 1878
78336 1874
78353 1875
78369 1876
78385 1866
78403 1872
78420 1872
78436 1870
78452 1857
78469 1870
78485 1869
78502 1871
78518 1869
78535 1868
78551 1868
78567 1864
78584 1866
78600 1864
78617 1864
78633 1865
78650 1864
78666 1864
78682 1864
78699 1812
78715 1861
78732 1866
78748 1849
78765 1862
78781 1861
78797 1864
78814 1861
78830 1856
78847 1859
78863 1860
78880 1859
78896 1860
78912 1859
78929 1861
78945 1859
78962 1859
78978 1860
78995 1864
79011 1830
79027 1860
79044 1861
79060 1860
79077 1863
79093 1866
79110 1864
79126 1867
79142 1868
79159 1866
79175 1865
79192 1867
79208 1865
79225 1864
79241 1866
79257 1866
79274 1868
79290 1867
79307 1868
79323 1876
79340 1869
79356 1868
79372 1874
79389 1873
79406 1874
79423 1873
79439 1874
79456 1878
79472 1875
79489 1878
79505 1874
79521 1876
79538 1875
79554 1876
79571 1829
79587 1877
79604 1877
79620 1892
79636 1872
79653 1879
79669 1882
79686 1878
79702 1878
79719 1878
79735 1875
79751 1856
79768 1877
79784 1878
79801 1873
79817 1878
79834 1876
79850 1874
79866 1875
79883 1874
79899 1872
79916 1872
79932 1877
79949 1875
79965 1878
79981 1869
79998 1867
80014 1872
80031 1870
80047 1872
80064 1853
80080 1874
80096 1868
80113 1871
80129 1867
80146 1863
80162 1866
80179 1865
80195 1867
80211 1864
80228 1866
80244 1860
80261 1865
80277 1853
80294 1865
80310 1860
80326 1857
80343 1868
80359 1863
80376 1919
80393 1859
80410 1856
80426 1875
80442 1868
80459 1859
80475 1861
80492 1858
80508 1856
80525 1859
80541 1859
80557 1861
80574 1856
80590 1863
80607 1858
80623 1860
80640 1861
80656 1858
80672 1813
80689 1860
80705 1859
80722 1860
80738 1862
80755 1863
80771 1860
80787 1864
80804 1850
80820 1862
80837 1863
80853 1865
80870 1868
80886 1874
80902 1863
80919 1871
80935 1872
80952 1868
80968 1872
80985 1830
81001 1875
81017 1871
81034 1872
81050 1872
81067 1872
81083 1876
81100 1875
81116 1871
81132 1874
81149 1876
81165 1876
81182 1878
81198 1875
81215 1880
81231 1880
81247 1877
81264 1881
81280 1877
81297 1891
81313 1880
81330 1880
81346 1880
81362 1876
81379 1879
81396 1879
81413 1876
81429 1878
81446 1880
81462 1879
81479 1827
81495 1876
81511 1874
81528 1877
81544 1876
81561 1876
81577 1876
81594 1878
81610 1876
81626 1871
81643 1877
81659 1875
81676 1873
81692 1871
81709 1863
81725 1902
81741 1870
81758 1870
81774 1864
81791 1869
81807 1869
81824 1870
81840 1868
81856 1861
81873 1865
81889 1866
81906 1839
81922 1863
81939 1860
81955 1860
81971 1861
81988 1861
82004 1860
82021 1861
82037 1830
82054 1859
82070 1854
82086 1857
82103 1860
82119 1859
82136 1857
82152 1859
82169 1856
82185 1860
82201 1858
82218 1839
82234 1856
82251 1858
82267 1859
82284 1861
82300 1857
82316 1862
82333 1858
82349 1861
82366 1856
82382 1861
82400 1864
82416 1862
82433 1862
82449 1866
82465 1864
82482 1864
82498 1866
82515 1857
82531 1866
82548 1865
82564 1863
82580 1870
82597 1867
82613 1871
82630 1870
82646 1870
82663 1871
82679 1871
82695 1924
82712 1871
82728 1872
82745 1823
82761 1875
82778 1875
82794 1876
82810 1880
82827 1876
82843 1880
82860 1878
82876 1876
82893 1877
82909 1879
82925 1879
82942 1883
82958 1879
82975 1879
82991 1880
83008 1879
83024 1880
83040 1880
83057 1878
83073 1881
83090 1879
83106 1889
83123 1865
83139 1879
83155 1877
83172 1879
83188 1877
83205 1877
83221 1873
83238 1876
83254 1873
83270 1894
83287 1872
83303 1870
83320 1828
83336 1870
83353 1870
83369 1878
83385 1870
83403 1869
83419 1844
83436 1869
83452 1872
83469 1896
83485 1868
83502 1864
83518 1862
83534 1868
83551 1866
83567 1868
83584 1866
83600 1864
83617 1862
83633 1862
83649 1859
83666 1862
83682 1863
83699 1862
83715 1861
83732 1863
83748 1863
83764 1864
83781 1862
83797 1859
83814 1863
83830 1863
83847 1862
83863 1859
83879 1863
83896 1907
83912 1864
83929 1862
83945 1906
83962 1864
83978 1864
83994 1823
84011 1866
84027 1867
84044 1883
84060 1867
84077 1868
84093 1869
84109 1862
84126 1865
84142 1867
84159 1871
84175 1872
84192 1864
84208 1868
84224 1873
84241 1870
84257 1872
84274 1872
84290 1872
84307 1873
84323 1872
84339 1874
84356 1869
84372 1874
84389 1875
84406 1876
84423 1876
84439 1874
84455 1876
84472 1875
84488 1875
84505 1872
84521 1876
84538 1875
84554 1873
84570 1852
84587 1873
84603 1875
84620 1918
84636 1874
84653 1875
84669 1867
84685 1874
84702 1871
84718 1874
84735 1874
84751 1870
84768 1872
84784 1871
84800 1868
84817 1869
84833 1872
84850 1868
84866 1870
84883 1866
84899 1864
84915 1870
84932 1861
84948 1868
84965 1864
84981 1868
84998 1865
85014 1863
85030 1862
85047 1858
85063 1865
85080 1858
85096 1859
85113 1862
85129 1862
85145 1809
85162 1860
85178 1857
85195 1915
85211 1860
85228 1857
85244 1860
85260 1860
85277 1857
85293 1861
85310 1862
85326 1861
85343 1865
85359 1862
85375 1861
85393 1858
85409 1864
85426 1860
85442 1864
85459 1863
85475 1865
85492 1864
85508 1860
85524 1866
85541 1863
85557 1864
85574 1864
85590 1868
85607 1867
85623 1867
85639 1869
85656 1867
85672 1870
85689 1866
85705 1884
85722 1867
85738 1869
85754 1868
85771 1835
85787 1871
85804 1871
85820 1844
85837 1870
85853 1873
85869 1921
85886 1876
85902 1876
85919 1873
85935 1875
85952 1879
85968 1878
85984 1875
86001 1877
86017 1884
86034 1879
86050 1878
86067 1876
86083 1878
86099 1876
86116 1875
86132 1873
86149 1880
86165 1875
86182 1876
86198 1876
86214 1877
86231 1877
86247 1876
86264 1875
86280 1876
86297 1878
86313 1876
86329 1878
86346 1848
86362 1873
86379 1872
86396 1873
86413 1875
86429 1871
86445 1867
86462 1869
86478 1870
86495 1869
86511 1871
86528 1873
86544 1866
86560 1869
86577 1865
86593 1868
86610 1868
86626 1867
86643 1861
86659 1864
86675 1863
86692 1864
86708 1859
86725 1835
86741 1862
86758 1863
86774 1867
86790 1860
86807 1862
86823 1860
86840 1862
86856 1863
86873 1862
86889 1864
86905 1860
86922 1862
86938 1865
86955 1866
86971 1863
86988 1862
87004 1861
87020 1864
87037 1844
87053 1865
87070 1862
87086 1863
87103 1865
87119 1865
87135 1864
87152 1866
87168 1869
87185 1869
87201 1867
87218 1892
87234 1869
87250 1869
87267 1874
87283 1871
87300 1868
87316 1871
87333 1873
87349 1860
87365 1874
87382 1872
87399 1873
87416 1872
87432 1872
87449 1872
87465 1873
87482 1874
87498 1873
87514 1871
87531 1875
87547 1876
87564 1878
87580 1877
87597 1866
87613 1875
87629 1872
87646 1867
87662 1875
87679 1874
87695 1875
87712 1874
87728 1872
87744 1870
87761 1870
87777 1899
87794 1878
87810 1873
87827 1874
87843 1872
87859 1868
87876 1870
87892 1872
87909 1868
87925 1869
87942 1872
87958 1872
87974 1869
87991 1867
88007 1865
88024 1865
88040 1864
88057 1865
88073 1862
88089 1749
88106 1863
88122 1862
88139 1859
88155 1861
88172 1862
88188 1860
88204 1863
88221 1864
88237 1863
88254 1859
88270 1851
88287 1859
88303 1858
88319 1862
88336 1861
88352 1858
88369 1863
88385 1859
88403 1855
88419 1861
88436 1860
88452 1871
88468 1863
88485 1862
88501 1865
88518 1863
88534 1863
88551 1862
88567 1862
88583 1863
88600 1863
88616 1863
88633 1865
88649 1866
88666 1865
88682 1868
88698 1922
88715 1871
88731 1867
88748 1871
88764 1870
88781 1884
88797 1872
88813 1871
88830 1868
88846 1871
88863 1872
88879 1875
88896 1875
88912 1877
88928 1874
88945 1874
88961 1878
88978 1873
88994 1875
89011 1823
89027 1878
89043 1879
89060 1878
89076 1872
89093 1877
89109 1876
89126 1877
89142 1871
89158 1875
89175 1876
89191 1877
89208 1873
89224 1875
89241 1875
89257 1878
89273 1874
89290 1875
89306 1875
89323 1840
89339 1875
89356 1870
89372 1875
89388 1874
89406 1879
89422 1873
89439 1873
89455 1875
89472 1870
89488 1873
89505 1872
89521 1872
89537 1870
89554 1869
89570 1770
89587 1868
89603 1872
89620 1857
89636 1867
89652 1864
89669 1861
89685 1867
89702 1868
89718 1865
89735 1867
89751 1912
89767 1865
89784 1867
89800 1869
89817 1864
89833 1862
89850 1863
89866 1866
89882 1865
89899 1865
89915 1861
89932 1877
89948 1862
89965 1864
89981 1867
89997 1863
90014 1863
90030 1865
90047 1865
90063 1844
90080 1865
90096 1864
90112 1867
90129 1865
90145 1868
90162 1868
90178 1869
90195 1866
90211 1865
90227 1868
90244 1875
90260 1866
90277 1868
90293 1872
90310 1874
90326 1869
90342 1870
90359 1875
90375 1854
90393 1872
90409 1875
90426 1882
90442 1875
90459 1872
90475 1871
90491 1878
90508 1869
90524 1875
90541 1875
90557 1875
90574 1875
90590 1873
90606 1874
90623 1874
90639 1875
90656 1878
90672 1924
90689 1874
90705 1878
90721 1878
90738 1875
90754 1876
90771 1876
90787 1875
90804 1858
90820 1876
90836 1875
90853 1879
90869 1874
90886 1876
90902 1875
90919 1879
90935 1876
90951 1875
90968 1864
90984 1826
91001 1873
91017 1871
91034 1873
91050 1869
91066 1866
91083 1869
91099 1867
91116 1842
91132 1868
91149 1870
91165 1864
91181 1867
91198 1865
91214 1865
91231 1866
91247 1865
91264 1867
91280 1866
91296 1862
91313 1866
91329 1863
91346 1862
91362 1863
91379 1862
91396 1866
91413 1864
91429 1860
91445 1860
91462 1860
91478 1859
91495 1857
91511 1858
91528 1862
91544 1861
91560 1862
91577 1862
91593 1856
91610 1864
91626 1861
91643 1865
91659 1864
91675 1868
91692 1860
91708 1864
91725 1864
91741 1862
91758 1863
91774 1849
91790 1855
91807 1866
91823 1866
91840 1865
91856 1868
91873 1868
91889 1871
91905 1868
91922 1869
91938 1874
91955 1873
91971 1871
91988 1875
92004 1875
92020 1855
92037 1875
92053 1873
92070 1890
92086 1875
92103 1873
92119 1874
92135 1875
92152 1876
92168 1875
92185 1877
92201 1877
92218 1874
92234 1887
92250 1878
92267 1879
92283 1879
92300 1879
92316 1879
92333 1880
92349 1872
92365 1879
92382 1877
92399 1876
92416 1870
92432 1877
92449 1878
92465 1879
92482 1872
92498 1873
92514 1877
92531 1879
92547 1873
92564 1856
92580 1867
92597 1875
92613 1875
92629 1872
92646 1876
92662 1870
92679 1871
92695 1875
92712 1871
92728 1869
92744 1821
92761 1870
92777 1867
92794 1884
92810 1868
92827 1870
92843 1872
92859 1869
92876 1867
92892 1864
92909 1866
92925 1863
92942 1862
92958 1862
92974 1864
92991 1857
93007 1864
93024 1864
93040 1862
93057 1861
93073 1861
93089 1861
93106 1861
93122 1864
93139 1859
93155 1864
93172 1864
93188 1858
93204 1863
93221 1870
93237 1863
93254 1864
93270 1852
93287 1864
93303 1864
93319 1880
93336 1863
93352 1878
93369 1878
93385 1867
93403 1863
93419 1839
93436 1867
93452 1865
93468 1864
93485 1871
93501 1868
93518 1867
93534 1869
93551 1868
93567 1874
93583 1869
93600 1870
93616 1872
93633 1870
93649 1868
93666 1864
93682 1866
93698 1868
93715 1871
93731 1870
93748 1871
93764 1872
93781 1875
93797 1872
93813 1873
93830 1871
93846 1873
93863 1875
93879 1873
93896 1941
93912 1873
93928 1872
93945 1895
93961 1872
93978 1870
93994 1842
94011 1871
94027 1870
94043 1871
94060 1871
94076 1871
94093 1870
94109 1873
94126 1871
94142 1875
94158 1871
94175 1872
94191 1873
94208 1870
94224 1871
94241 1872
94257 1871
94273 1872
94290 1868
94306 1866
94323 1870
94339 1870
94356 1867
94372 1870
94388 1862
94406 1868
94422 1869
94439 1873
94455 1859
94472 1871
94488 1871
94505 1869
94521 1864
94537 1866
94554 1869
94570 1907
94587 1866
94603 1863
94620 1838
94636 1867
94652 1865
94669 1865
94685 1867
94702 1868
94718 1878
94735 1867
94751 1866
94767 1869
94784 1869
94800 1871
94817 1868
94833 1872
94850 1873
94866 1870
94882 1871
94899 1871
94915 1869
94932 1870
94948 1871
94965 1869
94981 1870
94997 1869
95014 1872
95030 1870
95047 1877
95063 1873
95080 1876
95096 1869
95112 1873
95129 1875
95145 1883
95162 1873
95178 1877
95195 1883
95211 1873
95227 1872
95244 1869
95260 1873
95277 1874
95293 1873
95310 1873
95326 1874
95342 1878
95359 1872
95375 1875
95393 1871
95409 1877
95426 1872
95442 1874
95459 1869
95475 1859
95491 1872
95508 1875
95524 1875
95541 1868
95557 1870
95574 1866
95590 1867
95606 1871
95623 1870
95639 1871
95656 1875
95672 1843
95689 1870
95705 1869
95721 1866
95738 1870
95754 1866
95771 1869
95787 1868
95804 1870
95820 1869
95836 1867
95853 1867
95869 1867
95886 1865
95902 1868
95919 1869
95935 1865
95951 1866
95968 1868
95984 1855
96001 1859
96017 1862
96034 1867
96050 1849
96066 1868
96083 1867
96099 1836
96116 1863
96132 1866
96149 1843
96165 1865
96181 1863
96198 1862
96214 1863
96231 1864
96247 1867
96264 1870
96280 1867
96296 1865
96313 1862
96329 1864
96346 1867
96362 1868
96379 1867
96396 1870
96412 1864
96429 1871
96445 1876
96462 1868
96478 1869
96495 1867
96511 1869
96527 1867
96544 1868
96560 1868
96577 1870
96593 1874
96610 1866
96626 1874
96642 1875
96659 1872
96675 1881
96692 1871
96708 1874
96725 1836
96741 1874
96757 1874
96774 1877
96790 1872
96807 1869
96823 1872
96840 1870
96856 1875
96872 1873
96889 1871
96905 1900
96922 1873
96938 1873
96955 1878
96971 1868
96987 1874
97004 1871
97020 1873
97037 1852
97053 1873
97070 1870
97086 1865
97102 1878
97119 1868
97135 1867
97152 1872
97168 1868
97185 1864
97201 1868
97217 1918
97234 1869
97250 1872
97267 1865
97283 1871
97300 1873
97316 1869
97332 1868
97349 1883
97365 1870
97382 1869
97399 1868
97416 1868
97432 1867
97449 1866
97465 1866
97481 1864
97498 1866
97514 1867
97531 1869
97547 1868
97564 1864
97580 1868
97596 1869
97613 1865
97629 1867
97646 1863
97662 1866
97679 1869
97695 1866
97711 1870
97728 1880
97744 1866
97761 1866
97777 1853
97794 1870
97810 1870
97826 1873
97843 1870
97859 1872
97876 1868
97892 1872
97909 1874
97925 1866
97941 1873
97958 1875
97974 1870
97991 1874
98007 1875
98024 1876
98040 1876
98056 1874
98073 1873
98089 1792
98106 1872
98122 1876
98139 1874
98155 1875
98171 1879
98188 1877
98204 1875
98221 1877
98237 1871
98254 1874
98270 1901
98286 1877
98303 1876
98319 1879
98336 1874
98352 1878
98369 1873
98385 1874
98403 1875
98419 1874
98435 1872
98452 1877
98468 1871
98485 1879
98501 1873
98518 1875
98534 1871
98550 1875
98567 1869
98583 1871
98600 1868
98616 1869
98633 1872
98649 1870
98665 1869
98682 1869
98698 1897
98715 1865
98731 1867
98748 1865
98764 1866
98780 1866
98797 1866
98813 1869
98830 1855
98846 1865
98863 1864
98879 1870
98895 1865
98912 1864
98928 1864
98945 1864
98961 1864
98978 1863
98994 1866
99010 1812
99027 1863
99043 1863
99060 1859
99076 1863
99093 1864
99109 1866
99125 1864
99142 1859
99158 1860
99175 1866
99191 1856
99208 1866
99224 1865
99240 1868
99257 1866
99273 1868
99290 1870
99306 1868
99323 1834
99339 1861
99355 1866
99372 1865
99388 1868
99406 1869
99422 1869
99439 1869
99455 1866
99472 1870
99488 1872
99504 1873
99521 1870
99537 1870
99554 1873
99570 1833
99587 1876
99603 1874
99619 1847
99636 1872
99652 1873
99669 1871
99685 1871
99702 1873
99718 1874
99734 1874
99751 1885
99767 1876
99784 1873
99800 1872
99817 1883
99833 1873
99849 1876
99866 1875
99882 1881
99899 1872
99915 1876
99932 1895
99948 1874
99964 1876
99981 1871
99997 1873
100014 1873
100030 1877
100047 1871
100063 1859
100079 1873
100096 1871
100112 1849
100129 1869
100145 1870
100162 1874
100178 1868
100194 1868
100211 1873
100227 1871
100244 1869
100260 1868
100277 1867
100293 1864
100309 1867
100326 1865
100342 1865
100359 1866
100375 1864
100393 1867
100409 1861
100426 1863
100442 1871
100458 1864
100475 1860
100491 1864
100508 1859
100524 1858
100541 1863
100557 1859
100573 1860
100590 1862
100606 1860
100623 1861
100639 1859
100656 1862
100672 1864
100689 1862
100705 1861
100721 1863
100738 1855
100754 1861
100770 1842
100786 1865
100803 1867
100819 1819
100835 1864
100852 1855
100868 1864
100884 1872
100900 1868
100917 1868
100933 1863
100949 1867
100966 1868
100982 1864
100998 1867
101014 1867
101031 1870
101047 1870
101063 1871
101080 1869
101096 1869
101112 1869
101128 1871
101145 1860
101161 1858
101177 1876
101194 1868
101210 1876
101226 1872
101242 1875
101259 1875
101275 1875
101291 1879
101308 1876
101324 1876
101340 1878
101356 1871
101373 1875
101389 1876
101406 1874
101423 1876
101439 1877
101455 1879
101471 1878
101488 1879
101504 1877
101520 1874
101537 1876
101553 1876
101569 1842
101585 1875
101602 1875
101618 1878
101634 1874
101651 1875
101667 1868
101683 1871
101699 1873
101716 1877
101732 1872
101748 1872
101765 1871
101781 1870
101797 1870
101813 1869
101830 1870
101846 1869
101862 1870
101879 1867
101895 1892
101911 1865
101927 1869
101944 1865
101960 1866
101976 1863
101993 1857
102009 1865
102025 1862
102041 1860
102058 1861
102074 1862
102090 1862
102107 1861
102123 1859
102139 1859
102155 1858
102172 1862
102188 1862
102204 1857
102221 1864
102237 1859
102253 1861
102269 1925
102286 1863
102302 1862
102318 1850
102335 1866
102351 1861
102367 1863
102383 1863
102401 1863
102417 1864
102433 1862
102450 1862
102466 1864
102482 1866
102499 1861
102515 1865
102531 1867
102547 1865
102564 1865
102580 1869
102596 1870
102613 1873
102629 1865
102645 1762
102661 1870
102678 1870
102694 1954
102710 1872
102727 1870
102743 1872
102759 1872
102775 1873
102792 1875
102808 1872
102824 1873
102841 1869
102857 1873
102873 1875
102889 1871
102906 1875
102922 1873
102938 1879
102955 1875
102971 1876
102987 1875
103003 1882
103020 1853
103036 1878
103052 1877
103069 1881
103085 1878
103101 1879
103117 1881
103134 1880
103150 1879
103166 1873
103183 1877
103199 1873
103215 1875
103231 1881
103248 1873
103264 1876
103280 1874
103297 1875
103313 1875
103329 1874
103345 1864
103362 1872
103378 1873
103395 1896
103412 1870
103428 1870
103444 1820
103461 1871
103477 1871
103493 1869
103509 1869
103526 1869
103542 1867
103558 1870
103575 1866
103591 1867
103607 1866
103623 1871
103640 1868
103656 1865
103672 1866
103689 1863
103705 1867
103721 1863
103737 1867
103754 1864
103770 1841
103786 1866
103803 1866
103819 1843
103835 1865
103851 1870
103868 1865
103884 1865
103900 1867
103917 1867
103933 1865
103949 1861
103965 1863
103982 1865
103998 1865
104014 1871
104031 1866
104047 1867
104063 1868
104079 1862
104096 1874
104112 1868
104128 1869
104145 1862
104161 1862
104177 1866
104193 1876
104210 1870
104226 1871
104242 1865
104259 1868
104275 1872
104291 1869
104307 1872
104324 1873
104340 1868
104356 1875
104373 1860
104389 1871
104406 1874
104423 1866
104439 1874
104455 1871
104471 1869
104488 1874
104504 1874
104520 1874
104537 1874
104553 1875
104569 1880
104585 1884
104602 1876
104618 1874
104634 1875
104651 1873
104667 1872
104683 1872
104699 1830
104716 1871
104732 1871
104748 1871
104765 1873
104781 1868
104797 1869
104813 1870
104830 1859
104846 1865
104862 1869
104879 1869
104895 1869
104911 1866
104927 1865
104944 1868
104960 1861
104976 1865
104993 1868
105009 1864
105025 1865
105041 1865
105058 1862
105074 1863
105090 1861
105107 1864
105123 1862
105139 1866
105155 1862
105172 1859
105188 1863
105204 1862
105221 1865
105237 1864
105253 1862
105269 1847
105286 1861
105302 1862
105318 1861
105335 1864
105351 1864
105367 1862
105383 1873
105401 1847
105417 1866
105433 1865
105450 1862
105466 1856
105482 1866
105499 1864
105515 1868
105531 1866
105547 1867
105564 1869
105580 1870
105596 1862
105613 1867
105629 1872
105645 1869
105661 1870
105678 1871
105694 1875
105710 1870
105727 1870
105743 1872
105759 1868
105775 1851
105792 1871
105808 1871
105824 1872
105841 1871
105857 1875
105873 1871
105889 1873
105906 1865
105922 1873
105938 1871
105955 1873
105971 1875
105987 1873
106003 1875
106020 1877
106036 1846
106052 1875
106069 1875
106085 1872
106101 1877
106117 1880
106134 1873
106150 1875
106166 1968
106183 1874
106199 1875
106215 1869
106231 1874
106248 1873
106264 1873
106280 1872
106297 1846
106313 1873
106329 1892
106345 1880
106362 1889
106378 1875
106395 1874
106412 1869
106428 1880
106444 1875
106460 1871
106477 1864
106493 1877
106509 1871
106526 1868
106542 1869
106558 1868
106574 1867
106591 1863
106607 1867
106623 1864
106640 1865
106656 1862
106672 1914
106688 1865
106705 1862
106721 1865
106737 1870
106754 1865
106770 1867
106786 1864
106802 1825
106819 1865
106835 1866
106851 1866
106868 1865
106884 1864
106900 1864
106916 1865
106933 1887
106949 1868
106965 1866
106982 1860
106998 1868
107014 1866
107030 1868
107047 1866
107063 1834
107079 1867
107096 1874
107112 1862
107128 1869
107144 1868
107161 1869
107177 1870
107193 1859
107210 1871
107226 1870
107242 1867
107258 1872
107275 1872
107291 1874
107307 1878
107324 1871
107340 1871
107356 1873
107372 1873
107389 1871
107406 1871
107422 1876
107439 1874
107455 1877
107471 1875
107488 1876
107504 1870
107520 1874
107536 1876
107553 1874
107569 1962
107585 1875
107602 1875
107618 1872
107634 1873
107650 1872
107667 1873
107683 1875
107699 1831
107716 1873
107732 1872
107748 1876
107764 1870
107781 1871
107797 1872
107813 1867
107830 1871
107846 1872
107862 1869
107878 1871
107895 1870
107911 1870
107927 1870
107944 1867
107960 1863
107976 1866
107992 1868
108009 1863
108025 1863
108041 1866
108058 1866
108074 1866
108090 1863
108106 1864
108123 1859
108139 1862
108155 1861
108172 1863
108188 1863
108204 1862
108220 1862
108237 1862
108253 1862
108269 1852
108286 1868
108302 1862
108318 1860
108334 1858
108351 1862
108367 1861
108383 1864
108401 1834
108417 1861
108433 1862
108450 1859
108466 1861
108482 1861
108498 1861
108515 1862
108531 1863
108547 1862
108564 1861
108580 1866
108596 1869
108612 1864
108629 1867
108645 1866
108661 1868
108678 1868
108694 1865
108710 1873
108726 1871
108743 1869
108759 1873
108775 1849
108792 1873
108808 1871
108824 1875
108840 1875
108857 1870
108873 1867
108889 1871
108906 1875
108922 1872
108938 1874
108954 1876
108971 1874
108987 1881
109003 1875
109020 1877
109036 1915
109052 1876
109068 1878
109085 1881
109101 1875
109117 1875
109134 1876
109150 1877
109166 1876
109182 1874
109199 1876
109215 1876
109231 1873
109248 1878
109264 1873
109280 1872
109296 1874
109313 1876
109329 1873
109345 1877
109362 1853
109378 1874
109395 1877
109412 1853
109428 1872
109444 1871
109460 1883
109477 1876
109493 1870
109509 1870
109526 1870
109542 1870
109558 1870
109574 1869
109591 1865
109607 1871
109623 1867
109640 1868
109656 1867
109672 1868
109688 1865
109705 1866
109721 1864
109737 1865
109754 1867
109770 1866
109786 1865
109802 1865
109819 1843
109835 1863
109851 1865
109868 1865
109884 1866
109900 1863
109916 1872
109933 1867
109949 1864
109965 1866
109982 1861
109998 1864
110014 1863
110030 1859
110047 1865
110063 1863
110079 1867
110096 1865
110112 1866
110128 1857
110144 1877
110161 1870
110177 1869
110193 1905
110210 1870
110226 1867
110242 1870
110258 1870
110275 1871
110291 1871
110307 1873
110324 1874
110340 1872
110356 1875
110372 1874
110389 1872
110406 1875
110422 1873
110439 1875
110455 1873
110471 1874
110487 1878
110504 1874
110520 1879
110536 1878
110553 1877
110569 1871
110585 1877
110601 1878
110618 1880
110634 1877
110650 1878
110667 1879
110683 1878
110699 1878
110715 1883
110732 1875
110748 1875
110764 1876
110781 1878
110797 1875
110813 1875
110829 1875
110846 1881
110862 1873
110878 1876
110895 1904
110911 1873
110927 1868
110943 1872
110960 1866
110976 1873
110992 1873
111009 1874
111025 1871
111041 1873
111057 1870
111074 1869
111090 1870
111106 1867
111123 1866
111139 1867
111155 1867
111171 1861
111188 1865
111204 1867
111220 1884
111237 1866
111253 1864
111269 1907
111285 1864
111302 1860
111318 1867
111334 1863
111351 1854
111367 1863
111383 1860
111401 1863
111417 1864
111433 1861
111449 1861
111466 1862
111482 1862
111498 1863
111515 1859
111531 1861
111547 1862
111563 1859
111580 1859
111596 1859
111612 1862
111629 1863
111645 1811
111661 1860
111677 1863
111694 1873
111710 1870
111726 1864
111743 1868
111759 1865
111775 1867
111791 1863
111808 1870
111824 1867
111840 1870
111857 1869
111873 1869
111889 1869
111905 1870
111922 1872
111938 1871
111954 1873
111971 1872
111987 1875
112003 1875
112019 1835
112036 1873
112052 1876
112068 1859
112085 1878
112101 1894
112117 1879
112133 1880
112150 1880
112166 1878
112182 1880
112199 1881
112215 1879
112231 1881
112247 1880
112264 1880
112280 1883
112296 1881
112313 1880
112329 1880
112345 1828
112361 1879
112378 1879
112395 1822
112411 1877
112428 1878
112444 1835
112460 1878
112477 1876
112493 1877
112509 1877
112525 1878
112542 1877
112558 1872
112574 1876
112591 1876
112607 1872
112623 1873
112639 1872
112656 1871
112672 1872
112688 1873
112705 1869
112721 1867
112737 1868
112753 1871
112770 1885
112786 1873
112802 1870
112819 1868
112835 1865
112851 1865
112867 1866
112884 1865
112900 1862
112916 1867
112933 1864
112949 1864
112965 1863
112981 1862
112998 1862
113014 1851
113030 1862
113047 1861
113063 1859
113079 1857
113095 1861
113112 1856
113128 1863
113144 1884
113161 1859
113177 1861
113193 1849
113209 1864
113226 1866
113242 1863
113258 1864
113275 1863
113291 1865
113307 1863
113323 1871
113340 1865
113356 1865
113372 1864
113389 1864
113406 1866
113422 1858
113439 1869
113455 1833
113471 1868
113487 1867
113504 1870
113520 1869
113536 1869
113553 1865
113569 1958
113585 1872
113601 1868
113618 1869
113634 1873
113650 1870
113667 1873
113683 1871
113699 1852
113715 1872
113732 1874
113748 1869
113764 1870
113781 1873
113797 1870
113813 1871
113829 1875
113846 1872
113862 1874
113878 1876
113895 1874
113911 1872
113927 1876
113943 1874
113960 1873
113976 1877
113992 1872
114009 1869
114025 1873
114041 1873
114057 1873
114074 1872
114090 1873
114106 1871
114123 1873
114139 1871
114155 1872
114171 1868
114188 1870
114204 1870
114220 1867
114237 1871
114253 1871
114269 1868
114285 1871
114302 1872
114318 1879
114334 1870
114351 1868
114367 1873
114383 1868
114401 1841
114417 1865
114433 1869
114449 1862
114466 1867
114482 1867
114498 1867
114515 1868
114531 1865
114547 1864
114563 1860
114580 1865
114596 1867
114612 1867
114629 1868
114645 1866
114661 1868
114677 1884
114694 1864
114710 1868
114726 1870
114743 1868
114759 1864
114775 1865
114791 1868
114808 1869
114824 1871
114840 1870
114857 1873
114873 1869
114889 1872
114905 1864
114922 1868
114938 1872
114954 1868
114971 1872
114987 1870
115003 1870
115019 1873
115036 1879
115052 1873
115068 1877
115085 1879
115101 1875
115117 1876
115133 1876
115150 1882
115166 1843
115182 1874
115199 1876
115215 1877
115231 1874
115247 1877
115264 1875
115280 1875
115296 1899
115313 1873
115329 1873
115345 1876
115361 1874
115378 1874
115395 1873
115411 1875
115428 1876
115444 1880
115460 1877
115477 1879
115493 1874
115509 1872
115525 1873
115542 1875
115558 1874
115574 1875
115591 1876
115607 1873
115623 1872
115639 1873
115656 1872
115672 1870
115688 1872
115705 1870
115721 1865
115737 1875
115753 1870
115770 1869
115786 1873
115802 1860
115819 1869
115835 1867
115851 1870
115867 1868
115884 1866
115900 1880
115916 1868
115933 1868
115949 1867
115965 1866
115981 1869
115998 1866
116014 1863
116030 1864
116047 1866
116063 1882
116079 1863
116095 1864
116112 1866
116128 1864
116144 1864
116161 1865
116177 1864
116193 1925
116209 1862
116226 1861
116242 1871
116258 1858
116275 1866
116291 1860
116307 1866
116323 1873
116340 1864
116356 1865
116372 1869
116389 1865
116406 1865
116422 1864
116439 1865
116455 1868
116471 1867
116487 1867
116504 1865
116520 1869
116536 1870
116553 1868
116569 1829
116585 1868
116601 1874
116618 1872
116634 1870
116650 1872
116667 1872
116683 1872
116699 1925
116715 1871
116732 1874
116748 1874
116764 1873
116781 1872
116797 1875
116813 1869
116829 1878
116846 1872
116862 1872
116878 1877
116895 1873
116911 1875
116927 1879
116943 1871
116960 1875
116976 1875
116992 1876
117009 1876
117025 1874
117041 1873
117057 1872
117074 1873
117090 1872
117106 1872
117123 1871
117139 1873
117155 1870
117171 1872
117188 1870
117204 1868
117220 1870
117237 1870
117253 1871
117269 1918
117285 1868
117302 1870
117318 1869
117334 1870
117351 1873
117367 1874
117383 1871
117401 1888
117417 1865
117433 1868
117449 1868
117466 1868
117482 1868
117498 1866
117515 1868
117531 1867
117547 1868
117563 1867
117580 1864
117596 1866
117612 1866
117629 1867
117645 1869
117661 1868
117677 1866
117694 1870
117710 1871
117726 1868
117743 1869
117759 1866
117775 1842
117791 1871
117808 1870
117824 1872
117840 1869
117857 1870
117873 1875
117889 1871
117905 1872
117922 1865
117938 1873
117954 1862
117971 1871
117987 1871
118003 1873
118019 1874
118036 1874
118052 1883
118068 1874
118085 1877
118101 1874
118117 1871
118133 1886
118150 1874
118166 1877
118182 1857
118199 1878
118215 1876
118231 1859
118247 1878
118264 1877
118280 1877
118296 1879
118313 1878
118329 1876
118345 1864
118361 1879
118378 1877
118395 1879
118411 1877
118428 1875
118444 1876
118460 1877
118477 1868
118493 1875
118509 1876
118525 1878
118542 1873
118558 1875
118574 1873
118591 1878
118607 1873
118623 1871
118639 1871
118656 1872
118672 1867
118688 1868
118705 1868
118721 1866
118737 1868
118753 1868
118770 1901
118786 1868
118802 1867
118819 1863
118835 1868
118851 1872
118867 1865
118884 1864
118900 1866
118916 1870
118933 1864
118949 1868
118965 1861
118981 1862
118998 1866
119014 1864
119030 1864
119047 1864
119063 1862
119079 1863
119095 1856
119112 1863
119128 1863
119144 1900
119161 1865
119177 1864
119193 1850
119209 1865
119226 1864
119242 1865
119258 1878
119275 1866
119291 1859
119307 1864
119323 1864
119340 1865
119356 1867
119372 1870
119389 1868
119406 1865
119422 1864
119439 1870
119455 1867
119471 1867
119487 1867
119504 1870
119520 1871
119536 1869
119553 1872
119569 1922
119585 1871
119601 1870
119618 1872
119634 1873
119650 1871
119667 1874
119683 1876
119699 1878
119715 1871
119732 1874
119748 1874
119764 1873
119781 1872
119797 1875
119813 1869
119829 1873
119846 1870
119862 1873
119878 1871
119895 1863
119911 1875
119927 1878
119943 1875
119960 1878
119976 1872
119992 1878
120009 1875
120025 1879
120041 1873
120057 1875
120074 1873
120090 1867
120106 1869
120123 1871
120139 1871
120155 1874
120171 1870
120188 1869
120204 1869
120220 1862
120237 1875
120253 1862
120269 1835
120285 1868
120302 1868
120318 1894
120334 1918
120351 1971
120367 2003
120383 2022
120400 2041
120417 2051
120433 2058
120449 2066
120466 2064
120482 2074
120498 2076
120514 2077
120531 2077
120547 2075
120563 2072
120580 2071
120596 2070
120612 2066
120628 2063
120645 2162
120661 2058
120677 2053
120694 2015
120710 2049
120726 2046
120742 2040
120759 2040
120775 2030
120791 2033
120808 2030
120824 2026
120840 2014
120856 2019
120873 2019
120889 2014
120905 2015
120922 2012
120938 2012
120954 2009
120970 2010
120987 2007
121003 2003
121019 2027
121036 2003
121052 2003
121068 1989
121084 2000
121101 1997
121117 1994
121133 1994
121150 1994
121166 1992
121182 1991
121198 1990
121215 1990
121231 2002
121247 1989
121264 1986
121280 1988
121296 1985
121312 1982
121329 1983
121345 1986
121361 1982
121378 1978
121395 1960
121411 1976
121428 1979
121444 1988
121460 1974
121476 1974
121493 1974
121509 1974
121525 1971
121542 1970
121558 1973
121574 1971
121590 1969
121607 1969
121623 1967
121639 1971
121656 1966
121672 1968
121688 1968
121704 1966
121721 1967
121737 1964
121753 1967
121770 1971
121786 1963
121802 1963
121818 1969
121835 1961
121851 1958
121867 1952
121884 1959
121900 1960
121916 1957
121932 1957
121949 1957
121965 1958
121981 1958
121998 1958
122014 1957
122030 1958
122046 1955
122063 1953
122079 1955
122095 1951
122112 1952
122128 1952
122144 1943
122160 1951
122177 1950
122193 1929
122209 1950
122226 1950
122242 1950
122258 1951
122274 1951
122291 1950
122307 1947
122323 1948
122340 1947
122356 1947
122372 1949
122388 1947
122406 1945
122422 1948
122438 1946
122455 1942
122471 1944
122487 1945
122504 1942
122520 1944
122536 1945
122552 1938
122569 1976
122585 1944
122601 1942
122618 1940
122634 1945
122650 1942
122666 1944
122683 1942
122699 1944
122715 1948
122732 1940
122748 1941
122764 1940
122780 1937
122797 1939
122813 1938
122829 1938
122846 1936
122862 1934
122878 1937
122894 1950
122911 1936
122927 1939
122943 1941
122960 1939
122976 1934
122992 1936
123008 1934
123025 1934
123041 1939
123057 1935
123074 1935
123090 1933
123106 1934
123122 1937
123139 1934
123155 1935
123171 1935
123188 1934
123204 1934
123220 1934
123236 1931
123253 1928
123269 1945
123285 1930
123302 1930
123318 1935
123334 1927
123350 1930
123367 1932
123383 1928
123400 1931
123417 1931
123433 1931
123449 1919
123466 1930
123482 1929
123498 1929
123514 1930
123531 1927
123547 1927
123563 1929
123580 1928
123596 1926
123612 1927
123628 1928
123645 1928
123661 1930
123677 1926
123694 1922
123710 1928
123726 1923
123742 1928
123759 1928
123775 1982
123791 1926
123808 1926
123824 1926
123840 1925
123856 1925
123873 1925
123889 1925
123905 1922
123922 1925
123938 1927
123954 1933
123970 1923
123987 1921
124003 1924
124019 1922
124036 1940
124052 1924
124068 1923
124084 1922
124101 1926
124117 1924
124133 1928
124150 1922
124166 1896
124182 1922
124198 1924
124215 1925
124231 1922
124247 1924
124264 1923
124280 1922
124296 1918
124312 1922
124329 1922
124345 1921
124361 1918
124378 1919
124395 1918
124411 1922
124428 1919
124444 1920
124460 1923
124476 1922
124493 1927
124509 1920
124525 1918
124542 1920
124558 1921
124574 1920
124590 1920
124607 1920
124623 1919
124639 1920
124656 1921
124672 1881
124688 1919
124704 1918
124721 1919
124737 1918
124753 1918
124770 1917
124786 1916
124802 1944
124818 1917
124835 1917
124851 1914
124867 1917
124884 1908
124900 1916
124916 1916
124932 1908
124949 1917
124965 1918
124981 1918
124998 1917
125014 1916
125030 1918
125046 1917
125063 1827
125079 1917
125095 1913
125112 1915
125128 1912
125144 1914
125160 1915
125177 1919
125193 1913
125209 1915
125226 1911
125242 1921
125258 1915
125274 1924
125291 1916
125307 1918
125323 1907
125340 1914
125356 1915
125372 1917
125388 1913
125406 1914
125422 1907
125438 1914
125455 1912
125471 1912
125487 1911
125504 1912
125520 1915
125536 1912
125552 1913
125569 1980
125585 1915
125601 1911
125618 1917
125634 1925
125650 1914
125666 1933
125683 1913
125699 1955
125715 1913
125732 1908
125748 1913
125764 1912
125780 1913
125797 1912
125813 1914
125829 1909
125846 1911
125862 1912
125878 1913
125894 1910
125911 1909
125927 1909
125943 1914
125960 1911
125976 1914
125992 1910
126008 1913
126025 1912
126041 1914
126057 1912
126074 1909
126090 1913
126106 1912
126122 1908
126139 1912
126155 1911
126171 1911
126188 1909
126204 1911
126220 1914
126236 1910
126253 1908
126269 1938
126285 1910
126302 1907
126318 1907
126334 1911
126350 1910
126367 1914
126383 1906
126400 1891
126417 1909
126433 1910
126449 1909
126466 1912
126482 1910
126498 1909
126514 1912
126531 1908
126547 1908
126563 1912
126580 1913
126596 1908
126612 1907
126628 1908
126645 1902
126661 1910
126677 1907
126694 1912
126710 1912
126726 1911
126742 1908
126759 1907
126775 1922
126791 1906
126808 1910
126824 1912
126840 1912
126856 1911
126873 1908
126889 1910
126905 1905
126922 1912
126938 1910
126954 1911
126970 1911
126987 1906
127003 1908
127019 1907
127036 1891
127052 1908
127068 1907
127084 1908
127101 1910
127117 1912
127133 1907
127150 1912
127166 1909
127182 1915
127198 1909
127215 1908
127231 1911
127247 1910
127264 1906
127280 1909
127296 1911
127312 1912
127329 1908
127345 1909
127361 1924
127378 1908
127395 1909
127411 1927
127428 1906
127444 1908
127460 1886
127476 1908
127493 1909
127509 1908
127525 1907
127542 1909
127558 1908
127574 1906
127590 1907
127607 1908
127623 1911
127639 1907
127656 1907
127672 1906
127688 1907
127704 1912
127721 1908
127737 1905
127753 1904
127770 1895
127786 1906
127802 1905
127818 1946
127835 1904
127851 1908
127867 1907
127884 1905
127900 1907
127916 1898
127932 1903
127949 1906
127965 1905
127981 1908
127998 1908
128014 1905
128030 1905
128046 1907
128063 1905
128079 1905
128095 1914
128112 1903
128128 1905
128144 1895
128160 1905
128177 1905
128193 1875
128209 1906
128226 1906
128242 1906
128258 1909
128274 1909
128291 1907
128307 1905
128323 1908
128340 1904
128356 1907
128372 1906
128388 1907
128406 1907
128422 1906
128438 1908
128455 1906
128471 1904
128487 1903
128504 1900
128520 1903
128536 1905
128552 1904
128569 1870
128585 1903
128601 1903
128618 1905
128634 1900
128650 1906
128666 1905
128683 1912
128699 1904
128715 1905
128732 1907
128748 1909
128764 1904
128780 1904
128797 1902
128813 1906
128829 1905
128846 1904
128862 1906
128878 1903
128894 1916
128911 1903
128927 1903
128943 1906
128960 1905
128976 1904
128992 1908
129008 1903
129025 1906
129041 1902
129057 1907
129074 1900
129090 1904
129106 1905
129122 1903
129139 1904
129155 1903
129171 1903
129188 1905
129204 1904
129220 1908
129236 1905
129253 1906
129269 1923
129285 1904
129302 1904
129318 1904
129334 1904
129350 1903
129367 1905
129383 1903
129400 1905
129417 1906
129433 1904
129449 1906
129465 1904
129482 1905
129498 1904
129514 1907
129531 1906
129547 1903
129563 1903
129579 1905
129596 1907
129612 1905
129628 1903
129645 1833
129661 1902
129677 1904
129693 1956
129710 1904
129726 1903
129742 1902
129759 1913
129775 1904
129791 1909
129807 1903
129824 1904
129840 1901
129856 1896
129873 1907
129889 1906
129905 1905
129921 1902
129938 1907
129954 1901
129970 1901
129987 1905
130003 1905
130019 1903
130035 1903
130052 1905
130068 1903
130084 1902
130101 1902
130117 1908
130133 1907
130149 1902
130166 1907
130182 1906
130198 1901
130215 1905
130231 1903
130247 1900
130263 1906
130280 1903
130296 1901
130312 1903
130329 1905
130345 1915
130361 1904
130377 1904
130395 1936
130411 1904
130427 1902
130444 1890
130460 1900
130476 1903
130493 1902
130509 1902
130525 1901
130541 1899
130558 1904
130574 1903
130590 1901
130607 1903
130623 1902
130639 1904
130655 1902
130672 1903
130688 1904
130704 1901
130721 1902
130737 1902
130753 1902
130769 1880
130786 1903
130802 1902
130818 1872
130835 1901
130851 1900
130867 1901
130883 1904
130900 1904
130916 1892
130932 1899
130949 1902
130965 1900
130981 1900
130997 1901
131014 1900
131030 1902
131046 1902
131063 1901
131079 1901
131095 1877
131111 1900
131128 1903
131144 1895
131160 1898
131177 1901
131193 1900
131209 1901
131225 1927
131242 1902
131258 1902
131274 1898
131291 1901
131307 1901
131323 1901
131339 1904
131356 1861
131372 1905
131388 1902
131406 1867
131422 1898
131438 1901
131455 1900
131471 1902
131487 1903
131504 1896
131520 1901
131536 1902
131552 1900
131569 1933
131585 1902
131601 1903
131618 1896
131634 1903
131650 1901
131666 1898
131683 1903
131699 1906
131715 1908
131732 1902
131748 1889
131764 1901
131780 1900
131797 1902
131813 1899
131829 1903
131846 1901
131862 1902
131878 1908
131894 1897
131911 1900
131927 1900
131943 1903
131960 1901
131976 1901
131992 1901
132008 1902
132025 1902
132041 1902
132057 1901
132074 1900
132090 1905
132106 1903
132122 1904
132139 1880
132155 1901
132171 1907
132188 1903
132204 1902
132220 1902
132236 1902
132253 1903
132269 1907
132285 1901
132302 1901
132318 1901
132334 1901
132350 1901
132367 1903
132383 1901
132400 1889
132417 1901
132433 1902
132449 1906
132466 1903
132482 1904
132498 1902
132514 1901
132531 1904
132547 1903
132563 1904
132580 1902
132596 1902
132612 1902
132628 1904
132645 1902
132661 1901
132677 1903
132694 1899
132710 1902
132726 1903
132742 1903
132759 1900
132775 1908
132791 1904
132808 1896
132824 1905
132840 1902
132856 1903
132873 1898
132889 1895
132905 1872
132922 1903
132938 1902
132954 1906
132970 1900
132987 1900
133003 1904
133019 1900
133036 1911
133052 1902
133068 1901
133084 1903
133101 1900
133117 1903
133133 1904
133150 1903
133166 1894
133182 1904
133198 1905
133215 1901
133231 1902
133247 1903
133264 1899
133280 1904
133296 1924
133312 1904
133329 1901
133345 1900
133361 1903
133378 1903
133395 1898
133411 1901
133428 1901
133444 1899
133460 1899
133476 1901
133493 1900
133509 1901
133525 1902
133542 1902
133558 1903
133574 1901
133590 1903
133607 1900
133623 1904
133639 1899
133656 1898
133672 1938
133688 1901
133704 1899
133721 1898
133737 1897
133753 1899
133770 1901
133786 1898
133802 1876
133818 1901
133835 1901
133851 1900
133867 1903
133884 1904
133900 1901
133916 1900
133932 1903
133949 1903
133965 1895
133981 1898
133998 1905
134014 1903
134030 1899
134046 1898
134063 1910
