2 1660
55 1574
71 1488
87 1401
104 1322
120 1242
136 1167
153 1096
169 1028
185 962
202 902
218 846
234 794
251 749
267 704
283 668
300 638
316 611
332 590
349 576
366 555
383 564
399 567
415 573
432 585
448 604
464 625
481 653
497 685
513 722
530 763
546 807
562 857
579 910
595 965
611 1029
628 1090
644 1155
660 1225
677 1292
693 1365
709 1438
726 1512
742 1591
758 1666
775 1741
791 1817
807 1896
824 1968
840 2043
856 2118
873 2193
889 2257
905 2328
922 2389
938 2453
954 2517
971 2568
987 2618
1003 2668
1020 2715
1036 2760
1052 2789
1069 2824
1085 2852
1101 2873
1118 2895
1134 2908
1150 2916
1167 2924
1183 2850
1199 2920
1216 2915
1232 2901
1248 2883
1265 2865
1281 2837
1297 2808
1314 2773
1330 2737
1346 2699
1364 2653
1380 2604
1396 2555
1413 2504
1429 2448
1445 2392
1462 2337
1478 2275
1494 2211
1511 2149
1527 2086
1543 2022
1560 1959
1576 1893
1592 1832
1609 1768
1625 1706
1641 1645
1658 1583
1674 1528
1690 1470
1707 1416
1723 1370
1739 1316
1756 1269
1772 1224
1788 1184
1805 1149
1821 1116
1837 1083
1854 1057
1870 1034
1886 1012
1903 998
1919 986
1935 970
1952 975
1968 977
1984 977
2001 987
2017 995
2033 1010
2050 1033
2066 1053
2082 1083
2099 1105
2115 1137
2131 1170
2148 1209
2164 1250
2180 1291
2197 1334
2213 1382
2229 1431
2246 1484
2262 1531
2278 1584
2295 1638
2311 1674
2327 1747
2344 1798
2361 1861
2377 1918
2394 1965
2410 2018
2426 2071
2443 2121
2459 2168
2475 2216
2492 2262
2508 2305
2524 2346
2541 2387
2557 2431
2573 2457
2590 2490
2606 2527
2622 2542
2639 2565
2655 2587
2671 2603
2688 2615
2704 2626
2720 2631
2737 2634
2753 2634
2769 2632
2786 2626
2802 2616
2818 2593
2835 2588
2851 2569
2867 2546
2884 2524
2900 2495
2916 2467
2933 2414
2949 2399
2965 2367
2982 2319
2998 2288
3014 2246
3031 2211
3047 2161
3063 2118
3080 2071
3096 2029
3112 1990
3129 1938
3145 1889
3161 1847
3178 1799
3194 1755
3210 1711
3227 1667
3243 1626
3259 1587
3276 1545
3292 1511
3308 1476
3325 1441
3341 1410
3359 1380
3375 1349
3391 1329
3408 1308
3424 1290
3440 1273
3457 1251
3473 1245
3489 1239
3506 1230
3522 1227
3538 1229
3555 1232
3571 1237
3587 1246
3604 1252
3620 1273
3636 1285
3653 1302
3669 1324
3685 1344
3702 1371
3718 1398
3734 1425
3751 1459
3767 1488
3783 1521
3800 1557
3816 1592
3832 1628
3849 1663
3865 1704
3881 1743
3898 1782
3914 1818
3930 1853
3947 1898
3963 1934
3979 1972
3996 2007
4012 2044
4028 2075
4045 2116
4061 2147
4077 2176
4094 2209
4110 2236
4126 2261
4143 2282
4159 2307
4175 2329
4192 2347
4208 2373
4224 2377
4241 2388
4257 2392
4273 2407
4290 2409
4306 2370
4322 2411
4339 2408
4355 2397
4372 2396
4389 2387
4405 2377
4421 2365
4438 2347
4454 2325
4470 2313
4487 2291
4503 2269
4519 2242
4536 2217
4552 2192
4568 2162
4585 2133
4601 2100
4617 2071
4634 2041
4650 2008
4666 1975
4683 1925
4699 1910
4715 1876
4732 1840
4748 1812
4764 1780
4781 1749
4797 1720
4813 1689
4830 1657
4846 1636
4862 1606
4879 1582
4895 1558
4911 1537
4928 1514
4944 1497
4960 1478
4977 1463
4993 1451
5009 1440
5026 1429
5042 1420
5058 1411
5075 1412
5091 1407
5107 1408
5124 1416
5140 1413
5156 1420
5173 1429
5189 1440
5205 1454
5222 1463
5238 1478
5254 1493
5271 1511
5287 1531
5303 1556
5320 1574
5336 1596
5352 1617
5369 1653
5386 1669
5402 1696
5418 1724
5435 1749
5451 1781
5467 1803
5484 1836
5500 1862
5516 1887
5533 1958
5549 1944
5565 1962
5582 2000
5598 2020
5614 2046
5631 2070
5647 2092
5663 2110
5680 2134
5696 2150
5712 2169
5729 2185
5745 2197
5761 2204
5778 2221
5794 2231
5810 2240
5827 2244
5843 2252
5859 2256
5876 2255
5892 2257
5908 2251
5925 2248
5941 2246
5957 2239
5974 2231
5990 2222
6006 2203
6023 2198
6039 2187
6055 2168
6072 2154
6088 2137
6104 2118
6121 2099
6137 2076
6153 2058
6170 2036
6186 2010
6202 1991
6219 1968
6235 1944
6251 1921
6268 1897
6284 1876
6300 1850
6317 1830
6333 1807
6349 1785
6367 1763
6383 1742
6399 1718
6416 1700
6432 1680
6448 1661
6465 1647
6481 1623
6497 1614
6514 1600
6530 1586
6546 1579
6563 1572
6579 1555
6595 1552
6612 1545
6628 1536
6644 1540
6661 1539
6677 1533
6693 1543
6710 1543
6726 1545
6742 1552
6759 1559
6775 1566
6791 1576
6808 1587
6824 1597
6840 1609
6857 1605
6873 1638
6889 1656
6906 1696
6922 1690
6938 1706
6955 1728
6971 1745
6987 1763
7004 1786
7020 1802
7036 1823
7053 1840
7069 1863
7085 1882
7102 1903
7118 1918
7134 1938
7151 1961
7167 1976
7183 1994
7200 2010
7216 2026
7232 2047
7249 2054
7265 2071
7281 2083
7298 2094
7314 2105
7330 2116
7347 2123
7364 2129
7381 2138
7397 2140
7413 2144
7430 2146
7446 2149
7462 2148
7479 2148
7495 2144
7511 2139
7528 2137
7544 2126
7560 2123
7577 2117
7593 2109
7609 2097
7626 2086
7642 2076
7658 2065
7675 2049
7691 2036
7707 2023
7724 2010
7740 1994
7756 1980
7773 1961
7789 1945
7805 1928
7822 1910
7838 1895
7854 1879
7871 1863
7887 1844
7903 1825
7920 1811
7936 1795
7952 1780
7969 1769
7985 1752
8001 1740
8018 1728
8034 1713
8050 1704
8067 1697
8083 1682
8099 1672
8116 1666
8132 1661
8148 1651
8165 1647
8181 1603
8197 1638
8214 1636
8230 1637
8246 1635
8263 1635
8279 1638
8295 1637
8312 1646
8328 1649
8344 1656
8362 1663
8378 1669
8394 1678
8411 1686
8427 1696
8443 1707
8460 1718
8476 1730
8492 1742
8509 1754
8525 1767
8541 1778
8558 1815
8574 1811
8590 1821
8607 1835
8623 1850
8639 1863
8656 1875
8672 1892
8688 1906
8705 1918
8721 1933
8737 1945
8754 1957
8770 1967
8786 1981
8803 1990
8819 2001
8835 2011
8852 2022
8868 2031
8884 2039
8901 2045
8917 2047
8933 2058
8950 2053
8966 2061
8982 2061
8999 2064
9015 2107
9031 2067
9048 2064
9064 2065
9080 2070
9097 2060
9113 2061
9129 2056
9146 2052
9162 2037
9178 2030
9195 2023
9211 2016
9227 2007
9244 2000
9260 1992
9276 1977
9293 1971
9309 1966
9325 1940
9342 1935
9359 1922
9375 1911
9392 1901
9408 1889
9424 1875
9441 1865
9457 1857
9473 1841
9490 1830
9506 1817
9522 1809
9539 1798
9555 1786
9571 1779
9588 1767
9604 1759
9620 1753
9637 1742
9653 1735
9669 1729
9686 1729
9702 1717
9718 1714
9735 1712
9751 1709
9767 1718
9784 1704
9800 1702
9816 1706
9833 1703
9849 1704
9865 1710
9882 1712
9898 1710
9914 1718
9931 1721
9947 1724
9963 1732
9980 1739
9996 1746
10012 1752
10029 1760
10045 1770
10061 1777
10078 1787
10094 1795
10110 1805
10127 1814
10143 1827
10159 1835
10176 1844
10192 1856
10208 1864
10225 1873
10241 1882
10257 1894
10274 1905
10290 1914
10306 1924
10323 1932
10339 1944
10355 1948
10373 1956
10389 1965
10406 1971
10422 1977
10438 1986
10455 1987
10471 1995
10487 2001
10504 2001
10520 2006
10536 2006
10553 2007
10569 2013
10585 2017
10602 2015
10618 2023
10634 2011
10651 2013
10667 2009
10683 2006
10700 2002
10716 1997
10732 1993
10749 1987
10765 1977
10781 1979
10798 1973
10814 1965
10830 1964
10847 1967
10863 1944
10879 1937
10896 1932
10912 1919
10928 1914
10945 1903
10961 1898
10977 1888
10994 1881
11010 1870
11026 1864
11043 1853
11059 1843
11075 1839
11092 1818
11108 1819
11124 1811
11141 1809
11157 1798
11173 1795
11190 1784
11206 1782
11222 1775
11239 1770
11255 1764
11271 1762
11288 1755
11304 1755
11320 1753
11337 1754
11353 1747
11369 1749
11386 1746
11402 1749
11418 1747
11435 1749
11451 1751
11467 1751
11484 1754
11500 1757
11516 1761
11533 1675
11549 1770
11565 1775
11582 1779
11598 1783
11614 1788
11631 1798
11647 1801
11663 1809
11680 1815
11696 1818
11712 1830
11729 1835
11745 1842
11761 1847
11778 1858
11794 1876
11810 1871
11827 1878
11843 1882
11859 1890
11876 1898
11892 1906
11908 1911
11925 1900
11941 1928
11957 1930
11974 1936
11990 1938
12006 1946
12023 1947
12039 1952
12055 1954
12072 1957
12088 1958
12104 1962
12121 1965
12137 1963
12153 1961
12170 1965
12186 1962
12202 1963
12219 1963
12235 1969
12251 1959
12268 1957
12284 1955
12300 1962
12317 1947
12333 1943
12349 1941
12367 1904
12383 1929
12399 1925
12416 1920
12432 1914
12448 1911
12465 1906
12481 1896
12497 1892
12514 1886
12530 1878
12546 1874
12563 1867
12579 1862
12595 1857
12612 1858
12628 1844
12644 1838
12661 1837
12677 1828
12693 1824
12710 1818
12726 1813
12742 1809
12759 1804
12775 1799
12791 1799
12808 1794
12824 1791
12840 1788
12857 1782
12873 1783
12889 1780
12906 1777
12922 1778
12938 1777
12955 1779
12971 1786
12987 1779
13004 1779
13020 1783
13036 1784
13053 1788
13069 1784
13085 1788
13102 1792
13118 1793
13134 1800
13151 1802
13167 1805
13183 1816
13200 1815
13216 1817
13232 1821
13249 1827
13265 1831
13281 1837
13298 1844
13314 1859
13330 1854
13347 1861
13364 1865
13381 1870
13397 1877
13413 1883
13430 1889
13446 1892
13462 1895
13479 1899
13495 1905
13511 1911
13528 1915
13544 1918
13560 1917
13577 1923
13593 1925
13609 1928
13626 1933
13642 1933
13658 1935
13675 1937
13691 1935
13707 1940
13724 1945
13740 1939
13756 1944
13773 1942
13789 1937
13805 1940
13822 1939
13838 1936
13854 1934
13871 1929
13887 1929
13903 1926
13920 1923
13936 1918
13952 1919
13969 1915
13985 1908
14001 1907
14018 1905
14034 1899
14050 1897
14067 1894
14083 1885
14099 1890
14116 1881
14132 1882
14148 1864
14165 1868
14181 1861
14197 1856
14214 1854
14230 1849
14246 1846
14263 1816
14279 1836
14295 1836
14312 1827
14328 1827
14344 1825
14362 1804
14378 1817
14394 1821
14411 1815
14427 1812
14443 1811
14460 1806
14476 1809
14492 1809
14509 1808
14525 1807
14541 1807
14558 1808
14574 1812
14590 1809
14607 1821
14623 1810
14639 1811
14656 1770
14672 1817
14688 1818
14705 1824
14721 1824
14737 1828
14754 1828
14770 1835
14786 1831
14803 1838
14819 1843
14835 1848
14852 1851
14868 1857
14884 1859
14901 1864
14917 1866
14933 1869
14950 1874
14966 1874
14982 1883
14999 1884
15015 1892
15031 1877
15048 1895
15064 1898
15080 1901
15097 1905
15113 1907
15129 1914
15146 1917
15162 1913
15178 1915
15195 1917
15211 1919
15227 1920
15244 1921
15260 1921
15276 1923
15293 1923
15309 1923
15325 1924
15342 1921
15359 1923
15375 1921
15392 1920
15408 1918
15424 1916
15441 1916
15457 1917
15473 1919
15490 1910
15506 1906
15522 1907
15539 1903
15555 1908
15571 1899
15588 1896
15604 1894
15620 1890
15637 1885
15653 1887
15669 1881
15686 1873
15702 1873
15718 1871
15735 1866
15751 1862
15767 1861
15784 1858
15800 1856
15816 1848
15833 1842
15849 1846
15865 1843
15882 1848
15898 1840
15914 1838
15931 1878
15947 1833
15963 1833
15980 1831
15996 1829
16012 1829
16029 1827
16045 1824
16061 1827
16078 1824
16094 1819
16110 1830
16127 1825
16143 1823
16159 1825
16176 1827
16192 1828
16208 1828
16225 1830
16241 1831
16257 1812
16274 1835
16290 1835
16306 1823
16323 1843
16339 1840
16355 1855
16373 1848
16389 1849
16406 1853
16422 1853
16438 1858
16455 1859
16471 1864
16487 1866
16504 1870
16520 1874
16536 1876
16553 1883
16569 1881
16585 1883
16602 1886
16618 1892
16634 1897
16651 1894
16667 1897
16683 1897
16700 1900
16716 1902
16732 1902
16749 1900
16765 1904
16781 1907
16798 1911
16814 1911
16830 1909
16847 1911
16863 1913
16879 1911
16896 1914
16912 1910
16928 1908
16945 1911
16961 1908
16977 1909
16994 1914
17010 1903
17026 1903
17043 1902
17059 1895
17075 1899
17092 1901
17108 1896
17124 1894
17141 1893
17157 1888
17173 1888
17190 1884
17206 1884
17222 1879
17239 1875
17255 1877
17271 1874
17288 1850
17304 1867
17320 1866
17337 1904
17353 1861
17369 1857
17386 1854
17402 1852
17418 1852
17435 1850
17451 1847
17467 1844
17484 1843
17500 1842
17516 1839
17533 1849
17549 1840
17565 1836
17582 1827
17598 1836
17614 1834
17631 1825
17647 1834
17663 1831
17680 1832
17696 1830
17712 1826
17729 1835
17745 1831
17761 1834
17778 1833
17794 1835
17810 1837
17827 1837
17843 1838
17859 1840
17876 1840
17892 1841
17908 1844
17925 1847
17941 1848
17957 1841
17974 1853
17990 1855
18006 1849
18023 1858
18039 1861
18055 1862
18072 1865
18088 1871
18104 1867
18121 1872
18137 1874
18153 1874
18170 1878
18186 1881
18202 1879
18219 1885
18235 1885
18251 1885
18268 1890
18284 1894
18300 1892
18317 1895
18333 1891
18349 1893
18367 1898
18383 1898
18399 1901
18416 1901
18432 1901
18448 1899
18465 1899
18481 1915
18497 1899
18514 1902
18530 1893
18546 1897
18563 1899
18579 1892
18595 1893
18612 1895
18628 1891
18644 1894
18661 1892
18677 1889
18693 1892
18710 1890
18726 1886
18742 1885
18759 1883
18775 1881
18791 1881
18808 1879
18824 1874
18840 1874
18857 1848
18873 1870
18889 1868
18906 1873
18922 1861
18938 1861
18955 1861
18971 1858
18987 1858
19004 1860
19020 1855
19036 1853
19053 1856
19069 1850
19085 1847
19102 1848
19118 1845
19134 1847
19151 1846
19167 1843
19183 1845
19200 1844
19216 1839
19232 1860
19249 1840
19265 1841
19281 1838
19298 1838
19314 1839
19330 1840
19347 1841
19364 1841
19381 1893
19397 1842
19413 1842
19430 1847
19446 1844
19462 1845
19479 1847
19495 1845
19511 1850
19528 1851
19544 1852
19560 1854
19577 1856
19593 1855
19609 1860
19626 1862
19642 1865
19658 1864
19675 1866
19691 1868
19707 1869
19724 1871
19740 1873
19756 1889
19773 1876
19789 1876
19805 1880
19822 1879
19838 1880
19854 1878
19871 1885
19887 1887
19903 1885
19920 1888
19936 1886
19952 1890
19969 1893
19985 1888
20001 1891
20018 1892
20034 1891
20050 1893
20067 1896
20083 1896
20099 1891
20116 1897
20132 1867
20148 1893
20165 1895
20181 1893
20197 1889
20214 1891
20230 1888
20246 1889
20263 1890
20279 1882
20295 1883
20312 1882
20328 1877
20344 1878
20362 1878
20378 1874
20394 1875
20411 1873
20427 1877
20443 1867
20460 1870
20476 1864
20492 1864
20509 1863
20525 1864
20541 1862
20558 1864
20574 1856
20590 1857
20607 1849
20623 1852
20639 1853
20656 1808
20672 1849
20688 1849
20705 1842
20721 1846
20737 1844
20754 1840
20770 1845
20786 1847
20803 1844
20819 1841
20835 1843
20852 1842
20868 1844
20884 1846
20901 1844
20917 1844
20933 1842
20950 1844
20966 1843
20982 1844
20999 1847
21015 1846
21031 1843
21048 1848
21064 1849
21080 1850
21097 1853
21113 1857
21129 1857
21146 1860
21162 1859
21178 1867
21195 1862
21211 1864
21227 1865
21244 1866
21260 1869
21276 1871
21293 1872
21309 1874
21325 1874
21342 1877
21359 1876
21375 1879
21392 1881
21408 1881
21424 1883
21441 1887
21457 1881
21473 1888
21490 1891
21506 1896
21522 1891
21539 1894
21555 1890
21571 1893
21588 1894
21604 1891
21620 1895
21637 1895
21653 1893
21669 1895
21686 1896
21702 1899
21718 1893
21735 1894
21751 1892
21767 1892
21784 1893
21800 1888
21816 1804
21833 1893
21849 1888
21865 1885
21882 1890
21898 1892
21914 1888
21931 1885
21947 1889
21963 1882
21980 1882
21996 1883
22012 1880
22029 1877
22045 1876
22061 1875
22078 1879
22094 1871
22110 1871
22127 1866
22143 1868
22159 1868
22176 1868
22192 1864
22208 1875
22225 1868
22241 1864
22257 1867
22274 1864
22290 1860
22306 1863
22323 1861
22339 1848
22355 1859
22373 1859
22389 1860
22406 1860
22422 1854
22438 1858
22455 1857
22471 1860
22487 1854
22504 1860
22520 1862
22536 1859
22553 1860
22569 1860
22585 1863
22602 1865
22618 1862
22634 1864
22651 1864
22667 1865
22683 1867
22700 1867
22716 1858
22732 1868
22749 1872
22765 1870
22781 1871
22798 1872
22814 1874
22830 1873
22847 1844
22863 1878
22879 1878
22896 1883
22912 1880
22928 1874
22945 1884
22961 1878
22977 1884
22994 1885
23010 1886
23026 1885
23043 1890
23059 1888
23075 1887
23092 1890
23108 1889
23124 1887
23141 1888
23157 1885
23173 1889
23190 1889
23206 1888
23222 1888
23239 1886
23255 1886
23271 1888
23288 1879
23304 1888
23320 1889
23337 1890
23353 1886
23369 1889
23386 1883
23402 1885
23418 1884
23435 1886
23451 1882
23467 1881
23484 1880
23500 1877
23516 1880
23533 1856
23549 1876
23565 1870
23582 1875
23598 1873
23614 1873
23631 1871
23647 1871
23663 1867
23680 1866
23696 1868
23712 1865
23729 1867
23745 1868
23761 1864
23778 1861
23794 1863
23810 1860
23827 1860
23843 1860
23859 1858
23876 1865
23892 1856
23908 1860
23925 1851
23941 1854
23957 1854
23974 1854
23990 1856
24006 1857
24023 1855
24039 1857
24055 1856
24072 1857
24088 1857
24104 1853
24121 1858
24137 1862
24153 1857
24170 1859
24186 1860
24202 1857
24219 1861
24235 1860
24251 1861
24268 1862
24284 1860
24300 1862
24317 1864
24333 1867
24349 1862
24367 1866
24383 1867
24399 1869
24416 1869
24432 1869
24448 1875
24465 1873
24481 1854
24497 1873
24514 1874
24530 1875
24546 1873
24563 1875
24579 1876
24595 1872
24612 1865
24628 1876
24644 1880
24661 1881
24677 1881
24693 1879
24710 1880
24726 1882
24742 1893
24759 1876
24775 1881
24791 1883
24808 1887
24824 1882
24840 1879
24857 1881
24873 1879
24889 1881
24906 1879
24922 1878
24938 1876
24955 1876
24971 1874
24987 1879
25004 1875
25020 1877
25036 1875
25053 1870
25069 1874
25085 1872
25102 1865
25118 1870
25134 1869
25151 1871
25167 1869
25183 1864
25200 1867
25216 1867
25232 1860
25249 1868
25265 1864
25281 1866
25298 1867
25314 1867
25330 1861
25347 1862
25364 1861
25381 1861
25397 1859
25413 1861
25430 1859
25446 1858
25462 1853
25479 1863
25495 1859
25511 1857
25528 1857
25544 1861
25560 1829
25577 1863
25593 1853
25609 1856
25626 1858
25642 1856
25658 1852
25675 1858
25691 1856
25707 1859
25724 1861
25740 1865
25756 1859
25773 1862
25789 1862
25805 1860
25822 1863
25838 1864
25854 1864
25871 1827
25887 1863
25903 1865
25920 1869
25936 1866
25952 1865
25969 1868
25985 1869
26001 1871
26018 1868
26034 1873
26050 1871
26067 1873
26083 1871
26099 1874
26116 1874
26132 1868
26148 1876
26165 1874
26181 1877
26197 1877
26214 1877
26230 1876
26246 1876
26263 1864
26279 1875
26295 1878
26312 1877
26328 1883
26344 1878
26362 1892
26378 1880
26394 1877
26411 1877
26427 1878
26443 1877
26460 1877
26476 1876
26492 1876
26509 1875
26525 1874
26541 1875
26558 1875
26574 1875
26590 1873
26607 1872
26623 1872
26639 1871
26656 1871
26672 1870
26688 1871
26705 1867
26721 1867
26737 1867
26754 1866
26770 1865
26786 1866
26803 1863
26819 1864
26835 1862
26852 1861
26868 1867
26884 1862
26901 1856
26917 1862
26933 1858
26950 1864
26966 1861
26982 1857
26999 1855
27015 1859
27031 1858
27048 1859
27064 1857
27080 1858
27097 1858
27113 1857
27129 1835
27146 1859
27162 1861
27178 1854
27195 1865
27211 1862
27227 1859
27244 1863
27260 1860
27276 1861
27293 1862
27309 1863
27325 1863
27342 1866
27359 1860
27375 1866
27392 1864
27408 1864
27424 1867
27441 1866
27457 1874
27473 1868
27490 1869
27506 1875
27522 1872
27539 1870
27555 1873
27571 1879
27588 1876
27604 1887
27620 1878
27637 1876
27653 1882
27669 1877
27686 1879
27702 1878
27718 1881
27735 1880
27751 1880
27767 1878
27784 1881
27800 1880
27816 1880
27833 1880
27849 1883
27865 1883
27882 1882
27898 1885
27914 1879
27931 1884
27947 1882
27963 1882
27980 1880
27996 1881
28012 1880
28029 1883
28045 1879
28061 1878
28078 1875
28094 1876
28110 1877
28127 1877
28143 1874
28159 1875
28176 1873
28192 1874
28208 1872
28225 1874
28241 1871
28257 1871
28274 1869
28290 1871
28306 1877
28323 1868
28339 1867
28355 1886
28373 1866
28389 1866
28406 1868
28422 1866
28438 1861
28455 1863
28471 1863
28487 1860
28504 1864
28520 1859
28536 1858
28553 1862
28569 1861
28585 1858
28602 1861
28618 1861
28634 1859
28651 1858
28667 1860
28683 1860
28700 1860
28716 1859
28732 1875
28749 1859
28765 1861
28781 1867
28798 1860
28814 1860
28830 1863
28847 1858
28863 1859
28879 1866
28896 1861
28912 1863
28928 1865
28945 1866
28961 1862
28977 1860
28994 1868
29010 1866
29026 1867
29043 1871
29059 1867
29075 1870
29092 1871
29108 1871
29124 1870
29141 1874
29157 1872
29173 1872
29190 1874
29206 1871
29222 1875
29239 1874
29255 1872
29271 1877
29288 1879
29304 1876
29320 1880
29337 1875
29353 1880
29369 1877
29386 1878
29402 1881
29418 1881
29435 1881
29451 1884
29467 1881
29484 1882
29500 1884
29516 1880
29533 1883
29549 1880
29565 1881
29582 1892
29598 1876
29614 1878
29631 1878
29647 1880
29663 1878
29680 1880
29696 1882
29712 1877
29729 1878
29745 1875
29761 1873
29778 1880
29794 1875
29810 1873
29827 1873
29843 1870
29859 1869
29876 1876
29892 1870
29908 1867
29925 1866
29941 1863
29957 1870
29974 1871
29990 1865
30006 1862
30023 1866
30039 1865
30055 1891
30072 1860
30088 1860
30104 1857
30121 1862
30137 1861
30153 1863
30170 1861
30186 1862
30202 1860
30219 1860
30235 1862
30251 1861
30268 1860
30284 1862
30300 1863
30317 1864
30333 1862
30349 1862
30367 1864
30383 1863
30399 1858
30416 1862
30432 1864
30448 1867
30465 1866
30481 1883
30497 1867
30514 1868
30530 1870
30546 1868
30563 1871
30579 1867
30595 1870
30612 1871
30628 1870
30644 1872
30661 1874
30677 1873
30693 1874
30710 1877
30726 1877
30742 1878
30759 1879
30775 1877
30791 1880
30808 1876
30824 1879
30840 1883
30857 1889
30873 1881
30889 1882
30906 1890
30922 1882
30938 1885
30955 1886
30971 1881
30987 1884
31004 1883
31020 1883
31036 1883
31053 1888
31069 1883
31085 1882
31102 1883
31118 1882
31134 1884
31151 1881
31167 1879
31183 1880
31200 1876
31216 1876
31232 1878
31249 1876
31265 1874
31281 1863
31298 1874
31314 1872
31330 1866
31347 1871
31364 1869
31381 1868
31397 1868
31413 1868
31430 1867
31446 1864
31462 1864
31479 1867
31495 1867
31511 1866
31528 1861
31544 1855
31560 1859
31577 1857
31593 1857
31609 1857
31626 1855
31642 1857
31658 1856
31675 1852
31691 1854
31707 1853
31724 1852
31740 1851
31756 1871
31773 1853
31789 1852
31805 1854
31822 1854
31838 1851
31854 1851
31871 1854
31887 1851
31903 1853
31920 1854
31936 1854
31952 1854
31969 1857
31985 1856
32001 1855
32018 1862
32034 1856
32050 1856
32067 1857
32083 1857
32099 1858
32116 1860
32132 1836
32148 1862
32165 1860
32181 1842
32197 1864
32214 1863
32230 1865
32246 1861
32263 1860
32279 1863
32295 1866
32312 1868
32328 1867
32344 1870
32362 1867
32378 1867
32394 1868
32411 1867
32427 1870
32443 1868
32460 1872
32476 1872
32492 1868
32509 1874
32525 1873
32541 1876
32558 1871
32574 1872
32590 1871
32607 1885
32623 1874
32639 1870
32656 1872
32672 1872
32688 1871
32705 1873
32721 1872
32737 1864
32754 1869
32770 1870
32786 1867
32803 1870
32819 1867
32835 1868
32852 1868
32868 1867
32884 1864
32901 1866
32917 1866
32933 1865
32950 1860
32966 1866
32982 1874
32999 1864
33015 1864
33031 1860
33048 1860
33064 1861
33080 1885
33097 1858
33113 1860
33129 1859
33146 1858
33162 1857
33178 1861
33195 1858
33211 1861
33227 1858
33244 1861
33260 1852
33276 1860
33293 1858
33309 1856
33325 1857
33342 1854
33359 1857
33375 1856
33392 1860
33408 1858
33424 1860
33441 1858
33457 1870
33473 1858
33490 1857
33506 1858
33522 1860
33539 1863
33555 1861
33571 1861
33588 1867
33604 1862
33620 1863
33637 1864
33653 1863
33669 1869
33686 1866
33702 1866
33718 1867
33735 1868
33751 1873
33767 1868
33784 1870
33800 1866
33816 1870
33833 1871
33849 1869
33865 1872
33882 1873
33898 1872
33914 1872
33931 1882
33947 1872
33963 1874
33980 1877
33996 1876
34012 1876
34029 1879
34045 1874
34061 1876
34078 1879
34094 1876
34110 1877
34127 1877
34143 1876
34159 1873
34176 1875
34192 1875
34208 1876
34225 1877
34241 1876
34257 1877
34274 1872
34290 1875
34306 1861
34323 1875
34339 1873
34355 1875
34373 1874
34389 1866
34406 1875
34422 1873
34438 1872
34455 1871
34471 1869
34487 1873
34504 1870
34520 1868
34536 1867
34553 1869
34569 1866
34585 1866
34602 1868
34618 1866
34634 1861
34651 1869
34667 1866
34683 1867
34700 1865
34716 1857
34732 1866
34749 1865
34765 1865
34781 1862
34798 1865
34814 1865
34830 1865
34847 1862
34863 1863
34879 1861
34896 1864
34912 1862
34928 1862
34945 1864
34961 1864
34977 1864
34994 1865
35010 1864
35026 1846
35043 1865
35059 1865
35075 1865
35092 1865
35108 1867
35124 1868
35141 1869
35157 1881
35173 1867
35190 1869
35206 1868
35222 1868
35239 1870
35255 1866
35271 1866
35288 1874
35304 1872
35320 1872
35337 1875
35353 1869
35369 1873
35386 1874
35402 1873
35418 1872
35435 1876
35451 1876
35467 1874
35484 1873
35500 1875
35516 1875
35533 1878
35549 1876
35565 1874
35582 1874
35598 1875
35614 1875
35631 1875
35647 1876
35663 1875
35680 1870
35696 1877
35712 1880
35729 1875
35745 1877
35761 1875
35778 1875
35794 1875
35810 1873
35827 1874
35843 1875
35859 1874
35876 1874
35892 1876
35908 1872
35925 1876
35941 1873
35957 1871
35974 1874
35990 1871
36006 1871
36023 1869
36039 1869
36055 1868
36072 1870
36088 1867
36104 1821
36121 1864
36137 1866
36153 1867
36170 1866
36186 1866
36202 1865
36219 1866
36235 1867
36251 1864
36268 1863
36284 1862
36300 1864
36317 1863
36333 1863
36349 1864
36367 1864
36383 1858
36399 1862
36416 1862
36432 1864
36448 1859
36465 1864
36481 1849
36497 1864
36514 1867
36530 1866
36546 1864
36563 1866
36579 1867
36595 1866
36612 1867
36628 1871
36644 1867
36661 1872
36677 1871
36693 1868
36710 1870
36726 1869
36742 1869
36759 1871
36775 1871
36791 1869
36808 1873
36824 1874
36840 1872
36857 1874
36873 1873
36889 1873
36906 1876
36922 1875
36938 1875
36955 1876
36971 1876
36987 1875
37004 1875
37020 1874
37036 1873
37053 1872
37069 1876
37085 1876
37102 1881
37118 1879
37134 1875
37151 1877
37167 1876
37183 1884
37200 1874
37216 1876
37232 1873
37249 1876
37265 1875
37281 1875
37298 1875
37314 1875
37330 1873
37347 1872
37364 1875
37381 1870
37397 1870
37413 1870
37430 1870
37446 1874
37462 1869
37479 1868
37495 1868
37511 1871
37528 1869
37544 1868
37560 1886
37577 1867
37593 1867
37609 1865
37626 1865
37642 1866
37658 1862
37675 1863
37691 1863
37707 1864
37724 1862
37740 1862
37756 1860
37773 1860
37789 1862
37805 1855
37822 1859
37838 1858
37854 1859
37871 1863
37887 1860
37903 1860
37920 1856
37936 1859
37952 1860
37969 1864
37985 1858
38001 1864
38018 1863
38034 1861
38050 1863
38067 1861
38083 1861
38099 1860
38116 1860
38132 1860
38148 1863
38165 1861
38181 1866
38197 1864
38214 1881
38230 1867
38246 1865
38263 1867
38279 1866
38295 1869
38312 1865
38328 1869
38344 1871
38362 1871
38378 1872
38394 1871
38411 1868
38427 1874
38443 1873
38460 1872
38476 1872
38492 1877
38509 1875
38525 1876
38541 1876
38558 1873
38574 1877
38590 1875
38607 1874
38623 1877
38639 1877
38656 1878
38672 1877
38688 1876
38705 1877
38721 1880
38737 1876
38754 1876
38770 1873
38786 1873
38803 1876
38819 1879
38835 1876
38852 1872
38868 1872
38884 1875
38901 1875
38917 1876
38933 1873
38950 1872
38966 1873
38982 1872
38999 1872
39015 1871
39031 1869
39048 1869
39064 1870
39080 1865
39097 1868
39113 1869
39129 1864
39146 1868
39162 1862
39178 1864
39195 1867
39211 1863
39227 1865
39244 1865
39260 1862
39276 1861
39293 1864
39309 1858
39325 1861
39342 1861
39359 1859
39375 1860
39392 1858
39408 1859
39424 1860
39441 1859
39457 1860
39473 1855
39490 1857
39506 1809
39522 1859
39539 1858
39555 1861
39571 1858
39588 1859
39604 1859
39620 1862
39637 1868
39653 1860
39669 1861
39686 1858
39702 1861
39718 1863
39735 1863
39751 1864
39767 1865
39784 1865
39800 1865
39816 1871
39833 1864
39849 1866
39865 1864
39882 1868
39898 1866
39914 1869
39931 1870
39947 1870
39963 1873
39980 1870
39996 1873
40012 1879
40029 1873
40045 1875
40061 1874
40078 1875
40094 1874
40110 1875
40127 1878
40143 1874
40159 1876
40176 1877
40192 1871
40208 1875
40225 1875
40241 1878
40257 1875
40274 1876
40290 1913
40306 1875
40323 1876
40339 1870
40355 1871
40373 1875
40389 1874
40406 1876
40422 1875
40438 1874
40455 1868
40471 1872
40487 1872
40504 1870
40520 1870
40536 1868
40553 1872
40569 1868
40585 1868
40602 1869
40618 1866
40634 1868
40651 1862
40667 1866
40683 1863
40700 1864
40716 1862
40732 1867
40749 1862
40765 1860
40781 1858
40798 1862
40814 1859
40830 1863
40847 1858
40863 1858
40879 1860
40896 1856
40912 1858
40928 1858
40945 1857
40961 1855
40977 1859
40994 1857
41010 1857
41026 1857
41043 1856
41059 1852
41075 1855
41092 1857
41108 1858
41124 1858
41141 1859
41157 1856
41173 1860
41190 1862
41206 1860
41222 1862
41239 1863
41255 1862
41271 1860
41288 1865
41304 1863
41320 1866
41337 1867
41353 1868
41369 1870
41386 1871
41402 1873
41418 1872
41435 1874
41451 1868
41467 1874
41484 1875
41500 1877
41516 1876
41533 1877
41549 1879
41565 1877
41582 1895
41598 1880
41614 1877
41631 1888
41647 1880
41663 1880
41680 1883
41696 1881
41712 1882
41729 1885
41745 1881
41761 1883
41778 1883
41794 1882
41810 1884
41827 1883
41843 1883
41859 1881
41876 1883
41892 1884
41908 1886
41925 1883
41941 1887
41957 1881
41974 1883
41990 1883
42006 1882
42023 1882
42039 1880
42055 1872
42072 1881
42088 1878
42104 1879
42121 1881
42137 1878
42153 1882
42170 1878
42186 1878
42202 1875
42219 1878
42235 1875
42251 1875
42268 1875
42284 1872
42300 1873
42317 1874
42333 1873
42349 1875
42367 1871
42383 1869
42399 1869
42416 1871
42432 1872
42448 1871
42465 1870
42481 1884
42497 1868
42514 1866
42530 1831
42546 1869
42563 1872
42579 1866
42595 1869
42612 1867
42628 1864
42644 1865
42661 1867
42677 1869
42693 1868
42710 1867
42726 1868
42742 1869
42759 1868
42775 1868
42791 1869
42808 1876
42824 1872
42840 1871
42857 1877
42873 1872
42889 1872
42906 1855
42922 1873
42938 1872
42955 1876
42971 1873
42987 1876
43004 1880
43020 1877
43036 1877
43053 1877
43069 1875
43085 1878
43102 1879
43118 1877
43134 1879
43151 1881
43167 1878
43183 1878
43200 1880
43216 1879
43232 1879
43249 1879
43265 1881
43281 1879
43298 1880
43314 1882
43330 1876
43347 1882
43364 1880
43381 1872
43397 1874
43413 1879
43430 1881
43446 1878
43462 1878
43479 1878
43495 1877
43511 1879
43528 1874
43544 1877
43560 1877
43577 1877
43593 1875
43609 1876
43626 1875
43642 1873
43658 1873
43675 1872
43691 1872
43707 1874
43724 1871
43740 1869
43756 1884
43773 1870
43789 1869
43805 1886
43822 1868
43838 1867
43854 1870
43871 1868
43887 1862
43903 1867
43920 1867
43936 1865
43952 1865
43969 1864
43985 1863
44001 1864
44018 1866
44034 1864
44050 1865
44067 1862
44083 1862
44099 1863
44116 1862
44132 1823
44148 1863
44165 1863
44181 1839
44197 1863
44214 1863
44230 1868
44246 1862
44263 1863
44279 1864
44295 1864
44312 1866
44328 1864
44344 1864
44362 1864
44378 1866
44394 1864
44411 1866
44427 1865
44443 1865
44460 1867
44476 1867
44492 1867
44509 1866
44525 1866
44541 1868
44558 1869
44574 1868
44590 1867
44607 1883
44623 1869
44639 1872
44656 1875
44672 1873
44688 1869
44705 1872
44721 1874
44737 1871
44754 1875
44770 1873
44786 1872
44803 1871
44819 1873
44835 1873
44852 1874
44868 1875
44884 1872
44901 1874
44917 1874
44933 1875
44950 1874
44966 1874
44982 1880
44999 1873
45015 1875
45031 1877
45048 1873
45064 1873
45080 1877
45097 1873
45113 1871
45129 1871
45146 1872
45162 1871
45178 1873
45195 1870
45211 1871
45227 1875
45244 1869
45260 1868
45276 1867
45293 1871
45309 1868
45325 1868
45342 1867
45359 1867
45375 1869
45392 1867
45408 1870
45424 1867
45441 1866
45457 1864
45473 1865
45490 1864
45506 1858
45522 1863
45539 1863
45555 1854
45571 1863
45588 1863
45604 1863
45620 1859
45637 1864
45653 1862
45669 1862
45686 1864
45702 1866
45718 1862
45735 1865
45751 1861
45767 1864
45784 1857
45800 1862
45816 1863
45833 1864
45849 1864
45865 1866
45882 1871
45898 1861
45914 1864
45931 1869
45947 1862
45963 1868
45980 1866
45996 1865
46012 1868
46029 1869
46045 1870
46061 1867
46078 1870
46094 1867
46110 1871
46127 1872
46143 1871
46159 1871
46176 1872
46192 1872
46208 1871
46225 1874
46241 1870
46257 1870
46274 1872
46290 1873
46306 1875
46323 1872
46339 1875
46355 1878
46373 1874
46389 1874
46406 1876
46422 1873
46438 1874
46455 1873
46471 1876
46487 1872
46504 1871
46520 1872
46536 1873
46553 1871
46569 1872
46585 1869
46602 1869
46618 1869
46634 1868
46651 1870
46667 1868
46683 1870
46700 1868
46716 1869
46732 1865
46749 1868
46765 1867
46781 1865
46798 1865
46814 1861
46830 1870
46847 1866
46863 1866
46879 1865
46896 1866
46912 1861
46928 1865
46945 1863
46961 1860
46977 1862
46994 1863
47010 1865
47026 1863
47043 1863
47059 1865
47075 1864
47092 1861
47108 1868
47124 1864
47141 1861
47157 1862
47173 1864
47190 1860
47206 1864
47222 1866
47239 1870
47255 1865
47271 1863
47288 1865
47304 1865
47320 1872
47337 1866
47353 1864
47369 1862
47386 1867
47402 1864
47418 1867
47435 1863
47451 1869
47467 1868
47484 1864
47500 1874
47516 1869
47533 1880
47549 1869
47565 1874
47582 1870
47598 1874
47614 1872
47631 1874
47647 1873
47663 1874
47680 1874
47696 1874
47712 1876
47729 1877
47745 1878
47761 1878
47778 1879
47794 1878
47810 1877
47827 1875
47843 1878
47859 1879
47876 1879
47892 1879
47908 1880
47925 1879
47941 1879
47957 1880
47974 1879
47990 1880
48006 1878
48023 1878
48039 1875
48055 1874
48072 1877
48088 1877
48104 1878
48121 1875
48137 1876
48153 1872
48170 1875
48186 1872
48202 1875
48219 1874
48235 1874
48251 1871
48268 1870
48284 1872
48300 1867
48317 1870
48333 1870
48349 1867
48367 1867
48383 1866
48399 1866
48416 1867
48432 1865
48448 1864
48465 1867
48481 1863
48497 1865
48514 1868
48530 1863
48546 1864
48563 1863
48579 1863
48595 1862
48612 1882
48628 1864
48644 1862
48661 1867
48677 1862
48693 1862
48710 1862
48726 1858
48742 1861
48759 1863
48775 1859
48791 1861
48808 1864
48824 1862
48840 1862
48857 1863
48873 1863
48889 1862
48906 1865
48922 1873
48938 1864
48955 1867
48971 1862
48987 1867
49004 1867
49020 1867
49036 1867
49053 1867
49069 1869
49085 1868
49102 1868
49118 1868
49134 1870
49151 1865
49167 1870
49183 1871
49200 1872
49216 1873
49232 1869
49249 1875
49265 1873
49281 1878
49298 1877
49314 1871
49330 1880
49347 1877
49364 1874
49381 1879
49397 1877
49413 1881
49430 1879
49446 1878
49462 1878
49479 1876
49495 1879
49511 1882
49528 1880
49544 1877
49560 1881
49577 1881
49593 1882
49609 1880
49626 1879
49642 1881
49658 1879
49675 1877
49691 1877
49707 1877
49724 1877
49740 1808
49756 1873
49773 1875
49789 1869
49805 1871
49822 1872
49838 1870
49854 1875
49871 1879
49887 1869
49903 1870
49920 1875
49936 1870
49952 1867
49969 1869
49985 1868
50001 1866
50018 1867
50034 1866
50050 1865
50067 1868
50083 1862
50099 1865
50116 1865
50132 1849
50148 1861
50165 1864
50181 1862
50197 1862
50214 1862
50230 1863
50246 1861
50263 1864
50279 1863
50295 1861
50312 1866
50328 1869
50344 1863
50362 1866
50378 1861
50394 1865
50411 1865
50427 1865
50443 1867
50460 1868
50476 1865
50492 1866
50509 1868
50525 1868
50541 1867
50558 1869
50574 1868
50590 1873
50607 1871
50623 1873
50639 1874
50656 1872
50672 1876
50688 1868
50705 1875
50721 1875
50737 1874
50754 1878
50770 1878
50786 1878
50803 1879
50819 1878
50835 1879
50852 1877
50868 1882
50884 1878
50901 1880
50917 1880
50933 1880
50950 1882
50966 1883
50982 1879
50999 1883
51015 1884
51031 1879
51048 1877
51064 1880
51080 1882
51097 1880
51113 1879
51129 1877
51146 1880
51162 1880
51178 1877
51195 1878
51211 1877
51227 1871
51244 1871
51260 1882
51276 1872
51293 1875
51309 1874
51325 1873
51342 1870
51359 1869
51375 1871
51392 1871
51408 1865
51424 1867
51441 1866
51457 1867
51473 1864
51490 1862
51506 1849
51522 1863
51539 1862
51555 1860
51571 1859
51588 1859
51604 1857
51620 1856
51637 1864
51653 1859
51669 1856
51686 1855
51702 1856
51718 1857
51735 1854
51751 1855
51767 1855
51784 1859
51800 1854
51816 1857
51833 1856
51849 1855
51865 1856
51882 1856
51898 1851
51914 1855
51931 1854
51947 1856
51963 1854
51980 1856
51996 1858
52012 1858
52029 1861
52045 1858
52061 1862
52078 1855
52094 1858
52110 1862
52127 1861
52143 1860
52159 1862
52176 1855
52192 1863
52208 1877
52225 1863
52241 1860
52257 1865
52274 1869
52290 1865
52306 1863
52323 1866
52339 1849
52355 1868
52373 1867
52389 1866
52406 1867
52422 1869
52438 1869
52455 1871
52471 1868
52487 1870
52504 1873
52520 1868
52536 1871
52553 1870
52569 1869
52585 1871
52602 1871
52618 1870
52634 1869
52651 1871
52667 1870
52683 1866
52700 1871
52716 1869
52732 1873
52749 1868
52765 1869
52781 1867
52798 1869
52814 1868
52830 1869
52847 1868
52863 1866
52879 1867
52896 1866
52912 1865
52928 1868
52945 1865
52961 1864
52977 1864
52994 1862
53010 1861
53026 1861
53043 1861
53059 1860
53075 1860
53092 1860
53108 1870
53124 1860
53141 1859
53157 1861
53173 1859
53190 1861
53206 1864
53222 1858
53239 1858
53255 1855
53271 1859
53288 1857
53304 1855
53320 1858
53337 1856
53353 1857
53369 1857
53386 1858
53402 1861
53418 1858
53435 1861
53451 1859
53467 1860
53484 1858
53500 1862
53516 1860
53533 1862
53549 1862
53565 1862
53582 1899
53598 1863
53614 1861
53631 1868
53647 1865
53663 1864
53680 1866
53696 1866
53712 1864
53729 1870
53745 1868
53761 1868
53778 1871
53794 1869
53810 1869
53827 1871
53843 1869
53859 1878
53876 1873
53892 1874
53908 1870
53925 1874
53941 1875
53957 1871
53974 1875
53990 1874
54006 1874
54023 1870
54039 1874
54055 1872
54072 1876
54088 1872
54104 1872
54121 1875
54137 1875
54153 1873
54170 1877
54186 1875
54202 1873
54219 1876
54235 1875
54251 1874
54268 1877
54284 1874
54300 1875
54317 1876
54333 1875
54349 1873
54367 1875
54383 1877
54399 1874
54416 1872
54432 1870
54448 1870
54465 1871
54481 1871
54497 1871
54514 1871
54530 1864
54546 1870
54563 1871
54579 1866
54595 1868
54612 1868
54628 1861
54644 1869
54661 1867
54677 1859
54693 1867
54710 1865
54726 1862
54742 1865
54759 1862
54775 1862
54791 1866
54808 1864
54824 1864
54840 1862
54857 1865
54873 1865
54889 1864
54906 1842
54922 1862
54938 1865
54955 1873
54971 1864
54987 1864
55004 1868
55020 1863
55036 1864
55053 1869
55069 1866
55085 1866
55102 1870
55118 1865
55134 1870
55151 1862
55167 1865
55183 1867
55200 1869
55216 1869
55232 1867
55249 1869
55265 1867
55281 1871
55298 1872
55314 1872
55330 1873
55347 1873
55364 1872
55381 1875
55397 1875
55413 1872
55430 1875
55446 1874
55462 1871
55479 1877
55495 1874
55511 1872
55528 1876
55544 1880
55560 1872
55577 1877
55593 1878
55609 1877
55626 1875
55642 1877
55658 1875
55675 1875
55691 1877
55707 1876
55724 1876
55740 1875
55756 1875
55773 1876
55789 1873
55805 1880
55822 1878
55838 1874
55854 1870
55871 1874
55887 1874
55903 1871
55920 1871
55936 1875
55952 1870
55969 1873
55985 1873
56001 1871
56018 1868
56034 1871
56050 1870
56067 1869
56083 1868
56099 1869
56116 1869
56132 1869
56148 1865
56165 1866
56181 1869
56197 1864
56214 1860
56230 1835
56246 1865
56263 1865
56279 1866
56295 1862
56312 1865
56328 1867
56344 1866
56362 1866
56378 1865
56394 1864
56411 1866
56427 1865
56443 1864
56460 1868
56476 1867
56492 1864
56509 1864
56525 1866
56541 1864
56558 1868
56574 1867
56590 1866
56607 1897
56623 1867
56639 1868
56656 1871
56672 1871
56688 1870
56705 1865
56721 1872
56737 1868
56754 1873
56770 1873
56786 1872
56803 1873
56819 1874
56835 1871
56852 1873
56868 1874
56884 1871
56901 1874
56917 1874
56933 1874
56950 1874
56966 1874
56982 1874
56999 1876
57015 1876
57031 1875
57048 1877
57064 1876
57080 1868
57097 1880
57113 1875
57129 1877
57146 1877
57162 1876
57178 1880
57195 1877
57211 1875
57227 1876
57244 1875
57260 1874
57276 1873
57293 1872
57309 1874
57325 1872
57342 1873
57359 1871
57375 1872
57392 1869
57408 1872
57424 1872
57441 1871
57457 1871
57473 1869
57490 1870
57506 1868
57522 1870
57539 1867
57555 1866
57571 1868
57588 1865
57604 1864
57620 1865
57637 1866
57653 1860
57669 1867
57686 1863
57702 1852
57718 1867
57735 1862
57751 1860
57767 1860
57784 1862
57800 1859
57816 1858
57833 1860
57849 1860
57865 1859
57882 1847
57898 1862
57914 1858
57931 1869
57947 1858
57963 1861
57980 1851
57996 1859
58012 1855
58029 1863
58045 1861
58061 1860
58078 1863
58094 1864
58110 1844
58127 1865
58143 1863
58159 1866
58176 1865
58192 1864
58208 1865
58225 1867
58241 1865
58257 1867
58274 1867
58290 1868
58306 1869
58323 1868
58339 1870
58355 1872
58373 1870
58389 1871
58406 1875
58422 1869
58438 1872
58455 1879
58471 1873
58487 1875
58504 1874
58520 1877
58536 1875
58553 1876
58569 1875
58585 1878
58602 1875
58618 1877
58634 1875
58651 1874
58667 1875
58683 1877
58700 1876
58716 1878
58732 1875
58749 1876
58765 1873
58781 1875
58798 1877
58814 1877
58830 1876
58847 1873
58863 1874
58879 1874
58896 1873
58912 1873
58928 1872
58945 1874
58961 1870
58977 1874
58994 1872
59010 1868
59026 1873
59043 1869
59059 1869
59075 1868
59092 1868
59108 1867
59124 1868
59141 1867
59157 1872
59173 1860
59190 1867
59206 1867
59222 1863
59239 1861
59255 1864
59271 1864
59288 1851
59304 1863
59320 1859
59337 1871
59353 1860
59369 1856
59386 1858
59402 1860
59418 1857
59435 1858
59451 1857
59467 1855
59484 1858
59500 1857
59516 1856
59533 1865
59549 1860
59565 1857
59582 1860
59598 1859
59614 1859
59631 1859
59647 1861
59663 1862
59680 1861
59696 1863
59712 1859
59729 1862
59745 1863
59761 1865
59778 1863
59794 1866
59810 1866
59827 1868
59843 1866
59859 1868
59876 1866
59892 1868
59908 1869
59925 1871
59941 1869
59957 1870
59974 1779
59990 1872
60006 1872
60023 1874
60039 1876
60055 1875
60072 1876
60088 1877
60104 1877
60121 1874
60137 1876
60153 1872
60170 1874
60186 1880
60202 1875
60219 1878
60235 1878
60251 1873
60268 1876
60284 1877
60300 1875
60317 1875
60333 1878
60349 1875
60367 1873
60383 1875
60399 1875
60416 1875
60432 1872
60448 1870
60465 1874
60481 1857
60497 1869
60514 1872
60530 1869
60546 1868
60563 1869
60579 1871
60595 1866
60612 1834
60628 1868
60644 1864
60661 1867
60677 1865
60693 1860
60710 1865
60726 1860
60742 1861
60759 1858
60775 1857
60791 1858
60808 1861
60824 1858
60840 1856
60857 1859
60873 1855
60889 1858
60906 1858
60922 1853
60938 1855
60955 1856
60971 1854
60987 1858
61004 1857
61020 1856
61036 1855
61053 1851
61069 1857
61085 1861
61102 1861
61118 1858
61134 1860
61151 1857
61167 1858
61183 1855
61200 1860
61216 1859
61232 1861
61249 1864
61265 1862
61281 1867
61298 1866
61314 1864
61330 1867
61347 1871
61364 1843
61381 1868
61397 1870
61413 1871
61430 1873
61446 1873
61462 1874
61479 1873
61495 1874
61511 1874
61528 1876
61544 1873
61560 1876
61577 1878
61593 1879
61609 1879
61626 1881
61642 1886
61658 1881
61675 1883
61691 1882
61707 1883
61724 1884
61740 1859
61756 1884
61773 1883
61789 1885
61805 1880
61822 1885
61838 1883
61854 1883
61871 1888
61887 1882
61903 1882
61920 1884
61936 1882
61952 1881
61969 1882
61985 1883
62001 1882
62018 1881
62034 1881
62050 1886
62067 1879
62083 1881
62099 1881
62116 1879
62132 1877
62148 1880
62165 1877
62181 1878
62197 1875
62214 1874
62230 1873
62246 1874
62263 1874
62279 1873
62295 1874
62312 1872
62328 1875
62344 1870
62362 1871
62378 1872
62394 1870
62411 1869
62427 1873
62443 1870
62460 1874
62476 1870
62492 1869
62509 1867
62525 1869
62541 1869
62558 1848
62574 1867
62590 1868
62607 1868
62623 1869
62639 1867
62656 1869
62672 1868
62688 1881
62705 1872
62721 1868
62737 1874
62754 1870
62770 1872
62786 1871
62803 1870
62819 1868
62835 1871
62852 1872
62868 1875
62884 1872
62901 1874
62917 1874
62933 1872
62950 1888
62966 1875
62982 1875
62999 1871
63015 1880
63031 1876
63048 1876
63064 1881
63080 1876
63097 1879
63113 1879
63129 1879
63146 1876
63162 1876
63178 1880
63195 1881
63211 1879
63227 1881
63244 1881
63260 1878
63276 1879
63293 1880
63309 1874
63325 1881
63342 1879
63359 1885
63375 1880
63392 1880
63408 1878
63424 1880
63441 1880
63457 1879
63473 1879
63490 1880
63506 1873
63522 1882
63539 1879
63555 1881
63571 1876
63588 1876
63604 1875
63620 1874
63637 1879
63653 1873
63669 1872
63686 1870
63702 1870
63718 1873
63735 1873
63751 1870
63767 1869
63784 1869
63800 1868
63816 1870
63833 1867
63849 1864
63865 1865
63882 1867
63898 1869
63914 1865
63931 1866
63947 1867
63963 1861
63980 1865
63996 1861
64012 1864
64029 1865
64045 1863
64061 1862
64078 1896
64094 1865
64110 1864
64127 1864
64143 1862
64159 1866
64176 1863
64192 1861
64208 1881
64225 1863
64241 1858
64257 1863
64274 1863
64290 1863
64306 1865
64323 1864
64339 1869
64355 1861
64373 1867
64389 1866
64406 1866
64422 1865
64438 1867
64455 1893
64471 1866
64487 1870
64504 1869
64520 1869
64536 1869
64553 1870
64569 1871
64585 1888
64602 1871
64618 1870
64634 1871
64651 1872
64667 1873
64683 1869
64700 1872
64716 1870
64732 1872
64749 1873
64765 1872
64781 1872
64798 1879
64814 1875
64830 1873
64847 1877
64863 1876
64879 1875
64896 1876
64912 1876
64928 1874
64945 1877
64961 1874
64977 1874
64994 1877
65010 1873
65026 1888
65043 1874
65059 1870
65075 1871
65092 1872
65108 1869
65124 1872
65141 1874
65157 1870
65173 1872
65190 1874
65206 1869
65222 1870
65239 1870
65255 1869
65271 1867
65288 1866
65304 1870
65320 1867
65337 1868
65353 1871
65369 1864
65386 1868
65402 1866
65418 1867
65435 1865
65451 1864
65467 1864
65484 1864
65500 1865
65516 1865
65533 1865
65549 1863
65565 1864
65582 1868
65598 1867
65614 1863
65631 1858
65647 1863
65663 1863
65680 1856
65696 1862
65712 1863
65729 1863
65745 1862
65761 1863
65778 1864
65794 1863
65810 1861
65827 1864
65843 1863
65859 1864
65876 1863
65892 1864
65908 1864
65925 1866
65941 1867
65957 1865
65974 1867
65990 1864
66006 1873
66023 1867
66039 1867
66055 1865
66072 1869
66088 1869
66104 1870
66121 1870
66137 1868
66153 1867
66170 1870
66186 1874
66202 1863
66219 1870
66235 1873
66251 1871
66268 1874
66284 1875
66300 1873
66317 1877
66333 1874
66349 1873
66367 1875
66383 1874
66399 1876
66416 1875
66432 1874
66448 1884
66465 1873
66481 1870
66497 1873
66514 1870
66530 1885
66546 1869
66563 1872
66579 1870
66595 1871
66612 1871
66628 1869
66644 1870
66661 1870
66677 1866
66693 1864
66710 1869
66726 1867
66742 1867
66759 1869
66775 1866
66791 1865
66808 1870
66824 1869
66840 1862
66857 1866
66873 1864
66889 1863
66906 1834
66922 1865
66938 1865
66955 1853
66971 1863
66987 1859
67004 1864
67020 1860
67037 1862
67053 1863
67070 1863
67086 1863
67102 1861
67119 1863
67135 1864
67152 1862
67168 1861
67185 1861
67201 1863
67217 1861
67234 1863
67250 1865
67267 1866
67283 1862
67300 1865
67316 1866
67332 1861
67349 1866
67366 1864
67383 1867
67399 1867
67416 1868
67432 1868
67449 1870
67465 1867
67481 1885
67498 1869
67514 1869
67531 1874
67547 1869
67564 1872
67580 1871
67596 1872
67613 1873
67629 1881
67646 1873
67662 1876
67679 1871
67695 1879
67711 1877
67728 1878
67744 1878
67761 1877
67777 1873
67794 1876
67810 1878
67826 1877
67843 1875
67859 1878
67876 1879
67892 1878
67909 1883
67925 1879
67941 1880
67958 1875
67974 1879
67991 1878
68007 1878
68024 1879
68040 1877
68056 1860
68073 1879
68089 1875
68106 1876
68122 1874
68139 1875
68155 1870
68171 1873
68188 1874
68204 1874
68221 1873
68237 1871
68254 1876
68270 1871
68286 1871
68303 1871
68319 1864
68336 1868
68352 1866
68369 1868
68386 1866
68402 1862
68419 1862
68435 1864
68452 1871
68468 1864
68484 1863
68501 1863
68517 1863
68534 1865
68550 1864
68567 1862
68583 1862
68599 1866
68616 1862
68632 1862
68649 1861
68665 1864
68682 1866
68698 1863
68714 1861
68731 1868
68747 1860
68764 1864
68780 1860
68797 1861
68813 1864
68829 1889
68846 1864
68862 1862
68879 1860
68895 1868
68912 1862
68928 1867
68944 1861
68961 1863
68977 1869
68994 1866
69010 1868
69027 1867
69043 1870
69059 1869
69076 1867
69092 1870
69109 1867
69125 1869
69142 1870
69158 1871
69174 1873
69191 1871
69207 1871
69224 1872
69240 1872
69257 1871
69273 1877
69289 1876
69306 1875
69322 1876
69339 1878
69355 1871
69373 1877
69389 1877
69406 1878
69422 1875
69438 1879
69455 1881
69471 1882
69488 1881
69504 1878
69521 1877
69537 1878
69553 1880
69570 1881
69586 1880
69603 1879
69619 1878
69636 1878
69652 1881
69668 1878
69685 1875
69701 1876
69718 1874
69734 1876
69751 1876
69767 1874
69783 1875
69800 1873
69816 1873
69833 1874
69849 1871
69866 1874
69882 1870
69898 1869
69915 1870
69931 1850
69948 1867
69964 1868
69981 1872
69997 1868
70013 1865
70030 1869
70046 1864
70063 1865
70079 1866
70096 1864
70112 1866
70128 1867
70145 1862
70161 1863
70178 1861
70194 1866
70211 1863
70227 1859
70243 1864
70260 1864
70276 1865
70293 1865
70309 1861
70326 1862
70342 1864
70360 1861
70376 1864
70392 1865
70409 1865
70425 1869
70442 1865
70458 1865
70475 1866
70491 1866
70507 1870
70524 1866
70540 1869
70557 1868
70573 1872
70590 1869
70606 1872
70622 1871
70639 1876
70655 1884
70672 1872
70688 1872
70705 1851
70721 1874
70737 1876
70754 1875
70770 1873
70787 1880
70803 1880
70820 1877
70836 1880
70852 1880
70869 1880
70885 1881
70902 1882
70918 1881
70935 1880
70951 1879
70967 1882
70984 1882
71000 1881
71017 1881
71033 1881
71050 1880
71066 1888
71082 1882
71099 1878
71115 1881
71132 1880
71148 1879
71165 1886
71181 1878
71197 1926
71214 1879
71230 1872
71247 1885
71263 1873
71280 1872
71296 1873
71312 1866
71329 1880
71345 1870
71363 1869
71379 1870
71396 1869
71412 1868
71428 1865
71445 1865
71461 1865
71478 1862
71494 1862
71511 1864
71527 1862
71543 1860
71560 1862
71576 1857
71593 1860
71609 1862
71626 1857
71642 1857
71658 1854
71675 1857
71691 1856
71708 1860
71724 1856
71741 1864
71757 1854
71773 1854
71790 1853
71806 1856
71823 1855
71839 1854
71856 1854
71872 1855
71888 1855
71905 1853
71921 1852
71938 1855
71954 1855
71971 1846
71987 1858
72003 1858
72020 1856
72036 1857
72053 1855
72069 1858
72086 1859
72102 1863
72118 1859
72135 1859
72151 1861
72168 1861
72184 1863
72201 1864
72217 1863
72233 1822
72250 1860
72266 1862
72283 1867
72299 1867
72316 1866
72332 1869
72348 1868
72366 1866
72382 1865
72399 1866
72415 1868
72432 1868
72448 1868
72465 1869
72481 1858
72497 1868
72514 1868
72530 1870
72547 1868
72563 1869
72580 1873
72596 1876
72612 1870
72629 1870
72645 1872
72662 1871
72678 1875
72695 1870
72711 1869
72727 1869
72744 1869
72760 1867
72777 1868
72793 1877
72810 1865
72826 1867
72842 1864
72859 1862
72875 1864
72892 1865
72908 1867
72925 1865
72941 1862
72957 1865
72974 1865
72990 1862
73007 1864
73023 1868
73040 1863
73056 1861
73072 1861
73089 1859
73105 1875
73122 1858
73138 1860
73155 1861
73171 1857
73187 1858
73204 1857
73220 1855
73237 1855
73253 1858
73270 1860
73286 1862
73302 1857
73319 1856
73335 1857
73352 1861
73369 1859
73386 1859
73402 1859
73419 1859
73435 1860
73451 1858
73468 1861
73484 1860
73501 1858
73517 1860
73534 1864
73550 1859
73566 1862
73583 1861
73599 1863
73616 1863
73632 1863
73649 1864
73665 1866
73681 1868
73698 1866
73714 1877
73731 1868
73747 1869
73764 1865
73780 1872
73796 1872
73813 1869
73829 1868
73846 1873
73862 1870
73879 1871
73895 1872
73911 1873
73928 1873
73944 1874
73961 1875
73977 1874
73994 1873
74010 1876
74026 1887
74043 1875
74059 1876
74076 1876
74092 1879
74109 1877
74125 1877
74141 1876
74158 1878
74174 1869
74191 1878
74207 1876
74224 1875
74240 1877
74256 1876
74273 1876
74289 1878
74306 1876
74322 1877
74339 1870
74355 1874
74373 1873
74389 1873
74405 1872
74422 1870
74438 1870
74455 1873
74471 1872
74488 1871
74504 1866
74520 1871
74537 1873
74553 1869
74570 1869
74586 1868
74603 1868
74619 1868
74635 1951
74652 1865
74668 1865
74685 1865
74701 1865
74718 1866
74734 1863
74750 1863
74767 1863
74783 1865
74800 1864
74816 1861
74833 1863
74849 1865
74865 1864
74882 1864
74898 1865
74915 1866
74931 1865
74948 1854
74964 1864
74980 1865
74997 1867
75013 1864
75030 1865
75046 1863
75063 1867
75079 1867
75095 1865
75112 1867
75128 1869
75145 1867
75161 1867
75178 1867
75194 1870
75210 1868
75227 1868
75243 1870
75260 1867
75276 1871
75293 1870
75309 1872
75325 1872
75342 1871
75359 1872
75376 1872
75392 1871
75409 1871
75425 1874
75442 1873
75458 1874
75474 1872
75491 1874
75507 1864
75524 1876
75540 1876
75557 1873
75573 1874
75589 1874
75606 1877
75622 1876
75639 1874
75655 1873
75672 1874
75688 1864
75704 1875
75721 1875
75737 1876
75754 1876
75770 1869
75787 1874
75803 1873
75819 1877
75836 1875
75852 1873
75869 1869
75885 1875
75902 1875
75918 1877
75934 1872
75951 1874
75967 1873
75984 1872
76000 1883
76017 1869
76033 1870
76049 1870
76066 1871
76082 1869
76099 1871
76115 1869
76132 1868
76148 1867
76164 1869
76181 1864
76197 1865
76214 1867
76230 1866
76247 1866
76263 1870
76279 1864
76296 1863
76312 1870
76329 1864
76345 1857
76363 1863
76379 1865
76395 1862
76412 1867
76428 1865
76445 1864
76461 1867
76478 1865
76494 1866
76510 1867
76527 1866
76543 1868
76560 1867
76576 1868
76593 1864
76609 1867
76625 1867
76642 1867
76658 1869
76675 1870
76691 1870
76708 1881
76724 1870
76740 1850
76757 1871
76773 1871
76790 1871
76806 1874
76823 1874
76839 1873
76855 1875
76872 1873
76888 1872
76905 1876
76921 1781
76938 1873
76954 1871
76970 1869
76987 1873
77003 1875
77020 1874
77036 1875
77053 1891
77069 1880
77085 1876
77102 1870
77118 1878
77135 1876
77151 1872
77168 1871
77184 1877
77200 1875
77217 1875
77233 1820
77250 1873
77266 1874
77283 1878
77299 1873
77315 1875
77332 1876
77348 1872
77366 1873
77382 1871
77399 1870
77415 1871
77432 1870
77448 1870
77464 1870
77481 1870
77497 1867
77514 1869
77530 1868
77547 1868
77563 1865
77579 1865
77596 1860
77612 1863
77629 1866
77645 1865
77662 1863
77678 1864
77694 1861
77711 1862
77727 1857
77744 1861
77760 1861
77777 1861
77793 1860
77809 1859
77826 1861
77842 1852
77859 1859
77875 1858
77892 1849
77908 1859
77924 1858
77941 1855
77957 1858
77974 1859
77990 1857
78007 1862
78023 1862
78039 1861
78056 1862
78072 1862
78089 1864
78105 1861
78122 1862
78138 1867
78154 1861
78171 1865
78187 1864
78204 1862
78220 1865
78237 1866
78253 1868
78269 1867
78286 1868
78302 1876
78319 1869
78335 1872
78352 1870
78369 1876
78386 1872
78402 1873
78418 1873
78435 1875
78451 1878
78468 1874
78484 1874
78501 1875
78517 1874
78533 1873
78550 1875
78566 1876
78583 1874
78599 1878
78616 1876
78632 1876
78648 1877
78665 1876
78681 1873
78698 1877
78714 1878
78731 1879
78747 1878
78763 1877
78780 1878
78796 1874
78813 1873
78829 1871
78846 1878
78862 1873
78878 1876
78895 1873
78911 1873
78928 1874
78944 1874
78961 1874
78977 1872
78993 1873
79010 1874
79026 1871
79043 1874
79059 1869
79076 1871
79092 1868
79108 1870
79125 1868
79141 1867
79158 1869
79174 1865
79191 1864
79207 1866
79223 1865
79240 1867
79256 1882
79273 1864
79289 1862
79306 1873
79322 1858
79338 1859
79355 1851
79372 1859
79389 1860
79405 1860
79422 1860
79438 1858
79455 1855
79471 1859
79487 1859
79504 1858
79520 1858
79537 1858
79553 1856
79570 1858
79586 1860
79602 1856
79619 1858
79635 1861
79652 1859
79668 1861
79685 1861
79701 1860
79717 1861
79734 1862
79750 1863
79767 1862
79783 1864
79800 1863
79816 1865
79832 1865
79849 1867
79865 1866
79882 1866
79898 1868
79915 1869
79931 1873
79947 1868
79964 1878
79980 1861
79997 1871
80013 1870
80030 1874
80046 1876
80062 1872
80079 1872
80095 1872
80112 1873
80128 1873
80145 1875
80161 1874
80177 1873
80194 1875
80210 1872
80227 1877
80243 1878
80260 1875
80276 1876
80292 1875
80309 1876
80325 1876
80342 1876
80359 1871
80376 1875
80392 1870
80409 1872
80425 1872
80441 1873
80458 1872
80474 1872
80491 1873
80507 1869
80524 1871
80540 1871
80556 1870
80573 1868
80589 1868
80606 1869
80622 1866
80639 1867
80655 1874
80671 1864
80688 1862
80704 1807
80721 1864
80737 1861
80754 1864
80770 1861
80786 1862
80803 1858
80819 1861
80836 1855
80852 1858
80869 1865
80885 1860
80901 1863
80918 1860
80934 1857
80951 1856
80967 1859
80984 1856
81000 1854
81016 1855
81033 1855
81049 1855
81066 1856
81082 1858
81099 1859
81115 1856
81131 1858
81148 1856
81164 1860
81181 1858
81197 1861
81214 1859
81230 1866
81246 1861
81263 1863
81279 1897
81296 1865
81312 1863
81329 1864
81345 1864
81363 1868
81379 1870
81395 1870
81412 1871
81428 1870
81445 1872
81461 1872
81478 1874
81494 1878
81510 1874
81527 1877
81543 1877
81560 1879
81576 1878
81593 1876
81609 1880
81625 1879
81642 1878
81658 1880
81675 1881
81691 1883
81708 1883
81724 1884
81740 1884
81757 1883
81773 1886
81790 1883
81806 1863
81823 1882
81839 1883
81855 1892
81872 1881
81888 1884
81905 1894
81921 1881
81938 1883
81954 1885
81970 1885
81987 1879
82003 1882
82020 1878
82036 1882
82053 1876
82069 1881
82085 1878
82102 1883
82118 1880
82135 1880
82151 1878
82168 1878
82184 1875
82200 1876
82217 1875
82233 1876
82250 1875
82266 1872
82283 1871
82299 1872
82315 1870
82332 1871
82348 1872
82366 1873
82382 1873
82399 1871
82415 1872
82431 1870
82448 1871
82464 1867
82481 1884
82497 1877
82514 1870
82530 1846
82546 1869
82563 1867
82579 1855
82596 1867
82612 1868
82629 1867
82645 1869
82661 1870
82678 1873
82694 1870
82711 1869
82727 1869
82744 1871
82760 1870
82776 1865
82793 1870
82809 1870
82826 1871
82842 1871
82859 1873
82875 1874
82891 1872
82908 1872
82924 1873
82941 1874
82957 1875
82974 1877
82990 1876
83006 1875
83023 1875
83039 1876
83056 1875
83072 1877
83089 1875
83105 1881
83121 1881
83138 1878
83154 1877
83171 1880
83187 1880
83204 1879
83220 1879
83236 1874
83253 1883
83269 1880
83286 1881
83302 1881
83319 1880
83335 1880
83351 1880
83369 1879
83386 1880
83402 1878
83418 1881
83435 1878
83451 1876
83468 1878
83484 1878
83501 1878
83517 1875
83533 1877
83550 1876
83566 1876
83583 1863
83599 1875
83616 1876
83632 1873
83648 1871
83665 1875
83681 1874
83698 1874
83714 1856
83731 1871
83747 1870
83763 1869
83780 1870
83796 1868
83813 1870
83829 1866
83846 1866
83862 1868
83878 1865
83895 1860
83911 1864
83928 1866
83944 1866
83961 1863
83977 1862
83993 1871
84010 1865
84026 1846
84043 1861
84059 1866
84076 1864
84092 1865
84108 1862
84125 1862
84141 1862
84158 1859
84174 1862
84191 1863
84207 1874
84223 1861
84240 1862
84256 1861
84273 1864
84289 1869
84306 1861
84322 1866
84338 1863
84355 1866
84372 1865
84389 1864
84405 1867
84422 1867
84438 1867
84455 1870
84471 1867
84487 1868
84504 1867
84520 1868
84537 1870
84553 1869
84570 1872
84586 1870
84602 1870
84619 1869
84635 1882
84652 1872
84668 1868
84685 1873
84701 1872
84717 1875
84734 1873
84750 1873
84767 1872
84783 1872
84800 1875
84816 1875
84832 1874
84849 1876
84865 1875
84882 1876
84898 1876
84915 1878
84931 1874
84947 1867
84964 1873
84980 1879
84997 1879
85013 1874
85030 1873
85046 1874
85062 1872
85079 1877
85095 1872
85112 1873
85128 1868
85145 1869
85161 1867
85177 1871
85194 1871
85210 1873
85227 1871
85243 1870
85260 1867
85276 1869
85292 1869
85309 1865
85325 1866
85342 1864
85359 1867
85376 1867
85392 1862
85408 1864
85425 1866
85441 1864
85458 1864
85474 1864
85491 1864
85507 1864
85523 1865
85540 1864
85556 1863
85573 1863
85589 1862
85606 1859
85622 1862
85638 1859
85655 1864
85671 1862
85688 1875
85704 1865
85721 1861
85737 1862
85753 1861
85770 1865
85786 1866
85803 1864
85819 1861
85836 1870
85852 1865
85868 1863
85885 1862
85901 1864
85918 1864
85934 1864
85951 1865
85967 1865
85983 1866
86000 1868
86016 1866
86033 1867
86049 1862
86066 1868
86082 1868
86098 1870
86115 1868
86131 1869
86148 1868
86164 1868
86181 1870
86197 1871
86213 1872
86230 1874
86246 1872
86263 1871
86279 1871
86296 1872
86312 1872
86328 1875
86345 1872
86362 1868
86379 1872
86395 1873
86412 1872
86428 1874
86445 1870
86461 1872
86477 1873
86494 1872
86510 1873
86527 1871
86543 1871
86560 1870
86576 1870
86592 1872
86609 1869
86625 1870
86642 1871
86658 1870
86675 1867
86691 1868
86707 1867
86724 1866
86740 1841
86757 1865
86773 1866
86790 1872
86806 1866
86822 1866
86839 1866
86855 1864
86872 1864
86888 1865
86905 1869
86921 1851
86937 1863
86954 1863
86970 1863
86987 1863
87003 1864
87020 1864
87036 1863
87052 1882
87069 1862
87085 1861
87102 1862
87118 1861
87135 1863
87151 1862
87167 1862
87184 1863
87200 1863
87217 1864
87233 1834
87250 1863
87266 1866
87282 1868
87299 1865
87315 1863
87332 1866
87348 1863
87366 1865
87382 1866
87399 1865
87415 1866
87431 1869
87448 1868
87464 1868
87481 1865
87497 1869
87514 1870
87530 1875
87546 1872
87563 1870
87579 1871
87596 1869
87612 1872
87629 1872
87645 1873
87661 1874
87678 1875
87694 1876
87711 1876
87727 1877
87744 1876
87760 1877
87776 1876
87793 1881
87809 1876
87826 1877
87842 1878
87859 1879
87875 1878
87891 1882
87908 1878
87924 1875
87941 1877
87957 1877
87974 1897
87990 1877
88006 1876
88023 1877
88039 1877
88056 1878
88072 1885
88089 1878
88105 1868
88121 1879
88138 1874
88154 1876
88171 1872
88187 1875
88204 1873
88220 1874
88236 1871
88253 1870
88269 1872
88286 1875
88302 1867
88319 1869
88335 1870
88351 1871
88369 1869
88385 1867
88402 1866
88418 1867
88435 1862
88451 1865
88468 1865
88484 1865
88500 1864
88517 1864
88533 1871
88550 1862
88566 1862
88583 1858
88599 1861
88615 1864
88632 1865
88648 1863
88665 1862
88681 1863
88698 1861
88714 1877
88730 1863
88747 1861
88763 1863
88780 1861
88796 1863
88813 1861
88829 1863
88845 1865
88862 1862
88878 1860
88895 1863
88911 1863
88928 1864
88944 1864
88960 1866
88977 1865
88993 1866
89010 1867
89026 1847
89043 1867
89059 1863
89075 1867
89092 1869
89108 1868
89125 1868
89141 1868
89158 1871
89174 1871
89190 1871
89207 1870
89223 1873
89240 1871
89256 1874
89273 1872
89289 1873
89305 1877
89322 1874
89338 1897
89355 1877
89372 1878
89389 1877
89405 1880
89421 1879
89438 1878
89454 1878
89471 1880
89487 1877
89504 1877
89520 1881
89536 1878
89553 1879
89569 1878
89586 1877
89602 1881
89619 1879
89635 1908
89651 1878
89668 1881
89684 1879
89701 1877
89717 1877
89734 1876
89750 1876
89766 1875
89783 1874
89799 1873
89816 1877
89832 1870
89849 1870
89865 1870
89881 1871
89898 1868
89914 1869
89931 1868
89947 1879
89964 1866
89980 1865
89996 1866
90013 1867
90029 1863
90046 1865
90062 1865
90079 1866
90095 1864
90111 1864
90128 1863
90144 1862
90161 1864
90177 1861
90194 1863
90210 1862
90226 1868
90243 1867
90259 1861
90276 1863
90292 1866
90309 1862
90325 1863
90341 1863
90359 1863
90375 1861
90392 1861
90408 1866
90425 1865
90441 1865
90458 1865
90474 1864
90490 1866
90507 1865
90523 1866
90540 1867
90556 1870
90573 1868
90589 1869
90605 1879
90622 1871
90638 1870
90655 1860
90671 1873
90688 1874
90704 1780
90720 1875
90737 1872
90753 1873
90770 1876
90786 1876
90803 1873
90819 1879
90835 1880
90852 1875
90868 1878
90885 1882
90901 1880
90918 1887
90934 1880
90950 1880
90967 1880
90983 1881
91000 1877
91016 1883
91033 1882
91049 1880
91065 1878
91082 1880
91098 1878
91115 1880
91131 1878
91148 1881
91164 1880
91180 1880
91197 1876
91213 1878
91230 1869
91246 1877
91263 1875
91279 1864
91295 1873
91312 1874
91328 1873
91345 1869
91362 1870
91379 1870
91395 1867
91411 1867
91428 1867
91444 1864
91461 1865
91477 1862
91494 1862
91510 1863
91526 1864
91543 1862
91559 1859
91576 1860
91592 1857
91609 1858
91625 1859
91641 1858
91658 1859
91674 1857
91691 1856
91707 1855
91724 1854
91740 1853
91756 1854
91773 1854
91789 1855
91806 1847
91822 1854
91839 1857
91855 1855
91871 1853
91888 1855
91904 1854
91921 1856
91937 1855
91954 1856
91970 1857
91986 1856
92003 1853
92019 1855
92036 1858
92052 1854
92069 1857
92085 1858
92101 1863
92118 1860
92134 1861
92151 1862
92167 1860
92184 1865
92200 1867
92216 1868
92233 1864
92249 1864
92266 1870
92282 1868
92299 1866
92315 1866
92331 1863
92348 1867
92365 1867
92382 1866
92398 1867
92415 1868
92431 1869
92448 1867
92464 1871
92480 1871
92497 1870
92513 1872
92530 1878
92546 1870
92563 1869
92579 1872
92595 1870
92612 1871
92628 1868
92645 1870
92661 1869
92678 1868
92694 1870
92710 1870
92727 1872
92743 1868
92760 1869
92776 1868
92793 1866
92809 1867
92825 1867
92842 1867
92858 1865
92875 1868
92891 1862
92908 1863
92924 1868
92940 1864
92957 1867
92973 1861
92990 1863
93006 1858
93023 1860
93039 1864
93055 1859
93072 1862
93088 1860
93105 1854
93121 1859
93138 1861
93154 1856
93170 1859
93187 1859
93203 1853
93220 1857
93236 1858
93253 1862
93269 1855
93285 1857
93302 1853
93318 1857
93335 1857
93351 1858
93369 1862
93385 1853
93402 1859
93418 1859
93434 1858
93451 1855
93467 1862
93484 1862
93500 1859
93517 1859
93533 1863
93549 1862
93566 1856
93582 1862
93599 1864
93615 1864
93632 1864
93648 1864
93664 1864
93681 1868
93697 1870
93714 1868
93730 1868
93747 1868
93763 1867
93779 1871
93796 1870
93812 1871
93829 1867
93845 1871
93862 1872
93878 1871
93894 1870
93911 1872
93927 1872
93944 1873
93960 1873
93977 1876
93993 1875
94009 1874
94026 1874
94042 1873
94059 1877
94075 1878
94092 1877
94108 1875
94124 1877
94141 1875
94157 1875
94174 1878
94190 1876
94207 1877
94223 1875
94239 1875
94256 1886
94272 1874
94289 1873
94305 1863
94322 1876
94338 1876
94354 1886
94372 1874
94388 1872
94405 1873
94421 1874
94438 1872
94454 1876
94471 1871
94487 1872
94503 1869
94520 1867
94536 1870
94553 1871
94569 1870
94586 1868
94602 1864
94618 1870
94635 1869
94651 1868
94668 1866
94684 1867
94701 1869
94717 1864
94733 1865
94750 1865
94766 1868
94783 1864
94799 1862
94816 1866
94832 1858
94848 1865
94865 1864
94881 1863
94898 1863
94914 1865
94931 1868
94947 1865
94963 1866
94980 1872
94996 1864
95013 1866
95029 1866
95046 1870
95062 1866
95078 1868
95095 1870
95111 1866
95128 1870
95144 1866
95161 1866
95177 1866
95193 1869
95210 1869
95226 1866
95243 1871
95259 1869
95276 1870
95292 1865
95308 1869
95325 1870
95341 1872
95359 1870
95375 1872
95392 1873
95408 1871
95425 1873
95441 1873
95457 1871
95474 1872
95490 1872
95507 1871
95523 1873
95540 1874
95556 1869
95572 1876
95589 1879
95605 1863
95622 1877
95638 1877
95655 1883
95671 1876
95687 1875
95704 1872
95720 1876
95737 1875
95753 1876
95770 1875
95786 1873
95802 1870
95819 1874
95835 1872
95852 1874
95868 1876
95885 1875
95901 1875
95917 1874
95934 1873
95950 1879
95967 1873
95983 1874
96000 1873
96016 1873
96032 1870
96049 1869
96065 1871
96082 1868
96098 1869
96115 1867
96131 1870
96147 1865
96164 1866
96180 1862
96197 1867
96213 1866
96230 1864
96246 1866
96262 1867
96279 1866
96295 1864
96312 1839
96328 1862
96345 1864
96362 1868
96379 1864
96395 1871
96411 1866
96428 1864
96444 1865
96461 1865
96477 1867
96494 1867
96510 1865
96526 1866
96543 1868
96559 1865
96576 1872
96592 1864
96609 1868
96625 1867
96641 1867
96658 1868
96674 1868
96691 1873
96707 1870
96724 1870
96740 1869
96756 1870
96773 1875
96789 1871
96806 1874
96822 1871
96839 1874
96855 1877
96871 1874
96888 1875
96904 1874
96921 1874
96937 1873
96954 1873
96970 1876
96986 1876
97003 1875
97019 1877
97036 1877
97052 1877
97069 1875
97085 1878
97101 1875
97118 1877
97134 1873
97151 1873
97167 1873
97184 1874
97200 1875
97216 1874
97233 1831
97249 1876
97266 1873
97282 1869
97299 1870
97315 1872
97331 1868
97348 1873
97365 1872
97382 1872
97398 1870
97415 1874
97431 1872
97448 1870
97464 1869
97480 1871
97497 1871
97513 1865
97530 1861
97546 1870
97563 1865
97579 1868
97595 1868
97612 1867
97628 1865
97645 1866
97661 1869
97678 1862
97694 1861
97710 1853
97727 1861
97743 1859
97760 1860
97776 1861
97793 1854
97809 1863
97825 1860
97842 1864
97858 1857
97875 1859
97891 1860
97908 1862
97924 1859
97940 1860
97957 1858
97973 1860
97990 1857
98006 1859
98023 1856
98039 1859
98055 1865
98072 1859
98088 1861
98105 1877
98121 1859
98138 1864
98154 1861
98170 1862
98187 1867
98203 1862
98220 1865
98236 1865
98253 1868
98269 1868
98285 1889
98302 1865
98318 1866
98335 1870
98351 1866
98369 1871
98385 1870
98402 1873
98418 1873
98434 1874
98451 1866
98467 1873
98484 1875
98500 1874
98517 1875
98533 1875
98549 1873
98566 1877
98582 1875
98599 1876
98615 1874
98632 1877
98648 1875
98664 1874
98681 1877
98697 1880
98714 1878
98730 1877
98747 1873
98763 1876
98779 1877
98796 1877
98812 1876
98829 1877
98845 1874
98862 1873
98878 1875
98894 1879
98911 1876
98927 1872
98944 1873
98960 1873
98977 1873
98993 1875
99009 1872
99026 1863
99042 1867
99059 1870
99075 1869
99092 1869
99108 1868
99124 1869
99141 1865
99157 1867
99174 1867
99190 1868
99207 1865
99223 1866
99239 1865
99256 1864
99272 1864
99289 1863
99305 1864
99322 1860
99338 1854
99354 1864
99372 1860
99388 1860
99405 1858
99421 1856
99438 1860
99454 1877
99471 1858
99487 1858
99503 1856
99520 1859
99536 1858
99553 1860
99569 1856
99586 1857
99602 1860
99618 1860
99635 1865
99651 1859
99668 1860
99684 1862
99701 1869
99717 1863
99733 1862
99750 1862
99766 1864
99783 1864
99799 1865
99816 1865
99832 1863
99848 1867
99865 1865
99881 1867
99898 1867
99914 1865
99931 1869
99947 1864
99963 1869
99980 1871
99996 1869
100013 1872
100029 1874
100046 1872
100062 1876
100078 1850
100095 1875
100111 1875
100128 1877
100144 1876
100161 1876
100177 1876
100193 1875
100210 1875
100226 1877
100243 1878
100259 1879
100276 1876
100292 1876
100308 1876
100325 1872
100341 1874
100359 1871
100375 1874
100392 1873
100408 1874
100425 1872
100441 1872
100457 1873
100474 1872
100490 1874
100507 1895
100523 1870
100540 1871
100556 1871
100572 1865
100589 1866
100605 1868
100622 1865
100638 1869
100655 1865
100671 1868
100688 1865
100704 1864
100720 1861
100736 1863
100753 1862
100769 1861
100785 1861
100802 1859
100818 1861
100834 1859
100850 1855
100867 1859
100883 1857
100899 1856
100916 1857
100932 1858
100948 1873
100964 1856
100981 1857
100997 1852
101013 1861
101030 1859
101046 1862
101062 1854
101078 1853
101095 1855
101111 1857
101127 1853
101144 1857
101160 1860
101176 1860
101192 1860
101209 1850
101225 1860
101241 1860
101258 1857
101274 1862
101290 1864
101306 1864
101323 1865
101339 1871
101355 1870
101373 1869
101389 1875
101405 1871
101422 1869
101438 1873
101454 1888
101470 1873
101487 1876
101503 1874
101519 1877
101536 1877
101552 1878
101568 1876
101584 1873
101601 1876
101617 1876
101633 1881
101650 1880
101666 1882
101682 1882
101698 1884
101715 1868
101731 1884
101747 1883
101764 1886
101780 1882
101796 1884
101812 1883
101829 1881
101845 1884
101861 1884
101878 1884
101894 1881
101910 1883
101926 1882
101943 1882
101959 1881
101975 1882
101992 1882
102008 1879
102024 1879
102040 1879
102057 1882
102073 1881
102089 1881
102106 1881
102122 1878
102138 1876
102154 1876
102171 1878
102187 1876
102203 1876
102220 1872
102236 1876
102252 1875
102268 1872
102285 1909
102301 1874
102317 1873
102334 1880
102350 1872
102367 1868
102384 1871
102400 1871
102416 1870
102432 1870
102449 1870
102465 1871
102481 1869
102498 1867
102514 1866
102530 1867
102546 1866
102563 1865
102579 1865
102595 1867
102612 1867
102628 1869
102644 1868
102660 1867
102677 1867
102693 1866
102709 1869
102726 1868
102742 1870
102758 1868
102774 1869
102791 1861
102807 1874
102823 1870
102840 1870
102856 1872
102872 1869
102888 1873
102905 1873
102921 1873
102937 1875
102954 1874
102970 1874
102986 1876
103002 1874
103019 1874
103035 1876
103051 1853
103068 1876
103084 1878
103100 1880
103116 1877
103133 1879
103149 1880
103165 1877
103182 1891
103198 1880
103214 1882
103230 1883
103247 1882
103263 1882
103279 1881
103296 1880
103312 1882
103328 1884
103344 1882
103362 1882
103378 1882
103394 1882
103411 1880
103427 1883
103443 1876
103460 1877
103476 1876
103492 1877
103508 1879
103525 1876
103541 1876
103557 1882
103574 1877
103590 1877
103606 1879
103622 1876
103639 1876
103655 1883
103671 1877
103688 1873
103704 1865
103720 1872
103736 1872
103753 1869
103769 1871
103785 1872
103802 1876
103818 1867
103834 1869
103850 1865
103867 1868
103883 1868
103899 1868
103916 1867
103932 1865
103948 1860
103964 1859
103981 1872
103997 1872
104013 1865
104030 1868
104046 1864
104062 1863
104078 1860
104095 1863
104111 1865
104127 1865
104144 1862
104160 1863
104176 1863
104192 1863
104209 1861
104225 1864
104241 1862
104258 1863
104274 1862
104290 1861
104306 1865
104323 1862
104339 1864
104355 1865
104373 1863
104389 1865
104405 1866
104422 1866
104438 1867
104454 1868
104470 1866
104487 1867
104503 1867
104519 1867
104536 1869
104552 1874
104568 1869
104584 1869
104601 1870
104617 1870
104633 1870
104650 1871
104666 1870
104682 1871
104698 1873
104715 1871
104731 1869
104747 1874
104764 1873
104780 1877
104796 1872
104812 1876
104829 1809
104845 1874
104861 1874
104878 1875
104894 1875
104910 1876
104926 1876
104943 1871
104959 1875
104975 1875
104992 1870
105008 1871
105024 1870
105040 1873
105057 1872
105073 1874
105089 1873
105106 1915
105122 1873
105138 1872
105154 1867
105171 1871
105187 1870
105203 1872
105220 1871
105236 1869
105252 1869
105268 1868
105285 1870
105301 1872
105317 1867
105334 1869
105350 1868
105367 1862
105384 1867
105400 1865
105416 1866
105432 1866
105449 1865
105465 1866
105481 1861
105498 1863
105514 1863
105530 1850
105546 1863
105563 1864
105579 1854
105595 1859
105612 1860
105628 1863
105644 1863
105660 1863
105677 1861
105693 1862
105709 1862
105726 1861
105742 1860
105758 1862
105774 1861
105791 1858
105807 1863
105823 1863
105840 1864
105856 1862
105872 1865
105888 1863
105905 1874
105921 1864
105937 1864
105954 1867
105970 1867
105986 1866
106002 1862
106019 1864
106035 1867
106051 1868
106068 1869
106084 1868
106100 1870
106116 1867
106133 1870
106149 1868
106165 1871
106182 1870
106198 1870
106214 1871
106230 1877
106247 1877
106263 1871
106279 1863
106296 1873
106312 1878
106328 1872
106344 1877
106362 1874
106378 1875
106394 1879
106411 1875
106427 1877
106443 1876
106460 1875
106476 1874
106492 1872
106508 1870
106525 1876
106541 1872
106557 1873
106574 1874
106590 1872
106606 1874
106622 1872
106639 1872
106655 1868
106671 1870
106688 1868
106704 1871
106720 1869
106736 1868
106753 1872
106769 1876
106785 1865
106802 1868
106818 1868
106834 1865
106850 1865
106867 1863
106883 1864
106899 1866
106916 1865
106932 1864
106948 1864
106964 1865
106981 1867
106997 1863
107013 1862
107030 1860
107046 1865
107062 1863
107078 1865
107095 1861
107111 1862
107127 1865
107144 1866
107160 1863
107176 1858
107192 1864
107209 1864
107225 1866
107241 1862
107258 1863
107274 1864
107290 1859
107306 1863
107323 1867
107339 1864
107355 1865
107373 1866
107389 1866
107405 1868
107422 1871
107438 1866
107454 1884
107470 1868
107487 1867
107503 1871
107519 1872
107536 1869
107552 1874
107568 1873
107584 1871
107601 1872
107617 1876
107633 1875
107650 1874
107666 1871
107682 1874
107698 1875
107715 1880
107731 1872
107747 1878
107764 1880
107780 1890
107796 1877
107812 1880
107829 1833
107845 1878
107861 1880
107878 1884
107894 1877
107910 1885
107926 1876
107943 1882
107959 1879
107975 1878
107992 1886
108008 1877
108024 1879
108040 1879
108057 1877
108073 1876
108089 1876
108106 1893
108122 1876
108138 1874
108154 1888
108171 1875
108187 1872
108203 1873
108220 1873
108236 1874
108252 1873
108268 1873
108285 1872
108301 1874
108317 1870
108334 1871
108350 1870
108367 1868
108384 1868
108400 1870
108416 1865
108432 1867
108449 1863
108465 1865
108481 1867
108498 1865
108514 1865
108530 1875
108546 1867
108563 1861
108579 1875
108595 1863
108612 1865
108628 1860
108644 1863
108660 1862
108677 1864
108693 1863
108709 1864
108726 1862
108742 1862
108758 1863
108774 1860
108791 1861
108807 1862
108823 1862
108840 1861
108856 1859
108872 1863
108888 1867
108905 1869
108921 1863
108937 1865
108954 1867
108970 1867
108986 1867
109002 1865
109019 1867
109035 1868
109051 1867
109068 1871
109084 1869
109100 1868
109116 1869
109133 1869
109149 1873
109165 1872
109182 1872
109198 1872
109214 1875
109230 1875
109247 1870
109263 1876
109279 1873
109296 1874
109312 1877
109328 1882
109344 1878
109362 1878
109378 1876
109394 1878
109411 1882
109427 1878
109443 1882
109459 1879
109476 1879
109492 1880
109508 1879
109525 1877
109541 1879
109557 1857
109573 1879
109590 1878
109606 1881
109622 1878
109639 1878
109655 1879
109671 1878
109687 1882
109704 1875
109720 1870
109736 1875
109753 1872
109769 1875
109785 1876
109801 1878
109818 1876
109834 1876
109850 1872
109867 1875
109883 1872
109899 1870
109915 1870
109932 1869
109948 1865
109964 1868
109981 1866
109997 1863
110013 1866
110029 1869
110046 1862
110062 1866
110078 1858
110095 1862
110111 1872
110127 1866
110143 1864
110160 1862
110176 1862
110192 1864
110209 1877
110225 1861
110241 1863
110257 1859
110274 1864
110290 1861
110306 1861
110323 1863
110339 1861
110355 1863
110373 1863
110389 1864
110405 1858
110421 1864
110438 1865
110454 1866
110470 1863
110487 1866
110503 1870
110519 1867
110535 1869
110552 1867
110568 1873
110584 1878
110601 1869
110617 1872
110633 1874
110649 1873
110666 1871
110682 1874
110698 1874
110715 1902
110731 1876
110747 1876
110763 1879
110780 1880
110796 1875
110812 1877
110829 1878
110845 1881
110861 1879
110877 1881
110894 1880
110910 1879
110926 1881
110943 1881
110959 1880
110975 1876
110991 1881
111008 1882
111024 1886
111040 1881
111057 1880
111073 1881
111089 1879
111105 1880
111122 1879
111138 1879
111154 1877
111171 1877
111187 1877
111203 1878
111219 1875
111236 1878
111252 1877
111268 1880
111285 1788
111301 1874
111317 1875
111333 1873
111350 1870
111367 1872
111383 1868
111400 1870
111416 1866
111432 1866
111449 1861
111465 1864
111481 1865
111497 1863
111514 1861
111530 1862
111546 1867
111563 1864
111579 1861
111595 1860
111611 1847
111628 1858
111644 1858
111660 1858
111677 1858
111693 1858
111709 1855
111725 1857
111742 1839
111758 1856
111774 1855
111791 1859
111807 1855
111823 1856
111839 1855
111856 1854
111872 1858
111888 1857
111905 1855
111921 1856
111937 1856
111953 1857
111970 1859
111986 1857
112002 1857
112019 1856
112035 1857
112051 1858
112067 1857
112084 1860
112100 1859
112116 1862
112133 1895
112149 1861
112165 1859
112181 1860
112198 1864
112214 1861
112230 1863
112247 1863
112263 1864
112279 1864
112295 1867
112312 1864
112328 1867
112344 1866
112362 1868
112378 1868
112394 1866
112411 1869
112427 1869
112443 1869
112459 1871
112476 1869
112492 1869
112508 1868
112525 1871
112541 1870
112557 1869
112573 1871
112590 1870
112606 1868
112622 1871
112639 1871
112655 1864
112671 1872
112687 1874
112704 1872
112720 1870
112736 1870
112753 1869
112769 1869
112785 1868
112801 1870
112818 1861
112834 1869
112850 1867
112867 1865
112883 1869
112899 1867
112915 1864
112932 1864
112948 1867
112964 1866
112981 1862
112997 1864
113013 1864
113029 1863
113046 1859
113062 1863
113078 1875
113095 1862
113111 1861
113127 1863
113143 1858
113160 1857
113176 1860
113192 1862
113209 1849
113225 1857
113241 1861
113257 1855
113274 1856
113290 1859
113306 1858
113323 1857
113339 1857
113355 1858
113372 1859
113389 1859
113405 1860
113421 1858
113438 1865
113454 1859
113470 1860
113486 1862
113503 1858
113519 1860
113535 1863
113552 1863
113568 1862
113584 1863
113600 1864
113617 1863
113633 1866
113649 1865
113666 1863
113682 1865
113698 1866
113714 1844
113731 1867
113747 1868
113763 1872
113780 1867
113796 1870
113812 1869
113828 1870
113845 1871
113861 1871
113877 1872
113894 1869
113910 1875
113926 1875
113942 1873
113959 1875
113975 1874
113991 1874
114008 1874
114024 1875
114040 1879
114056 1875
114073 1873
114089 1875
114105 1874
114122 1874
114138 1875
114154 1877
114170 1877
114187 1877
114203 1876
114219 1875
114236 1873
114252 1878
114268 1873
114284 1878
114301 1878
114317 1875
114333 1876
114350 1873
114367 1874
114383 1874
114400 1872
114416 1870
114432 1870
114448 1867
114465 1870
114481 1870
114497 1869
114514 1870
114530 1869
114546 1867
114562 1869
114579 1868
114595 1871
114611 1868
114628 1870
114644 1869
114660 1864
114676 1865
114693 1866
114709 1866
114725 1864
114742 1869
114758 1864
114774 1865
114790 1869
114807 1863
114823 1863
114839 1864
114856 1862
114872 1862
114888 1862
114904 1863
114921 1834
114937 1863
114953 1864
114970 1860
114986 1864
115002 1863
115018 1864
115035 1864
115051 1863
115067 1865
115084 1865
115100 1866
115116 1864
115132 1867
115149 1865
115165 1868
115181 1882
115198 1867
115214 1868
115230 1865
115246 1867
115263 1868
115279 1871
115295 1868
115312 1867
115328 1870
115344 1873
115362 1872
115378 1871
115394 1869
115410 1872
115427 1873
115443 1874
115459 1872
115476 1873
115492 1874
115508 1875
115524 1873
115541 1876
115557 1868
115573 1876
115590 1873
115606 1883
115622 1877
115638 1875
115655 1876
115671 1876
115687 1879
115704 1875
115720 1875
115736 1876
115752 1875
115769 1874
115785 1876
115801 1873
115818 1885
115834 1874
115850 1876
115866 1875
115883 1876
115899 1874
115915 1874
115932 1869
115948 1872
115964 1873
115980 1872
115997 1872
116013 1871
116029 1872
116046 1881
116062 1870
116078 1870
116094 1876
116111 1866
116127 1868
116143 1871
116160 1869
116176 1868
116192 1872
116208 1869
116225 1869
116241 1867
116257 1865
116274 1868
116290 1865
116306 1866
116322 1866
116339 1864
116355 1863
116372 1864
116389 1864
116405 1865
116421 1864
116437 1865
116454 1859
116470 1864
116486 1863
116503 1869
116519 1865
116535 1867
116551 1872
116568 1866
116584 1867
116600 1868
116617 1866
116633 1866
116649 1867
116665 1866
116682 1863
116698 1868
116714 1868
116731 1874
116747 1869
116763 1870
116779 1871
116796 1871
116812 1871
116828 1872
116845 1873
116861 1871
116877 1877
116893 1874
116910 1875
116926 1874
116942 1873
116959 1873
116975 1874
116991 1876
117007 1875
117024 1876
117040 1874
117056 1876
117073 1875
117089 1877
117105 1870
117121 1874
117138 1875
117154 1885
117170 1875
117187 1876
117203 1882
117219 1875
117235 1875
117252 1877
117268 1873
117284 1871
117301 1874
117317 1870
117333 1873
117349 1870
117367 1872
117383 1874
117399 1872
117416 1872
117432 1870
117448 1869
117465 1868
117481 1870
117497 1871
117513 1868
117530 1868
117546 1869
117562 1867
117579 1877
117595 1866
117611 1867
117627 1866
117644 1865
117660 1869
117676 1862
117693 1863
117709 1860
117725 1862
117741 1861
117758 1861
117774 1861
117790 1863
117807 1860
117823 1859
117839 1861
117855 1861
117872 1858
117888 1859
117904 1857
117921 1859
117937 1860
117953 1861
117969 1858
117986 1861
118002 1858
118018 1860
118035 1860
118051 1858
118067 1860
118083 1862
118100 1859
118116 1857
118132 1863
118149 1864
118165 1863
118181 1863
118197 1864
118214 1861
118230 1848
118246 1865
118263 1865
118279 1866
118295 1870
118311 1869
118328 1869
118344 1869
118361 1871
118378 1870
118394 1870
118410 1875
118427 1873
118443 1873
118459 1874
118475 1874
118492 1871
118508 1875
118524 1875
118541 1875
118557 1875
118573 1874
118589 1876
118606 1874
118622 1874
118638 1875
118655 1876
118671 1877
118687 1878
118703 1837
118720 1877
118736 1876
118752 1876
118769 1878
118785 1874
118801 1875
118817 1871
118834 1878
118850 1877
118866 1870
118883 1875
118899 1874
118915 1875
118931 1876
118948 1871
118964 1872
118980 1913
118997 1869
119013 1873
119029 1869
119045 1871
119062 1869
119078 1872
119094 1871
119111 1869
119127 1869
119143 1869
119159 1866
119176 1877
119192 1867
119208 1866
119225 1863
119241 1864
119257 1863
119273 1864
119290 1864
119306 1863
119322 1861
119339 1860
119355 1858
119372 1860
119389 1860
119405 1857
119421 1859
119437 1858
119454 1854
119470 1856
119486 1858
119503 1860
119519 1855
119535 1857
119551 1858
119568 1862
119584 1859
119600 1859
119617 1860
119633 1860
119649 1859
119665 1859
119682 1861
119698 1858
119714 1859
119731 1862
119747 1864
119763 1868
119779 1878
119796 1863
119812 1867
119828 1871
119845 1866
119861 1867
119877 1864
119893 1869
119910 1869
119926 1873
119942 1871
119959 1873
119975 1874
119991 1870
120007 1873
120024 1872
120040 1877
120056 1873
120073 1874
120089 1874
120105 1879
120121 1875
120138 1874
120154 1868
120170 1876
120187 1877
120203 1874
120219 1875
120235 1875
120252 1871
120268 1879
120284 1877
120301 1876
120317 1875
120333 1874
120349 1875
120367 1874
120383 1875
120399 1874
120416 1878
120432 1874
120448 1873
120465 1870
120481 1871
120497 1871
120513 1873
120530 1870
120546 1869
120562 1869
120579 1870
120595 1869
120611 1873
120627 1871
120644 1867
120660 1866
120676 1867
120693 1867
120709 1863
120725 1863
120741 1862
120758 1862
120774 1862
120790 1862
120807 1862
120823 1860
120839 1859
120855 1855
120872 1854
120888 1858
120904 1850
120921 1856
120937 1858
120953 1853
120969 1856
120986 1858
121002 1863
121018 1856
121035 1858
121051 1853
121067 1858
121083 1857
121100 1858
121116 1859
121132 1857
121149 1857
121165 1860
121181 1858
121197 1863
121214 1861
121230 1860
121246 1861
121263 1859
121279 1864
121295 1864
121311 1865
121328 1865
121344 1868
121361 1872
121378 1871
121394 1871
121410 1872
121426 1871
121443 1872
121459 1876
121475 1873
121492 1874
121508 1876
121524 1877
121540 1877
121557 1877
121573 1879
121589 1876
121606 1879
121622 1878
121638 1880
121654 1879
121671 1882
121687 1884
121703 1882
121720 1884
121736 1881
121752 1883
121768 1883
121785 1886
121801 1884
121817 1887
121834 1886
121850 1885
121866 1884
121882 1883
121899 1882
121915 1886
121931 1884
121948 1882
121964 1887
121980 1882
121996 1829
122013 1882
122029 1885
122045 1881
122062 1882
122078 1877
122094 1887
122110 1881
122127 1880
122143 1876
122159 1877
122176 1877
122192 1876
122208 1878
122224 1877
122241 1874
122257 1879
122273 1874
122290 1875
122306 1873
122322 1872
122338 1872
122355 1872
122372 1872
122388 1870
122405 1870
122421 1869
122437 1871
122454 1864
122470 1868
122486 1869
122502 1875
122519 1868
122535 1866
122551 1869
122568 1867
122584 1874
122600 1868
122616 1873
122633 1869
122649 1869
122665 1869
122682 1870
122698 1869
122714 1868
122730 1868
122747 1868
122763 1869
122779 1869
122796 1867
122812 1870
122828 1871
122844 1870
122861 1873
122877 1873
122893 1871
122910 1873
122926 1877
122942 1876
122958 1874
122975 1876
122991 1875
123007 1876
123024 1877
123040 1875
123056 1881
123072 1877
123089 1878
123105 1880
123121 1878
123138 1879
123154 1881
123170 1878
123186 1878
123203 1879
123219 1882
123235 1877
123252 1880
123268 1884
123284 1878
123300 1881
123317 1882
123333 1879
123349 1879
123367 1878
123383 1881
123399 1881
123416 1880
123432 1880
123448 1878
123464 1879
123481 1876
123497 1878
123513 1875
123530 1875
123546 1878
123562 1876
123578 1875
123595 1875
123611 1875
123627 1876
123644 1873
123660 1877
123676 1872
123692 1874
123709 1871
123725 1871
123741 1872
123758 1871
123774 1868
123790 1870
123806 1869
123823 1867
123839 1867
123855 1868
123872 1865
123888 1865
123904 1865
123920 1865
123937 1863
123953 1863
123969 1864
123986 1864
124002 1862
124018 1864
124034 1868
124051 1866
124067 1862
124083 1863
124100 1864
124116 1863
124132 1863
124148 1863
124165 1863
124181 1849
124197 1862
124214 1862
124230 1859
124246 1865
124262 1862
124279 1861
124295 1861
124311 1867
124328 1862
124344 1864
124361 1863
124378 1867
124394 1867
124410 1866
124426 1866
124443 1868
124459 1866
124475 1866
124492 1865
124508 1868
124524 1868
124540 1870
124557 1870
124573 1870
124589 1870
124606 1869
124622 1870
124638 1871
124654 1871
124671 1870
124687 1886
124703 1870
124720 1872
124736 1872
124752 1872
124768 1873
124785 1874
124801 1876
124817 1869
124834 1874
124850 1875
124866 1873
124882 1871
124899 1876
124915 1876
124931 1875
124948 1875
124964 1873
124980 1876
124996 1877
125013 1872
125029 1873
125045 1872
125062 1872
125078 1870
125094 1872
125110 1872
125127 1873
125143 1872
125159 1872
125176 1870
125192 1871
125208 1845
125224 1872
125241 1866
125257 1871
125273 1868
125290 1869
125306 1867
125322 1868
125338 1861
125355 1868
125372 1866
125388 1867
125405 1866
125421 1866
125437 1864
125453 1863
125470 1862
125486 1863
125502 1861
125519 1866
125535 1864
125551 1867
125567 1864
125584 1859
125600 1863
125616 1863
125633 1862
125649 1863
125665 1862
125681 1862
125698 1863
125714 1866
125730 1863
125747 1862
125763 1861
125779 1861
125795 1860
125812 1861
125828 1862
125844 1830
125861 1862
125877 1860
125893 1861
125909 1860
125926 1865
125942 1864
125958 1862
125975 1867
125991 1865
126007 1868
126023 1869
126040 1867
126056 1866
126072 1869
126089 1869
126105 1868
126121 1867
126137 1869
126154 1865
126170 1870
126186 1871
126203 1869
126219 1870
126235 1872
126251 1872
126268 1872
126284 1870
126300 1872
126317 1873
126333 1874
126349 1872
126367 1871
126383 1868
126399 1873
126415 1874
126432 1875
126448 1873
126464 1875
126481 1875
126497 1873
126513 1876
126529 1873
126546 1872
126562 1871
126578 1872
126595 1872
126611 1871
126627 1871
126643 1873
126660 1872
126676 1870
126692 1868
126709 1871
126725 1868
126741 1867
126757 1871
126774 1867
126790 1868
126806 1866
126823 1868
126839 1867
126855 1866
126871 1869
126888 1863
126904 1865
126920 1870
126937 1867
126953 1863
126969 1862
126985 1864
127002 1865
127018 1863
127034 1862
127051 1864
127067 1864
127083 1863
127099 1861
127116 1859
127132 1864
127148 1862
127165 1863
127181 1863
127197 1863
127213 1864
127230 1866
127246 1863
127262 1865
127279 1862
127295 1863
127311 1858
127327 1856
127344 1866
127361 1863
127377 1866
127394 1866
127410 1868
127426 1876
127443 1865
127459 1869
127475 1868
127491 1868
127508 1868
127524 1871
127540 1871
127557 1878
127573 1870
127589 1871
127605 1873
127622 1873
127638 1871
127654 1874
127671 1874
127687 1890
127703 1876
127719 1875
127736 1877
127752 1878
127768 1874
127785 1878
127801 1877
127817 1877
127833 1879
127850 1880
127866 1880
127882 1880
127899 1879
127915 1880
127931 1881
127947 1878
127964 1878
127980 1880
127996 1882
128013 1878
128029 1878
128045 1877
128061 1874
128078 1889
128094 1877
128110 1877
128127 1881
128143 1876
128159 1876
128175 1879
128192 1872
128208 1879
128224 1873
128241 1875
128257 1867
128273 1870
128289 1871
128306 1869
128322 1870
128338 1881
128355 1870
128372 1867
128388 1864
128405 1871
128421 1875
128437 1865
128453 1871
128470 1865
128486 1865
128502 1867
128519 1864
128535 1864
128551 1864
128567 1863
128584 1865
128600 1862
128616 1863
128633 1865
128649 1861
128665 1862
128681 1860
128698 1863
128714 1863
128730 1861
128747 1861
128763 1862
128779 1861
128795 1861
128812 1861
128828 1859
128844 1860
128861 1862
128877 1862
128893 1863
128909 1864
128926 1864
128942 1864
128958 1868
128975 1867
128991 1867
129007 1822
129023 1867
129040 1866
129056 1870
129072 1868
129089 1867
129105 1866
129121 1869
129137 1870
129154 1870
129170 1873
129186 1870
129203 1870
129219 1875
129235 1872
129251 1874
129268 1875
129284 1908
129300 1876
129317 1875
129333 1888
129349 1877
129367 1877
129383 1878
129399 1880
129415 1877
129432 1879
129448 1878
129464 1882
129481 1883
129497 1879
129513 1881
129529 1893
129546 1877
129562 1879
129578 1904
129595 1878
129611 1877
129627 1875
129643 1880
129660 1879
129676 1878
129692 1879
129709 1880
129725 1878
129741 1881
129757 1876
129774 1877
129790 1875
129806 1874
129823 1873
129839 1875
129855 1857
129871 1871
129888 1871
129904 1878
129920 1871
129937 1869
129953 1868
129969 1868
129985 1868
130002 1869
130018 1868
130034 1866
130051 1862
130067 1866
130083 1865
130099 1864
130116 1865
130132 1860
130148 1865
130165 1862
130181 1864
130197 1863
130213 1864
130230 1865
130246 1861
130262 1863
130279 1867
130295 1863
130311 1863
130327 1864
130344 1861
130361 1863
130377 1865
130394 1867
130410 1867
130426 1863
130443 1866
130459 1867
130475 1869
130491 1867
130508 1869
130524 1864
130540 1869
130557 1868
130573 1869
130589 1869
130605 1872
130622 1865
130638 1872
130654 1864
130671 1873
130687 1873
130703 1889
130719 1875
130736 1875
130752 1876
130768 1877
130785 1880
130801 1874
130817 1879
130833 1880
130850 1880
130866 1880
130882 1875
130899 1885
130915 1882
130931 1878
130947 1883
130964 1882
130980 1876
130996 1882
131013 1881
131029 1887
131045 1883
131061 1882
131078 1879
131094 1882
131110 1881
131127 1882
131143 1880
131159 1888
131175 1879
131192 1881
131208 1878
131224 1880
131241 1879
131257 1877
131273 1875
131289 1875
131306 1883
131322 1875
131338 1870
131355 1871
131372 1871
131388 1870
131405 1867
131421 1868
131437 1865
131453 1866
131470 1865
131486 1865
131502 1864
131519 1863
131535 1863
131551 1860
131567 1859
131584 1860
131600 1861
131616 1858
131633 1859
131649 1859
131665 1855
131681 1856
131698 1854
131714 1857
131730 1855
131747 1854
131763 1854
131779 1859
131795 1855
131812 1853
131828 1848
131844 1855
131861 1852
131877 1855
131893 1856
131909 1853
131926 1854
131942 1855
131958 1857
131975 1855
131991 1857
132007 1858
132023 1857
132040 1858
132056 1847
132072 1858
132089 1857
132105 1861
132121 1859
132137 1859
132154 1870
132170 1861
132186 1857
132203 1863
132219 1862
132235 1863
132251 1861
132268 1861
132284 1857
132300 1865
132317 1865
132333 1864
132349 1866
132367 1867
132383 1867
132399 1868
132415 1869
132432 1869
132448 1868
132464 1870
132481 1870
132497 1870
132513 1870
132529 1867
132546 1871
132562 1869
132578 1831
132595 1868
132611 1871
132627 1876
132643 1872
132660 1870
132676 1873
132692 1871
132709 1868
132725 1870
132741 1870
132757 1870
132774 1869
132790 1870
132806 1868
132823 1867
132839 1869
132855 1886
132871 1864
132888 1869
132904 1872
132920 1866
132937 1865
132953 1863
132969 1865
132985 1863
133002 1868
133018 1863
133034 1864
133051 1861
133067 1862
133083 1862
133099 1860
133116 1861
133132 1860
133148 1860
133165 1858
133181 1859
133197 1859
133213 1857
133230 1860
133246 1858
133262 1859
133279 1857
133295 1857
133311 1856
133327 1856
133344 1857
133361 1857
133377 1857
133394 1856
133410 1863
133426 1859
133443 1859
133459 1863
133475 1860
133491 1865
133508 1861
133524 1863
133540 1858
133557 1862
133573 1862
133589 1863
133605 1864
133622 1865
133638 1866
133654 1874
133671 1866
133687 1866
133703 1868
133719 1865
133736 1867
133752 1864
133768 1868
133785 1868
133801 1874
133817 1875
133833 1868
133850 1873
133866 1872
133882 1878
133899 1872
133915 1872
133931 1873
133947 1873
133964 1874
133980 1887
133996 1874
134013 1874
134029 1877
134045 1880
134061 1880
