2 1675
55 1591
72 1513
88 1427
104 1357
121 1280
141 1192
157 1078
174 1063
190 1002
207 947
223 895
239 852
256 802
272 762
289 732
305 705
321 681
338 660
354 648
371 644
387 637
403 640
420 647
436 661
452 678
469 703
485 726
502 759
518 793
534 839
551 880
567 927
584 966
600 1033
616 1094
633 1154
649 1217
666 1283
682 1349
698 1419
715 1489
731 1559
748 1635
764 1707
780 1781
797 1851
813 1925
830 1998
846 2069
862 2137
879 2205
895 2271
911 2337
928 2392
944 2454
961 2507
977 2560
993 2607
1010 2650
1026 2692
1043 2729
1059 2763
1075 2795
1092 2815
1108 2843
1125 2852
1142 2864
1159 2868
1175 2870
1191 2872
1208 2863
1224 2853
1240 2840
1257 2826
1273 2800
1290 2772
1306 2744
1322 2710
1339 2671
1355 2628
1372 2586
1388 2540
1404 2490
1421 2439
1437 2384
1454 2333
1470 2274
1486 2211
1503 2160
1519 2098
1536 2035
1552 1974
1568 1909
1585 1851
1601 1790
1618 1730
1634 1667
1650 1615
1667 1558
1683 1503
1699 1451
1716 1399
1732 1399
1749 1306
1765 1262
1781 1227
1798 1186
1814 1155
1831 1121
1847 1097
1863 1070
1880 1054
1896 1031
1913 1021
1929 1016
1945 1004
1962 1008
1978 1012
1995 1017
2011 1026
2027 1040
2044 1056
2060 1076
2077 1099
2093 1126
2109 1124
2126 1187
2149 1240
2166 1278
2182 1317
2198 1365
2215 1408
2231 1452
2248 1501
2264 1550
2280 1599
2297 1649
2313 1704
2330 1753
2346 1807
2362 1861
2379 1913
2395 1960
2412 2012
2428 2057
2444 2111
2461 2157
2477 2202
2494 2246
2510 2288
2526 2327
2543 2363
2559 2400
2575 2430
2592 2459
2608 2465
2625 2511
2641 2530
2657 2515
2674 2563
2690 2576
2707 2583
2723 2590
2739 2589
2756 2592
2772 2586
2789 2580
2805 2571
2821 2557
2838 2541
2854 2518
2871 2502
2887 2484
2903 2450
2920 2417
2936 2395
2953 2355
2969 2323
2985 2289
3002 2249
3018 2209
3034 2166
3051 2129
3067 2083
3084 2040
3100 1990
3116 1953
3134 1902
3150 1863
3167 1818
3183 1775
3200 1722
3216 1691
3232 1650
3249 1618
3265 1575
3281 1537
3298 1504
3314 1473
3331 1443
3347 1411
3363 1386
3380 1363
3396 1342
3413 1322
3429 1305
3445 1290
3462 1277
3478 1271
3495 1263
3511 1260
3527 1257
3544 1259
3560 1262
3577 1270
3593 1280
3609 1291
3626 1309
3642 1296
3659 1341
3675 1361
3691 1381
3708 1403
3724 1437
3740 1464
3757 1496
3773 1526
3790 1560
3806 1592
3822 1629
3839 1662
3855 1700
3872 1739
3888 1785
3904 1809
3921 1847
3937 1887
3954 1921
3970 1958
3986 1994
4003 2031
4019 2040
4036 2100
4052 2128
4068 2156
4085 2186
4101 2213
4118 2240
4135 2265
4151 2288
4168 2307
4184 2324
4201 2311
4217 2353
4233 2364
4250 2372
4266 2383
4283 2387
4299 2394
4315 2389
4332 2387
4348 2382
4365 2377
4381 2368
4397 2356
4414 2344
4430 2331
4447 2313
4463 2296
4479 2276
4496 2255
4512 2240
4528 2204
4545 2180
4561 2152
4578 2125
4594 2096
4610 2070
4627 2035
4643 2006
4660 1975
4676 1949
4692 1914
4709 1880
4725 1848
4742 1808
4758 1786
4774 1754
4791 1730
4807 1700
4824 1671
4840 1643
4856 1619
4873 1593
4889 1582
4906 1551
4922 1533
4938 1517
4955 1499
4971 1487
4987 1470
5004 1456
5020 1449
5037 1441
5053 1441
5069 1447
5086 1429
5102 1431
5119 1429
5137 1438
5154 1442
5170 1450
5187 1458
5203 1470
5219 1483
5236 1498
5252 1522
5269 1533
5285 1549
5301 1581
5318 1592
5334 1614
5351 1637
5367 1666
5383 1692
5400 1714
5416 1739
5433 1769
5449 1791
5465 1819
5482 1850
5498 1871
5515 1898
5531 1924
5547 1949
5564 1972
5580 1999
5596 2026
5613 2051
5629 2069
5646 2093
5662 2113
5678 2121
5695 2148
5711 2168
5728 2178
5744 2193
5760 2205
5777 2214
5793 2223
5810 2233
5826 2236
5842 2239
5859 2243
5875 2242
5892 2240
5908 2242
5924 2236
5941 2235
5957 2223
5974 2210
5990 2206
6006 2194
6023 2182
6039 2166
6055 2153
6072 2138
6088 2118
6105 2104
6121 2081
6139 2059
6155 2038
6171 2012
6188 1997
6204 1974
6221 1954
6237 1932
6253 1909
6270 1883
6286 1863
6303 1839
6319 1819
6335 1805
6352 1773
6368 1759
6384 1736
6401 1716
6417 1697
6434 1686
6450 1662
6466 1649
6483 1633
6499 1619
6516 1608
6532 1592
6548 1588
6565 1582
6581 1571
6598 1567
6614 1566
6630 1560
6647 1557
6663 1557
6680 1557
6696 1562
6712 1564
6729 1570
6745 1575
6762 1582
6778 1594
6794 1602
6811 1612
6827 1625
6843 1640
6860 1651
6876 1667
6893 1684
6909 1701
6925 1717
6942 1734
6958 1755
6975 1770
6991 1791
7007 1811
7024 1828
7040 1845
7057 1865
7073 1887
7089 1903
7106 1924
7122 1942
7143 1964
7160 1980
7176 1995
7193 2013
7209 2033
7225 2011
7242 2055
7258 2069
7275 2073
7291 2089
7307 2099
7324 2108
7340 2114
7356 2125
7373 2126
7389 2127
7406 2134
7422 2134
7438 2135
7455 2131
7471 2132
7488 2129
7504 2126
7520 2120
7537 2113
7553 2106
7570 2097
7586 2092
7602 2078
7619 2069
7635 2054
7652 2045
7668 2031
7684 2016
7701 2002
7717 1987
7734 1969
7750 1955
7766 1940
7783 1923
7799 1909
7815 1894
7832 1873
7848 1861
7865 1844
7881 1828
7897 1810
7914 1792
7930 1782
7947 1767
7963 1755
7979 1740
7996 1726
8012 1716
8029 1704
8045 1708
8061 1683
8078 1675
8094 1664
8111 1659
8127 1650
8144 1658
8161 1644
8177 1640
8194 1646
8210 1638
8226 1634
8243 1637
8259 1640
8276 1641
8292 1644
8308 1649
8325 1659
8341 1657
8358 1676
8374 1675
8390 1683
8407 1697
8423 1703
8440 1711
8456 1729
8472 1736
8489 1751
8505 1763
8521 1775
8538 1789
8554 1802
8571 1814
8587 1831
8603 1843
8620 1856
8636 1869
8653 1885
8669 1898
8685 1911
8702 1921
8718 1934
8735 1945
8751 1959
8767 1970
8784 1971
8800 1987
8817 1998
8833 2007
8849 2016
8866 2022
8882 2030
8899 2037
8915 2038
8931 2049
8948 2052
8964 2051
8980 2054
8997 2057
9013 2055
9030 2053
9046 2047
9062 2051
9079 2044
9095 2048
9112 2037
9128 2032
9145 2026
9162 2014
9178 2013
9194 2005
9211 1995
9227 1994
9244 1976
9260 1968
9276 1955
9293 1945
9309 1935
9326 1923
9342 1912
9358 1899
9375 1887
9391 1874
9408 1868
9424 1856
9440 1843
9457 1828
9473 1822
9490 1812
9506 1799
9522 1793
9539 1783
9555 1770
9572 1768
9588 1757
9604 1749
9621 1743
9637 1734
9653 1730
9670 1724
9686 1718
9703 1715
9719 1713
9735 1705
9752 1707
9768 1709
9785 1712
9801 1706
9817 1708
9834 1709
9850 1711
9867 1714
9883 1720
9899 1723
9916 1726
9932 1735
9949 1739
9965 1745
9981 1749
9998 1758
10014 1766
10031 1776
10047 1784
10063 1791
10080 1801
10096 1809
10112 1813
10129 1830
10145 1839
10162 1848
10178 1861
10195 1870
10211 1879
10227 1888
10244 1898
10260 1907
10276 1918
10293 1927
10309 1932
10326 1943
10342 1954
10358 1958
10375 1963
10391 1972
10408 1976
10424 1982
10440 1982
10457 1992
10473 1997
10490 1997
10506 2000
10522 2005
10539 2002
10555 2005
10572 2006
10588 2002
10604 2010
10621 2004
10637 2003
10654 1996
10670 1997
10686 1992
10703 1987
10719 1982
10735 1979
10752 1972
10768 1966
10785 1958
10801 1955
10817 1948
10834 1945
10850 1933
10867 1923
10883 1913
10899 1910
10916 1904
10932 1888
10949 1885
10965 1876
10981 1868
10998 1867
11014 1850
11031 1841
11047 1835
11063 1828
11080 1816
11096 1813
11113 1806
11129 1799
11145 1795
11162 1787
11178 1783
11195 1777
11211 1774
11227 1770
11244 1766
11260 1762
11277 1760
11293 1757
11309 1754
11326 1755
11342 1755
11359 1748
11375 1755
11391 1755
11408 1762
11424 1760
11440 1760
11457 1763
11473 1766
11490 1772
11506 1772
11522 1779
11539 1785
11555 1788
11572 1796
11588 1798
11604 1813
11621 1811
11637 1818
11654 1825
11670 1829
11686 1839
11703 1841
11719 1853
11736 1862
11752 1866
11768 1873
11785 1880
11801 1888
11818 1894
11834 1894
11850 1903
11867 1914
11883 1924
11899 1925
11916 1930
11932 1956
11949 1942
11965 1946
11981 1947
11998 1955
12014 1959
12031 1961
12047 1963
12063 1962
12080 1961
12096 1968
12113 1969
12129 1974
12145 1966
12162 1963
12178 1966
12195 1965
12211 1960
12227 1961
12244 1958
12260 1953
12277 1951
12293 1949
12309 1948
12326 1938
12342 1937
12359 1933
12375 1927
12391 1919
12408 1919
12424 1908
12440 1907
12457 1904
12473 1893
12490 1887
12506 1886
12522 1874
12539 1869
12555 1865
12572 1859
12588 1855
12604 1849
12621 1844
12637 1839
12654 1833
12670 1830
12686 1824
12703 1819
12719 1815
12736 1809
12752 1803
12768 1803
12785 1800
12801 1800
12818 1797
12834 1807
12850 1793
12867 1792
12883 1790
12899 1789
12916 1791
12932 1783
12949 1791
12965 1792
12981 1791
12998 1792
13014 1796
13031 1801
13047 1800
13063 1804
13080 1810
13096 1807
13113 1813
13129 1825
13145 1822
13162 1825
13178 1829
13195 1831
13211 1839
13227 1843
13244 1847
13260 1852
13277 1856
13293 1862
13309 1865
13326 1872
13342 1876
13359 1880
13375 1883
13391 1889
13408 1908
13424 1897
13440 1900
13457 1907
13473 1911
13490 1912
13506 1917
13522 1918
13539 1923
13555 1927
13572 1927
13588 1930
13604 1929
13621 1934
13637 1935
13654 1932
13670 1935
13686 1934
13703 1935
13719 1932
13736 1938
13752 1932
13768 1932
13785 1928
13801 1928
13818 1926
13834 1911
13850 1918
13867 1918
13883 1921
13899 1915
13916 1908
13932 1901
13949 1902
13965 1898
13981 1899
13998 1892
14014 1880
14031 1880
14047 1877
14063 1874
14080 1869
14096 1864
14113 1862
14129 1860
14145 1854
14162 1852
14178 1848
14195 1846
14211 1842
14227 1838
14244 1836
14260 1833
14277 1830
14293 1827
14309 1825
14326 1820
14342 1820
14359 1819
14375 1817
14391 1814
14408 1799
14424 1813
14440 1812
14457 1809
14473 1816
14490 1812
14506 1808
14522 1815
14539 1816
14555 1814
14572 1815
14588 1819
14604 1823
14621 1822
14637 1827
14654 1829
14670 1831
14686 1831
14703 1833
14719 1836
14736 1840
14752 1844
14768 1846
14785 1849
14801 1856
14818 1862
14834 1882
14850 1863
14867 1868
14883 1874
14899 1873
14916 1877
14932 1885
14949 1883
14965 1886
14981 1890
14998 1893
15014 1896
15031 1898
15047 1902
15063 1903
15080 1904
15096 1908
15113 1907
15129 1911
15145 1911
15162 1914
15178 1916
15195 1915
15211 1917
15227 1918
15244 1915
15260 1917
15277 1916
15293 1916
15309 1915
15326 1912
15342 1913
15359 1909
15375 1908
15391 1911
15408 1916
15424 1904
15440 1900
15457 1897
15473 1896
15490 1896
15506 1893
15522 1889
15539 1886
15555 1885
15572 1881
15588 1878
15604 1875
15621 1873
15637 1869
15654 1864
15670 1863
15686 1862
15703 1858
15719 1854
15736 1852
15752 1848
15768 1845
15785 1843
15801 1842
15818 1839
15834 1839
15850 1838
15867 1836
15883 1832
15899 1832
15916 1831
15932 1830
15949 1829
15965 1835
15981 1829
15998 1826
16014 1829
16031 1828
16047 1829
16063 1829
16080 1828
16096 1832
16113 1829
16129 1827
16145 1833
16162 1834
16178 1839
16195 1837
16211 1840
16227 1839
16244 1844
16260 1851
16277 1850
16293 1846
16309 1852
16326 1859
16342 1855
16359 1857
16375 1859
16391 1860
16408 1867
16424 1866
16440 1868
16457 1868
16473 1875
16490 1874
16506 1879
16522 1880
16539 1883
16555 1881
16572 1879
16588 1912
16604 1888
16621 1892
16637 1893
16654 1894
16670 1894
16686 1897
16703 1897
16719 1897
16736 1898
16752 1896
16768 1897
16785 1903
16801 1896
16818 1899
16834 1896
16850 1899
16867 1896
16883 1897
16899 1895
16916 1893
16932 1893
16949 1889
16965 1877
16981 1890
16998 1886
17014 1892
17031 1884
17047 1880
17063 1879
17080 1878
17096 1862
17113 1874
17129 1872
17145 1870
17162 1871
17178 1867
17195 1867
17211 1863
17227 1862
17244 1862
17260 1862
17277 1857
17293 1856
17309 1854
17326 1852
17342 1851
17359 1850
17375 1851
17391 1848
17408 1857
17424 1849
17440 1844
17457 1845
17473 1848
17490 1847
17506 1848
17522 1846
17539 1861
17555 1846
17572 1847
17588 1841
17604 1847
17621 1847
17637 1848
17654 1847
17670 1848
17686 1852
17703 1852
17719 1851
17736 1854
17752 1852
17768 1855
17785 1855
17801 1858
17818 1859
17834 1868
17850 1864
17867 1865
17883 1867
17899 1869
17916 1871
17932 1870
17949 1875
17965 1825
17981 1876
17998 1880
18014 1879
18031 1881
18047 1884
18063 1881
18080 1888
18096 1888
18113 1888
18129 1891
18145 1893
18162 1893
18178 1895
18195 1893
18211 1896
18227 1896
18244 1898
18260 1899
18277 1901
18293 1898
18309 1898
18326 1899
18342 1900
18359 1900
18375 1901
18391 1897
18408 1892
18424 1895
18440 1897
18457 1896
18473 1895
18490 1895
18506 1894
18522 1892
18539 1895
18555 1889
18572 1891
18588 1889
18604 1888
18621 1888
18637 1885
18654 1884
18670 1878
18686 1881
18703 1880
18719 1876
18736 1875
18752 1868
18768 1874
18785 1871
18801 1872
18818 1873
18834 1866
18850 1867
18867 1867
18883 1865
18899 1866
18916 1862
18932 1866
18949 1864
18965 1939
18981 1860
18998 1857
19014 1859
19031 1859
19047 1858
19063 1855
19080 1857
19096 1870
19113 1855
19129 1856
19145 1858
19162 1856
19178 1865
19195 1852
19211 1858
19227 1858
19244 1859
19260 1859
19277 1860
19293 1860
19309 1860
19326 1861
19342 1861
19359 1865
19375 1864
19391 1866
19408 1853
19424 1860
19440 1868
19457 1870
19473 1871
19490 1872
19506 1873
19522 1872
19539 1866
19555 1876
19572 1877
19588 1874
19604 1880
19621 1880
19637 1879
19654 1883
19670 1881
19686 1881
19703 1883
19719 1886
19736 1883
19752 1882
19768 1888
19785 1897
19801 1885
19818 1886
19834 1887
19850 1888
19867 1882
19883 1886
19899 1887
19916 1886
19932 1885
19949 1887
19965 1859
19981 1885
19998 1885
20014 1888
20031 1885
20047 1881
20063 1884
20080 1882
20096 1867
20113 1885
20129 1877
20145 1885
20162 1878
20178 1878
20195 1876
20211 1873
20227 1872
20244 1871
20260 1871
20277 1870
20293 1870
20309 1870
20326 1869
20342 1869
20359 1865
20375 1865
20391 1863
20408 1871
20424 1859
20440 1859
20457 1859
20473 1857
20490 1859
20506 1859
20522 1857
20539 1889
20555 1856
20572 1857
20588 1856
20604 1856
20621 1856
20637 1858
20654 1852
20670 1856
20686 1854
20703 1856
20719 1856
20736 1853
20752 1853
20768 1855
20785 1846
20801 1857
20818 1858
20834 1855
20850 1858
20867 1859
20883 1860
20899 1861
20916 1860
20932 1862
20949 1865
20965 1833
20981 1864
20998 1865
21014 1857
21031 1868
21047 1867
21063 1868
21080 1872
21096 1874
21113 1868
21129 1870
21145 1868
21162 1874
21178 1875
21195 1874
21211 1876
21227 1873
21244 1875
21260 1874
21277 1878
21293 1882
21309 1877
21326 1878
21342 1880
21359 1879
21375 1880
21391 1879
21408 1865
21424 1875
21440 1877
21457 1878
21473 1878
21490 1878
21506 1879
21522 1878
21539 1859
21555 1879
21572 1877
21588 1875
21604 1879
21621 1875
21637 1879
21654 1876
21670 1874
21686 1874
21703 1875
21719 1872
21736 1871
21752 1868
21768 1872
21785 1878
21801 1867
21818 1866
21834 1869
21850 1866
21867 1869
21883 1866
21899 1864
21916 1867
21932 1863
21949 1863
21965 1909
21981 1866
21998 1862
22014 1864
22031 1860
22047 1862
22063 1860
22080 1860
22096 1857
22113 1859
22129 1860
22145 1862
22162 1864
22178 1859
22195 1861
22211 1861
22227 1862
22244 1862
22260 1861
22277 1861
22293 1859
22309 1862
22326 1862
22342 1862
22359 1861
22375 1861
22391 1865
22408 1871
22424 1862
22440 1863
22457 1862
22473 1863
22490 1864
22506 1867
22522 1872
22539 1866
22555 1866
22572 1863
22588 1873
22604 1868
22621 1866
22637 1869
22654 1869
22670 1870
22686 1868
22703 1869
22719 1869
22736 1869
22752 1871
22768 1871
22785 1862
22801 1870
22818 1870
22834 1871
22850 1870
22867 1875
22883 1875
22899 1872
22916 1871
22932 1872
22949 1873
22965 1856
22981 1873
22998 1871
23014 1874
23031 1874
23047 1872
23063 1874
23080 1872
23096 1870
23113 1873
23129 1871
23145 1871
23162 1871
23178 1874
23195 1870
23211 1870
23227 1872
23244 1872
23260 1871
23277 1870
23293 1871
23309 1871
23326 1870
23342 1870
23359 1869
23375 1868
23391 1869
23408 1869
23424 1868
23440 1879
23457 1865
23473 1867
23490 1866
23506 1867
23522 1867
23539 1865
23555 1865
23572 1865
23588 1874
23604 1866
23621 1866
23637 1867
23654 1860
23670 1867
23686 1866
23703 1866
23719 1870
23736 1868
23752 1866
23768 1866
23785 1869
23801 1866
23818 1868
23834 1870
23850 1871
23867 1871
23883 1868
23899 1872
23916 1870
23932 1876
23949 1870
23965 1876
23981 1870
23998 1873
24014 1869
24031 1873
24047 1873
24063 1874
24080 1871
24096 1868
24113 1871
24129 1871
24145 1873
24162 1871
24178 1871
24195 1873
24211 1873
24227 1871
24244 1874
24260 1874
24277 1874
24293 1874
24309 1872
24326 1873
24342 1870
24359 1873
24375 1871
24391 1874
24408 1879
24424 1872
24440 1871
24457 1836
24473 1869
24490 1871
24506 1869
24522 1870
24539 1872
24555 1872
24572 1870
24588 1872
24604 1873
24621 1869
24637 1869
24654 1870
24670 1871
24686 1870
24703 1869
24719 1869
24736 1871
24752 1867
24768 1869
24785 1865
24801 1869
24818 1866
24834 1864
24850 1868
24867 1865
24883 1866
24899 1867
24916 1867
24932 1863
24949 1869
24965 1866
24981 1864
24998 1866
25014 1866
25031 1867
25047 1865
25063 1866
25080 1869
25096 1867
25113 1864
25129 1866
25145 1866
25162 1866
25178 1863
25195 1865
25211 1867
25227 1866
25244 1872
25260 1868
25277 1868
25293 1868
25309 1869
25326 1869
25342 1870
25359 1868
25375 1870
25391 1870
25408 1881
25424 1872
25440 1875
25457 1892
25473 1871
25490 1872
25506 1874
25522 1873
25539 1873
25555 1874
25572 1874
25588 1873
25604 1876
25621 1872
25637 1875
25654 1878
25670 1878
25686 1875
25703 1875
25719 1875
25736 1875
25752 1874
25768 1876
25785 1878
25801 1872
25818 1875
25834 1874
25850 1871
25867 1876
25883 1873
25899 1873
25916 1874
25932 1888
25949 1873
25965 1872
25981 1873
25998 1874
26014 1870
26031 1871
26047 1871
26063 1870
26080 1870
26096 1869
26113 1869
26129 1870
26145 1869
26162 1867
26178 1870
26195 1869
26211 1870
26227 1866
26244 1868
26260 1868
26277 1868
26293 1862
26309 1870
26326 1863
26342 1868
26359 1868
26375 1867
26391 1868
26408 1856
26424 1864
26440 1870
26457 1865
26473 1867
26490 1866
26506 1866
26522 1865
26539 1870
26555 1868
26572 1869
26588 1868
26604 1867
26621 1869
26637 1868
26654 1868
26670 1872
26686 1869
26703 1870
26719 1871
26736 1868
26752 1872
26768 1875
26785 1870
26801 1869
26818 1871
26834 1873
26850 1873
26867 1873
26883 1879
26899 1875
26916 1874
26932 1863
26949 1876
26965 1875
26981 1876
26998 1876
27014 1877
27031 1871
27047 1877
27063 1877
27080 1879
27096 1878
27113 1878
27129 1876
27145 1875
27162 1877
27178 1877
27195 1878
27211 1874
27227 1877
27244 1877
27260 1875
27277 1877
27293 1874
27309 1884
27326 1873
27342 1873
27359 1860
27375 1873
27391 1872
27408 1887
27424 1868
27440 1872
27457 1860
27473 1869
27490 1866
27506 1867
27522 1865
27539 1869
27555 1867
27572 1866
27588 1865
27604 1867
27621 1864
27637 1864
27654 1862
27670 1863
27686 1862
27703 1862
27719 1861
27736 1862
27752 1857
27768 1861
27785 1858
27801 1857
27818 1863
27834 1857
27850 1860
27867 1858
27883 1845
27899 1858
27916 1857
27932 1871
27949 1856
27965 1857
27981 1857
27998 1857
28014 1858
28031 1860
28047 1856
28063 1859
28080 1851
28096 1859
28113 1859
28129 1854
28145 1860
28162 1857
28178 1859
28195 1859
28211 1856
28227 1856
28244 1862
28260 1859
28277 1861
28293 1860
28309 1861
28326 1861
28342 1864
28359 1876
28375 1861
28391 1863
28408 1858
28424 1860
28440 1863
28457 1830
28473 1861
28490 1864
28506 1864
28522 1867
28539 1868
28555 1867
28572 1865
28588 1868
28604 1867
28621 1872
28637 1868
28654 1868
28670 1866
28686 1869
28703 1868
28719 1865
28736 1868
28752 1868
28768 1871
28785 1867
28801 1867
28818 1866
28834 1869
28850 1865
28867 1869
28883 1869
28899 1868
28916 1866
28932 1866
28949 1866
28965 1865
28981 1864
28998 1863
29014 1864
29031 1865
29047 1864
29063 1859
29080 1864
29096 1864
29113 1871
29129 1867
29145 1861
29162 1862
29178 1860
29195 1859
29211 1863
29227 1861
29244 1860
29260 1861
29277 1856
29293 1862
29309 1861
29326 1869
29342 1858
29359 1861
29375 1861
29391 1862
29408 1858
29424 1862
29440 1861
29457 1865
29473 1865
29490 1860
29506 1860
29522 1858
29539 1861
29555 1861
29572 1862
29588 1858
29604 1865
29621 1865
29637 1866
29654 1865
29670 1863
29686 1863
29703 1864
29719 1866
29736 1872
29752 1867
29768 1864
29785 1871
29801 1866
29818 1867
29834 1867
29850 1864
29867 1869
29883 1869
29899 1867
29916 1870
29932 1870
29949 1869
29965 1871
29981 1870
29998 1872
30014 1872
30031 1871
30047 1873
30063 1873
30080 1872
30096 1876
30113 1872
30129 1876
30145 1878
30162 1871
30178 1873
30195 1872
30211 1875
30227 1876
30244 1875
30260 1873
30277 1868
30293 1872
30309 1873
30326 1874
30342 1876
30359 1876
30375 1873
30391 1874
30408 1867
30424 1872
30440 1872
30457 1869
30473 1874
30490 1871
30506 1871
30522 1870
30539 1872
30555 1869
30572 1865
30588 1870
30604 1870
30621 1875
30637 1876
30654 1869
30670 1868
30686 1868
30703 1869
30719 1868
30736 1869
30752 1868
30768 1866
30785 1880
30801 1869
30818 1865
30834 1867
30850 1866
30867 1864
30883 1867
30899 1870
30916 1862
30932 1868
30949 1870
30965 1867
30981 1867
30998 1865
31014 1867
31031 1866
31047 1865
31063 1866
31080 1864
31096 1865
31113 1866
31129 1867
31145 1865
31162 1868
31178 1868
31195 1865
31211 1870
31227 1867
31244 1868
31260 1869
31277 1874
31293 1871
31309 1871
31326 1870
31342 1870
31359 1869
31375 1869
31391 1871
31408 1869
31424 1869
31440 1872
31457 1871
31473 1872
31490 1872
31506 1870
31522 1871
31539 1868
31555 1873
31572 1872
31588 1873
31604 1873
31621 1869
31637 1873
31654 1873
31670 1875
31686 1872
31703 1874
31719 1876
31736 1871
31752 1873
31768 1873
31785 1856
31801 1874
31818 1874
31834 1879
31850 1871
31867 1871
31883 1872
31899 1873
31916 1875
31932 1875
31949 1872
31965 1872
31981 1875
31998 1873
32014 1873
32031 1872
32047 1872
32063 1873
32080 1881
32096 1871
32113 1868
32129 1871
32145 1865
32162 1867
32178 1870
32195 1871
32211 1868
32227 1871
32244 1865
32260 1869
32277 1870
32293 1866
32309 1867
32326 1869
32342 1866
32359 1864
32375 1870
32391 1865
32408 1871
32424 1865
32440 1866
32457 1866
32473 1866
32490 1864
32506 1866
32522 1864
32539 1870
32555 1865
32572 1866
32588 1868
32604 1866
32621 1868
32637 1867
32654 1866
32670 1871
32686 1869
32703 1870
32719 1868
32736 1870
32752 1870
32768 1870
32785 1873
32801 1870
32818 1870
32834 1873
32850 1873
32867 1871
32883 1869
32899 1875
32916 1874
32932 1872
32949 1874
32965 1873
32981 1872
32998 1871
33014 1874
33031 1878
33047 1869
33063 1875
33080 1874
33096 1873
33113 1875
33129 1875
33145 1874
33162 1875
33178 1876
33195 1873
33211 1875
33227 1872
33244 1876
33260 1875
33277 1872
33293 1875
33309 1879
33326 1873
33342 1875
33359 1872
33375 1878
33391 1874
33408 1858
33424 1874
33440 1872
33457 1870
33473 1871
33490 1870
33506 1870
33522 1870
33539 1866
33555 1869
33572 1868
33588 1868
33604 1871
33621 1868
