2 1666
55 1578
71 1492
87 1406
104 1322
120 1239
136 1156
153 1077
169 997
185 913
202 841
218 764
234 692
251 621
267 553
283 487
300 428
316 390
332 359
349 346
365 341
381 338
398 355
414 341
430 343
447 350
463 347
479 349
496 353
512 357
528 362
545 363
561 366
577 368
594 373
610 377
626 378
643 385
659 393
675 392
692 400
708 405
724 411
741 415
757 422
773 428
790 434
806 442
822 451
839 456
855 464
871 479
889 484
905 492
921 502
938 514
954 525
970 538
987 556
1003 572
1019 590
1036 609
1052 627
1068 643
1085 670
1101 691
1117 718
1134 742
1150 772
1166 801
1183 828
1199 858
1215 889
1232 923
1248 961
1264 991
1281 1028
1297 1067
1313 1100
1330 1143
1346 1174
1362 1222
1379 1262
1395 1304
1411 1347
1428 1390
1444 1431
1460 1475
1477 1519
1493 1563
1509 1607
1526 1651
1542 1694
1558 1744
1575 1784
1591 1826
1607 1870
1624 1915
1640 1957
1656 2000
1673 2065
1689 2087
1705 2130
1722 2180
1738 2213
1754 2253
1771 2293
1787 2331
1803 2365
1820 2406
1836 2444
1852 2482
1869 2512
1886 2549
1903 2582
1919 2614
1935 2648
1952 2669
1968 2699
1984 2723
2001 2752
2017 2775
2033 2802
2050 2817
2066 2842
2082 2861
2099 2876
2115 2892
2131 2908
2148 2922
2164 2931
2180 2942
2197 2954
2213 2957
2229 2963
2246 2963
2262 2969
2278 2972
2295 2971
2311 2968
2327 2967
2344 2961
2360 2955
2376 2949
2393 2941
2409 2929
2425 2921
2442 2904
2458 2893
2474 2872
2491 2858
2507 2840
2523 2822
2540 2801
2556 2778
2572 2741
2589 2732
2605 2708
2621 2718
2638 2655
2654 2627
2670 2599
2687 2567
2703 2535
2719 2507
2736 2470
2752 2444
2768 2406
2785 2375
2801 2341
2817 2308
2834 2270
2850 2234
2866 2203
2884 2160
2900 2123
2917 2083
2933 2046
2949 2011
2966 1971
2982 1934
2998 1896
3015 1855
3031 1823
3047 1783
3064 1749
3080 1709
3096 1680
3113 1638
3129 1603
3145 1569
3162 1533
3178 1500
3194 1463
3211 1433
3227 1402
3243 1368
3260 1335
3276 1306
3292 1273
3309 1248
3325 1223
3341 1196
3358 1167
3374 1144
3390 1120
3407 1101
3423 1076
3439 1056
3456 1037
3472 1019
3488 1010
3505 989
3521 971
3537 965
3554 945
3570 933
3586 925
3603 917
3619 897
3635 901
3652 898
3668 895
3684 890
3701 893
3717 883
3733 891
3750 893
3766 896
3782 904
3799 908
3815 917
3831 928
3848 934
3864 949
3880 955
3898 972
3914 986
3930 988
3947 1021
3963 1034
3979 1053
3996 1073
4012 1094
4028 1115
4045 1134
4061 1158
4077 1180
4094 1204
4110 1229
4126 1256
4143 1283
4159 1308
4175 1340
4192 1368
4208 1392
4224 1422
4241 1456
4257 1485
4273 1513
4290 1548
4306 1567
4322 1609
4339 1642
4355 1672
4371 1703
4388 1737
4404 1768
4420 1799
4437 1841
4453 1862
4469 1889
4486 1926
4502 1955
4518 1987
4535 2020
4551 2049
4567 2076
4584 2111
4600 2139
4616 2165
4633 2195
4649 2219
4665 2247
4682 2279
4698 2301
4714 2329
4731 2354
4747 2340
4763 2398
4780 2421
4796 2439
4812 2462
4829 2481
4845 2497
4861 2522
4878 2543
4895 2550
4912 2565
4928 2581
4944 2595
4961 2602
4977 2612
4993 2632
5010 2632
5026 2641
5042 2648
5059 2653
5075 2659
5091 2663
5108 2666
5124 2668
5140 2666
5157 2667
5173 2664
5189 2661
5206 2657
5222 2654
5238 2646
5255 2637
5271 2632
5287 2624
5304 2611
5320 2603
5336 2592
5353 2579
5369 2567
5385 2553
5402 2534
5418 2520
5434 2504
5451 2487
5467 2467
5483 2450
5500 2428
5516 2406
5532 2389
5549 2367
5565 2341
5581 2324
5598 2300
5614 2274
5630 2252
5647 2227
5663 2202
5679 2177
5696 2169
5712 2123
5728 2099
5745 2071
5761 2048
5777 2020
5794 1995
5810 1967
5826 1940
5843 1914
5859 1887
5875 1860
5893 1832
5909 1806
5925 1782
5942 1753
5958 1728
5974 1701
5991 1678
6007 1655
6023 1631
6040 1606
6056 1586
6072 1562
6089 1538
6105 1516
6121 1496
6138 1474
6154 1460
6170 1434
6187 1415
6203 1365
6219 1379
6236 1362
6252 1346
6268 1333
6285 1315
6301 1304
6317 1286
6334 1277
6350 1267
6366 1257
6383 1242
6399 1235
6415 1229
6432 1222
6448 1215
6464 1211
6481 1204
6497 1205
6513 1201
6530 1196
6546 1198
6562 1191
6579 1196
6595 1200
6611 1201
6628 1205
6644 1204
6660 1214
6677 1224
6693 1232
6709 1236
6726 1244
6742 1255
6758 1267
6775 1270
6791 1288
6807 1298
6824 1310
6840 1325
6856 1342
6873 1354
6890 1367
6906 1384
6923 1405
6939 1420
6955 1433
6972 1461
6988 1476
7004 1499
7021 1519
7037 1535
7053 1551
7070 1575
7086 1600
7102 1616
7119 1639
7135 1661
7151 1682
7168 1704
7184 1727
7200 1750
7217 1772
7233 1797
7249 1817
7266 1836
7282 1861
7298 1882
7315 1905
7331 1886
7347 1950
7364 1971
7380 1992
7396 2017
7413 2039
7429 2056
7445 2076
7462 2104
7478 2115
7494 2135
7511 2155
7527 2174
7543 2192
7560 2209
7576 2229
7592 2245
7609 2258
7625 2271
7641 2287
7658 2303
7674 2316
7690 2329
7707 2341
7723 2356
7739 2365
7756 2372
7772 2385
7788 2393
7805 2401
7821 2412
7837 2415
7854 2423
7870 2428
7888 2432
7904 2442
7920 2440
7937 2442
7953 2439
7969 2440
7986 2443
8002 2444
8018 2440
8035 2439
8051 2436
8067 2434
8084 2426
8100 2421
8116 2416
8133 2412
8149 2430
8165 2395
8182 2387
8198 2384
8214 2366
8231 2357
8247 2344
8263 2332
8280 2321
8296 2308
8312 2294
8329 2281
8345 2265
8361 2251
8378 2240
8394 2222
8410 2204
8427 2191
8443 2174
8459 2159
8476 2143
8492 2121
8508 2102
8525 2090
8541 2081
8557 2045
8574 2028
8590 2010
8606 1990
8623 1972
8639 1952
8655 1933
8672 1914
8688 1889
8704 1874
8721 1851
8737 1834
8753 1817
8770 1801
8786 1780
8802 1760
8819 1742
8835 1722
8851 1703
8868 1690
8885 1671
8901 1653
8918 1635
8934 1621
8950 1605
8967 1589
8983 1575
8999 1560
9016 1542
9032 1530
9048 1518
9065 1504
9081 1492
9097 1482
9114 1471
9130 1467
9146 1454
9163 1440
9179 1433
9195 1424
9212 1416
9228 1420
9244 1404
9261 1395
9277 1393
9293 1391
9310 1385
9326 1385
9342 1379
9359 1381
9375 1378
9391 1376
9408 1376
9424 1378
9440 1380
9457 1380
9473 1386
9489 1391
9506 1394
9522 1397
9538 1401
9555 1408
9571 1412
9587 1421
9604 1430
9620 1437
9636 1444
9653 1451
9669 1519
9685 1475
9702 1484
9718 1494
9734 1508
9751 1514
9767 1527
9783 1543
9800 1553
9816 1569
9832 1586
9849 1599
9865 1610
9881 1632
9899 1647
9915 1658
9931 1673
9948 1689
9964 1706
9980 1720
9997 1740
10013 1750
10029 1771
10046 1809
10062 1801
10078 1817
10095 1834
10111 1849
10127 1867
10144 1882
10160 1900
10176 1915
10193 1934
10209 1948
10225 1954
10242 1978
10258 1995
10274 2000
10291 2023
10307 2036
10323 2055
10340 2063
10356 2076
10372 2087
10389 2104
10405 2117
10421 2129
10438 2138
10454 2151
10470 2160
10487 2171
10503 2181
10519 2191
10536 2202
10552 2209
10568 2219
10585 2224
10601 2232
10617 2233
10634 2244
10650 2249
10666 2257
10683 2260
10699 2244
10715 2266
10732 2270
10748 2271
10764 2274
10781 2275
10797 2273
10813 2273
10830 2275
10846 2272
10862 2271
10879 2269
10895 2270
10912 2269
10928 2263
10944 2263
10961 2255
10977 2248
10993 2244
11010 2238
11026 2231
11042 2208
11059 2220
11075 2208
11091 2201
11108 2194
11124 2182
11140 2177
11157 2166
11173 2151
11189 2144
11206 2134
11222 2120
11238 2109
11255 2100
11271 2089
11287 2072
11304 2064
11320 2046
11336 2037
11353 2025
11369 2014
11385 2000
11402 1982
11418 1977
11434 1956
11451 1942
11467 1929
11483 1917
11500 1902
11516 1886
11532 1872
11549 1859
11565 1844
11581 1832
11598 1822
11614 1805
11630 1793
11647 1784
11663 1763
11679 1752
11696 1745
11712 1725
11728 1715
11745 1700
11761 1689
11777 1677
11794 1666
11810 1655
11826 1646
11843 1635
11859 1621
11875 1617
11893 1604
11909 1595
11926 1587
11942 1578
11958 1571
11975 1567
11991 1562
12007 1557
12024 1547
12040 1533
12056 1534
12073 1554
12089 1518
12105 1522
12122 1530
12138 1515
12154 1514
12171 1510
12187 1509
12203 1508
12220 1509
12236 1506
12252 1508
12269 1506
12285 1511
12301 1512
12318 1515
12334 1517
12350 1523
12367 1525
12383 1529
12399 1537
12416 1540
12432 1545
12448 1549
12465 1557
12481 1563
12497 1571
12514 1579
12530 1585
12546 1593
12563 1602
12579 1611
12595 1622
12612 1631
12628 1640
12644 1649
12661 1658
12677 1672
12693 1685
12710 1691
12726 1704
12742 1714
12759 1727
12775 1743
12791 1750
12808 1761
12824 1775
12840 1786
12857 1802
12873 1805
12890 1823
12907 1836
12923 1846
12939 1862
12956 1873
12972 1894
12988 1900
13005 1909
13021 1923
13037 1937
13054 1947
13070 1962
13086 1969
13103 1981
13119 1994
13135 2005
13152 2017
13168 2038
13184 2040
13201 2045
13217 2055
13233 2069
13250 2077
13266 2089
13282 2095
13299 2103
13315 2110
13331 2121
13348 2107
13364 2137
13380 2144
13397 2160
13413 2155
13429 2161
13446 2169
13462 2171
13478 2178
13495 2179
13511 2184
13527 2189
13544 2193
13560 2194
13576 2196
13593 2199
13609 2199
13625 2201
13642 2203
13658 2199
13674 2200
13691 2200
13707 2200
13723 2198
13740 2200
13756 2195
13772 2174
13789 2189
13805 2186
13821 2171
13838 2177
13854 2175
13870 2170
13888 2162
13904 2156
13920 2155
13937 2150
13953 2138
13969 2137
13986 2127
14002 2119
14018 2113
14035 2105
14051 2093
14067 2088
14084 2081
14100 2071
14116 2060
14133 2050
14149 2043
14165 2034
14182 2025
14198 2014
14214 2003
14231 1987
14247 1992
14263 1972
14280 1964
14296 1952
14312 1941
14329 1931
14345 1916
14361 1909
14378 1900
14394 1891
14410 1873
14427 1865
14443 1853
14459 1849
14476 1837
14492 1827
14508 1817
14525 1806
14541 1796
14557 1788
14574 1778
14590 1767
14606 1761
14623 1754
14639 1741
14655 1736
14672 1712
14688 1719
14704 1710
14721 1708
14737 1693
14753 1688
14770 1676
14786 1674
14802 1673
14819 1663
14835 1657
14851 1653
14868 1646
14885 1640
14902 1635
14918 1631
14934 1632
14951 1624
14967 1621
14983 1619
15000 1618
15016 1615
15032 1613
15049 1609
15065 1607
15081 1613
15098 1605
15114 1611
15130 1612
15147 1621
15163 1612
15179 1616
15196 1613
15212 1617
15228 1624
15245 1623
15261 1627
15277 1629
15294 1633
15310 1638
15326 1643
15343 1648
15359 1651
15375 1655
15392 1659
15408 1666
15424 1671
15441 1677
15457 1683
15473 1690
15490 1699
15506 1704
15522 1715
15539 1722
15555 1727
15571 1747
15588 1743
15604 1751
15620 1755
15637 1768
15653 1777
15669 1778
15686 1794
15702 1799
15718 1802
15735 1822
15751 1826
15767 1835
15784 1840
15800 1851
15816 1860
15833 1868
15849 1876
15865 1889
15882 1896
15899 1906
15915 1912
15932 1919
15948 1933
15964 1931
15981 1943
15997 1952
16013 1959
16030 1968
16046 1974
16062 1983
16079 1986
16095 1996
16111 1999
16128 2007
16144 2009
16160 2018
16177 1990
16193 2029
16209 2037
16226 2042
16242 2047
16258 2043
16275 2056
16291 2059
16307 2062
16324 2066
16340 2068
16356 2073
16373 2075
16389 2078
16405 2076
16422 2081
16438 2080
16454 2084
16471 2083
16487 2079
16503 2083
16520 2085
16536 2087
16552 2085
16569 2083
16585 2083
16601 2080
16618 2086
16634 2078
16650 2074
16667 2076
16683 2070
16699 2064
16716 2063
16732 2057
16748 2061
16765 2052
16781 2047
16797 2040
16814 2038
16830 2033
16846 2027
16863 2021
16879 2018
16895 2009
16912 2005
16928 1998
16944 1995
16961 1986
16977 1981
16993 1973
17010 1971
17026 1961
17042 1964
17059 1949
17075 1939
17091 1934
17108 1927
17124 1922
17140 1912
17157 1904
17173 1896
17189 1891
17206 1882
17222 1874
17238 1868
17255 1879
17271 1856
17287 1850
17304 1841
17320 1831
17336 1824
17353 1814
17369 1812
17385 1807
17402 1801
17418 1792
17434 1788
17451 1781
17467 1774
17483 1769
17500 1761
17516 1755
17532 1752
17549 1748
17565 1739
17581 1734
17598 1730
17614 1723
17630 1720
17647 1717
17663 1713
17679 1708
17696 1715
17712 1697
17728 1700
17745 1694
17761 1696
17777 1685
17794 1688
17810 1684
17826 1707
17843 1685
17859 1684
17875 1680
17893 1676
17909 1680
17926 1679
17942 1675
17958 1678
17975 1679
17991 1681
18007 1681
18024 1683
18040 1683
18056 1687
18073 1680
18089 1691
18105 1692
18122 1691
18138 1698
18154 1697
18171 1704
18187 1708
18203 1709
18220 1715
18236 1718
18252 1722
18269 1733
18285 1730
18301 1736
18318 1742
18334 1744
18350 1753
18367 1757
18383 1760
18399 1769
18416 1773
18432 1779
18448 1781
18465 1788
18481 1794
18497 1804
18514 1822
18530 1814
18546 1824
18563 1827
18579 1831
18595 1841
18612 1849
18628 1851
18644 1858
18661 1866
18677 1872
18693 1875
18710 1886
18726 1890
18742 1895
18759 1904
18775 1919
18791 1920
18808 1917
18824 1931
18840 1935
18857 1943
18873 1948
18890 1954
18907 1957
18923 1966
18939 1969
18956 1976
18972 1977
18988 1982
19005 1989
19021 1991
19037 1995
19054 2001
19070 2009
19086 2004
19103 2012
19119 2015
19135 2017
19152 2021
19168 2021
19184 2022
19201 2011
19217 2029
19233 2029
19250 2033
19266 2035
19282 2035
19299 2035
19315 2037
19331 2030
19348 2036
19364 2033
19380 2033
19397 2036
19413 2033
19429 2038
19446 2037
19462 2009
19478 2031
19495 2026
19511 2029
19527 2031
19544 2023
19560 2020
19576 2017
19593 1992
19609 2012
19625 2007
19642 2005
19658 2001
19674 1998
19691 1993
19707 1992
19723 1985
19740 1981
19756 1977
19772 1971
19789 1967
19805 1961
19821 1958
19838 1953
19854 1947
19870 1942
19888 1937
19904 1933
19920 1926
19937 1920
19953 1915
19969 1911
19986 1905
20002 1897
20018 1891
20035 1890
20051 1879
20067 1875
20084 1872
20100 1862
20116 1861
20133 1854
20149 1848
20165 1844
20182 1838
20198 1828
20214 1828
20231 1821
20247 1817
20263 1814
20280 1803
20296 1805
20312 1800
20329 1799
20345 1791
20361 1786
20378 1783
20394 1780
20410 1768
20427 1771
20443 1766
20459 1758
20476 1765
20492 1760
20508 1758
20525 1756
20541 1752
20557 1749
20574 1749
20590 1755
20606 1743
20623 1742
20639 1740
20655 1742
20672 1734
20688 1736
20704 1735
20721 1751
20737 1735
20753 1732
20770 1735
20786 1733
20802 1734
20819 1736
20835 1736
20851 1733
20868 1738
20885 1742
20902 1740
20918 1743
20934 1743
20951 1749
20967 1744
20983 1750
21000 1753
21016 1755
21032 1756
21049 1760
21065 1764
21081 1767
21098 1771
21114 1768
21130 1778
21147 1779
21163 1781
21179 1789
21196 1790
21212 1793
21228 1784
21245 1804
21261 1809
21277 1813
21294 1810
21310 1819
21326 1820
21343 1832
21359 1838
21375 1837
21392 1841
21408 1848
21424 1853
21441 1856
21457 1861
21473 1867
21490 1870
21506 1875
21522 1879
21539 1946
21555 1891
21571 1899
21588 1901
21604 1898
21620 1909
21637 1911
21653 1917
21669 1905
21686 1923
21702 1926
21718 1938
21735 1941
21751 1942
21767 1951
21784 1953
21800 1940
21816 1958
21833 1960
21849 1969
21865 1967
21882 1975
21899 1970
21915 1978
21932 1988
21948 1981
21964 1985
21981 1989
21997 1986
22013 1991
22030 1994
22046 2008
22062 1999
22079 1999
22095 1999
22111 2003
22128 2001
22144 2000
22160 1999
22177 1998
22193 1999
22209 1998
22226 2002
22242 1998
22258 1997
22275 1999
22291 1997
22307 1993
22324 1996
22340 1991
22356 1989
22373 1987
22389 1984
22405 1983
22422 1981
22438 1980
22454 1972
22471 1976
22487 1972
22503 1965
22520 1961
22536 1961
22552 1954
22569 1953
22585 1949
22601 1946
22618 1946
22634 1940
22650 1933
22667 1929
22683 1927
22699 1921
22716 1919
22732 1914
22748 1883
22765 1904
22781 1901
22797 1892
22814 1891
22830 1887
22846 1881
22863 1874
22879 1870
22895 1868
22912 1861
22928 1853
22944 1852
22961 1850
22977 1850
22993 1842
23010 1836
23026 1830
23042 1829
23059 1822
23075 1818
23091 1813
23108 1810
23124 1803
23140 1799
23157 1797
23173 1793
23189 1785
23206 1786
23222 1782
23238 1775
23255 1772
23271 1771
23287 1764
23304 1764
23320 1762
23336 1761
23353 1756
23369 1758
23385 1752
23402 1749
23418 1748
23434 1746
23451 1742
23467 1741
23483 1739
23500 1738
23516 1735
23532 1737
23549 1735
23565 1733
23581 1739
23598 1731
23614 1735
23630 1732
23647 1740
23663 1728
23679 1731
23696 1760
23712 1735
23728 1734
23745 1739
23761 1736
23777 1736
23794 1741
23810 1737
23826 1741
23843 1743
23859 1744
23875 1744
23893 1745
23909 1752
23926 1754
23942 1754
23958 1759
23975 1760
23991 1763
24007 1767
24024 1772
24040 1773
24056 1779
24073 1743
24089 1782
24105 1786
24122 1798
24138 1794
24154 1793
24171 1792
24187 1802
24203 1806
24220 1814
24236 1817
24252 1820
24269 1824
24285 1827
24301 1830
24318 1833
24334 1839
24350 1843
24367 1848
24383 1849
24399 1857
24416 1859
24432 1863
24448 1866
24465 1870
24481 1874
24497 1875
24514 1882
24530 1892
24546 1893
24563 1895
24579 1897
24595 1902
24612 1906
24628 1909
24644 1916
24661 1915
24677 1917
24693 1922
24710 1925
24726 1926
24742 1930
24759 1933
24775 1936
24791 1939
24808 1942
24824 1939
24840 1944
24857 1948
24873 1949
24890 1951
24907 1952
24923 1955
24939 1953
24956 1958
24972 1958
24988 1956
25005 1960
25021 1962
25037 1960
25054 1962
25070 1958
25086 1967
25103 1964
25119 1970
25135 1965
25152 1962
25168 1964
25184 1963
25201 1962
25217 1963
25233 1961
25250 1964
25266 1956
25282 1959
25299 1960
25315 1956
25331 1956
25348 1949
25364 1948
25380 1948
25397 1969
25413 1943
25429 1942
25446 1944
25462 1934
25478 1939
25495 1935
25511 1931
25527 1931
25544 1927
25560 1922
25576 1921
25593 1916
25609 1913
25625 1914
25642 1908
25658 1903
25674 1903
25691 1899
25707 1894
25723 1892
25740 1887
25756 1885
25772 1864
25789 1875
25805 1876
25821 1872
25838 1870
25854 1868
25870 1867
25888 1865
25904 1860
25920 1758
25937 1856
25953 1850
25969 1848
25986 1847
26002 1838
26018 1838
26035 1838
26051 1835
26067 1829
26084 1833
26100 1825
26116 1824
26133 1822
26149 1819
26165 1817
26182 1813
26198 1812
26214 1810
26231 1810
26247 1816
26263 1807
26280 1806
26296 1814
26312 1801
26329 1799
26345 1798
26361 1797
26378 1798
26394 1796
26410 1795
26427 1793
26443 1789
26459 1796
26476 1793
26492 1790
26508 1791
26525 1792
26541 1794
26557 1792
26574 1791
26590 1792
26606 1794
26623 1795
26639 1795
26655 1797
26672 1800
26688 1800
26704 1800
26721 1806
26737 1804
26753 1805
26770 1806
26786 1802
26802 1808
26819 1809
26835 1811
26851 1814
26868 1823
26885 1819
26902 1820
26918 1820
26934 1825
26951 1824
26967 1829
26983 1833
27000 1833
27016 1837
27032 1838
27049 1841
27065 1840
27081 1845
27098 1843
27114 1850
27130 1851
27147 1856
27163 1855
27179 1860
27196 1873
27212 1866
27228 1862
27245 1871
27261 1872
27277 1876
27294 1881
27310 1881
27326 1884
27343 1885
27359 1889
27375 1887
27392 1894
27408 1898
27424 1899
27441 1905
27457 1900
27473 1905
27490 1904
27506 1910
27522 1921
27539 1914
27555 1916
27571 1930
27588 1919
27604 1925
27620 1924
27637 1926
27653 1925
27669 1926
27686 1931
27702 1931
27718 1930
27735 1935
27751 1935
27767 1936
27784 1939
27800 1938
27816 1941
27833 1940
27849 1940
27865 1939
27882 1941
27899 1942
27915 1942
27932 1942
27948 1944
27964 1939
27981 1940
27997 1942
28013 1942
28030 1941
28046 1949
28062 1939
28079 1936
28095 1939
28111 1941
28128 1937
28144 1939
28160 1935
28177 1935
28193 1927
28209 1930
28226 1931
28242 1929
28258 1925
28275 1925
28291 1925
28307 1919
28324 1920
28340 1920
28356 1916
28373 1915
28389 1915
28405 1910
28422 1910
28438 1909
28454 1905
28471 1908
28487 1900
28503 1896
28520 1896
28536 1892
28552 1888
28569 1892
28585 1885
28601 1881
28618 1887
28634 1877
28650 1874
28667 1875
28683 1868
28699 1867
28716 1865
28732 1860
28748 1860
28765 1857
28781 1855
28797 1843
28814 1852
28830 1844
28846 1843
28863 1842
28879 1837
28895 1836
28912 1837
28928 1836
28944 1831
28961 1827
28977 1825
28993 1823
29010 1821
29026 1821
29042 1814
29059 1813
29075 1815
29091 1813
29108 1811
29124 1811
29140 1812
29157 1809
29173 1802
29189 1806
29206 1808
29222 1804
29238 1803
29255 1802
29271 1801
29287 1801
29304 1799
29320 1800
29336 1799
29353 1800
29369 1799
29385 1800
29402 1799
29418 1799
29434 1770
29451 1801
29467 1806
29483 1802
29500 1802
29516 1804
29532 1804
29549 1804
29565 1798
29581 1808
29598 1810
29614 1805
29630 1811
29647 1810
29663 1808
29679 1814
29696 1815
29712 1817
29728 1823
29745 1823
29761 1822
29777 1829
29794 1827
29810 1829
29826 1803
29843 1835
29859 1841
29875 1842
29893 1840
29909 1845
29926 1845
29942 1846
29958 1850
29975 1850
29991 1851
30007 1856
30024 1857
30040 1859
30056 1861
30073 1858
30089 1867
30105 1867
30122 1868
30138 1873
30154 1875
30171 1876
30187 1881
30203 1880
30220 1888
30236 1886
30252 1886
30269 1886
30285 1891
30301 1889
30318 1896
30334 1895
30350 1899
30367 1898
30383 1899
30399 1904
30416 1902
30432 1900
30448 1909
30465 1907
30481 1908
30497 1908
30514 1902
30530 1910
30546 1911
30563 1919
30579 1916
30595 1917
30612 1918
30628 1916
30644 1909
30661 1920
30677 1918
30693 1919
30710 1921
30726 1918
30742 1917
30759 1918
30775 1919
30791 1918
30808 1923
30824 1916
30840 1922
30857 1918
30873 1916
30890 1917
30907 1915
30923 1919
30939 1918
30956 1927
30972 1916
30988 1913
31005 1909
31021 1911
31037 1911
31054 1909
31070 1909
31086 1907
31103 1904
31119 1904
31135 1904
31152 1903
31168 1901
31184 1901
31201 1894
31217 1896
31233 1895
31250 1882
31266 1891
31282 1889
31299 1885
31315 1885
31331 1882
31348 1879
31364 1878
31380 1877
31397 1875
31413 1872
31429 1873
31446 1869
31462 1844
31478 1868
31495 1865
31511 1862
31527 1861
31544 1858
31560 1858
31576 1854
31593 1850
31609 1852
31625 1848
31642 1846
31658 1846
31674 1844
31691 1840
31707 1839
31723 1838
31740 1836
31756 1832
31772 1881
31789 1829
31805 1832
31821 1827
31838 1825
31854 1824
31870 1824
31888 1820
31904 1824
31920 1818
31937 1816
31953 1818
31969 1815
31986 1814
32002 1815
32018 1810
32035 1811
32051 1811
32067 1813
32084 1813
32100 1805
32116 1809
32133 1806
32149 1788
32165 1808
32182 1807
32198 1810
32214 1810
32231 1807
32247 1808
32263 1810
32280 1833
32296 1810
32312 1811
32329 1811
32345 1812
32361 1813
32378 1810
32394 1817
32410 1829
32427 1817
32443 1820
32459 1820
32476 1824
32492 1822
32508 1827
32525 1829
32541 1827
32557 1830
32574 1833
32590 1832
32606 1839
32623 1836
32639 1838
32655 1838
32672 1843
32688 1844
32704 1845
32721 1850
32737 1852
32753 1853
32770 1859
32786 1857
32802 1859
32819 1863
32835 1860
32851 1864
32868 1868
32885 1870
32902 1871
32918 1875
32934 1878
32951 1882
32967 1884
32983 1890
33000 1889
33016 1889
33032 1894
33049 1894
33065 1898
33081 1898
33098 1905
33114 1905
33130 1905
33147 1906
33163 1905
33179 1910
33196 1914
33212 1917
33228 1898
33245 1919
33261 1921
33277 1921
33294 1927
33310 1930
33326 1929
33343 1933
33359 1935
33375 1934
33392 1937
33408 1934
33424 1939
33441 1941
33457 1939
33473 1943
33490 1942
33506 1941
33522 1944
33539 1979
33555 1942
33571 1945
33588 1946
33604 1943
33620 1949
33637 1950
33653 1948
33669 1928
33686 1949
33702 1946
33718 1947
33735 1952
33751 1947
33767 1946
33784 1946
33800 1949
33816 1947
33833 1946
33849 1950
33865 1953
33882 1943
33899 1939
33915 1941
33932 1939
33948 1939
33964 1938
33981 1938
33997 1936
34013 1935
34030 1936
34046 1949
34062 1932
34079 1932
34095 1924
34111 1926
34128 1928
34144 1924
34160 1921
34177 1922
34193 1918
34209 1915
34226 1912
34242 1912
34258 1911
34275 1910
34291 1908
34307 1904
34324 1904
34340 1900
34356 1903
34373 1898
34389 1896
34405 1893
34422 1890
34438 1889
34454 1884
34471 1885
34487 1885
34503 1880
34520 1877
34536 1876
34552 1875
34569 1871
34585 1872
34601 1867
34618 1868
34634 1865
34650 1859
34667 1858
34683 1859
34699 1858
34716 1854
34732 1854
34748 1871
34765 1847
34781 1851
34797 1844
34814 1846
34830 1843
34846 1842
34863 1841
34879 1839
34895 1843
34912 1834
34928 1836
34944 1832
34961 1831
34977 1829
34993 1830
35010 1830
35026 1826
35042 1822
35059 1825
35075 1829
35091 1826
35108 1824
35124 1830
35140 1822
35157 1824
35173 1824
35189 1824
35206 1823
35222 1823
35238 1824
35255 1820
35271 1822
35287 1824
35304 1826
35320 1822
35336 1821
35353 1824
35369 1822
35385 1823
35402 1828
35418 1825
35434 1827
35451 1829
35467 1827
35483 1831
35500 1828
35516 1829
35532 1832
35549 1834
35565 1845
35581 1830
35598 1836
35614 1841
35630 1840
35647 1841
35663 1840
35679 1841
35696 1853
35712 1843
35728 1847
35745 1849
35761 1851
35777 1851
35794 1855
35810 1853
35826 1859
35843 1858
35859 1858
35875 1864
35893 1862
35909 1866
35926 1867
35942 1865
35958 1868
35975 1870
35991 1871
36007 1873
36024 1876
36040 1872
36056 1876
36073 1878
36089 1878
36105 1881
36122 1872
36138 1888
36154 1886
36171 1887
36187 1884
36203 1890
36220 1892
36236 1890
36252 1893
36269 1896
36285 1895
36301 1896
36318 1894
36334 1896
36350 1898
36367 1899
36383 1899
36399 1899
36416 1896
36432 1899
36448 1901
36465 1905
36481 1902
36497 1912
36514 1905
36530 1902
36546 1907
36563 1906
36579 1904
36595 1831
36612 1907
36628 1903
36644 1910
36661 1905
36677 1903
36693 1904
36710 1903
36726 1902
36742 1900
36759 1901
36775 1900
36791 1901
36808 1899
36824 1899
36840 1902
36857 1900
36873 1898
36890 1899
36907 1896
36923 1895
36939 1895
36956 1893
36972 1866
36988 1892
37005 1890
37021 1889
37037 1891
37054 1886
37070 1888
37086 1889
37103 1882
37119 1884
37135 1878
37152 1880
37168 1881
37184 1879
37201 1879
37217 1878
37233 1875
37250 1875
37266 1872
37282 1875
37299 1871
37315 1872
37331 1869
37348 1868
37364 1865
37380 1865
37397 1852
37413 1866
37429 1864
37446 1854
37462 1856
37478 1856
37495 1854
37511 1854
37527 1856
37544 1850
37560 1849
37576 1850
37593 1849
37609 1847
37625 1849
37642 1843
37658 1842
37674 1845
37691 1838
37707 1839
37723 1841
37740 1839
37756 1838
37772 1822
37789 1837
37805 1831
37821 1844
37838 1832
37854 1835
37870 1833
37888 1834
37904 1828
37920 1817
37937 1829
37953 1831
37969 1830
37986 1830
38002 1828
38018 1831
38035 1830
38051 1829
38067 1830
38084 1831
38100 1830
38116 1831
38133 1832
38149 1834
38165 1829
38182 1831
38198 1831
38214 1831
38231 1831
38247 1839
38263 1832
38280 1843
38296 1843
38312 1840
38329 1837
38345 1840
38361 1841
38378 1836
38394 1838
38410 1842
38427 1844
38443 1841
38459 1845
38476 1844
38492 1845
38508 1848
38525 1847
38541 1847
38557 1851
38574 1850
38590 1853
38606 1854
38623 1859
38639 1856
38655 1859
38672 1855
38688 1865
38704 1864
38721 1848
38737 1865
38753 1871
38770 1873
38786 1870
38802 1871
38819 1877
38835 1875
38851 1878
38868 1877
38885 1881
38902 1882
38918 1882
38934 1885
38951 1887
38967 1885
38983 1888
39000 1890
39016 1889
39032 1900
39049 1891
39065 1893
39081 1897
39098 1896
39114 1893
39130 1899
39147 1900
39163 1900
39179 1902
39196 1903
39212 1905
39228 1903
39245 1908
39261 1901
39277 1905
39294 1911
39310 1905
39326 1908
39343 1905
39359 1908
39375 1910
39392 1910
39408 1908
39424 1909
39441 1910
39457 1909
39473 1910
39490 1910
39506 1908
39522 1909
39539 1910
39555 1908
39571 1920
39588 1907
39604 1906
39620 1864
39637 1905
39653 1907
39669 1904
39686 1905
39702 1906
39718 1900
39735 1903
39751 1902
39767 1903
39784 1899
39800 1899
39816 1897
39833 1907
39849 1895
39865 1894
39882 1893
39899 1896
39915 1893
39932 1889
39948 1889
39964 1884
39981 1886
39997 1886
40013 1884
40030 1879
40046 1885
40062 1879
40079 1877
40095 1878
40111 1877
40128 1874
40144 1875
40160 1872
40177 1871
40193 1871
40209 1868
40226 1868
40242 1864
40258 1864
40275 1861
40291 1859
40307 1862
40324 1859
40340 1858
40356 1858
40373 1860
40389 1858
40405 1854
40422 1855
40438 1853
40454 1854
40471 1845
40487 1852
40503 1850
40520 1852
40536 1850
40552 1850
40569 1852
40585 1847
40601 1847
40618 1848
40634 1845
40650 1843
40667 1846
40683 1844
40699 1844
40716 1846
40732 1846
40748 1845
40765 1843
40781 1847
40797 1845
40814 1843
40830 1845
40846 1858
40863 1845
40879 1842
40895 1840
40912 1845
40928 1841
40944 1843
40961 1845
40977 1843
40993 1844
41010 1845
41026 1842
41042 1842
41059 1845
41075 1849
41091 1847
41108 1848
41124 1843
41140 1848
41157 1850
41173 1847
41189 1857
41206 1851
41222 1833
41238 1855
41255 1852
41271 1862
41287 1857
41304 1859
41320 1858
41336 1857
41353 1858
41369 1860
41385 1860
41402 1863
41418 1861
41434 1863
41451 1867
41467 1866
41483 1868
41500 1870
41516 1870
41532 1871
41549 1873
41565 1874
41581 1873
41598 1876
41614 1876
41630 1880
41647 1865
41663 1880
41679 1884
41696 1878
41712 1880
41728 1884
41745 1885
41761 1887
41777 1889
41794 1889
41810 1890
41826 1896
41843 1893
41859 1894
41875 1904
41893 1899
41909 1895
41926 1898
41942 1899
41958 1900
41975 1901
41991 1902
42007 1903
42024 1904
42040 1904
42056 1909
42073 1903
42089 1903
42105 1906
42122 1901
42138 1911
42154 1906
42171 1908
42187 1905
42203 1905
42220 1909
42236 1908
42252 1899
42269 1911
42285 1904
42301 1908
42318 1906
42334 1907
42350 1905
42367 1908
42383 1884
42399 1906
42416 1903
42432 1906
42448 1904
42465 1903
42481 1900
42497 1900
42514 1924
42530 1899
42546 1898
42563 1903
42579 1898
42595 1894
42612 1896
42628 1890
42644 1899
42661 1893
42677 1889
42693 1886
42710 1889
42726 1889
42742 1885
42759 1883
42775 1874
42791 1878
42808 1877
42824 1875
42840 1874
42857 1871
42873 1869
42890 1871
42907 1869
42923 1866
42939 1868
42956 1859
42972 1863
42988 1862
43005 1859
43021 1856
43037 1857
43054 1853
43070 1857
43086 1851
43103 1847
43119 1843
43135 1844
43152 1841
43168 1838
43184 1840
43201 1831
43217 1836
43233 1837
43250 1828
43266 1830
43282 1832
43299 1828
43315 1828
43331 1826
43348 1825
43364 1823
43380 1819
43397 1819
43413 1820
43429 1819
43446 1816
43462 1786
43478 1811
43495 1814
43511 1817
43527 1813
43544 1811
43560 1812
43576 1810
43593 1810
43609 1809
43625 1810
43642 1805
43658 1803
43674 1809
43691 1808
43707 1808
43723 1811
43740 1808
43756 1805
43772 1832
43789 1807
43805 1807
43821 1809
43838 1805
43854 1807
43870 1806
43888 1806
43904 1805
43920 1809
43937 1809
43953 1809
43969 1811
43986 1811
44002 1810
44018 1812
44035 1808
44051 1813
44067 1821
44084 1817
44100 1815
44116 1816
44133 1824
44149 1794
44165 1820
44182 1824
44198 1818
44214 1823
44231 1824
44247 1824
44263 1828
44280 1850
44296 1832
44312 1834
44329 1833
44345 1834
44361 1837
44378 1840
44394 1837
44410 1843
44427 1850
44443 1843
44459 1845
44476 1848
44492 1848
44508 1852
44525 1853
44541 1847
44557 1860
44574 1856
44590 1862
44606 1862
44623 1861
44639 1859
44655 1868
44672 1866
44688 1867
44704 1870
44721 1880
44737 1872
44753 1874
44770 1883
44786 1878
44802 1880
44819 1881
44835 1883
44851 1882
44868 1882
44885 1886
44902 1885
44918 1885
44934 1890
44951 1892
44967 1891
44983 1892
45000 1893
45016 1894
45032 1898
45049 1893
45065 1897
45081 1900
45098 1894
45114 1900
45130 1905
45147 1901
45163 1903
45179 1903
45196 1903
45212 1902
45228 1905
45245 1905
45261 1903
45277 1900
45294 1903
45310 1903
45326 1904
45343 1909
45359 1906
45375 1907
45392 1906
45408 1905
45424 1904
45441 1907
45457 1903
45473 1904
45490 1904
45506 1903
45522 1900
45539 1905
45555 1902
45571 1904
45588 1902
45604 1897
45620 1899
45637 1899
45653 1896
45669 1896
45686 1896
45702 1894
45718 1893
45735 1894
45751 1890
45767 1891
45784 1890
45800 1908
45816 1889
45833 1888
45849 1890
45865 1887
45882 1886
45899 1881
45915 1882
45932 1881
45948 1880
45964 1878
45981 1875
45997 1875
46013 1872
46030 1875
46046 1864
46062 1872
46079 1873
46095 1872
46111 1869
46128 1868
46144 1866
46160 1867
46177 1863
46193 1862
46209 1861
46226 1861
46242 1861
46258 1859
46275 1860
46291 1856
46307 1854
46324 1858
46340 1856
46356 1850
46373 1852
46389 1854
46405 1843
46422 1852
46438 1851
46454 1850
46471 1850
46487 1847
46503 1850
46520 1847
46536 1848
46552 1847
46569 1847
46585 1844
46601 1847
46618 1847
46634 1852
46650 1845
46667 1844
46683 1847
46699 1840
46716 1844
46732 1844
46748 1844
46765 1844
46781 1846
46797 1844
46814 1847
46830 1845
46846 1845
46863 1846
46879 1846
46895 1846
46912 1849
46928 1849
46944 1847
46961 1851
46977 1848
46993 1850
47010 1844
47026 1852
47042 1847
47059 1849
47075 1850
47091 1853
47108 1851
47124 1842
47140 1854
47157 1853
47173 1853
47189 1860
47206 1859
47222 1855
47238 1858
47255 1858
47271 1861
47287 1862
47304 1862
47320 1864
47336 1865
47353 1865
47369 1865
47385 1867
47402 1867
47418 1866
47434 1866
47451 1871
47467 1870
47483 1870
47500 1872
47516 1873
47532 1875
47549 1876
47565 1887
47581 1878
47598 1878
47614 1882
47630 1880
47647 1882
47663 1884
47679 1883
47696 1896
47712 1886
47728 1886
47745 1881
47761 1884
47777 1890
47794 1891
47810 1891
47826 1891
47843 1892
47859 1892
47875 1892
47893 1893
47909 1897
47926 1894
47942 1894
47958 1897
47975 1897
47991 1897
48007 1896
48024 1899
48040 1896
48056 1898
48073 1902
48089 1900
48105 1899
48122 1900
48138 1900
48154 1898
48171 1901
48187 1902
48203 1898
48220 1903
48236 1899
48252 1881
48269 1900
48285 1902
48301 1898
48318 1893
48334 1898
48350 1898
48367 1898
48383 1892
48399 1896
48416 1897
48432 1893
48448 1894
48465 1894
48481 1892
48497 1891
48514 1891
48530 1891
48546 1892
48563 1887
48579 1888
48595 1889
48612 1885
48628 1880
48644 1880
48661 1883
48677 1881
48693 1879
48710 1881
48726 1878
48742 1881
48759 1877
48775 1875
48791 1872
48808 1871
48824 1866
48840 1869
48857 1869
48873 1862
48890 1875
48907 1865
48923 1865
48939 1861
48956 1861
48972 1860
48988 1859
49005 1858
49021 1858
49037 1853
49054 1853
49070 1877
49086 1850
49103 1851
49119 1847
49135 1847
49152 1842
49168 1846
49184 1845
49201 1846
49217 1844
49233 1843
49250 1841
49266 1845
49282 1844
49299 1837
49315 1842
49331 1837
49348 1836
49364 1838
49380 1840
49397 1823
49413 1837
49429 1838
49446 1837
49462 1839
49478 1837
49495 1835
49511 1837
49527 1837
49544 1834
49560 1836
49576 1836
49593 1838
49609 1838
49625 1830
49642 1837
49658 1838
49674 1837
49691 1832
49707 1841
49723 1840
49740 1841
49756 1841
49772 1839
49789 1841
49805 1842
49821 1829
49838 1844
49854 1845
49870 1842
49888 1842
49904 1843
49920 1849
49937 1846
49953 1853
49969 1851
49986 1851
50002 1851
50018 1852
50035 1854
50051 1854
50067 1856
50084 1856
50100 1856
50116 1860
50133 1860
50149 1863
50165 1862
50182 1860
50198 1863
50214 1862
50231 1862
50247 1865
50263 1867
50280 1868
50296 1869
50312 1868
50329 1870
50345 1820
50361 1871
50378 1875
50394 1873
50410 1874
50427 1876
50443 1873
50459 1876
50476 1878
50492 1877
50508 1876
50525 1880
50541 1880
50557 1880
50574 1884
50590 1881
50606 1880
50623 1887
50639 1882
50655 1882
50672 1866
50688 1886
50704 1883
50721 1868
50737 1882
50753 1885
50770 1884
50786 1888
50802 1890
50819 1885
50835 1888
50851 1888
50868 1887
50885 1886
50902 1890
50918 1889
50934 1886
50951 1888
50967 1888
50983 1889
51000 1888
51016 1889
51032 1891
51049 1887
51065 1887
51081 1887
51098 1887
51114 1886
51130 1887
51147 1888
51163 1885
51179 1886
51196 1893
51212 1884
51228 1886
51245 1886
51261 1882
51277 1880
51294 1884
51310 1878
51326 1880
51343 1881
51359 1879
51375 1879
51392 1880
51408 1877
51424 1874
51441 1875
51457 1873
51473 1874
51490 1871
51506 1870
51522 1872
51539 1870
51555 1869
51571 1867
51588 1866
51604 1866
51620 1858
51637 1867
51653 1858
51669 1862
51686 1860
51702 1857
51718 1856
51735 1857
51751 1858
51767 1851
51784 1856
51800 1854
51816 1856
51833 1859
51849 1852
51865 1848
51882 1849
51899 1846
51915 1847
51932 1847
51948 1843
51964 1844
51981 1842
51997 1842
52013 1841
52030 1838
52046 1845
52062 1839
52079 1839
52095 1841
52111 1836
52128 1838
52144 1843
52160 1838
52177 1838
52193 1835
52209 1835
52226 1835
52242 1837
52258 1835
52275 1835
52291 1835
52307 1834
52324 1838
52340 1837
52356 1833
52373 1836
52389 1835
52405 1834
52422 1829
52438 1838
52454 1838
52471 1837
52487 1840
52503 1838
52520 1841
52536 1843
52552 1844
52569 1845
52585 1845
52601 1843
52618 1849
52634 1852
52650 1849
52667 1849
52683 1849
52699 1852
52716 1851
52732 1851
52748 1853
52765 1855
52781 1856
52797 1858
52814 1860
52830 1856
52846 1862
52863 1865
52879 1867
52895 1847
52912 1866
52928 1871
52944 1871
52961 1873
52977 1876
52993 1877
53010 1877
53026 1879
53042 1876
53059 1883
53075 1884
53091 1886
53108 1890
53124 1887
53140 1887
53157 1890
53173 1889
53189 1894
53206 1896
53222 1894
53238 1894
53255 1899
53271 1919
53287 1902
53304 1906
53320 1880
53336 1907
53353 1911
53369 1910
53385 1909
53402 1912
53418 1912
53434 1915
53451 1916
53467 1913
53483 1914
53500 1917
53516 1922
53532 1921
53549 1921
53565 1921
53581 1923
53598 1923
53614 1924
53630 1923
53647 1905
53663 1925
53679 1926
53696 1924
53712 1926
53728 1928
53745 1927
53761 1930
53777 1927
53794 1925
53810 1925
53826 1928
53843 1928
53859 1927
53875 1926
53893 1930
53909 1927
53926 1929
53942 1927
53958 1928
53975 1925
53991 1926
54007 1925
54024 1923
54040 1923
54056 1923
54073 1925
54089 1922
54105 1922
54122 1937
54138 1923
54154 1920
54171 1933
54187 1916
54203 1916
54220 1919
54236 1912
54252 1909
54269 1911
54285 1911
54301 1911
54318 1906
54334 1915
54350 1906
54367 1905
54383 1904
54399 1902
54416 1902
54432 1900
54448 1899
54465 1896
54481 1895
54497 1895
54514 1890
54530 1888
54546 1898
54563 1887
54579 1887
54595 1883
54612 1882
54628 1882
54644 1877
54661 1878
54677 1876
54693 1876
54710 1875
54726 1867
54742 1874
54759 1869
54775 1864
54791 1866
54808 1867
54824 1863
54840 1864
54857 1862
54873 1857
54890 1853
54907 1857
54923 1859
54939 1854
54956 1855
54972 1854
54988 1851
55005 1852
55021 1850
55037 1848
55054 1846
55070 1894
55086 1846
55103 1842
55119 1840
55135 1845
55152 1840
55168 1841
55184 1840
55201 1834
55217 1836
55233 1838
55250 1835
55266 1835
55282 1839
55299 1841
55315 1835
55331 1831
55348 1835
55364 1835
55380 1832
55397 1835
55413 1835
55429 1836
55446 1835
55462 1835
55478 1836
55495 1835
55511 1836
55527 1837
55544 1835
55560 1836
55576 1837
55593 1835
55609 1836
55625 1839
55642 1840
55658 1836
55674 1842
55691 1841
55707 1841
55723 1843
55740 1841
55756 1843
55772 1850
55789 1846
55805 1846
55821 1852
55838 1848
55854 1848
55870 1851
55888 1853
55904 1850
55920 1850
55937 1856
55953 1856
55969 1857
55986 1860
56002 1859
56018 1860
56035 1864
56051 1861
56067 1865
56084 1857
56100 1866
56116 1868
56133 1867
56149 1840
56165 1869
56182 1869
56198 1872
56214 1871
56231 1873
56247 1874
56263 1875
56280 1915
56296 1876
56312 1878
56329 1875
56345 1884
56361 1882
56378 1881
56394 1884
56410 1883
56427 1885
56443 1885
56459 1886
56476 1889
56492 1887
56508 1888
56525 1892
56541 1889
56557 1889
56574 1891
56590 1883
56606 1892
56623 1888
56639 1888
56655 1892
56672 1890
56688 1890
56704 1892
56721 1895
56737 1891
56753 1891
56770 1884
56786 1891
56802 1893
56819 1895
56835 1891
56851 1895
56868 1890
56885 1899
56902 1891
56918 1890
56934 1891
56951 1890
56967 1888
56983 1889
57000 1889
57016 1887
57032 1889
57049 1887
57065 1888
57081 1887
57098 1882
57114 1885
57130 1887
57147 1887
57163 1888
57179 1882
57196 1884
57212 1883
57228 1885
57245 1881
57261 1879
57277 1882
57294 1878
57310 1878
57326 1877
57343 1876
57359 1876
57375 1874
57392 1874
57408 1892
57424 1875
57441 1871
57457 1872
57473 1878
57490 1868
57506 1867
57522 1869
57539 1863
57555 1867
57571 1864
57588 1865
57604 1862
57620 1861
57637 1859
57653 1860
57669 1839
57686 1857
57702 1854
57718 1855
57735 1857
57751 1852
57767 1855
57784 1853
57800 1816
57816 1850
57833 1844
57849 1850
57865 1848
57882 1857
57899 1844
57915 1843
57932 1847
57948 1845
57964 1842
57981 1844
57997 1843
58013 1842
58030 1843
58046 1855
58062 1840
58079 1841
58095 1841
58111 1840
58128 1842
58144 1840
58160 1840
58177 1839
58193 1840
58209 1839
58226 1843
58242 1839
58258 1841
58275 1838
58291 1838
58307 1842
58324 1840
58340 1842
58356 1830
58373 1842
58389 1839
58405 1844
58422 1841
58438 1843
58454 1842
58471 1847
58487 1845
58503 1841
58520 1848
58536 1848
58552 1850
58569 1851
58585 1853
58601 1849
58618 1847
58634 1854
58650 1852
58667 1855
58683 1854
58699 1856
58716 1855
58732 1856
58748 1860
58765 1860
58781 1866
58797 1860
58814 1864
58830 1871
58846 1870
58863 1871
58879 1867
58895 1868
58912 1870
58928 1879
58944 1873
58961 1878
58977 1886
58993 1877
59010 1880
59026 1877
59042 1878
59059 1881
59075 1882
59091 1883
59108 1885
59124 1882
59140 1884
59157 1888
59173 1890
59189 1893
59206 1893
59222 1895
59238 1893
59255 1894
59271 1892
59287 1895
59304 1941
59320 1894
59336 1902
59353 1895
59369 1897
59385 1896
59402 1898
59418 1894
59434 1878
59451 1900
59467 1894
59483 1897
59500 1900
59516 1897
59532 1900
59549 1899
59565 1886
59581 1902
59598 1902
59614 1908
59630 1906
59647 1902
59663 1899
59679 1901
59696 1922
59712 1902
59728 1898
59745 1896
59761 1898
59777 1897
59794 1897
59810 1895
59826 1889
59843 1896
59859 1894
59875 1890
59893 1893
59909 1893
59926 1891
59942 1890
59958 1888
59975 1890
59991 1886
60007 1888
60024 1889
60040 1884
60056 1884
60073 1883
60089 1882
60105 1881
60122 1880
60138 1882
60154 1879
60171 1880
60187 1877
60203 1875
60220 1875
60236 1874
60252 1877
60269 1875
60285 1871
60301 1870
60318 1871
60334 1868
60350 1873
60367 1870
60383 1862
60399 1867
60416 1866
60432 1865
60448 1864
60465 1864
60481 1861
60497 1862
60514 1861
60530 1859
60546 1860
60563 1860
60579 1861
60595 1856
60612 1856
60628 1860
60644 1860
60661 1858
60677 1855
60693 1859
60710 1856
60726 1855
60742 1851
60759 1852
60775 1852
60791 1852
60808 1849
60824 1800
60840 1851
60857 1854
60873 1850
60890 1848
60907 1851
60923 1850
60939 1850
60956 1832
60972 1854
60988 1851
61005 1849
61021 1852
61037 1854
61054 1850
61070 1859
61086 1853
61103 1851
61119 1854
61135 1851
61152 1850
61168 1851
61184 1852
61201 1829
61217 1853
61233 1853
61250 1853
61266 1854
61282 1853
61299 1855
61315 1856
61331 1853
61348 1856
61364 1858
61380 1864
61397 1860
61413 1860
61429 1864
61446 1861
61462 1865
61478 1864
61495 1864
61511 1865
61527 1867
61544 1866
61560 1868
61576 1868
61593 1866
61609 1871
61625 1871
61642 1875
61658 1873
61674 1874
61691 1872
61707 1877
61723 1879
61740 1878
61756 1878
61772 1889
61789 1882
61805 1883
61821 1884
61838 1884
61854 1885
61870 1892
61888 1889
61904 1888
61920 1886
61937 1888
61953 1890
61969 1890
61986 1892
62002 1892
62018 1895
62035 1894
62051 1895
62067 1895
62084 1898
62100 1897
62116 1894
62133 1898
62149 1896
62165 1901
62182 1900
62198 1900
62214 1901
62231 1901
62247 1902
62263 1902
62280 1901
62296 1914
62312 1901
62329 1900
62345 1903
62361 1900
62378 1900
62394 1903
62410 1902
62427 1899
62443 1899
62459 1901
62476 1899
62492 1898
62508 1898
62525 1897
62541 1897
62557 1895
62574 1895
62590 1894
62606 1893
62623 1895
62639 1888
62655 1890
62672 1898
62688 1890
62704 1886
62721 1871
62737 1883
62753 1884
62770 1913
62786 1881
62802 1882
62819 1880
62835 1874
62851 1877
62868 1876
62885 1875
62902 1872
62918 1869
62934 1868
62951 1870
62967 1868
62983 1865
63000 1864
63016 1862
63032 1860
63049 1858
63065 1857
63081 1857
63098 1851
63114 1853
63130 1851
63147 1845
63163 1849
63179 1848
63196 1851
63212 1846
63228 1844
63245 1843
63261 1846
63277 1839
63294 1840
63310 1837
63326 1837
63343 1835
63359 1829
63375 1830
63392 1829
63408 1828
63424 1826
63441 1825
63457 1827
63473 1824
63490 1821
63506 1823
63522 1821
63539 1825
63555 1820
63571 1822
63588 1820
63604 1819
63620 1830
63637 1816
63653 1816
63669 1812
63686 1814
63702 1813
63718 1810
63735 1811
63751 1813
63767 1810
63784 1812
63800 1810
63816 1809
63833 1808
63849 1808
63865 1814
63882 1814
63899 1811
63915 1810
63932 1815
63948 1812
63964 1815
63981 1813
63997 1813
64013 1814
64030 1814
64046 1816
64062 1814
64079 1816
64095 1810
64111 1816
64128 1819
64144 1818
64160 1816
64177 1821
64193 1818
64209 1824
64226 1824
64242 1828
64258 1825
64275 1825
64291 1828
64307 1827
64324 1830
64340 1831
64356 1829
64373 1834
64389 1837
64405 1834
64422 1850
64438 1838
64454 1841
64471 1841
64487 1843
64503 1846
64520 1874
64536 1847
64552 1848
64569 1851
64585 1855
64601 1855
64618 1855
64634 1854
64650 1856
64667 1859
64683 1859
64699 1860
64716 1866
64732 1865
64748 1867
64765 1869
64781 1874
64797 1870
64814 1866
64830 1873
64846 1875
64863 1877
64879 1879
64895 1856
64912 1879
64928 1881
64944 1887
64961 1883
64977 1884
64993 1886
65010 1888
65026 1890
65042 1889
65059 1891
65075 1896
65091 1894
65108 1893
65124 1891
65140 1895
65157 1894
65173 1896
65189 1896
65206 1898
65222 1900
65238 1903
65255 1901
65271 1893
65287 1904
65304 1903
65320 1898
65336 1903
65353 1905
65369 1902
65385 1902
65402 1905
65418 1899
65434 1903
65451 1904
65467 1904
65483 1902
65500 1904
65516 1902
65532 1903
65549 1902
65565 1901
65581 1900
65598 1903
65614 1901
65630 1903
65647 1894
65663 1898
65679 1896
65696 1900
65712 1895
65728 1896
65745 1899
65761 1894
65777 1895
65794 1890
65810 1892
65826 1893
65843 1891
65859 1888
65875 1885
65893 1884
65909 1885
65926 1887
65942 1881
65958 1884
65975 1884
65991 1879
66007 1881
66024 1878
66040 1878
66056 1878
66073 1879
66089 1873
66105 1875
66122 1888
66138 1872
66154 1870
66171 1887
66187 1870
66203 1863
66220 1863
66236 1866
66252 1865
66269 1861
66285 1861
66301 1863
66318 1862
66334 1861
66350 1860
66367 1860
66383 1855
66399 1857
66416 1856
66432 1857
66448 1855
66465 1853
66481 1853
66497 1852
66514 1855
66530 1851
66546 1870
66563 1852
66579 1849
66595 1857
66612 1847
66628 1847
66644 1847
66661 1849
66677 1848
66693 1851
66710 1849
66726 1847
66742 1847
66759 1846
66775 1846
66791 1846
66808 1847
66824 1846
66840 1847
66857 1847
66873 1846
66890 1848
66907 1846
66923 1846
66939 1845
66956 1846
66972 1846
66988 1847
67005 1848
67021 1849
67038 1852
67054 1852
67071 1850
67087 1850
67103 1850
67120 1829
67136 1854
67153 1853
67169 1852
67186 1855
67202 1854
67218 1855
67235 1857
67251 1856
67268 1852
67284 1858
67301 1857
67317 1854
67333 1869
67350 1863
67366 1856
67383 1863
67399 1863
67416 1863
67432 1865
67448 1867
67465 1869
67481 1868
67498 1869
67514 1870
67531 1869
67547 1871
67563 1871
67580 1873
67596 1862
67613 1874
67629 1879
67646 1882
67662 1876
67678 1879
67695 1872
67711 1882
67728 1886
67744 1889
67761 1884
67777 1882
67793 1888
67810 1886
67826 1889
67843 1888
67859 1889
67876 1889
67893 1891
67910 1891
67926 1890
67942 1892
67959 1890
67975 1896
67992 1896
68008 1898
68025 1896
68041 1893
68057 1898
68074 1896
68090 1899
68107 1898
68123 1902
68140 1897
68156 1898
68172 1902
68189 1898
68205 1900
68222 1908
68238 1899
68255 1901
68271 1919
68287 1899
68304 1899
68320 1910
68337 1900
68353 1896
68370 1898
68386 1900
68402 1898
68419 1898
68435 1897
68452 1897
68468 1896
68485 1895
68501 1893
68517 1895
68534 1892
68550 1891
68567 1891
68583 1889
68600 1892
68616 1888
68632 1888
68649 1888
68665 1885
68682 1887
68698 1885
68715 1883
68731 1881
68747 1885
68764 1880
68780 1879
68797 1866
68813 1873
68830 1876
68846 1858
68862 1870
68879 1868
68895 1880
68912 1871
68928 1863
68945 1856
68961 1865
68978 1868
68994 1861
69010 1864
69027 1863
69043 1860
69060 1858
69076 1856
69093 1856
69109 1854
69125 1854
69142 1852
69158 1851
69175 1852
69191 1847
69208 1849
69224 1846
69240 1848
69257 1847
69273 1847
69290 1848
69306 1844
69323 1850
69339 1841
69355 1842
69372 1841
69388 1839
69405 1842
69421 1842
69438 1834
69454 1840
69470 1839
69487 1839
69503 1837
69520 1838
69536 1839
69553 1838
69569 1838
69585 1838
69602 1839
69618 1839
69635 1843
69651 1837
69668 1839
69684 1839
69700 1839
69717 1838
69733 1839
69750 1842
69766 1840
69783 1841
69799 1841
69815 1845
69832 1842
69848 1843
69865 1846
69881 1844
69899 1843
69915 1846
69932 1847
69948 1844
69964 1846
69981 1849
69997 1850
70014 1850
70030 1850
70047 1834
70063 1852
70079 1851
70096 1855
70112 1856
70129 1857
70145 1856
70162 1857
70178 1860
70194 1864
70211 1864
70227 1876
70244 1865
70260 1864
70277 1861
70293 1865
70309 1866
70326 1867
70342 1867
70359 1868
70375 1870
70392 1870
70408 1870
70424 1870
70441 1874
70457 1873
70474 1873
70490 1874
70507 1876
70523 1877
70539 1853
70556 1875
70572 1873
70589 1880
70605 1878
70622 1879
70638 1880
70654 1880
70671 1880
70687 1881
70704 1883
70720 1871
70737 1882
70753 1883
70769 1878
70786 1886
70802 1889
70819 1885
70835 1885
70852 1872
70868 1890
70885 1887
70902 1881
70918 1884
70935 1886
70951 1885
70968 1885
70984 1883
71000 1885
71017 1889
71033 1886
71050 1887
71066 1887
71083 1887
71099 1887
71115 1891
71132 1891
71148 1892
71165 1886
71181 1883
71198 1882
71214 1883
71230 1889
71247 1883
71263 1885
71280 1883
71296 1885
71313 1884
71329 1886
71345 1879
71362 1880
71378 1878
71395 1877
71411 1877
71428 1879
71444 1875
71460 1854
71477 1876
71493 1876
71510 1874
71526 1873
71543 1871
71559 1872
71575 1871
71592 1871
71608 1868
71625 1867
71641 1870
71658 1867
71674 1865
71690 1862
71707 1861
71723 1861
71740 1862
71756 1860
71773 1864
71789 1855
71805 1858
71822 1854
71838 1852
71855 1854
71871 1851
71889 1850
71905 1849
71922 1850
71938 1848
71954 1858
71971 1844
71987 1847
72004 1845
72020 1844
72037 1842
72053 1845
72069 1847
72086 1844
72102 1843
72119 1841
72135 1839
72152 1840
72168 1839
72184 1842
72201 1840
72217 1836
72234 1839
72250 1836
72267 1838
72283 1837
72299 1837
72316 1836
72332 1837
72349 1836
72365 1836
72382 1843
72398 1839
72414 1836
72431 1837
72447 1839
72464 1840
72480 1838
72497 1842
72513 1842
72529 1842
72546 1844
72562 1841
72579 1843
72595 1847
72612 1847
72628 1843
72644 1845
72661 1846
72677 1847
72694 1827
72710 1852
72727 1851
72743 1856
72759 1853
72776 1856
72792 1856
72809 1855
72825 1856
72842 1857
72858 1860
72874 1862
72892 1865
72908 1863
72925 1863
72941 1867
72958 1869
72974 1870
72991 1869
73007 1873
73023 1876
73040 1878
73056 1879
73073 1885
73089 1883
73106 1882
73122 1888
73138 1886
73155 1888
73171 1895
73188 1890
73204 1893
73221 1893
73237 1894
73253 1871
73270 1898
73286 1899
73303 1896
73319 1900
73336 1902
73352 1906
73368 1904
73385 1907
73401 1904
73418 1911
73434 1925
73451 1915
73467 1914
73483 1916
73500 1917
73516 1916
73533 1919
73549 1916
73566 1930
73582 1918
73598 1921
73615 1921
73631 1922
73648 1926
73664 1921
73681 1925
73697 1925
73713 1927
73730 1926
73746 1908
73763 1925
73779 1924
73796 1926
73812 1927
73828 1931
73845 1926
73861 1929
73878 1925
73895 1926
73912 1927
73928 1943
73945 1928
73961 1929
73977 1926
73994 1926
74010 1925
74027 1926
74043 1921
74060 1922
74076 1925
74092 1923
74109 1923
74125 1923
74142 1921
74158 1922
74175 1917
74191 1918
74207 1917
74224 1916
74240 1916
74257 1912
74273 1914
74290 1914
74306 1916
74322 1910
74339 1909
74355 1908
74372 1906
74388 1906
74405 1907
74421 1903
74437 1901
74454 1900
74470 1898
74487 1911
74503 1897
74520 1892
74536 1890
74552 1893
74569 1889
74585 1891
74602 1886
74618 1886
74635 1885
74651 1883
74667 1853
74684 1880
74700 1879
74717 1878
74733 1875
74750 1875
74766 1870
74782 1873
74799 1853
74815 1868
74832 1863
74848 1865
74865 1863
74881 1864
74899 1890
74915 1860
74932 1857
74948 1856
74964 1857
74981 1854
74997 1852
75014 1851
75030 1851
75047 1847
75063 1847
75079 1848
75096 1839
75112 1845
75129 1843
75145 1837
75162 1842
75178 1840
75194 1842
75211 1839
75227 1839
75244 1839
75260 1840
75277 1841
75293 1836
75309 1838
75326 1836
75342 1839
75359 1832
75375 1834
75392 1840
75408 1835
75424 1836
75441 1835
75457 1836
75474 1834
75490 1831
75507 1836
75523 1837
75539 1836
75556 1836
75572 1836
75589 1839
75605 1837
75622 1821
75638 1845
75654 1841
75671 1816
75687 1839
75704 1842
75720 1841
75737 1841
75753 1842
75769 1845
75786 1845
75802 1850
75819 1847
75835 1842
75852 1849
75868 1850
75885 1851
75902 1855
75918 1856
75935 1851
75951 1853
75968 1861
75984 1857
76000 1859
76017 1858
76033 1860
76050 1863
76066 1860
76083 1864
76099 1860
76115 1863
76132 1866
76148 1868
76165 1867
76181 1869
76198 1871
76214 1875
76230 1871
76247 1876
76263 1872
76280 1873
76296 1877
76313 1876
76329 1877
76345 1874
76362 1879
76378 1878
76395 1887
76411 1881
76428 1880
76444 1881
76460 1884
76477 1886
76493 1882
76510 1887
76526 1885
76543 1884
76559 1889
76575 1891
76592 1891
76608 1888
76625 1890
76641 1892
76658 1889
76674 1891
76690 1891
76707 1889
76723 1892
76740 1891
76756 1889
76773 1894
76789 1893
76805 1890
76822 1892
76838 1891
76855 1892
76871 1879
76889 1894
76905 1892
76922 1887
76938 1892
76954 1892
76971 1891
76987 1892
77004 1889
77020 1890
77037 1888
77053 1890
77069 1865
77086 1891
77102 1887
77119 1888
77135 1885
77152 1885
77168 1885
77184 1886
77201 1884
77217 1884
77234 1880
77250 1884
77267 1884
77283 1882
77299 1881
77316 1879
77332 1879
77349 1878
77365 1878
77382 1877
77398 1872
77414 1876
77431 1874
77447 1875
77464 1873
77480 1870
77497 1868
77513 1868
77529 1869
77546 1873
77562 1863
77579 1866
77595 1878
77612 1865
77628 1862
77644 1825
77661 1859
77677 1860
77694 1858
77710 1857
77727 1859
77743 1853
77759 1855
77776 1857
77792 1855
77809 1855
77825 1852
77842 1853
77858 1853
77874 1850
77892 1847
77908 1849
77925 1848
77941 1845
77958 1845
77974 1845
77991 1846
78007 1842
78023 1845
78040 1839
78056 1842
78073 1843
78089 1844
78106 1840
78122 1840
78138 1842
78155 1842
78171 1879
78188 1841
78204 1842
78221 1843
78237 1840
78253 1841
78270 1834
78286 1839
78303 1840
78319 1841
78336 1841
78352 1839
78368 1839
78385 1843
78401 1842
78418 1845
78434 1843
78451 1841
78467 1844
78483 1839
78500 1848
78516 1846
78533 1845
78549 1846
78566 1848
78582 1848
78598 1846
78615 1849
78631 1849
78648 1850
78664 1854
78681 1854
78697 1857
78713 1848
78730 1859
78746 1878
78763 1859
78779 1861
78796 1866
78812 1862
78828 1863
78845 1859
78861 1868
78878 1868
78895 1880
78912 1871
78928 1869
78945 1887
78961 1874
78977 1875
78994 1877
79010 1877
79027 1880
79043 1888
79060 1880
79076 1882
79092 1882
79109 1879
79125 1885
79142 1883
79158 1887
79175 1888
79191 1888
79207 1892
79224 1888
79240 1890
79257 1892
79273 1895
79290 1894
79306 1896
79322 1894
79339 1895
79355 1898
79372 1899
79388 1896
79405 1900
79421 1900
79437 1897
79454 1897
79470 1896
79487 1899
79503 1902
79520 1875
79536 1898
79552 1900
79569 1901
79585 1899
79602 1901
79618 1900
79635 1901
79651 1901
79667 1898
79684 1901
79700 1901
79717 1899
79733 1900
79750 1898
79766 1898
79782 1898
79799 1901
79815 1898
79832 1896
79848 1896
79865 1895
79881 1898
79899 1889
79915 1894
79932 1891
79948 1891
79964 1891
79981 1891
79997 1889
80014 1887
80030 1890
80047 1887
80063 1885
80079 1883
80096 1886
80112 1883
80129 1879
80145 1885
80162 1879
80178 1877
80194 1887
80211 1879
80227 1879
80244 1873
80260 1877
80277 1874
80293 1875
80309 1874
80326 1871
80342 1874
80359 1869
80375 1869
80392 1868
80408 1867
80424 1866
80441 1863
80457 1864
80474 1870
80490 1861
80507 1862
80523 1862
80539 1861
80556 1862
80572 1862
80589 1861
80605 1859
80622 1859
80638 1857
80654 1856
80671 1859
80687 1855
80704 1857
80720 1845
80737 1855
80753 1853
80769 1805
80786 1856
80802 1852
80819 1854
80835 1852
80852 1851
80868 1847
80885 1852
80902 1852
80918 1849
80935 1853
80951 1852
80968 1847
80984 1848
81000 1849
81017 1850
81033 1852
81050 1849
81066 1851
81083 1849
81099 1849
81115 1850
81132 1852
81148 1851
81165 1853
81181 1852
81198 1851
81214 1852
81230 1854
81247 1853
81263 1853
81280 1853
81296 1832
81313 1857
81329 1855
81345 1857
81362 1859
81378 1856
81395 1858
81411 1860
81428 1861
81444 1860
81460 1861
81477 1861
81493 1869
81510 1866
81526 1866
81543 1867
81559 1864
81575 1867
81592 1868
81608 1869
81625 1871
81641 1870
81658 1872
81674 1870
81690 1873
81707 1875
81723 1876
81740 1877
81756 1877
81773 1878
81789 1879
81805 1884
81822 1885
81838 1884
81855 1885
81871 1927
81889 1888
81905 1885
81922 1887
81938 1892
81954 1890
81971 1891
81987 1892
82004 1893
82020 1891
82037 1894
82053 1902
82069 1951
82086 1895
82102 1897
82119 1896
82135 1898
82152 1897
82168 1898
82184 1899
82201 1900
82217 1902
82234 1902
82250 1903
82267 1899
82283 1902
82299 1912
82316 1901
82332 1901
82349 1899
82365 1900
82382 1900
82398 1901
82414 1900
82431 1901
82447 1903
82464 1899
82480 1892
82497 1897
82513 1898
82529 1904
82546 1898
82562 1895
82579 1895
82595 1893
82612 1889
82628 1893
82644 1892
82661 1889
82677 1891
82694 1887
82710 1887
82727 1886
82743 1886
82759 1886
82776 1884
82792 1878
82809 1882
82825 1879
82842 1877
82858 1878
82874 1876
82892 1874
82908 1873
82925 1873
82941 1872
82958 1870
82974 1868
82991 1865
83007 1865
83023 1862
83040 1864
83056 1861
83073 1861
83089 1860
83106 1856
83122 1838
83138 1854
83155 1854
83171 1852
83188 1848
83204 1849
83221 1848
83237 1844
83253 1844
83270 1841
83286 1839
83303 1835
83319 1837
83336 1837
83352 1834
83368 1836
83385 1833
83401 1831
83418 1833
83434 1841
83451 1829
83467 1824
83483 1827
83500 1825
83516 1823
83533 1823
83549 1820
83566 1820
83582 1821
83598 1820
83615 1815
83631 1817
83648 1819
83664 1815
83681 1813
83697 1814
83713 1815
83730 1814
83746 1820
83763 1812
83779 1812
83796 1812
83812 1812
83828 1811
83845 1812
83861 1814
83878 1815
83895 1814
83912 1810
83928 1822
83945 1811
83961 1810
83977 1811
83994 1813
84010 1818
84027 1814
84043 1818
84060 1814
84076 1815
84092 1816
84109 1817
84125 1816
84142 1817
84158 1818
84175 1824
84191 1819
84207 1824
84224 1817
84240 1822
84257 1824
84273 1825
84290 1828
84306 1828
84322 1823
84339 1830
84355 1784
84372 1832
84388 1833
84405 1823
84421 1837
84437 1841
84454 1839
84470 1841
84487 1832
84503 1843
84520 1846
84536 1845
84552 1845
84569 1851
84585 1852
84602 1852
84618 1851
84635 1854
84651 1859
84667 1830
84684 1860
84700 1861
84717 1865
84733 1867
84750 1864
84766 1869
84782 1868
84799 1874
84815 1872
84832 1872
84848 1878
84865 1874
84881 1878
84899 1881
84915 1880
84932 1882
84948 1881
84964 1882
84981 1881
84997 1884
85014 1889
85030 1886
85047 1888
85063 1889
85079 1888
85096 1906
85112 1894
85129 1892
85145 1896
85162 1895
85178 1895
85194 1898
85211 1897
85227 1885
85244 1899
85260 1901
85277 1903
85293 1901
85309 1900
85326 1902
85342 1903
85359 1903
85375 1903
85392 1903
85408 1905
85424 1902
85441 1904
85457 1903
85474 1903
85490 1901
85507 1901
85523 1902
85539 1889
85556 1901
85572 1902
85589 1903
85605 1900
85622 1901
85638 1900
85654 1899
85671 1901
85687 1898
85704 1897
85720 1901
85737 1896
85753 1897
85769 1895
85786 1893
85802 1893
85819 1890
85835 1892
85852 1888
85868 1887
85885 1888
85902 1896
85918 1887
85935 1888
85951 1885
85968 1884
85984 1883
86000 1883
86017 1884
86033 1881
86050 1880
86066 1878
86083 1880
86099 1877
86115 1875
86132 1876
86148 1861
86165 1872
86181 1869
86198 1870
86214 1869
86230 1868
86247 1870
86263 1865
86280 1855
86296 1865
86313 1864
86329 1863
86345 1862
86362 1862
86378 1863
86395 1859
86411 1859
86428 1857
86444 1853
86460 1871
86477 1855
86493 1854
86510 1847
86526 1857
86543 1852
86559 1851
86575 1851
86592 1848
86608 1851
86625 1850
86641 1859
86658 1849
86674 1848
86690 1850
86707 1848
86723 1848
86740 1846
86756 1845
86773 1842
86789 1846
86805 1846
86822 1846
86838 1846
86855 1846
86871 1845
86889 1847
86905 1846
86922 1849
86938 1848
86954 1863
86971 1848
86987 1849
87004 1849
87020 1849
87037 1846
87053 1844
87069 1841
87086 1852
87102 1849
87119 1852
87135 1850
87152 1855
87168 1852
87184 1852
87201 1832
87217 1854
87234 1855
87250 1853
87267 1854
87283 1856
87299 1857
87316 1858
87332 1859
87349 1861
87365 1859
87382 1861
87398 1864
87414 1863
87431 1866
87447 1867
87464 1866
87480 1869
87497 1867
87513 1884
87529 1865
87546 1868
87562 1870
87579 1872
87595 1873
87612 1876
87628 1880
87644 1878
87661 1876
87677 1879
87694 1881
87710 1879
87727 1882
87743 1878
87759 1882
87776 1881
87792 1886
87809 1884
87825 1884
87842 1886
87858 1887
87874 1888
87892 1891
87908 1891
87925 1893
87941 1892
87958 1892
87974 1894
87991 1895
88007 1895
88023 1893
88040 1896
88056 1896
88073 1897
88089 1897
88106 1897
88122 1899
88138 1897
88155 1901
88171 1906
88188 1898
88204 1899
88221 1921
88237 1900
88253 1897
88270 1911
88286 1900
88303 1898
88319 1901
88336 1901
88352 1898
88368 1893
88385 1898
88401 1897
88418 1896
88434 1888
88451 1896
88467 1894
88483 1896
88500 1895
88516 1897
88533 1895
88549 1895
88566 1893
88582 1893
88598 1892
88615 1889
88631 1891
88648 1887
88664 1889
88681 1886
88697 1885
88713 1885
88730 1887
88746 1887
88763 1876
88779 1880
88796 1884
88812 1878
88828 1879
88845 1875
88861 1873
88878 1874
88895 1875
88912 1870
88928 1869
88945 1863
88961 1865
88977 1863
88994 1863
89010 1864
89027 1865
89043 1862
89060 1856
89076 1857
89092 1860
89109 1856
89125 1857
89142 1859
89158 1854
89175 1852
89191 1852
89207 1852
89224 1859
89240 1849
89257 1847
89273 1846
89290 1847
89306 1847
89322 1844
89339 1847
89355 1844
89372 1844
89388 1843
89405 1843
89421 1801
89437 1840
89454 1842
89470 1840
89487 1839
89503 1841
89520 1838
89536 1838
89552 1841
89569 1840
89585 1837
89602 1837
89618 1841
89635 1840
89651 1837
89667 1835
89684 1839
89700 1839
89717 1839
89733 1841
89750 1842
89766 1839
89782 1840
89799 1840
89815 1841
89832 1843
89848 1841
89865 1842
89881 1843
89899 1842
89915 1843
89932 1843
89948 1845
89964 1847
89981 1849
89997 1851
90014 1849
90030 1850
90047 1850
90063 1852
90079 1852
90096 1864
90112 1854
90129 1856
90145 1832
90162 1859
90178 1859
90194 1845
90211 1859
90227 1860
90244 1861
90260 1862
90277 1862
90293 1866
90309 1863
90326 1862
90342 1866
90359 1868
90375 1869
90392 1865
90408 1871
90424 1871
90441 1871
90457 1873
90474 1872
90490 1872
90507 1873
90523 1872
90539 1872
90556 1875
90572 1876
90589 1877
90605 1878
90622 1878
90638 1882
90654 1878
90671 1874
90687 1882
90704 1881
90720 1896
90737 1880
90753 1884
90769 1882
90786 1883
90802 1884
90819 1882
90835 1882
90852 1882
90868 1888
90885 1889
90902 1885
90918 1888
90935 1886
90951 1884
90968 1888
90984 1886
91000 1886
91017 1889
91033 1889
91050 1890
91066 1887
91083 1888
91099 1885
91115 1889
91132 1887
91148 1886
91165 1883
91181 1883
91198 1886
91214 1885
91230 1883
91247 1886
91263 1886
91280 1882
91296 1883
91313 1884
91329 1883
91345 1868
91362 1880
91378 1880
91395 1860
91411 1879
91428 1878
91444 1882
91460 1876
91477 1876
91493 1874
91510 1873
91526 1867
91543 1876
91559 1874
91575 1870
91592 1871
91608 1869
91625 1869
91641 1867
91658 1865
91674 1868
91690 1865
91707 1867
91723 1858
91740 1862
91756 1861
91773 1860
91789 1858
91805 1856
91822 1856
91838 1855
91855 1854
91871 1860
91889 1853
91905 1857
91922 1850
91938 1849
91954 1848
91971 1848
91987 1847
92004 1847
92020 1845
92037 1844
92053 1844
92069 1840
92086 1842
92102 1839
92119 1841
92135 1840
92152 1839
92168 1838
92184 1839
92201 1839
92217 1836
92234 1839
92250 1840
92267 1837
92283 1840
92299 1838
92316 1840
92332 1836
92349 1839
92365 1839
92382 1839
92398 1836
92414 1838
92431 1837
92447 1837
92464 1838
92480 1842
92497 1840
92513 1840
92529 1840
92546 1823
92562 1841
92579 1844
92595 1844
92612 1844
92628 1847
92644 1847
92661 1847
92677 1847
92694 1851
92710 1848
92727 1846
92743 1850
92759 1852
92776 1854
92792 1855
92809 1857
92825 1856
92842 1856
92858 1861
92874 1861
92892 1860
92908 1866
92925 1864
92941 1867
92958 1867
92974 1871
92991 1873
93007 1872
93023 1872
93040 1874
93056 1877
93073 1877
93089 1879
93106 1881
93122 1887
93138 1883
93155 1886
93171 1894
93188 1890
93204 1893
93221 1889
93237 1895
93253 1893
93270 1898
93286 1897
93303 1899
93319 1903
93336 1901
93352 1904
93368 1903
93385 1906
93401 1906
93418 1904
93434 1909
93451 1913
93467 1914
93483 1915
93500 1919
93516 1916
93533 1915
93549 1917
93566 1920
93582 1919
93598 1920
93615 1919
93631 1922
93648 1923
93664 1921
93681 1922
93697 1923
93713 1923
93730 1925
93746 1932
93763 1930
93779 1929
93796 1931
93812 1926
93828 1929
93845 1929
93861 1930
93878 1927
93895 1929
93912 1929
93928 1926
93945 1925
93961 1925
93977 1926
93994 1927
94010 1925
94027 1927
94043 1928
94060 1926
94076 1926
94092 1928
94109 1924
94125 1918
94142 1921
94158 1920
94175 1921
94191 1920
94207 1919
94224 1919
94240 1917
94257 1918
94273 1914
94290 1912
94306 1912
94322 1911
94339 1910
94355 1909
94372 1907
94388 1911
94405 1908
94421 1904
94437 1900
94454 1902
94470 1912
94487 1899
94503 1897
94520 1876
94536 1894
94552 1894
94569 1893
94585 1891
94602 1887
94618 1888
94635 1887
94651 1883
94667 1877
94684 1885
94700 1880
94717 1881
94733 1879
94750 1875
94766 1872
94782 1872
94799 1870
94815 1869
94832 1867
94848 1866
94865 1865
94881 1863
94899 1863
94915 1859
94932 1859
94948 1858
94964 1855
94981 1859
94997 1854
95014 1852
95030 1853
95047 1853
95063 1848
95079 1851
95096 1864
95112 1848
95129 1847
95145 1859
95162 1839
95178 1843
95194 1841
95211 1840
95227 1841
95244 1839
95260 1839
95277 1835
95293 1834
95309 1838
95326 1843
95342 1841
95359 1834
95375 1834
95392 1836
95408 1835
95424 1838
95441 1834
95457 1838
95474 1832
95490 1834
95507 1837
95523 1833
95539 1836
95556 1835
95572 1836
95589 1836
95605 1834
95622 1840
95638 1825
95654 1840
95671 1838
95687 1839
95704 1841
95720 1807
95737 1839
95753 1838
95769 1846
95786 1844
95802 1844
95819 1845
95835 1845
95852 1847
95868 1846
95885 1850
95902 1849
95918 1852
95935 1850
95951 1853
95968 1853
95984 1858
96000 1858
96017 1852
96033 1858
96050 1860
96066 1864
96083 1860
96099 1862
96115 1864
96132 1864
96148 1870
96165 1864
96181 1864
96198 1871
96214 1869
96230 1869
96247 1871
96263 1876
96280 1869
96296 1872
96313 1874
96329 1880
96345 1874
96362 1881
96378 1880
96395 1879
96411 1879
96428 1882
96444 1882
96460 1887
96477 1884
96493 1887
96510 1883
96526 1885
96543 1883
96559 1888
96575 1886
96592 1887
96608 1890
96625 1889
96641 1889
96658 1890
96674 1891
96690 1890
96707 1887
96723 1892
96740 1894
96756 1892
96773 1891
96789 1893
96805 1892
96822 1891
96838 1886
96855 1892
96871 1891
96889 1892
96905 1891
96922 1893
96938 1893
96954 1885
96971 1890
96987 1890
97004 1890
97020 1890
97037 1886
97053 1889
97069 1889
97086 1887
97102 1888
97119 1890
97135 1892
97152 1884
97168 1887
97184 1888
97201 1863
97217 1883
97234 1885
97250 1880
97267 1884
97283 1883
97299 1882
97316 1883
97332 1881
97349 1876
97365 1878
97382 1891
97398 1876
97414 1876
97431 1874
97447 1872
97464 1873
97480 1873
97497 1870
97513 1878
97529 1870
97546 1868
97562 1870
97579 1866
97595 1867
97612 1867
97628 1863
97644 1863
97661 1860
97677 1859
97694 1842
97710 1861
97727 1858
97743 1857
97759 1855
97776 1857
97792 1853
97809 1853
97825 1852
97842 1850
97858 1849
97874 1849
97892 1849
97908 1848
97925 1843
97941 1848
97958 1848
97974 1846
97991 1843
98007 1843
98023 1843
98040 1840
98056 1847
98073 1842
98089 1842
98106 1841
98122 1838
98138 1842
98155 1840
98171 1837
98188 1838
98204 1841
98221 1839
98237 1843
98253 1841
98270 1840
98286 1838
98303 1841
98319 1840
98336 1840
98352 1843
98368 1843
98385 1841
98401 1842
98418 1842
98434 1840
98451 1842
98467 1845
98483 1843
98500 1844
98516 1842
98533 1848
98549 1848
98566 1849
98582 1850
98598 1847
98615 1850
98631 1851
98648 1851
98664 1851
98681 1850
98697 1852
98713 1854
98730 1858
98746 1868
98763 1860
98779 1858
98796 1859
98812 1860
98828 1863
98845 1866
98861 1863
98878 1864
98895 1867
98912 1870
98928 1872
98945 1870
98961 1873
98977 1875
98994 1875
99010 1876
99027 1878
99043 1880
99060 1880
99076 1855
99092 1879
99109 1883
99125 1885
99142 1880
99158 1887
99175 1887
99191 1887
99207 1890
99224 1890
99240 1883
99257 1890
99273 1895
99290 1894
99306 1897
99322 1893
99339 1891
99355 1893
99372 1896
99388 1899
99405 1897
99421 1898
99437 1893
99454 1898
99470 1899
99487 1897
99503 1901
99520 1901
99536 1899
99552 1900
99569 1905
99585 1901
99602 1899
99618 1902
99635 1900
99651 1902
99667 1899
99684 1899
99700 1899
99717 1900
99733 1900
99750 1898
99766 1899
99782 1899
99799 1898
99815 1899
99832 1895
99848 1897
99865 1901
99881 1893
99899 1893
99915 1893
99932 1890
99948 1889
99964 1891
99981 1891
99997 1887
100014 1890
100030 1887
100047 1886
100063 1882
100079 1885
100096 1880
100112 1883
100129 1883
100145 1884
100162 1880
100178 1881
100194 1874
100211 1880
100227 1874
100244 1876
100260 1874
100277 1869
100293 1871
100309 1872
100326 1868
100342 1871
100359 1872
100375 1869
100392 1869
100408 1884
100424 1866
100441 1867
100457 1860
100474 1867
100490 1868
100507 1861
100523 1865
100539 1861
100556 1860
100572 1860
100589 1859
100605 1858
100622 1856
100638 1857
100654 1858
100671 1856
100687 1856
100704 1853
100720 1855
100736 1849
100753 1855
100769 1851
100785 1854
100801 1856
100818 1849
100834 1851
100850 1852
100867 1846
100884 1852
100900 1855
100917 1852
100933 1849
100949 1849
100965 1853
100982 1849
100998 1846
101014 1851
101031 1848
101047 1845
101063 1852
101079 1854
101096 1848
101112 1851
101128 1853
101145 1850
101161 1852
101177 1853
101193 1850
101210 1850
101226 1853
101242 1857
101259 1853
101275 1854
101291 1852
101307 1853
101324 1855
101340 1856
101356 1856
101373 1857
101389 1862
101405 1861
101421 1860
101438 1860
101454 1861
101470 1848
101487 1863
101503 1863
101519 1846
101535 1864
101552 1866
101568 1868
101584 1868
101601 1866
101617 1869
101633 1869
101649 1869
101666 1871
101682 1873
101698 1873
101715 1869
101731 1875
101747 1875
101763 1876
101780 1876
101796 1881
101812 1883
101829 1884
101845 1886
101861 1885
101877 1882
101895 1887
101911 1887
101927 1889
101944 1890
101960 1891
101976 1892
101993 1893
102009 1893
102025 1892
102041 1893
102058 1894
102074 1895
102090 1896
102107 1896
102123 1897
102139 1900
102155 1899
102172 1899
102188 1900
102204 1900
102221 1914
102237 1899
102253 1900
102269 1898
102286 1901
102302 1902
102318 1900
102335 1900
102351 1901
102367 1901
102383 1901
102400 1901
102416 1900
102432 1897
102449 1898
102465 1896
102481 1896
102497 1899
102514 1897
102530 1897
102546 1894
102563 1898
102579 1897
102595 1905
102611 1896
102628 1896
102644 1917
102660 1892
102677 1888
102693 1890
102709 1889
102725 1889
102742 1890
102758 1886
102774 1886
102791 1884
102807 1884
102823 1881
102839 1880
102856 1880
102872 1877
102889 1879
102906 1876
102922 1869
102938 1873
102955 1871
102971 1858
102987 1870
103003 1867
103020 1866
103036 1864
103052 1862
103069 1865
103085 1860
103101 1859
103117 1855
103134 1857
103150 1853
103166 1856
103183 1851
103199 1848
103215 1847
103231 1844
103248 1845
103264 1844
103280 1847
103297 1843
103313 1840
103329 1839
103345 1832
103362 1838
103378 1835
103394 1827
103411 1831
103427 1832
103443 1837
103459 1830
103476 1828
103492 1826
103508 1823
103525 1823
103541 1822
103557 1823
103573 1818
103590 1819
103606 1820
103622 1816
103639 1818
103655 1815
103671 1822
103687 1818
103704 1812
103720 1822
103736 1814
103753 1809
103769 1814
103785 1814
103801 1814
103818 1817
103834 1813
103850 1815
103867 1812
103884 1810
103900 1811
103916 1814
103933 1812
103949 1809
103965 1811
103982 1811
103998 1810
104014 1810
104030 1812
104047 1818
104063 1817
104079 1815
104096 1821
104112 1820
104128 1818
104144 1810
104161 1815
104177 1818
104193 1820
104210 1822
104226 1823
104242 1822
104258 1825
104275 1827
104291 1825
104307 1824
104324 1826
104340 1828
104356 1829
104372 1830
104389 1830
104405 1830
104421 1835
104438 1836
104454 1839
104470 1853
104486 1840
104503 1842
104519 1833
104535 1845
104552 1846
104568 1844
104584 1844
104600 1849
104617 1855
104633 1853
104649 1855
104666 1852
104682 1857
104698 1860
104714 1862
104731 1860
104747 1863
104763 1863
104780 1864
104796 1868
104812 1869
104828 1870
104845 1875
104861 1873
104877 1875
104895 1879
104911 1878
104927 1874
104944 1879
104960 1881
104976 1883
104992 1884
105009 1885
105025 1885
105041 1887
105058 1891
105074 1888
105090 1885
105106 1892
105123 1891
105139 1891
105155 1897
105172 1893
105188 1894
105204 1896
105220 1899
105237 1899
105253 1897
105269 1899
105286 1901
105302 1898
105318 1899
105334 1901
105351 1903
105367 1906
105383 1904
105400 1900
105416 1901
105432 1902
105448 1902
105465 1897
105481 1902
105497 1899
105514 1897
105530 1902
105546 1900
105562 1903
105579 1901
105595 1900
105611 1901
105628 1900
105644 1864
105660 1898
105676 1899
105693 1901
105709 1899
105725 1897
105742 1895
105758 1896
105774 1895
105790 1894
105807 1893
105823 1888
105839 1891
105856 1892
105872 1889
105889 1889
105906 1891
105922 1885
105938 1888
105954 1886
105971 1928
105987 1885
106003 1883
106020 1881
106036 1880
106052 1880
106068 1882
106085 1880
106101 1877
106117 1875
106134 1874
106150 1875
106166 1882
106182 1873
106199 1870
106215 1872
106231 1868
106248 1875
106264 1867
106280 1864
106296 1870
106313 1860
106329 1863
106345 1863
106362 1862
106378 1857
106394 1860
106410 1857
106427 1858
106443 1859
106459 1856
106476 1857
106492 1857
106508 1852
106524 1853
106541 1852
106557 1857
106573 1852
106590 1849
106606 1850
106622 1852
106638 1847
106655 1850
106671 1848
106687 1849
106704 1849
106720 1848
106736 1847
106752 1845
106769 1849
106785 1848
106801 1848
106818 1847
106834 1846
106850 1845
106866 1845
106884 1840
106900 1848
106916 1848
106933 1847
106949 1847
106965 1845
106982 1846
106998 1847
107014 1847
107030 1846
107047 1849
107063 1850
107079 1850
107096 1858
107112 1848
107128 1851
107144 1849
107161 1849
107177 1852
107193 1853
107210 1854
107226 1860
107242 1855
107258 1855
107275 1856
107291 1856
107307 1857
107324 1857
107340 1856
107356 1847
107372 1861
107389 1859
107405 1855
107421 1862
107438 1862
107454 1861
107470 1865
107486 1867
107503 1866
107519 1872
107535 1869
107552 1866
107568 1868
107584 1881
107600 1873
107617 1860
107633 1874
107649 1877
107666 1879
107682 1877
107698 1879
107714 1881
107731 1882
107747 1881
107763 1879
107780 1882
107796 1879
107812 1884
107828 1885
107845 1888
107861 1888
107877 1886
107895 1887
107911 1889
107927 1894
107944 1889
107960 1891
107976 1891
107992 1893
108009 1890
108025 1891
108041 1895
108058 1895
108074 1895
108090 1895
108106 1895
108123 1936
108139 1895
108155 1896
108172 1894
108188 1899
108204 1898
108220 1898
108237 1900
108253 1891
108269 1897
108286 1894
108302 1899
108318 1897
108334 1903
108351 1898
108367 1899
108383 1895
108400 1899
108416 1896
108432 1897
108448 1896
108465 1895
108481 1890
108497 1893
108514 1893
108530 1891
108546 1893
108562 1890
108579 1889
108595 1888
108611 1889
108628 1890
108644 1888
108660 1887
108676 1889
108693 1893
108709 1887
108725 1885
108742 1882
108758 1881
108774 1883
108790 1879
108807 1877
108823 1848
108839 1879
108856 1875
108872 1872
108889 1872
108906 1869
108922 1868
108938 1868
108954 1865
108971 1867
108987 1865
109003 1870
109020 1865
109036 1863
109052 1860
109068 1860
109085 1857
109101 1858
109117 1854
109134 1855
109150 1859
109166 1853
109182 1852
109199 1850
109215 1851
109231 1850
109248 1850
109264 1848
109280 1847
109296 1845
109313 1846
109329 1879
109345 1842
109362 1846
109378 1844
109394 1842
109410 1841
109427 1843
109443 1842
109459 1841
109476 1842
109492 1843
109508 1844
109524 1838
109541 1840
109557 1838
109573 1838
109590 1835
109606 1837
109622 1837
109638 1837
109655 1836
109671 1838
109687 1837
109704 1842
109720 1842
109736 1839
109752 1839
109769 1839
109785 1841
109801 1840
109818 1841
109834 1841
109850 1846
109866 1843
109884 1841
109900 1843
109916 1844
109933 1844
109949 1848
109965 1847
109982 1847
109998 1850
110014 1849
110030 1852
110047 1851
110063 1851
110079 1852
110096 1860
110112 1855
110128 1854
110144 1862
110161 1859
110177 1859
110193 1859
110210 1861
110226 1843
110242 1861
110258 1862
110275 1863
110291 1861
110307 1865
110324 1862
110340 1866
110356 1867
110372 1867
110389 1864
110405 1871
110421 1867
110438 1869
110454 1871
110470 1873
110486 1879
110503 1872
110519 1874
110535 1872
110552 1876
110568 1875
110584 1875
110600 1878
110617 1864
110633 1877
110649 1877
110666 1879
110682 1880
110698 1881
110714 1883
110731 1883
110747 1877
110763 1880
110780 1877
110796 1881
110812 1883
110828 1885
110845 1882
110861 1880
110877 1884
110895 1884
110911 1883
110927 1887
110944 1886
110960 1885
110976 1889
110992 1888
111009 1887
111025 1887
111041 1887
111058 1886
111074 1884
111090 1887
111106 1884
111123 1886
111139 1887
111155 1886
111172 1891
111188 1885
111204 1887
111220 1888
111237 1884
111253 1884
111269 1885
111286 1884
111302 1884
111318 1883
111334 1882
111351 1882
111367 1880
111383 1880
111400 1880
111416 1878
111432 1875
111448 1878
111465 1876
111481 1878
111497 1875
111514 1875
111530 1870
111546 1871
111562 1873
111579 1869
111595 1870
111611 1872
111628 1868
111644 1868
111660 1868
111676 1868
111693 1863
111709 1864
111725 1865
111742 1861
111758 1861
111774 1859
111790 1859
111807 1859
111823 1851
111839 1855
111856 1852
111872 1853
111889 1854
111906 1852
111922 1851
111938 1845
111954 1860
111971 1851
111987 1848
112003 1849
112020 1848
112036 1845
112052 1841
112068 1842
112085 1843
112101 1839
112117 1840
112134 1840
112150 1841
112166 1840
112182 1838
112199 1737
112215 1840
112231 1838
112248 1837
112264 1835
112280 1837
112296 1836
112313 1836
112329 1850
112345 1837
112362 1835
112378 1838
112394 1838
112410 1836
112427 1838
112443 1835
112459 1828
112476 1838
112492 1838
112508 1840
112524 1841
112541 1839
112557 1842
112573 1843
112590 1831
112606 1843
112622 1845
112638 1846
112655 1845
112671 1846
112687 1847
112704 1846
112720 1859
112736 1851
112752 1850
112769 1850
112785 1849
112801 1854
112818 1860
112834 1857
112850 1833
112866 1859
112884 1865
112900 1858
112916 1863
112933 1865
112949 1864
112965 1870
112982 1868
112998 1868
113014 1870
113030 1872
113047 1872
113063 1875
113079 1878
113096 1893
113112 1881
113128 1882
113144 1882
113161 1887
113177 1886
113193 1887
113210 1890
113226 1892
113242 1892
113258 1892
113275 1890
113291 1896
113307 1896
113324 1900
113340 1902
113356 1895
113372 1903
113389 1904
113405 1895
113421 1906
113438 1907
113454 1915
113470 1912
113486 1909
113503 1914
113519 1913
113535 1915
113552 1913
113568 1918
113584 1918
113600 1920
113617 1919
113633 1922
113649 1920
113666 1922
113682 1928
113698 1922
113714 1924
113731 1932
113747 1925
113763 1926
113780 1927
113796 1925
113812 1926
113828 1925
113845 1926
113861 1927
113877 1936
113895 1924
113911 1930
113927 1924
113944 1927
113960 1926
113976 1927
113992 1928
114009 1927
114025 1927
114041 1921
114058 1924
114074 1924
114090 1924
114106 1925
114123 1922
114139 1925
114155 1921
114172 1919
114188 1920
114204 1920
114220 1916
114237 1918
114253 1915
114269 1925
114286 1914
114302 1913
114318 1912
114334 1913
114351 1911
114367 1906
114383 1911
114400 1907
114416 1909
114432 1902
114448 1903
114465 1897
114481 1901
114497 1899
114514 1897
114530 1898
114546 1893
114562 1893
114579 1892
114595 1893
114611 1888
114628 1891
114644 1879
114660 1883
114676 1881
114693 1878
114709 1879
114725 1879
114742 1879
114758 1874
114774 1872
114790 1872
114807 1869
114823 1870
114839 1869
114856 1867
114872 1866
114889 1864
114906 1861
114922 1862
114938 1858
114954 1857
114971 1865
114987 1854
115003 1854
115020 1855
115036 1853
115052 1852
115068 1850
115085 1851
115101 1853
115117 1845
115134 1846
115150 1851
115166 1841
115182 1843
115199 1845
115215 1842
115231 1842
115248 1841
115264 1839
115280 1839
115296 1836
115313 1838
115329 1837
115345 1806
115362 1838
115378 1838
115394 1842
115410 1840
115427 1836
115443 1837
115459 1836
115476 1834
115492 1836
115508 1837
115524 1835
115541 1835
115557 1836
115573 1837
115590 1837
115606 1837
115622 1837
115638 1837
115655 1837
115671 1835
115687 1838
115704 1839
115720 1814
115736 1844
115752 1842
115769 1831
115785 1840
115801 1839
115818 1848
115834 1843
115850 1848
115866 1849
115884 1846
115900 1850
115916 1850
115933 1850
115949 1848
115965 1850
115982 1857
115998 1852
116014 1855
116030 1856
116047 1855
116063 1856
116079 1857
116096 1880
116112 1860
116128 1863
116144 1859
116161 1866
116177 1865
116193 1868
116210 1869
116226 1868
116242 1869
116258 1870
116275 1872
116291 1881
116307 1873
116324 1875
116340 1876
116356 1876
116372 1877
116389 1878
116405 1877
116421 1880
116438 1882
116454 1882
116470 1878
116486 1885
116503 1884
116519 1883
116535 1884
116552 1884
116568 1891
116584 1889
116600 1889
116617 1891
116633 1891
116649 1890
116666 1889
116682 1889
116698 1891
116714 1889
116731 1891
116747 1892
116763 1889
116780 1891
116796 1891
116812 1892
116828 1891
116845 1898
116861 1892
116877 1890
116895 1900
116911 1892
116927 1894
116944 1893
116960 1890
116976 1889
116992 1892
117009 1892
117025 1892
117041 1889
117058 1889
117074 1889
117090 1889
117106 1889
117123 1886
117139 1886
117155 1890
117172 1883
117188 1882
117204 1884
117220 1900
117237 1885
117253 1883
117269 1881
117286 1882
117302 1877
117318 1880
117334 1882
117351 1880
117367 1875
117383 1879
117400 1886
117416 1877
117432 1875
117448 1875
117465 1875
117481 1874
117497 1872
117514 1870
117530 1871
117546 1873
117562 1867
117579 1867
117595 1868
117611 1865
117628 1865
117644 1848
117660 1863
117676 1870
117693 1859
117709 1861
117725 1858
117742 1857
117758 1857
117774 1855
117790 1852
117807 1853
117823 1852
117839 1852
117856 1852
117872 1853
117889 1852
117906 1852
117922 1849
117938 1846
117954 1846
117971 1858
117987 1849
118003 1848
118020 1846
118036 1844
118052 1844
118068 1843
118085 1842
118101 1843
118117 1841
118134 1842
118150 1843
118166 1840
118182 1839
118199 1842
118215 1841
118231 1843
118248 1841
118264 1839
118280 1839
118296 1838
118313 1839
118329 1838
118345 1832
118362 1840
118378 1841
118394 1815
118410 1841
118427 1842
118443 1841
118459 1844
118476 1850
118492 1844
118508 1844
118524 1846
118541 1844
118557 1846
118573 1847
118590 1846
118606 1848
118622 1847
118638 1849
118655 1850
118671 1846
118687 1851
118704 1854
118720 1853
118736 1854
118752 1854
118769 1840
118785 1852
118801 1858
118818 1862
118834 1862
118850 1865
118866 1859
118884 1865
118900 1867
118916 1863
118933 1871
118949 1862
118965 1870
118982 1871
118998 1874
119014 1874
119030 1876
119047 1876
119063 1874
119079 1879
119096 1889
119112 1881
119128 1882
119144 1883
119161 1892
119177 1886
119193 1886
119210 1887
119226 1889
119242 1885
119258 1889
119275 1889
119291 1897
119307 1891
119324 1891
119340 1891
119356 1893
119372 1894
119389 1891
119405 1894
119421 1895
119438 1895
119454 1895
119470 1900
119486 1897
119503 1895
119519 1897
119535 1899
119552 1899
119568 1899
119584 1901
119600 1898
119617 1897
119633 1898
119649 1901
119666 1899
119682 1899
119698 1900
119714 1900
119731 1901
119747 1900
119763 1900
119780 1898
119796 1895
119812 1896
119828 1897
119845 1898
119861 1895
119877 1894
119895 1897
119911 1895
119927 1892
119944 1943
119960 1892
119976 1889
119992 1889
120009 1890
120025 1889
120041 1890
120058 1889
120074 1886
120090 1886
120106 1884
120123 1882
120139 1884
120155 1883
120172 1877
120188 1877
120204 1878
120220 1907
120237 1876
120253 1871
120269 1888
120286 1875
120302 1874
120318 1875
120334 1870
120351 1869
120367 1872
120383 1866
120400 1870
120416 1871
120432 1866
120448 1868
120465 1866
120481 1862
120497 1865
120514 1864
120530 1863
120546 1862
120562 1857
120579 1859
120595 1850
120611 1860
120628 1860
120644 1853
120660 1859
120676 1858
120693 1862
120709 1857
120725 1856
120742 1857
120758 1855
120774 1856
120790 1854
120807 1854
120823 1857
120839 1855
120856 1849
120872 1853
120889 1853
120906 1853
120922 1850
120938 1851
120954 1849
120971 1850
120987 1849
121003 1850
121020 1852
121036 1852
121052 1853
121068 1850
121085 1851
121101 1851
121117 1850
121134 1858
121150 1853
121166 1849
121182 1858
121199 1811
121215 1854
121231 1852
121248 1854
121264 1853
121280 1853
121296 1853
121313 1851
121329 1854
121345 1856
121362 1857
121378 1864
121394 1863
121410 1860
121427 1860
121443 1860
121459 1852
121476 1861
121492 1862
121508 1864
121524 1865
121541 1866
121557 1863
121573 1867
121590 1861
121606 1868
121622 1870
121638 1871
121655 1872
121671 1868
121687 1870
121704 1873
121720 1864
121736 1875
121752 1876
121769 1878
121785 1879
121801 1883
121818 1879
121834 1881
121850 1881
121866 1883
121884 1882
121900 1883
121916 1884
121933 1886
121949 1888
121965 1888
121982 1890
121998 1891
122014 1891
122030 1891
122047 1893
122063 1890
122079 1891
122096 1901
122112 1894
122128 1896
122144 1898
122161 1897
122177 1892
122193 1899
122210 1900
122226 1905
122242 1903
122258 1901
122275 1900
122291 1900
122307 1904
122324 1898
122340 1901
122356 1903
122372 1899
122389 1902
122405 1901
122421 1901
122438 1898
122454 1900
122470 1897
122486 1919
122503 1899
122519 1897
122535 1900
122552 1898
122568 1897
122584 1896
122600 1895
122617 1890
122633 1893
122649 1895
122666 1887
122682 1892
122698 1888
122714 1889
122731 1888
122747 1887
122763 1887
122780 1884
122796 1882
122812 1883
122828 1880
122845 1879
122861 1880
122877 1876
122895 1879
122911 1879
122927 1881
122944 1874
122960 1870
122976 1870
122992 1870
123009 1869
123025 1865
123041 1866
123058 1862
123074 1859
123090 1860
123106 1858
123123 1860
123139 1857
123155 1855
123172 1854
123188 1850
123204 1849
123220 1850
123237 1849
123253 1844
123269 1844
123286 1842
123302 1840
123318 1839
123334 1837
123351 1837
123367 1840
123383 1832
123400 1830
123416 1832
123432 1834
123448 1830
123465 1828
123481 1828
123497 1824
123514 1825
123530 1821
123546 1826
123562 1824
123579 1819
123595 1820
123611 1818
123628 1817
123644 1816
123660 1817
123676 1816
123693 1837
123709 1813
123725 1814
123742 1815
123758 1814
123774 1812
123790 1812
123807 1812
123823 1812
123839 1811
123856 1811
123872 1809
123889 1812
123906 1812
123922 1811
123938 1813
123954 1820
123971 1807
123987 1810
124003 1809
124020 1812
124036 1812
124052 1816
124068 1814
124085 1815
124101 1814
124117 1813
124134 1815
124150 1811
124166 1817
124182 1822
124199 1797
124215 1819
124231 1819
124248 1825
124264 1824
124280 1824
124296 1826
124313 1827
124329 1822
124345 1826
124362 1828
124378 1829
124394 1829
124410 1833
124427 1834
124443 1836
124459 1830
124476 1837
124492 1837
124508 1840
124524 1844
124541 1844
124557 1845
124573 1848
124590 1836
124606 1851
124622 1850
124638 1850
124655 1855
124671 1858
124687 1857
124704 1858
124720 1851
124736 1859
124752 1862
124769 1866
124785 1870
124801 1867
124818 1870
124834 1870
124850 1845
124866 1874
124884 1875
124900 1876
124916 1876
124933 1878
124949 1878
124965 1880
124982 1881
124998 1881
125014 1883
125030 1887
125047 1887
125063 1887
125079 1887
125096 1902
125112 1891
125128 1892
125144 1892
125161 1893
125177 1895
125193 1896
125210 1895
125226 1893
125242 1897
125258 1903
125275 1897
125291 1901
125307 1903
125324 1898
125340 1901
125356 1902
125372 1901
125389 1905
125405 1907
125421 1903
125438 1904
125454 1902
125470 1901
125486 1933
125503 1903
125519 1901
125535 1900
125552 1900
125568 1898
125584 1901
125600 1902
125617 1905
125633 1897
125649 1900
125666 1903
125682 1901
125698 1898
125714 1899
125731 1901
125747 1899
125763 1897
125780 1893
125796 1898
125812 1894
125828 1896
125845 1889
125861 1890
125877 1890
125895 1888
125911 1890
125927 1879
125944 1890
125960 1887
125976 1885
125992 1884
126009 1882
126025 1881
126041 1881
126058 1884
126074 1877
126090 1879
126106 1877
126123 1876
126139 1876
126155 1874
126172 1875
126188 1871
126204 1871
126220 1868
126237 1868
126253 1868
126269 1866
126286 1865
126302 1866
126318 1863
126334 1860
126351 1862
126367 1861
126383 1862
126400 1864
126416 1859
126432 1856
126448 1857
126465 1863
126481 1856
126497 1858
126514 1853
126530 1854
126546 1854
126562 1852
126579 1854
126595 1848
126611 1849
126628 1850
126644 1849
126660 1849
126676 1851
126693 1840
126709 1846
126725 1848
126742 1845
126758 1833
126774 1847
126790 1837
126807 1847
126823 1845
126839 1847
126856 1847
126872 1847
126889 1847
126906 1847
126922 1849
126938 1847
126954 1849
126971 1847
126987 1846
127003 1849
127020 1846
127036 1848
127052 1849
127068 1887
127085 1851
127101 1852
127117 1850
127134 1852
127150 1852
127166 1848
127182 1853
127199 1855
127215 1853
127231 1852
127248 1854
127264 1857
127280 1855
127296 1858
127313 1858
127329 1857
127345 1818
127362 1860
127378 1861
127394 1857
127410 1859
127427 1861
127443 1865
127459 1866
127476 1864
127492 1864
127508 1866
127524 1868
127541 1864
127557 1869
127573 1872
127590 1871
127606 1872
127622 1874
127638 1873
127655 1874
127671 1876
127687 1876
127704 1878
127720 1887
127736 1878
127752 1879
127769 1877
127785 1884
127801 1882
127818 1884
127834 1885
127850 1885
127866 1887
127884 1889
127900 1891
127916 1891
127933 1890
127949 1888
127965 1890
127982 1890
127998 1886
128014 1892
128030 1894
128047 1895
128063 1894
128079 1894
128096 1895
128112 1894
128128 1897
128144 1889
128161 1898
128177 1897
128193 1893
128210 1900
128226 1896
128242 1901
128258 1897
128275 1899
128291 1899
128307 1895
128324 1900
128340 1898
128356 1899
128372 1897
128389 1898
128405 1898
128421 1897
128438 1896
128454 1895
128470 1882
128486 1894
128503 1893
128519 1905
128535 1893
128552 1893
128568 1893
128584 1891
128600 1892
128617 1896
128633 1893
128649 1898
128666 1890
128682 1889
128698 1887
128714 1886
128731 1884
128747 1886
128763 1879
128780 1882
128796 1882
128812 1879
128828 1879
128845 1872
128861 1876
128877 1872
128895 1866
128911 1872
128927 1867
128944 1867
128960 1868
128976 1867
128992 1864
129009 1864
129025 1864
129041 1866
129058 1861
129074 1858
129090 1863
129106 1858
129123 1854
129139 1853
129155 1855
129172 1853
129188 1856
129204 1853
129220 1848
129237 1846
129253 1846
129269 1851
129286 1845
129302 1845
129318 1845
129334 1848
129351 1844
129367 1842
129383 1843
129400 1843
129416 1843
129432 1846
129448 1842
129465 1840
129481 1841
129497 1839
129514 1843
129530 1838
129546 1838
129562 1839
129579 1838
129595 1842
129611 1834
129628 1837
129644 1834
129660 1837
129676 1836
129693 1838
129709 1838
129725 1837
129742 1838
129758 1838
129774 1840
129790 1840
129807 1841
129823 1840
129839 1840
129856 1839
129872 1841
129889 1841
129906 1842
129922 1844
129938 1848
129954 1846
129971 1848
129987 1843
130003 1846
130020 1846
130036 1849
130052 1845
130068 1875
130085 1853
130101 1853
130117 1853
130134 1855
130150 1856
130166 1855
130182 1856
130199 1856
130215 1859
130231 1861
130248 1860
130264 1859
130280 1864
130296 1862
130313 1864
130329 1866
130345 1861
130362 1862
130378 1867
130394 1844
130410 1868
130427 1869
130443 1872
130459 1871
130476 1871
130492 1875
130508 1876
130524 1874
130541 1876
130557 1876
130573 1875
130590 1877
130606 1877
130622 1877
130638 1880
130655 1880
130671 1880
130687 1882
130704 1880
130720 1884
130736 1881
130752 1881
130769 1881
130785 1883
130801 1882
130818 1884
130834 1881
130850 1885
130866 1888
130884 1883
130900 1883
130916 1886
130933 1886
130949 1888
130965 1886
130982 1886
130998 1885
131014 1881
131030 1886
131047 1888
131063 1887
131079 1889
131096 1888
131112 1885
131128 1884
131144 1892
131161 1887
131177 1885
131193 1887
131210 1885
131226 1884
131242 1884
131258 1881
131275 1885
131291 1884
131307 1882
131324 1882
131340 1882
131356 1880
131372 1878
131389 1879
131405 1876
131421 1880
131438 1878
131454 1880
131470 1885
131486 1875
131503 1876
131519 1879
131535 1869
131552 1873
131568 1872
131584 1871
131600 1870
131617 1867
131633 1870
131649 1869
131666 1865
131682 1866
131698 1868
131714 1864
131731 1865
131747 1862
131763 1863
131780 1860
131796 1860
131812 1859
131828 1857
131845 1869
131861 1854
131877 1855
131895 1868
131911 1853
131927 1850
131944 1850
131960 1849
131976 1849
131992 1848
132009 1846
132025 1843
132041 1846
132058 1844
132074 1844
132090 1844
132106 1844
132123 1841
132139 1838
132155 1843
132172 1839
132188 1837
132204 1842
132220 1840
132237 1838
132253 1839
132269 1836
132286 1835
132302 1834
132318 1835
132334 1836
132351 1836
132367 1836
132383 1836
132400 1838
132416 1838
132432 1820
132448 1838
132465 1839
132481 1841
132497 1839
132514 1839
132530 1838
132546 1838
132562 1837
132579 1843
132595 1841
132611 1842
132628 1843
132644 1843
132660 1845
132676 1844
132693 1840
132709 1847
132725 1847
132742 1847
132758 1849
132774 1852
132790 1843
132807 1853
132823 1850
132839 1855
132856 1861
132872 1854
132889 1860
132906 1860
132922 1862
132938 1864
132954 1866
132971 1867
132987 1869
133003 1869
133020 1870
133036 1870
133052 1873
133068 1819
133085 1874
133101 1879
133117 1881
133134 1881
133150 1882
133166 1886
133182 1881
133199 1886
133215 1890
133231 1893
133248 1889
133264 1891
133280 1894
133296 1895
133313 1897
133329 1900
133345 1900
133362 1901
133378 1902
133394 1906
133410 1904
133427 1907
133443 1906
133459 1903
133476 1911
133492 1912
133508 1913
133524 1915
133541 1915
133557 1916
133573 1922
133590 1913
133606 1917
133622 1920
133638 1918
133655 1921
133671 1922
133687 1923
133704 1924
133720 1923
133736 1927
133752 1927
133769 1926
133785 1924
133801 1925
133818 1924
133834 1924
133850 1924
133866 1927
133884 1927
133900 1925
133916 1925
133933 1927
133949 1927
133965 1929
133982 1924
133998 1927
134014 1927
134030 1927
134047 1927
134063 1926
