2 1690
55 1615
71 1530
88 1451
104 1375
120 1303
137 1225
153 1153
170 1069
186 1016
202 937
219 868
235 803
252 735
268 670
284 613
301 551
317 495
333 447
350 410
366 387
383 366
399 361
415 353
432 352
448 352
465 356
481 360
497 363
514 362
530 369
547 374
563 381
579 381
596 386
612 390
629 397
645 396
661 403
678 411
694 416
711 420
727 428
743 434
761 438
777 450
794 457
810 464
826 473
843 482
859 492
876 505
892 514
908 528
925 541
941 556
958 569
974 592
990 609
1007 631
1023 642
1040 669
1056 690
1072 722
1089 746
1105 772
1121 803
1138 831
1154 833
1171 894
1187 927
1203 962
1220 999
1236 1034
1253 1070
1269 1110
1285 1145
1302 1184
1318 1224
1335 1264
1351 1307
1367 1346
1384 1388
1400 1436
1417 1478
1433 1519
1449 1566
1466 1608
1482 1654
1499 1697
1515 1743
1531 1783
1548 1830
1564 1874
1580 1916
1597 1959
1613 2002
1630 2045
1646 2087
1662 2130
1679 2168
1695 2212
1712 2249
1728 2292
1744 2328
1768 2385
1785 2424
1801 2458
1818 2490
1834 2529
1850 2558
1867 2589
1883 2613
1900 2647
1916 2676
1932 2703
1949 2729
1965 2753
1982 2777
1998 2799
2014 2814
2031 2840
2047 2853
2064 2865
2080 2886
2096 2900
2113 2912
2129 2922
2145 2929
2162 2939
2178 2946
2195 2949
2211 2956
2227 2955
2244 2954
2260 2953
2277 2950
2293 2947
2309 2940
2326 2932
2342 2925
2359 2918
2375 2903
2391 2893
2408 2880
2424 2863
2441 2847
2457 2829
2473 2811
2490 2793
2506 2771
2523 2751
2539 2725
2555 2700
2572 2675
2588 2649
2604 2620
2621 2590
2637 2564
2654 2534
2670 2502
2686 2474
2703 2417
2719 2407
2736 2373
2754 2346
2770 2301
2787 2264
2803 2233
2819 2196
2836 2159
2852 2119
2869 2081
2885 2051
2901 2009
2918 1975
2934 1935
2951 1900
2967 1860
2983 1826
3000 1787
3016 1754
3032 1715
3049 1679
3065 1633
3082 1611
3098 1575
3114 1543
3131 1509
3147 1474
3164 1442
3180 1412
3196 1350
3213 1349
3229 1320
3246 1292
3262 1263
3278 1241
3295 1213
3311 1190
3328 1164
3344 1144
3360 1120
3377 1101
3393 1076
3410 1063
3426 1044
3442 1028
3459 1013
3475 1004
3491 988
3508 976
3524 965
3541 958
3557 952
3573 947
3590 937
3606 934
3623 932
3639 930
3655 931
3672 930
3688 935
3705 937
3721 940
3737 948
3757 956
3773 965
3790 972
3806 997
3822 998
3839 1010
3855 1025
3872 1042
3888 1057
3904 1075
3921 1095
3937 1125
3953 1135
3970 1152
3986 1175
4003 1201
4019 1222
4035 1250
4052 1272
4068 1299
4085 1321
4101 1353
4117 1398
4134 1408
4150 1440
4167 1466
4183 1496
4199 1524
4216 1559
4232 1588
4249 1593
4265 1651
4281 1680
4298 1711
4314 1745
4331 1777
4347 1812
4363 1841
4380 1876
4396 1904
4412 1935
4429 1968
4445 1999
4462 2030
4478 2057
4494 2089
4511 2119
4527 2148
4544 2171
4560 2208
4576 2236
4593 2261
4609 2288
4626 2317
4642 2347
4658 2366
4675 2390
4691 2412
4708 2436
4724 2455
4740 2477
4762 2501
4778 2519
4794 2539
4811 2557
4827 2573
4844 2584
4860 2600
4876 2614
4893 2627
4909 2649
4926 2648
4942 2657
4958 2660
4975 2670
4991 2676
5008 2681
5024 2688
5040 2672
5057 2690
5073 2688
5090 2688
5106 2687
5122 2686
5139 2680
5155 2678
5171 2674
5188 2665
5204 2654
5221 2648
5237 2638
5253 2627
5270 2615
5286 2604
5303 2589
5319 2574
5335 2558
5352 2543
5368 2527
5385 2509
5401 2493
5417 2474
5434 2451
5450 2430
5467 2408
5483 2386
5499 2368
5516 2343
5532 2319
5549 2304
5565 2269
5581 2250
5598 2193
5614 2195
5630 2169
5647 2145
5663 2116
5680 2092
5696 2061
5712 2036
5729 1997
5745 1980
5763 1954
5779 1928
5796 1899
5812 1870
5828 1844
5845 1817
5861 1788
5878 1762
5894 1738
5910 1730
5927 1687
5943 1660
5960 1635
5976 1612
5992 1586
6009 1564
6025 1539
6041 1515
6058 1494
6074 1474
6091 1450
6107 1430
6123 1413
6140 1393
6156 1377
6173 1359
6189 1342
6205 1326
6222 1290
6238 1297
6255 1281
6271 1271
6287 1260
6304 1248
6320 1236
6337 1227
6353 1218
6369 1212
6386 1206
6402 1198
6419 1192
6435 1192
6451 1189
6468 1172
6484 1182
6500 1185
6517 1184
6533 1188
6550 1189
6566 1219
6582 1197
6599 1202
6615 1207
6632 1215
6648 1218
6664 1232
6681 1239
6697 1246
6714 1255
6730 1269
6746 1283
6763 1297
6780 1313
6796 1325
6813 1341
6829 1354
6845 1373
6862 1382
6878 1407
6894 1424
6911 1442
6927 1461
6944 1481
6960 1497
6976 1520
6993 1564
7009 1560
7026 1582
7042 1610
7058 1627
7075 1649
7091 1638
7108 1693
7124 1715
7140 1739
7157 1762
7173 1783
7190 1809
7206 1832
7222 1852
7239 1877
7255 1898
7272 1920
7288 1943
7304 1966
7321 1989
7337 2011
7353 2029
7370 2050
7386 2072
7403 2092
7419 2110
7435 2133
7452 2149
7468 2170
7485 2187
7501 2207
7517 2244
7534 2238
7550 2256
7567 2267
7583 2284
7599 2301
7616 2317
7632 2327
7649 2342
7665 2352
7681 2359
7698 2371
7714 2381
7731 2388
7747 2397
7763 2417
7780 2413
7796 2421
7813 2425
7829 2430
7845 2432
7862 2436
7878 2437
7895 2438
7911 2440
7927 2439
7944 2438
7960 2433
7977 2434
7993 2457
8009 2429
8026 2421
8042 2416
8058 2411
8075 2405
8091 2436
8108 2395
8124 2382
8140 2373
8157 2359
8173 2349
8190 2347
8206 2337
8222 2314
8239 2304
8255 2288
8272 2276
8288 2263
8304 2252
8321 2231
8337 2217
8354 2199
8370 2182
8386 2168
8403 2146
8419 2132
8436 2114
8452 2096
8468 2083
8485 2060
8501 2040
8517 2013
8534 2004
8550 1984
8567 1959
8583 1943
8599 1927
8616 1905
8632 1886
8649 1867
8665 1847
8681 1829
8698 1814
8714 1794
8731 1772
8747 1752
8763 1734
8780 1716
8796 1700
8813 1684
8829 1662
8845 1647
8862 1634
8878 1616
8895 1595
8911 1588
8927 1567
8944 1557
8960 1540
8977 1529
8993 1501
9009 1502
9026 1493
9042 1484
9058 1468
9075 1459
9091 1430
9108 1437
9124 1431
9140 1426
9157 1417
9173 1410
9190 1404
9206 1399
9222 1395
9239 1389
9255 1388
9272 1383
9288 1382
9304 1381
9321 1377
9337 1380
9354 1379
9370 1379
9386 1380
9403 1385
9419 1387
9436 1392
9452 1395
9468 1399
9485 1405
9501 1413
9517 1419
9534 1425
9550 1435
9567 1455
9583 1452
9599 1456
9616 1471
9632 1483
9649 1494
9665 1507
9681 1519
9698 1529
9714 1539
9731 1555
9747 1569
9763 1576
9780 1595
9796 1611
9813 1627
9829 1641
9845 1658
9862 1672
9878 1686
9895 1704
9911 1720
9927 1735
9944 1752
9960 1768
9977 1785
9993 1790
10009 1818
10026 1834
10042 1833
10058 1865
10075 1884
10091 1894
10108 1915
10124 1933
10140 1953
10157 1963
10173 1984
10190 1992
10206 2011
10222 2023
10239 2041
10255 2055
10272 2070
10288 2082
10304 2096
10321 2108
10337 2121
10354 2133
10370 2144
10386 2157
10403 2169
10419 2177
10436 2189
10452 2199
10468 2207
10485 2218
10501 2224
10517 2236
10534 2249
10550 2248
10567 2232
10583 2256
10599 2266
10616 2270
10632 2276
10649 2278
10665 2284
10681 2279
10698 2284
10714 2283
10731 2285
10747 2286
10763 2291
10780 2284
10796 2285
10813 2283
10829 2282
10845 2278
10862 2274
10878 2270
10895 2265
10911 2259
10927 2253
10944 2247
10960 2241
10977 2232
10993 2253
11009 2222
11026 2211
11042 2205
11058 2192
11075 2183
11091 2187
11108 2161
11124 2151
11140 2142
11157 2131
11173 2121
11190 2110
11206 2093
11222 2083
11239 2072
11255 2057
11272 2046
11288 2034
11304 2021
11321 2006
11337 1995
11354 1981
11370 1963
11386 1950
11403 1937
11419 1924
11436 1910
11452 1899
11468 1884
11485 1869
11501 1857
11517 1839
11534 1830
11550 1813
11567 1807
11583 1790
11599 1778
11616 1762
11632 1751
11649 1739
11665 1722
11681 1713
11698 1702
11714 1692
11731 1680
11747 1668
11763 1658
11780 1647
11796 1638
11813 1629
11829 1617
11845 1611
11862 1600
11878 1594
11895 1586
11911 1582
11927 1574
11944 1570
11960 1560
11977 1555
11993 1531
12009 1547
12026 1541
12042 1542
12058 1534
12075 1533
12091 1519
12108 1527
12124 1531
12140 1527
12157 1525
12173 1526
12190 1526
12206 1528
12222 1525
12239 1531
12255 1534
12272 1533
12288 1538
12304 1540
12321 1542
12337 1550
12354 1553
12370 1559
12386 1565
12403 1569
12419 1577
12436 1584
12452 1591
12468 1603
12485 1606
12501 1617
12517 1626
12534 1632
12550 1643
12567 1655
12583 1665
12599 1673
12616 1680
12632 1694
12649 1703
12665 1716
12681 1727
12698 1739
12714 1745
12731 1759
12747 1771
12763 1785
12780 1795
12796 1806
12813 1822
12829 1828
12845 1844
12862 1856
12878 1867
12895 1880
12911 1891
12927 1903
12944 1915
12960 1923
12977 1937
12993 1950
13009 1960
13026 1973
13042 1971
13058 1989
13075 2002
13091 2018
13108 2020
13124 2030
13140 2039
13157 2053
13173 2062
13190 2069
13206 2077
13222 2085
13239 2101
13255 2101
13272 2108
13288 2115
13304 2119
13321 2126
13337 2132
13354 2137
13370 2141
13386 2146
13403 2148
13419 2152
13436 2157
13452 2157
13468 2164
13485 2163
13501 2166
13517 2144
13534 2168
13550 2168
13567 2167
13583 2168
13599 2167
13616 2165
13632 2169
13649 2161
13665 2161
13681 2155
13698 2155
13714 2149
13731 2146
13747 2141
13763 2135
13780 2133
13796 2124
13813 2127
13829 2115
13845 2105
13862 2105
13878 2096
13895 2088
13911 2081
13927 2072
13944 2063
13960 2050
13977 2048
13993 2039
14009 2030
14026 2021
14042 2011
14058 1999
14075 1989
14091 1984
14108 1971
14124 1961
14140 1954
14157 1939
14173 1930
14190 1921
14206 1911
14222 1898
14239 1888
14255 1877
14272 1869
14288 1859
14304 1847
14321 1835
14337 1824
14354 1814
14370 1805
14386 1794
14403 1783
14419 1772
14436 1765
14452 1755
14468 1747
14485 1738
14501 1728
14517 1717
14534 1710
14550 1700
14567 1692
14583 1683
14599 1680
14616 1672
14632 1662
14649 1654
14665 1648
14681 1643
14698 1635
14714 1632
14731 1621
14747 1617
14763 1613
14780 1621
14796 1605
14813 1600
14829 1601
14845 1594
14862 1591
14878 1590
14895 1581
14911 1585
14927 1581
14944 1582
14960 1585
14977 1582
14993 1581
15009 1584
15026 1590
15042 1585
15058 1584
15075 1585
15091 1584
15108 1592
15124 1592
15140 1591
15157 1599
15173 1605
15190 1615
15206 1613
15222 1624
15239 1622
15255 1625
15272 1632
15288 1640
15304 1645
15321 1652
15337 1659
15354 1664
15370 1673
15386 1679
15403 1684
15419 1692
15436 1702
15452 1710
15468 1721
15485 1727
15501 1736
15517 1743
15534 1755
15550 1764
15567 1773
15583 1781
15599 1789
15616 1799
15632 1806
15649 1816
15665 1826
15681 1836
15698 1850
15714 1855
15731 1862
15747 1873
15763 1877
15780 1886
15796 1900
15813 1911
15829 1916
15845 1930
15862 1937
15878 1943
15895 1953
15911 1959
15927 1969
15944 1975
15960 1981
15977 1994
15993 2001
16009 2006
16026 2014
16042 2020
16058 2028
16075 2030
16091 2040
16108 2044
16124 2052
16140 2059
16157 2062
16173 2067
16190 2071
16206 2077
16222 2079
16239 2080
16255 2085
16272 2090
16288 2092
16304 2096
16321 2095
16337 2100
16354 2098
16370 2099
16386 2099
16403 2100
16419 2103
16436 2102
16452 2101
16468 2086
16485 2100
16501 2098
16517 2101
16534 2094
16550 2092
16567 2092
16583 2087
16599 2083
16616 2080
16632 2076
16649 2080
16665 2067
16681 2065
16698 2064
16714 2055
16731 2053
16747 2043
16763 2040
16780 2036
16796 2024
16813 2024
16829 2016
16845 2011
16862 2003
16878 1998
16895 1989
16911 1993
16927 1976
16944 1958
16960 1962
16977 1953
16993 1948
17009 1939
17026 1931
17042 1926
17058 1915
17075 1909
17091 1901
17108 1893
17124 1884
17140 1878
17157 1871
17173 1863
17190 1855
17206 1847
17222 1838
17239 1834
17255 1828
17272 1819
17288 1813
17304 1801
17321 1799
17337 1789
17354 1784
17370 1778
17386 1771
17403 1765
17419 1757
17436 1753
17452 1748
17468 1754
17485 1736
17501 1733
17517 1728
17534 1726
17550 1720
17567 1720
17583 1710
17599 1706
17616 1702
17632 1701
17649 1697
17665 1694
17681 1690
17698 1689
17714 1686
17731 1686
17747 1682
17763 1680
17780 1678
17796 1680
17813 1681
17829 1681
17845 1682
17862 1682
17878 1675
17895 1680
17911 1686
17927 1685
17944 1687
17960 1688
17977 1686
17993 1694
18009 1698
18026 1698
18042 1698
18058 1700
18075 1700
18091 1706
18108 1716
18124 1715
18140 1721
18157 1726
18173 1728
18190 1732
18206 1739
18222 1744
18239 1750
18255 1753
18272 1756
18288 1761
18304 1770
18321 1777
18337 1782
18354 1789
18370 1793
18386 1801
18403 1808
18419 1812
18436 1818
18452 1825
18468 1812
18485 1837
18501 1846
18517 1852
18534 1860
18550 1866
18567 1874
18583 1880
18599 1887
18616 1891
18632 1898
18649 1902
18665 1909
18681 1918
18698 1922
18714 1929
18731 1937
18747 1941
18763 1944
18780 1955
18796 1954
18813 1961
18829 1972
18845 1975
18862 1977
18878 1983
18895 1989
18911 1974
18927 1995
18944 2002
18960 2001
18977 2009
18993 2010
19009 2016
19026 2018
19042 2022
19058 2025
19075 2026
19091 2033
19108 2032
19124 2031
19140 2035
19157 2035
19173 2043
19190 2046
19206 2038
19222 2040
19239 2042
19255 2039
19272 2038
19288 2042
19304 2039
19321 2040
19337 2031
19354 2036
19370 2033
19386 2032
19403 2031
19419 2026
19436 2023
19452 2023
19468 2017
19485 2014
19501 2014
19517 2021
19534 2006
19550 2004
19567 1996
19583 1995
19599 1993
19616 2009
19632 1983
19649 1979
19665 1969
19681 1966
19698 1962
19714 1960
19731 1951
19747 1945
19763 1939
19780 1933
19796 1928
19813 1925
19829 1917
19845 1911
19862 1907
19878 1900
19895 1892
19911 1886
19927 1884
19944 1876
19960 1870
19977 1866
19993 1867
20009 1855
20026 1847
20042 1854
20058 1832
20075 1834
20091 1821
20108 1817
20124 1813
20140 1810
20157 1802
20173 1802
20190 1799
20206 1793
20222 1787
20239 1783
20255 1776
20272 1774
20288 1768
20304 1770
20321 1756
20337 1758
20354 1753
20370 1749
20386 1747
20403 1744
20419 1745
20436 1738
20452 1734
20468 1731
20485 1728
20501 1731
20517 1717
20534 1726
20550 1726
20567 1727
20583 1723
20599 1722
20616 1674
20632 1727
20649 1719
20665 1721
20681 1721
20698 1723
20714 1724
20731 1723
20747 1726
20763 1724
20780 1725
20796 1726
20813 1728
20829 1732
20845 1733
20862 1738
20878 1739
20895 1742
20911 1746
20927 1750
20944 1750
20960 1754
20977 1758
20993 1767
21009 1765
21026 1767
21042 1759
21058 1777
21075 1780
21091 1782
21108 1789
21124 1793
21140 1796
21157 1798
21173 1804
21190 1810
21206 1815
21222 1821
21239 1822
21255 1829
21272 1834
21288 1837
21304 1844
21321 1845
21337 1850
21354 1856
21370 1860
21386 1867
21403 1871
21419 1875
21436 1879
21452 1884
21468 1886
21485 1889
21501 1897
21517 1902
21534 1909
21550 1910
21567 1923
21583 1921
21599 1923
21616 1950
21632 1931
21649 1935
21665 1943
21681 1940
21698 1945
21714 1947
21731 1952
21747 1955
21763 1951
21780 1961
21796 1962
21813 1964
21829 1966
21845 1973
21862 1972
21878 1977
21895 1977
21911 1982
21927 1979
21944 1981
21960 1983
21977 1987
21993 1978
22009 1988
22026 1985
22042 1988
22058 1984
22075 1987
22091 1976
22108 1986
22124 1985
22140 1984
22157 1981
22173 1982
22190 1976
22206 1981
22222 1978
22239 1978
22255 1984
22272 1977
22288 1972
22304 1969
22321 1967
22337 1966
22354 1966
22370 1959
22386 1956
22403 1956
22419 1951
22436 1948
22452 1943
22468 1942
22485 1937
22501 1934
22517 1935
22534 1928
22550 1923
22567 1897
22583 1917
22599 1913
22616 1908
22632 1907
22649 1901
22665 1895
22681 1892
22698 1886
22714 1882
22731 1876
22747 1872
22763 1873
22780 1864
22796 1860
22813 1857
22829 1849
22845 1846
22862 1843
22878 1840
22895 1833
22911 1835
22927 1823
22944 1820
22960 1818
22977 1815
22993 1812
23009 1806
23026 1805
23042 1802
23058 1797
23075 1793
23091 1801
23108 1788
23124 1784
23140 1780
23157 1778
23173 1776
23190 1773
23206 1773
23222 1772
23239 1769
23255 1771
23272 1768
23288 1759
23304 1764
23321 1761
23337 1761
23354 1758
23370 1764
23386 1759
23403 1759
23419 1761
23436 1760
23452 1760
23468 1758
23485 1757
23501 1759
23517 1753
23534 1763
23550 1763
23567 1771
23583 1763
23599 1767
23616 1758
23632 1769
23649 1769
23665 1774
23681 1777
23698 1777
23714 1779
23731 1785
23747 1785
23763 1789
23780 1789
23796 1794
23813 1796
23829 1798
23845 1802
23862 1807
23878 1808
23895 1814
23911 1816
23927 1818
23944 1827
23960 1827
23977 1831
23993 1833
24009 1841
24026 1846
24042 1846
24058 1853
24075 1857
24091 1856
24108 1865
24124 1873
24140 1871
24157 1879
24173 1875
24190 1889
24206 1894
24222 1894
24239 1898
24255 1904
24272 1907
24288 1914
24304 1918
24321 1921
24337 1924
24354 1929
24370 1932
24386 1936
24403 1940
24419 1945
24436 1945
24452 1948
24468 1953
24485 1956
24501 1959
24517 1985
24534 1963
24550 1967
24567 1977
24583 1975
24599 1976
24616 1927
24632 1985
24649 1983
24665 1983
24681 1981
24698 1989
24714 1989
24731 2002
24747 1993
24763 1992
24780 1995
24796 1994
24813 1994
24829 1995
24845 1996
24862 1999
24878 1998
24895 1996
24911 2001
24927 1995
24944 1997
24960 1996
24977 1995
24993 1998
25009 1993
25026 1993
25042 2014
25058 1990
25075 1986
25091 1983
25108 1986
25124 1984
25140 1979
25157 1977
25173 1977
25190 1973
25206 1966
25222 1968
25239 1969
25255 1964
25272 1962
25288 1967
25304 1956
25321 1951
25337 1948
25354 1942
25370 1942
25386 1937
25403 1934
25419 1931
25436 1927
25452 1923
25468 1922
25485 1912
25501 1911
25517 1884
25534 1909
25550 1899
25567 1909
25583 1892
25599 1890
25616 1974
25632 1884
25649 1880
25665 1874
25681 1870
25698 1866
25714 1862
25731 1859
25747 1854
25763 1845
25780 1849
25796 1837
25813 1841
25829 1837
25845 1831
25862 1828
25878 1829
25895 1824
25911 1820
25927 1815
25944 1815
25960 1814
25977 1808
25993 1811
26009 1805
26026 1800
26042 1778
26058 1796
26075 1795
26091 1795
26108 1789
26124 1784
26140 1788
26157 1785
26173 1780
26190 1780
26206 1782
26222 1781
26239 1778
26255 1779
26272 1777
26288 1777
26304 1776
26321 1782
26337 1776
26354 1775
26370 1776
26386 1775
26403 1780
26419 1772
26436 1778
26452 1778
26468 1777
26485 1778
26501 1782
26517 1778
26534 1782
26550 1781
26567 1786
26583 1787
26599 1788
26616 1791
26632 1794
26649 1829
26665 1796
26681 1797
26698 1801
26714 1804
26731 1807
26747 1807
26763 1812
26780 1828
26796 1814
26813 1817
26829 1825
26845 1820
26862 1826
26878 1831
26895 1834
26911 1835
26927 1837
26944 1840
26960 1841
26977 1849
26993 1848
27009 1853
27026 1851
27042 1858
27058 1861
27075 1864
27091 1873
27108 1872
27124 1875
27140 1876
27157 1879
27173 1880
27190 1886
27206 1888
27222 1894
27239 1896
27255 1897
27272 1901
27288 1900
27304 1904
27321 1909
27337 1912
27354 1915
27370 1910
27386 1916
27403 1921
27419 1921
27436 1922
27452 1925
27468 1924
27485 1927
27501 1929
27517 1928
27534 1930
27550 1933
27567 1934
27583 1936
27599 1937
27616 1938
27632 1939
27649 1869
27665 1942
27681 1943
27698 1944
27714 1942
27731 1944
27747 1941
27763 1943
27780 1945
27796 1943
27813 1941
27829 1938
27845 1940
27862 1938
27878 1939
27895 1940
27911 1942
27927 1938
27944 1938
27960 1939
27977 1931
27993 1931
28009 1931
28026 1930
28042 1930
28058 1927
28075 1929
28091 1931
28108 1922
28124 1919
28140 1916
28157 1916
28173 1915
28190 1912
28206 1912
28222 1903
28239 1908
28255 1903
28272 1902
28288 1899
28304 1898
28321 1894
28337 1895
28354 1891
28370 1887
28386 1884
28403 1881
28419 1882
28436 1878
28452 1873
28468 1853
28485 1866
28501 1864
28517 1864
28534 1861
28550 1857
28567 1858
28583 1856
28599 1849
28616 1846
28632 1846
28649 1888
28665 1841
28681 1838
28698 1836
28714 1833
28731 1828
28747 1826
28763 1825
28780 1823
28796 1819
28813 1817
28829 1817
28845 1815
28862 1817
28878 1812
28895 1812
28911 1807
28927 1808
28944 1808
28960 1800
28977 1806
28993 1802
29009 1801
29026 1803
29042 1799
29058 1799
29075 1798
29091 1805
29108 1798
29124 1799
29140 1796
29157 1793
29173 1796
29190 1793
29206 1795
29222 1793
29239 1800
29255 1799
29272 1797
29288 1797
29304 1801
29321 1800
29337 1801
29354 1803
29370 1803
29386 1804
29403 1806
29419 1810
29436 1809
29452 1807
29468 1829
29485 1810
29501 1814
29517 1817
29534 1819
29550 1817
29567 1824
29583 1825
29599 1828
29616 1827
29632 1832
29649 1833
29665 1837
29681 1838
29698 1842
29714 1841
29731 1849
29747 1852
29763 1852
29780 1850
29796 1856
29813 1859
29829 1862
29845 1864
29862 1868
29878 1869
29895 1870
29911 1875
29927 1879
29944 1880
29960 1883
29977 1883
29993 1888
30009 1893
30026 1892
30042 1897
30058 1899
30075 1899
30091 1888
30108 1907
30124 1905
30140 1910
30157 1905
30173 1912
30190 1914
30206 1916
30222 1935
30239 1922
30255 1920
30272 1929
30288 1924
30304 1928
30321 1926
30337 1924
30354 1929
30370 1931
30386 1930
30403 1933
30419 1934
30436 1934
30452 1934
30468 1912
30485 1934
30501 1937
30517 1933
30534 1932
30550 1935
30567 1941
30583 1936
30599 1937
30616 1936
30632 1936
30649 1913
30665 1934
30681 1933
30698 1934
30714 1934
30731 1931
30747 1929
30763 1928
30780 1928
30796 1929
30813 1926
30829 1918
30845 1923
30862 1921
30878 1920
30895 1914
30911 1918
30927 1917
30944 1913
30960 1910
30977 1915
30993 1908
31009 1906
31026 1908
31042 1904
31058 1900
31075 1899
31091 1911
31108 1897
31124 1888
31140 1885
31157 1888
31173 1885
31190 1886
31206 1885
31222 1864
31239 1879
31255 1878
31272 1877
31288 1872
31304 1870
31321 1868
31337 1870
31354 1864
31370 1863
31386 1861
31403 1859
31419 1855
31436 1855
31452 1854
31468 1854
31485 1850
31501 1850
31517 1847
31534 1845
31550 1843
31567 1842
31583 1840
31599 1841
31616 1840
31632 1835
31649 1844
31665 1831
31681 1833
31698 1830
31714 1830
31731 1824
31747 1824
31763 1826
31780 1827
31796 1822
31813 1826
31829 1822
31845 1821
31862 1822
31878 1821
31895 1822
31911 1823
31927 1821
31944 1821
31960 1818
31977 1820
31993 1818
32009 1821
32026 1817
32042 1821
32058 1820
32075 1825
32091 1820
32108 1824
32124 1806
32140 1823
32157 1825
32173 1826
32190 1825
32206 1828
32222 1827
32239 1828
32255 1829
32272 1831
32288 1832
32304 1835
32321 1835
32337 1842
32354 1838
32370 1839
32386 1840
32403 1842
32419 1844
32436 1847
32452 1846
32468 1849
32485 1850
32501 1851
32517 1838
32534 1856
32550 1858
32567 1870
32583 1861
32599 1864
32616 1857
32632 1866
32649 1866
32665 1873
32681 1873
32698 1882
32714 1879
32731 1878
32747 1881
32763 1880
32780 1888
32796 1888
32813 1890
32829 1892
32845 1895
32862 1892
32878 1899
32895 1898
32911 1901
32927 1902
32944 1904
32960 1907
32977 1916
32993 1911
33009 1913
33026 1910
33042 1915
33058 1915
33075 1916
33091 1913
33108 1925
33124 1920
33140 1924
33157 1920
33173 1921
33190 1919
33206 1922
33222 1927
33239 1921
33255 1924
33272 1926
33288 1927
33304 1924
33321 1925
33337 1924
33354 1925
33370 1924
33386 1923
33403 1924
33419 1921
33436 1923
33452 1918
33468 1920
33485 1922
33501 1918
33517 1912
33534 1918
33550 1914
33567 1906
33583 1911
33599 1915
33616 1919
33632 1913
33649 1910
33665 1919
33681 1904
33698 1904
33714 1903
33731 1897
33747 1899
33763 1895
33780 1894
33796 1894
33813 1892
33829 1891
33845 1890
33862 1882
33878 1883
33895 1882
33911 1878
33927 1875
33944 1876
33960 1873
33977 1868
33993 1868
34009 1865
34026 1862
34042 1856
34058 1858
34075 1855
34091 1846
34108 1854
34124 1848
34140 1848
34157 1845
34173 1840
34190 1838
34206 1836
34222 1834
34239 1833
34255 1830
34272 1830
34288 1825
34304 1824
34321 1823
34337 1821
34354 1818
34370 1820
34386 1814
34403 1812
34419 1810
34436 1810
34452 1809
34468 1808
34485 1802
34501 1808
34517 1813
34534 1799
34550 1798
34567 1800
34583 1798
34599 1798
34616 1794
34632 1794
34649 1795
34665 1794
34681 1792
34698 1793
34714 1791
34731 1794
34747 1792
34763 1790
34780 1792
34796 1790
34813 1792
34829 1789
34845 1789
34862 1789
34878 1793
34895 1789
34911 1791
34927 1793
34944 1792
34960 1792
34977 1794
34993 1797
35009 1796
35026 1795
35042 1800
35058 1800
35075 1801
35091 1806
35108 1801
35124 1802
35140 1799
35157 1807
35173 1808
35190 1808
35206 1810
35222 1810
35239 1813
35255 1814
35272 1818
35288 1825
35304 1823
35321 1824
35337 1825
35354 1826
35370 1828
35386 1832
35403 1834
35419 1838
35436 1839
35452 1839
35468 1845
35485 1844
35501 1847
35517 1865
35534 1850
35550 1857
35567 1859
35583 1857
35599 1859
35616 1859
35632 1864
35649 1867
35665 1864
35681 1867
35698 1875
35714 1874
35731 1877
35747 1878
35763 1879
35780 1884
35796 1885
35813 1888
35829 1887
35845 1892
35862 1894
35878 1898
35895 1897
35911 1900
35927 1901
35944 1902
35960 1910
35977 1904
35993 1903
36009 1905
36026 1910
36042 1912
36058 1911
36075 1913
36091 1905
36108 1914
36124 1915
36140 1919
36157 1918
36173 1913
36190 1921
36206 1919
36222 1917
36239 1914
36255 1921
36272 1920
36288 1924
36304 1924
36321 1922
36337 1921
36354 1919
36370 1923
36386 1918
36403 1923
36419 1921
36436 1921
36452 1919
36468 1919
36485 1919
36501 1919
36517 1883
36534 1915
36550 1916
36567 1916
36583 1915
36599 1910
36616 1915
36632 1910
36649 1912
36665 1908
36681 1901
36698 1905
36714 1908
36731 1906
36747 1893
36763 1900
36780 1899
36796 1895
36813 1896
36829 1893
36845 1892
36862 1890
36878 1888
36895 1887
36911 1885
36927 1883
36944 1881
36960 1883
36977 1880
36993 1885
37009 1878
37026 1873
37042 1891
37058 1873
37075 1870
37091 1870
37108 1867
37124 1866
37140 1918
37157 1861
37173 1861
37190 1854
37206 1855
37222 1857
37239 1861
37255 1854
37272 1850
37288 1849
37304 1848
37321 1848
37337 1846
37354 1844
37370 1841
37386 1845
37403 1844
37419 1841
37436 1839
37452 1839
37468 1837
37485 1840
37501 1836
37517 1853
37534 1838
37550 1832
37567 1849
37583 1833
37599 1834
37616 1833
37632 1834
37649 1830
37665 1833
37681 1826
37698 1830
37714 1830
37731 1831
37747 1832
37763 1832
37780 1831
37796 1832
37813 1836
37829 1832
37845 1834
37862 1832
37878 1833
37895 1837
37911 1835
37927 1836
37944 1836
37960 1837
37977 1838
37993 1839
38009 1838
38026 1838
38042 1821
38058 1841
38075 1842
38091 1851
38108 1845
38124 1845
38140 1752
38157 1848
38173 1850
38190 1850
38206 1852
38222 1851
38239 1853
38255 1852
38272 1855
38288 1850
38304 1860
38321 1860
38337 1862
38354 1862
38370 1870
38386 1861
38403 1869
38419 1867
38436 1863
38452 1871
38468 1874
38485 1872
38501 1877
38517 1877
38534 1878
38550 1879
38567 1867
38583 1883
38599 1883
38616 1888
38632 1887
38649 1888
38665 1889
38681 1892
38698 1894
38714 1892
38731 1897
38747 1893
38763 1900
38780 1903
38796 1900
38813 1902
38829 1901
38845 1903
38862 1904
38878 1905
38895 1903
38911 1906
38927 1905
38944 1908
38960 1909
38977 1912
38993 1911
39009 1910
39026 1911
39042 1917
39058 1911
39075 1909
39091 1913
39108 1915
39124 1911
39140 1912
39157 1913
39173 1908
39190 1911
39206 1915
39222 1910
39239 1909
39255 1912
39272 1910
39288 1910
39304 1907
39321 1908
39337 1919
39354 1906
39370 1909
39386 1906
39403 1906
39419 1904
39436 1903
39452 1903
39468 1892
39485 1899
39501 1899
39517 1903
39534 1899
39550 1896
39567 1895
39583 1892
39599 1890
39616 1889
39632 1888
39649 1878
39665 1888
39681 1885
39698 1883
39714 1880
39731 1878
39747 1874
39763 1879
39780 1876
39796 1871
39813 1874
39829 1866
39845 1868
39862 1866
39878 1867
39895 1856
39911 1862
39927 1858
39944 1857
39960 1856
39977 1858
39993 1853
40009 1851
40026 1850
40042 1851
40058 1844
40075 1849
40091 1851
40108 1844
40124 1845
40140 1841
40157 1839
40173 1841
40190 1837
40206 1836
40222 1840
40239 1836
40255 1831
40272 1831
40288 1832
40304 1830
40321 1831
40337 1831
40354 1831
40370 1828
40386 1830
40403 1831
40419 1826
40436 1827
40452 1828
40468 1802
40485 1826
40501 1826
40517 1826
40534 1829
40550 1825
40567 1826
40583 1827
40599 1828
40616 1827
40632 1828
40649 1826
40665 1831
40681 1831
40698 1825
40714 1827
40731 1831
40747 1834
40763 1832
40780 1835
40796 1833
40813 1835
40829 1838
40845 1837
40862 1839
40878 1839
40895 1840
40911 1842
40927 1840
40944 1843
40960 1846
40977 1847
40993 1846
41009 1849
41026 1849
41042 1851
41058 1851
41075 1855
41091 1868
41108 1853
41124 1856
41140 1860
41157 1860
41173 1863
41190 1863
41206 1864
41222 1879
41239 1865
41255 1867
41272 1871
41288 1868
41304 1872
41321 1872
41337 1875
41354 1868
41370 1876
41386 1876
41403 1878
41419 1877
41436 1880
41452 1879
41468 1925
41485 1884
41501 1886
41517 1883
41534 1886
41550 1884
41567 1882
41583 1885
41599 1889
41616 1892
41632 1891
41649 1896
41665 1890
41681 1896
41698 1897
41714 1892
41731 1892
41747 1893
41763 1894
41780 1892
41796 1896
41813 1894
41829 1895
41845 1897
41862 1896
41878 1896
41895 1892
41911 1897
41927 1897
41944 1896
41960 1896
41977 1896
41993 1895
42009 1899
42026 1898
42042 1899
42058 1896
42075 1897
42091 1877
42108 1898
42124 1894
42140 1893
42157 1893
42173 1893
42190 1890
42206 1893
42222 1862
42239 1889
42255 1886
42272 1886
42288 1888
42304 1887
42321 1886
42337 1882
42354 1883
42370 1883
42386 1880
42403 1881
42419 1880
42436 1879
42452 1878
42468 1845
42485 1874
42501 1874
42517 1871
42534 1870
42550 1870
42567 1867
42583 1866
42599 1867
42616 1863
42632 1864
42649 1857
42665 1862
42681 1859
42698 1857
42714 1857
42731 1856
42747 1853
42763 1855
42780 1852
42796 1852
42813 1851
42829 1846
42845 1848
42862 1847
42878 1843
42895 1843
42911 1840
42927 1842
42944 1841
42960 1837
42977 1839
42993 1842
43009 1837
43026 1835
43042 1836
43058 1834
43075 1832
43091 1843
43108 1833
43124 1831
43140 1832
43157 1830
43173 1828
43190 1829
43206 1829
43222 1832
43239 1830
43255 1828
43272 1830
43288 1831
43304 1831
43321 1828
43337 1829
43354 1833
43370 1835
43386 1832
43403 1832
43419 1830
43436 1834
43452 1834
43468 1831
43485 1836
43501 1836
43517 1835
43534 1839
43550 1845
43567 1841
43583 1838
43599 1843
43616 1843
43632 1845
43649 1848
43665 1847
43681 1848
43698 1854
43714 1851
43731 1863
43747 1854
43763 1851
43780 1854
43796 1858
43813 1859
43829 1859
43845 1862
43862 1863
43878 1863
43895 1866
43911 1870
43927 1870
43944 1871
43960 1873
43977 1877
43993 1878
44009 1879
44026 1882
44042 1886
44058 1885
44075 1886
44091 1887
44108 1892
44124 1891
44140 1896
44157 1895
44173 1898
44190 1900
44206 1900
44222 1900
44239 1901
44255 1904
44272 1909
44288 1907
44304 1909
44321 1915
44337 1911
44354 1914
44370 1917
44386 1919
44403 1918
44419 1920
44436 1923
44452 1921
44468 1923
44485 1924
44501 1923
44517 1922
44534 1925
44550 1928
44567 1917
44583 1926
44599 1928
44616 1944
44632 1932
44649 1932
44665 1932
44681 1931
44698 1933
44714 1938
44731 1937
44747 1937
44763 1934
44780 1933
44796 1933
44813 1933
44829 1930
44845 1933
44862 1935
44878 1934
44895 1932
44911 1928
44927 1929
44944 1933
44960 1928
44977 1931
44993 1930
45009 1932
45026 1927
45042 1946
45058 1928
45075 1925
45091 1918
45108 1924
45124 1919
45140 1876
45157 1921
45173 1921
45190 1916
45206 1915
45222 1916
45239 1912
45255 1910
45272 1910
45288 1906
45304 1908
45321 1909
45337 1904
45354 1904
45370 1903
45386 1900
45403 1899
45419 1894
45436 1897
45452 1894
45468 1895
45485 1891
45501 1891
45517 1886
45534 1886
45550 1879
45567 1907
45583 1880
45599 1877
45616 1869
45632 1876
45649 1872
45665 1873
45681 1870
45698 1869
45714 1867
45731 1863
45747 1864
45763 1863
45780 1863
45796 1860
45813 1865
45829 1856
45845 1854
45862 1853
45878 1853
45895 1850
45911 1848
45927 1844
45944 1845
45960 1844
45977 1844
45993 1842
46009 1840
46026 1845
46042 1820
46058 1840
46075 1839
46091 1829
46108 1834
46124 1835
46140 1915
46157 1836
46173 1834
46190 1833
46206 1834
46222 1831
46239 1832
46255 1830
46272 1831
46288 1826
46304 1830
46321 1831
46337 1832
46354 1830
46370 1829
46386 1833
46403 1832
46419 1831
46436 1832
46452 1831
46468 1837
46485 1831
46501 1833
46517 1833
46534 1831
46550 1836
46567 1810
46583 1836
46599 1837
46616 1827
46632 1837
46649 1838
46665 1840
46681 1842
46698 1841
46714 1842
46731 1848
46747 1845
46763 1850
46780 1850
46796 1848
46813 1843
46829 1850
46845 1852
46862 1852
46878 1856
46895 1856
46911 1858
46927 1856
46944 1858
46960 1858
46977 1860
46993 1864
47009 1864
47026 1867
47042 1868
47058 1859
47075 1869
47091 1867
47108 1870
47124 1870
47140 1835
47157 1875
47173 1874
47190 1874
47206 1880
47222 1880
47239 1880
47255 1882
47272 1880
47288 1886
47304 1883
47321 1883
47337 1888
47354 1886
47370 1889
47386 1885
47403 1888
47419 1890
47436 1886
47452 1891
47468 1888
47485 1889
47501 1894
47517 1891
47534 1894
47550 1893
47567 1904
47583 1894
47599 1893
47616 1903
47632 1893
47649 1894
47665 1895
47681 1896
47698 1898
47714 1895
47731 1895
47747 1894
47763 1898
47780 1899
47796 1894
47813 1897
47829 1897
47845 1896
47862 1895
47878 1895
47895 1893
47911 1896
47927 1897
47944 1893
47960 1890
47977 1890
47993 1890
48009 1887
48026 1887
48042 1884
48058 1889
48075 1888
48091 1885
48108 1886
48124 1887
48140 1879
48157 1886
48173 1885
48190 1887
48206 1883
48222 1881
48239 1881
48255 1879
48272 1878
48288 1875
48304 1876
48321 1876
48337 1876
48354 1874
48370 1872
48386 1865
48403 1873
48419 1871
48436 1870
48452 1865
48468 1866
48485 1865
48501 1864
48517 1861
48534 1862
48550 1860
48567 1864
48583 1858
48599 1856
48616 1843
48632 1854
48649 1853
48665 1854
48681 1854
48698 1851
48714 1855
48731 1853
48747 1850
48763 1844
48780 1846
48796 1847
48813 1849
48829 1842
48845 1844
48862 1845
48878 1846
48895 1841
48911 1842
48927 1837
48944 1837
48960 1838
48977 1840
48993 1837
49009 1839
49026 1837
49042 1870
49058 1837
49075 1838
49091 1840
49108 1838
49124 1836
49140 1866
49157 1836
49173 1837
49190 1835
49206 1836
49222 1835
49239 1839
49255 1840
49272 1838
49288 1836
49304 1838
49321 1838
49337 1842
49354 1840
49370 1842
49386 1839
49403 1839
49419 1841
49436 1845
49452 1840
49468 1846
49485 1840
49501 1845
49517 1847
49534 1851
49550 1849
49567 1842
49583 1851
49599 1853
49616 1851
49632 1858
49649 1855
49665 1855
49681 1857
49698 1858
49714 1857
49731 1861
49747 1863
49763 1867
49780 1864
49796 1870
49813 1871
49829 1869
49845 1874
49862 1872
49878 1874
49895 1873
49911 1877
49927 1877
49944 1878
49960 1880
49977 1883
49993 1881
50009 1884
50026 1886
50042 1864
50058 1887
50075 1893
50091 1898
50108 1890
50124 1889
50140 1876
50157 1889
50173 1894
50190 1895
50206 1898
50222 1893
50239 1894
50255 1898
50272 1894
50288 1896
50304 1897
50321 1897
50337 1900
50354 1901
50370 1902
50386 1899
50403 1902
50419 1903
50436 1905
50452 1905
50468 1901
50485 1904
50501 1902
50517 1905
50534 1903
50550 1903
50567 1910
50583 1902
50599 1904
50616 1905
50632 1903
50649 1901
50665 1902
50681 1901
50698 1902
50714 1899
50731 1900
50747 1903
50763 1899
50780 1900
50796 1896
50813 1893
50829 1896
50845 1895
50862 1894
50878 1894
50895 1892
50911 1893
50927 1889
50944 1889
50960 1885
50977 1885
50993 1884
51009 1887
51026 1886
51042 1896
51058 1884
51075 1881
51091 1869
51108 1879
51124 1878
51140 1877
51157 1875
51173 1877
51190 1873
51206 1872
51222 1871
51239 1873
51255 1871
51272 1872
51288 1872
51304 1868
51321 1867
51337 1864
51354 1867
51370 1866
51386 1863
51403 1864
51419 1860
51436 1862
51452 1859
51468 1860
51485 1858
51501 1859
51517 1860
51534 1858
51550 1855
51567 1854
51583 1854
51599 1854
51616 1855
51632 1854
51649 1854
51665 1852
51681 1850
51698 1853
51714 1850
51731 1853
51747 1831
51763 1848
51780 1851
51796 1844
51813 1853
51829 1850
51845 1851
51862 1849
51878 1838
51895 1846
51911 1848
51927 1849
51944 1849
51960 1850
51977 1849
51993 1848
52009 1849
52026 1849
52042 1849
52058 1845
52075 1850
52091 1849
52108 1852
52124 1849
52140 1854
52157 1851
52173 1852
52190 1841
52206 1852
52222 1853
52239 1856
52255 1857
52272 1856
52288 1856
52304 1854
52321 1855
52337 1857
52354 1859
52370 1860
52386 1861
52403 1862
52419 1860
52436 1857
52452 1866
52468 1850
52485 1866
52501 1868
52517 1869
52534 1870
52550 1868
52567 1870
52583 1873
52599 1874
52616 1875
52632 1875
52649 1873
52665 1877
52681 1884
52698 1879
52714 1882
52731 1879
52747 1881
52763 1882
52780 1882
52796 1885
52813 1887
52829 1892
52845 1891
52862 1892
52878 1892
52895 1893
52911 1892
52927 1894
52944 1895
52960 1948
52977 1895
52993 1895
53009 1899
53026 1899
53042 1899
53058 1900
53075 1901
53091 1891
53108 1902
53124 1900
53140 1906
53157 1904
53173 1903
53190 1906
53206 1903
53222 1901
53239 1905
53255 1901
53272 1904
53288 1901
53304 1903
53321 1903
53337 1902
53354 1901
53370 1904
53386 1900
53403 1901
53419 1901
53436 1900
53452 1901
53468 1906
53485 1901
53501 1897
53517 1893
53534 1897
53550 1894
53567 1893
53583 1894
53599 1892
53616 1887
53632 1890
53649 1884
53665 1889
53681 1884
53698 1890
53714 1885
53731 1883
53747 1881
53763 1878
53780 1885
53796 1882
53813 1877
53829 1874
53845 1872
53862 1873
53878 1871
53895 1869
53911 1867
53927 1866
53944 1868
53960 1878
53977 1861
53993 1860
54009 1859
54026 1854
54042 1855
54058 1853
54075 1853
54091 1851
54108 1850
54124 1850
54140 1844
54157 1847
54173 1844
54190 1846
54206 1841
54222 1837
54239 1837
54255 1834
54272 1840
54288 1829
54304 1839
54321 1828
54337 1829
54354 1829
54370 1829
54386 1822
54403 1826
54419 1823
54436 1820
54452 1821
54468 1824
54485 1819
54501 1821
54517 1813
54534 1821
54550 1815
54567 1817
54583 1815
54599 1811
54616 1813
54632 1811
54649 1813
54665 1809
54681 1811
54698 1813
54714 1809
54731 1813
54747 1810
54763 1810
54780 1817
54796 1808
54813 1811
54829 1810
54845 1813
54862 1810
54878 1811
54895 1811
54911 1811
54927 1811
54944 1812
54960 1769
54977 1812
54993 1814
55009 1814
55026 1814
55042 1820
55058 1816
55075 1818
55091 1818
55108 1818
55124 1823
55140 1824
55157 1821
55173 1825
55190 1821
55206 1822
55222 1825
55239 1828
55255 1832
55272 1828
55288 1827
55304 1831
55321 1833
55337 1834
55354 1835
55370 1837
55386 1840
55403 1842
55419 1842
55436 1845
55452 1845
55468 1844
55485 1847
55501 1849
55517 1858
55534 1851
55550 1853
55567 1855
55583 1856
55599 1859
55616 1861
55632 1861
55649 1850
55665 1867
55681 1865
55698 1864
55714 1876
55731 1872
55747 1872
55763 1874
55780 1869
55796 1877
55813 1876
55829 1879
55845 1883
55862 1884
55878 1885
55895 1884
55911 1887
55927 1886
55944 1889
55960 1912
55977 1890
55993 1890
56009 1892
56026 1893
56042 1893
56058 1896
56075 1897
56091 1900
56108 1898
56124 1897
56140 1904
56157 1899
56173 1902
56190 1903
56206 1902
56222 1904
56239 1902
56255 1902
56272 1902
56288 1903
56304 1902
56321 1905
56337 1903
56354 1905
56370 1904
56386 1904
56403 1906
56419 1904
56436 1905
56452 1902
56468 1909
56485 1898
56501 1905
56517 1900
56534 1904
56550 1903
56567 1902
56583 1900
56599 1900
56616 1907
56632 1898
56649 1907
56665 1897
56681 1896
56698 1892
56714 1896
56731 1892
56747 1896
56763 1893
56780 1901
56796 1889
56813 1887
56829 1889
56845 1889
56862 1881
56878 1886
56895 1886
56911 1889
56927 1881
56944 1880
56960 1880
56977 1879
56993 1879
57009 1876
57026 1874
57042 1874
57058 1874
57075 1873
57091 1871
57108 1870
57124 1869
57140 1865
57157 1866
57173 1867
57190 1878
57206 1864
57222 1862
57239 1861
57255 1860
57272 1858
57288 1860
57304 1859
57321 1864
57337 1855
57354 1855
57370 1855
57386 1855
57403 1852
57419 1853
57436 1851
57452 1852
57468 1850
57485 1848
57501 1851
57517 1849
57534 1847
57550 1846
57567 1868
57583 1848
57599 1849
57616 1841
57632 1847
57649 1845
57665 1881
57681 1845
57698 1845
57714 1840
57731 1847
57747 1847
57763 1849
57780 1846
57796 1848
57813 1845
57829 1850
57845 1844
57862 1846
57878 1848
57895 1847
57911 1850
57927 1849
57944 1848
57960 1848
57977 1846
57993 1850
58009 1846
58026 1850
58042 1868
58058 1854
58075 1854
58091 1860
58108 1852
58124 1852
58140 1858
58157 1857
58173 1856
58190 1856
58206 1858
58222 1857
58239 1858
58255 1861
58272 1859
58288 1862
58304 1861
58321 1858
58337 1863
58354 1864
58370 1864
58386 1862
58403 1874
58419 1869
58436 1868
58452 1871
58468 1873
58485 1866
58501 1872
58517 1872
58534 1875
58550 1876
58567 1852
58583 1880
58599 1879
58616 1875
58632 1880
58649 1879
58665 1812
58681 1879
58698 1884
58714 1885
58731 1889
58747 1889
58763 1888
58780 1891
58796 1890
58813 1886
58829 1893
58845 1891
58862 1891
58878 1894
58895 1894
58911 1896
58927 1892
58944 1897
58960 1896
58977 1898
58993 1893
59009 1899
59026 1898
59042 1903
59058 1898
59075 1895
59091 1891
59108 1898
59124 1899
59140 1900
59157 1899
59173 1903
59190 1903
59206 1898
59222 1897
59239 1900
59255 1899
59272 1899
59288 1897
59304 1896
59321 1897
59337 1898
59354 1894
59370 1895
59386 1894
59403 1897
59419 1893
59436 1896
59452 1894
59468 1894
59485 1890
59501 1895
59517 1888
59534 1892
59550 1889
59567 1894
59583 1887
59599 1889
59616 1887
59632 1883
59649 1884
59665 1926
59681 1879
59698 1880
59714 1876
59731 1878
59747 1879
59763 1876
59780 1872
59796 1871
59813 1874
59829 1869
59845 1870
59862 1867
59878 1866
59895 1865
59911 1861
59927 1861
59944 1862
59960 1861
59977 1858
59993 1855
60009 1858
60026 1854
60042 1841
60058 1853
60075 1854
60091 1850
60108 1852
60124 1849
60140 1845
60157 1854
60173 1847
60190 1848
60206 1846
60222 1846
60239 1846
60255 1844
60272 1842
60288 1845
60304 1843
60321 1840
60337 1839
60354 1840
60370 1840
60386 1837
60403 1838
60419 1840
60436 1839
60452 1839
60468 1836
60485 1838
60501 1838
60517 1840
60534 1838
60550 1837
60567 1842
60583 1837
60599 1839
60616 1819
60632 1840
60649 1839
60665 1835
60681 1837
60698 1834
60714 1838
60731 1842
60747 1843
60763 1839
60780 1841
60796 1843
60813 1842
60829 1847
60845 1845
60862 1846
60878 1842
60895 1846
60911 1850
60927 1850
60944 1850
60960 1850
60977 1851
60993 1852
61009 1852
61026 1855
61042 1862
61058 1853
61075 1857
61091 1861
61108 1861
61124 1859
61140 1864
61157 1862
61173 1859
61190 1864
61206 1864
61222 1865
61239 1868
61255 1868
61272 1869
61288 1868
61304 1866
61321 1872
61337 1870
61354 1870
61370 1871
61386 1872
61403 1874
61419 1876
61436 1876
61452 1877
61468 1877
61485 1875
61501 1879
61517 1879
61534 1880
61550 1879
61567 1873
61583 1879
61599 1882
61616 1884
61632 1883
61649 1882
61665 1861
61681 1884
61698 1885
61714 1885
61731 1885
61747 1883
61763 1886
61780 1886
61796 1889
61813 1885
61829 1888
61845 1881
61862 1885
61878 1888
61895 1886
61911 1887
61927 1886
61944 1889
61960 1886
61977 1888
61993 1886
62009 1887
62026 1888
62042 1886
62058 1885
62075 1886
62091 1875
62108 1887
62124 1886
62140 1888
62157 1882
62173 1887
62190 1885
62206 1884
62222 1886
62239 1879
62255 1880
62272 1881
62288 1877
62304 1881
62321 1880
62337 1880
62354 1877
62370 1877
62386 1872
62403 1876
62419 1875
62436 1875
62452 1869
62468 1875
62485 1871
62501 1871
62517 1863
62534 1871
62550 1868
62567 1871
62583 1866
62599 1867
62616 1868
62632 1863
62649 1864
62665 1872
62681 1859
62698 1860
62714 1857
62731 1854
62747 1855
62763 1858
62780 1858
62796 1851
62813 1851
62829 1850
62845 1853
62862 1850
62878 1849
62895 1848
62911 1850
62927 1847
62944 1844
62960 1844
62977 1844
62993 1843
63009 1840
63026 1842
63042 1840
63058 1839
63075 1838
63091 1861
63108 1841
63124 1836
63140 1833
63157 1838
63173 1838
63190 1836
63206 1841
63222 1840
63239 1837
63255 1834
63272 1837
63288 1840
63304 1838
63321 1837
63337 1838
63354 1844
63370 1838
63386 1838
63403 1838
63419 1838
63436 1840
63452 1841
63468 1840
63485 1842
63501 1844
63517 1842
63534 1847
63550 1844
63567 1845
63583 1845
63599 1845
63616 1859
63632 1851
63649 1849
63665 1860
63681 1852
63698 1853
63714 1856
63731 1854
63747 1857
63763 1857
63780 1858
63796 1861
63813 1868
63829 1863
63845 1869
63862 1868
63878 1870
63895 1865
63911 1872
63927 1873
63944 1874
63960 1877
63977 1877
63993 1877
64009 1880
64026 1880
64042 1883
64058 1883
64075 1885
64091 1860
64108 1889
64124 1888
64140 1917
64157 1891
64173 1894
64190 1896
64206 1894
64222 1902
64239 1902
64255 1900
64272 1903
64288 1905
64304 1905
64321 1891
64337 1907
64354 1906
64370 1911
64386 1912
64403 1912
64419 1914
64436 1916
64452 1918
64468 1916
64485 1916
64501 1921
64517 1912
64534 1920
64550 1923
64567 1922
64583 1924
64599 1923
64616 1920
64632 1925
64649 1918
64665 1926
64681 1923
64698 1928
64714 1927
64731 1925
64747 1926
64763 1930
64780 1927
64796 1925
64813 1932
64829 1927
64845 1931
64862 1926
64878 1929
64895 1926
64911 1926
64927 1932
64944 1925
64960 1924
64977 1924
64993 1924
65009 1919
65026 1922
65042 1924
65058 1922
65075 1920
65091 1941
65108 1920
65124 1919
65140 1922
65157 1917
65173 1917
65190 1916
65206 1914
65222 1909
65239 1912
65255 1911
65272 1909
65288 1910
65304 1909
65321 1906
65337 1905
65354 1903
65370 1904
65386 1902
65403 1898
65419 1896
65436 1895
65452 1894
65468 1894
65485 1891
65501 1891
65517 1884
65534 1889
65550 1889
65567 1886
65583 1884
65599 1881
65616 1882
65632 1879
65649 1887
65665 1876
65681 1877
65698 1872
65714 1869
65731 1870
65747 1868
65763 1866
65780 1877
65796 1864
65813 1864
65829 1863
65845 1861
65862 1858
65878 1856
65895 1856
65911 1856
65927 1855
65944 1855
65960 1863
65977 1849
65993 1848
66009 1850
66026 1845
66042 1844
66058 1843
66075 1845
66091 1820
66108 1841
66124 1843
66140 1838
66157 1842
66173 1839
66190 1839
66206 1837
66222 1842
66239 1837
66255 1838
66272 1836
66288 1837
66304 1838
66321 1838
66337 1835
66354 1833
66370 1839
66386 1835
66403 1831
66419 1834
66436 1834
66452 1834
66468 1838
66485 1837
66501 1829
66517 1841
66534 1837
66550 1839
66567 1843
66583 1839
66599 1840
66616 1839
66632 1836
66649 1838
66665 1845
66681 1847
66698 1843
66714 1843
66731 1845
66747 1846
66763 1845
66780 1850
66796 1856
66813 1846
66829 1849
66845 1851
66862 1855
66878 1854
66895 1854
66911 1859
66927 1857
66944 1858
66960 1847
66977 1860
66993 1861
67009 1864
67026 1860
67042 1857
67058 1863
67075 1865
67091 1879
67108 1867
67124 1870
67140 1873
67157 1871
67173 1871
67190 1875
