1 1671
54 1582
71 1499
87 1415
103 1333
120 1251
136 1171
152 1091
169 1018
185 939
201 865
218 793
234 717
250 650
267 582
284 514
301 456
317 409
333 377
350 352
366 346
382 343
399 344
415 343
431 346
448 343
464 349
480 352
497 354
513 360
529 361
546 366
562 371
578 372
595 381
611 382
627 386
644 394
660 397
676 399
693 410
709 410
725 417
742 423
758 428
774 456
791 442
807 449
823 466
840 467
856 472
872 482
889 495
905 505
921 517
938 528
954 545
970 557
987 574
1003 588
1019 609
1036 628
1052 648
1068 670
1085 695
1101 720
1117 747
1134 775
1150 798
1166 830
1183 863
1199 906
1215 928
1232 962
1248 991
1264 1033
1282 1074
1298 1112
1314 1153
1331 1190
1347 1232
1363 1269
1380 1312
1396 1357
1412 1394
1429 1438
1445 1476
1461 1522
1478 1568
1494 1615
1510 1653
1527 1699
1543 1741
1559 1784
1576 1829
1592 1876
1608 1916
1625 1963
1641 2004
1657 2045
1674 2088
1690 2129
1706 2174
1723 2167
1739 2250
1755 2287
1772 2324
1788 2365
1804 2401
1821 2438
1837 2473
1853 2498
1870 2537
1886 2570
1902 2602
1919 2623
1935 2659
1951 2685
1968 2711
1984 2741
2000 2760
2017 2783
2033 2803
2049 2822
2066 2840
2082 2856
2098 2872
2115 2886
2131 2896
2147 2908
2164 2921
2180 2928
2196 2934
2213 2938
2229 2941
2245 2945
2262 2946
2279 2943
2296 2957
2312 2937
2328 2931
2345 2928
2361 2919
2377 2910
2394 2898
2410 2886
2426 2877
2443 2858
2459 2844
2475 2831
2492 2808
2508 2791
2524 2766
2541 2749
2557 2725
2573 2697
2590 2673
2606 2656
2622 2621
2639 2596
2655 2564
2671 2538
2688 2506
2704 2474
2720 2438
2737 2415
2753 2381
2769 2341
2786 2309
2802 2265
2818 2240
2835 2203
2851 2165
2867 2129
2884 2095
2900 2058
2916 2020
2933 1975
2949 1946
2965 1908
2982 1872
2998 1842
3014 1797
3031 1764
3047 1728
3063 1690
3080 1657
3096 1625
3112 1580
3129 1549
3145 1516
3161 1483
3178 1448
3194 1420
3210 1387
3227 1355
3243 1394
3259 1296
3277 1266
3293 1236
3309 1213
3326 1189
3342 1162
3358 1138
3375 1109
3391 1096
3407 1075
3424 1059
3440 1039
3456 1013
3473 1006
3489 991
3505 977
3522 965
3538 955
3554 949
3571 935
3587 928
3603 922
3620 920
3636 912
3652 908
3669 904
3685 909
3701 910
3718 912
3734 916
3750 902
3767 926
3783 934
3799 943
3816 950
3832 963
3848 972
3865 988
3881 1001
3897 1018
3914 1034
3930 1051
3946 1068
3963 1087
3979 1107
3995 1129
4012 1149
4028 1171
4044 1194
4061 1251
4077 1246
4093 1268
4110 1298
4126 1324
4142 1352
4159 1379
4175 1409
4191 1420
4208 1466
4224 1499
4240 1524
4257 1557
4274 1588
4290 1623
4307 1654
4323 1686
4339 1714
4356 1748
4372 1781
4388 1813
4405 1842
4421 1874
4437 1908
4454 1938
4470 1969
4486 2000
4503 2020
4519 2059
4535 2091
4552 2118
4568 2149
4584 2176
4601 2206
4617 2232
4633 2259
4650 2284
4666 2310
4682 2335
4699 2372
4715 2383
4731 2405
4748 2427
4764 2451
4780 2467
4797 2487
4813 2507
4829 2521
4846 2537
4862 2557
4878 2573
4895 2585
4911 2597
4927 2608
4944 2621
4960 2628
4976 2636
4993 2644
5009 2654
5025 2658
5042 2660
5058 2663
5074 2667
5091 2668
5107 2669
5123 2670
5140 2665
5156 2662
5172 2659
5189 2656
5205 2655
5221 2643
5238 2633
5254 2627
5270 2617
5288 2600
5304 2594
5321 2583
5337 2566
5353 2551
5370 2538
5386 2518
5402 2501
5419 2486
5435 2465
5451 2438
5468 2430
5484 2410
5500 2384
5517 2368
5533 2345
5549 2319
5566 2300
5582 2280
5598 2250
5615 2229
5631 2203
5647 2177
5664 2152
5680 2126
5696 2102
5713 2074
5729 2047
5745 2017
5762 1991
5778 1968
5794 1942
5811 1915
5827 1915
5843 1861
5860 1837
5876 1812
5892 1782
5909 1755
5925 1733
5941 1704
5958 1661
5974 1659
5990 1631
6007 1611
6023 1585
6039 1562
6056 1540
6072 1519
6088 1499
6105 1473
6121 1453
6137 1442
6154 1416
6170 1397
6186 1383
6203 1364
6219 1354
6235 1331
6252 1319
6268 1305
6284 1290
6301 1280
6317 1265
6333 1255
6350 1251
6366 1237
6382 1231
6399 1264
6415 1218
6431 1209
6448 1206
6464 1202
6480 1200
6497 1196
6513 1197
6529 1195
6546 1202
6562 1200
6578 1197
6595 1206
6611 1210
6627 1212
6644 1222
6660 1226
6676 1234
6693 1246
6709 1253
6725 1263
6742 1274
6758 1286
6774 1298
6791 1312
6807 1326
6823 1336
6840 1355
6856 1368
6872 1385
6889 1401
6905 1419
6921 1438
6938 1456
6954 1476
6970 1495
6987 1515
7003 1535
7019 1554
7036 1584
7052 1599
7068 1616
7085 1639
7101 1661
7117 1685
7134 1705
7150 1729
7166 1740
7183 1771
7199 1796
7215 1819
7232 1842
7248 1862
7264 1885
7282 1911
7298 1932
7314 1953
7331 1976
7347 1999
7363 2017
7380 2041
7396 2062
7412 2081
7429 2103
7445 2121
7461 2137
7478 2160
7494 2178
7510 2196
7527 2207
7543 2227
7559 2243
7576 2261
7592 2275
7608 2307
7625 2306
7641 2318
7657 2330
7674 2343
7690 2355
7706 2364
7723 2363
7739 2385
7755 2393
7772 2399
7788 2408
7804 2414
7821 2419
7837 2423
7853 2439
7870 2432
7886 2428
7902 2438
7919 2436
7935 2435
7951 2435
7968 2430
7984 2439
8000 2433
8017 2424
8033 2421
8049 2418
8066 2411
8082 2408
8098 2399
8115 2395
8131 2384
8147 2372
8164 2364
8180 2354
8196 2338
8213 2332
8229 2320
8245 2305
8262 2294
8279 2280
8296 2268
8312 2252
8328 2240
8345 2222
8361 2206
8377 2191
8394 2173
8410 2156
8426 2141
8443 2121
8459 2104
8475 2087
8492 2064
8508 2052
8524 2034
8541 2013
8557 1996
8573 1976
8590 1957
8606 1937
8622 1919
8639 1899
8655 1880
8671 1864
8688 1843
8704 1827
8720 1807
8737 1787
8753 1766
8769 1750
8786 1730
8802 1716
8818 1700
8835 1680
8851 1666
8867 1649
8884 1632
8900 1616
8916 1602
8933 1586
8949 1569
8965 1558
8982 1547
8998 1547
9014 1519
9031 1507
9047 1497
9063 1482
9080 1474
9096 1464
9112 1454
9129 1446
9145 1439
9161 1429
9178 1425
9194 1418
9210 1412
9227 1407
9243 1403
9259 1398
9277 1395
9293 1391
9309 1391
9326 1389
9342 1390
9358 1389
9375 1394
9391 1392
9407 1392
9424 1394
9440 1394
9456 1397
9473 1434
9489 1408
9505 1411
9522 1422
9538 1427
9554 1433
9571 1444
9587 1449
9603 1453
9620 1467
9636 1475
9652 1487
9669 1496
9685 1507
9701 1518
9718 1528
9734 1545
9750 1557
9767 1570
9783 1581
9799 1587
9816 1609
9832 1621
9848 1634
9865 1651
9881 1666
9897 1681
9914 1697
9930 1711
9946 1733
9963 1743
9979 1759
9995 1777
10012 1788
10028 1807
10044 1822
10061 1840
10077 1852
10093 1870
10110 1887
10126 1902
10142 1921
10159 1933
10175 1947
10191 1964
10208 1979
10224 1992
10240 2007
10257 2023
10274 2017
10290 2048
10307 2063
10323 2069
10339 2093
10356 2101
10372 2113
10388 2125
10405 2136
10421 2143
10437 2164
10454 2168
10470 2177
10486 2187
10503 2195
10519 2205
10535 2212
10552 2219
10568 2226
10584 2231
10601 2237
10617 2243
10633 2248
10650 2249
10666 2256
10682 2259
10699 2259
10715 2261
10731 2264
10748 2246
10764 2264
10780 2267
10797 2268
10813 2261
10829 2264
10846 2257
10862 2256
10878 2252
10895 2246
10911 2246
10927 2239
10944 2231
10960 2228
10976 2221
10993 2215
11009 2207
11025 2200
11042 2194
11058 2184
11074 2177
11091 2166
11107 2155
11123 2155
11140 2133
11156 2127
11172 2115
11189 2103
11205 2092
11221 2076
11238 2068
11254 2055
11270 2041
11288 2031
11304 2019
11321 2004
11337 1994
11353 1979
11370 1968
11386 1955
11402 1940
11419 1922
11435 1914
11451 1899
11468 1881
11484 1872
11500 1862
11517 1852
11533 1837
11549 1810
11566 1811
11582 1796
11598 1800
11615 1772
11631 1759
11647 1748
11664 1739
11680 1726
11696 1716
11713 1703
11729 1692
11745 1685
11762 1671
11778 1660
11794 1650
11811 1640
11827 1636
11843 1627
11860 1617
11876 1608
11892 1605
11909 1596
11925 1586
11941 1584
11958 1576
11974 1559
11990 1566
12007 1563
12023 1555
12039 1555
12056 1554
12072 1548
12088 1551
12105 1546
12121 1543
12137 1542
12154 1544
12170 1535
12186 1542
12203 1545
12219 1545
12235 1548
12252 1553
12268 1550
12284 1554
12301 1559
12317 1565
12333 1568
12350 1574
12366 1578
12382 1583
12399 1590
12415 1598
12431 1602
12448 1556
12464 1617
12480 1626
12497 1630
12513 1639
12529 1652
12546 1657
12562 1669
12578 1675
12595 1689
12611 1699
12627 1707
12644 1719
12660 1727
12676 1740
12693 1753
12709 1762
12725 1771
12742 1782
12758 1796
12774 1805
12791 1818
12807 1827
12823 1842
12840 1851
12856 1863
12872 1875
12889 1886
12905 1896
12921 1907
12938 1919
12954 1922
12970 1946
12987 1955
13003 1963
13019 1975
13036 1987
13052 1997
13068 2010
13085 2018
13101 2025
13117 2034
13134 2048
13150 2056
13166 2066
13183 2074
13199 2082
13215 2092
13232 2098
13248 2104
13264 2112
13282 2123
13298 2128
13314 2135
13331 2140
13347 2145
13363 2150
13380 2157
13396 2159
13412 2165
13429 2156
13445 2171
13461 2174
13478 2172
13494 2178
13510 2179
13527 2180
13543 2183
13559 2177
13576 2182
13592 2182
13608 2179
13625 2178
13641 2179
13657 2176
13674 2173
13690 2171
13706 2167
13723 2162
13739 2162
13755 2159
13772 2153
13788 2145
13804 2141
13821 2132
13837 2133
13853 2126
13870 2111
13886 2112
13902 2105
13919 2097
13935 2092
13951 2080
13968 2074
13984 2066
14000 2057
14017 2047
14033 2038
14049 2022
14066 2023
14082 2010
14098 2003
14115 1993
14131 1983
14147 1974
14164 1965
14180 1954
14196 1945
14213 1930
14229 1920
14245 1913
14262 1905
14279 1895
14296 1880
14312 1870
14328 1861
14345 1852
14361 1832
14377 1830
14394 1820
14410 1814
14426 1801
14443 1794
14459 1788
14475 1772
14492 1763
14508 1755
14524 1745
14541 1739
14557 1731
14573 1720
14590 1714
14606 1705
14622 1675
14639 1691
14655 1683
14671 1676
14688 1671
14704 1665
14720 1661
14737 1655
14753 1649
14769 1646
14786 1640
14802 1656
14818 1634
14835 1629
14851 1627
14867 1622
14884 1621
14900 1617
14916 1617
14933 1627
14949 1612
14965 1615
14982 1611
14998 1612
15014 1611
15031 1610
15047 1611
15063 1612
15080 1613
15096 1618
15112 1618
15129 1618
15145 1624
15161 1625
15178 1629
15194 1633
15210 1638
15227 1642
15243 1647
15259 1652
15277 1655
15293 1662
15309 1666
15326 1672
15342 1678
15358 1683
15375 1684
15391 1698
15407 1705
15424 1716
15440 1723
15456 1723
15473 1738
15489 1743
15505 1751
15522 1754
15538 1767
15554 1777
15571 1782
15587 1790
15603 1799
15620 1806
15636 1814
15652 1824
15669 1832
15685 1839
15701 1848
15718 1856
15734 1864
15750 1855
15767 1883
15783 1890
15799 1902
15816 1905
15832 1918
15848 1922
15865 1933
15881 1938
15897 1953
15914 1951
15930 1956
15946 1972
15963 1977
15979 1982
15995 1989
16012 1997
16028 2000
16044 2008
16061 2021
16077 2017
16093 2020
16110 2028
16126 2032
16142 2041
16159 2044
16175 2046
16191 2033
16208 2052
16224 2060
16240 2064
16257 2068
16274 2072
16290 2071
16307 2073
16323 2076
16339 2079
16356 2078
16372 2079
16388 2080
16405 2080
16421 2081
16437 2081
16454 2079
16470 2079
16486 2081
16503 2076
16519 2077
16535 2073
16552 2075
16568 2072
16584 2068
16601 2064
16617 2059
16633 2059
16650 2054
16666 2050
16682 2047
16699 2040
16715 2036
16731 2034
16748 2024
16764 2022
16780 2015
16797 2010
16813 2005
16829 1993
16846 1994
16862 1987
16878 2002
16895 1975
16911 1967
16927 1960
16944 1956
16960 1953
16976 1941
16993 1932
17009 1931
17025 1920
17042 1910
17058 1901
17074 1898
17091 1891
17107 1882
17123 1873
17140 1868
17156 1860
17172 1855
17189 1842
17205 1840
17221 1833
17238 1826
17254 1814
17270 1810
17288 1807
17304 1800
17321 1783
17337 1787
17353 1778
17370 1773
17386 1766
17402 1763
17419 1756
17435 1751
17451 1736
17468 1738
17484 1737
17500 1729
17517 1726
17533 1725
17549 1718
17566 1715
17582 1705
17598 1707
17615 1705
17631 1701
17647 1698
17664 1698
17680 1695
17696 1694
17713 1692
17729 1688
17745 1688
17762 1689
17778 1687
17794 1686
17811 1684
17827 1688
17843 1689
17860 1687
17876 1690
17892 1687
17909 1691
17925 1694
17941 1695
17958 1698
17974 1704
17990 1700
18007 1697
18023 1708
18039 1711
18056 1714
18072 1719
18088 1743
18105 1725
18121 1730
18137 1737
18154 1736
18170 1742
18186 1745
18203 1750
18219 1758
18235 1759
18252 1768
18268 1776
18284 1778
18301 1785
18317 1788
18333 1795
18350 1798
18366 1806
18382 1811
18399 1814
18415 1826
18431 1829
18448 1837
18464 1842
18480 1847
18497 1855
18513 1858
18529 1861
18546 1876
18562 1874
18578 1884
18595 1888
18611 1895
18627 1901
18644 1909
18660 1913
18676 1918
18693 1922
18709 1929
18725 1937
18742 1944
18758 1954
18774 1895
18791 1958
18807 1961
18823 1966
18840 1971
18856 1973
18872 1979
18889 1984
18905 1982
18921 1989
18938 1992
18954 2002
18970 1999
18987 2006
19003 2010
19019 2011
19036 2021
19052 2013
19068 2016
19085 2015
19101 2020
19117 2021
19134 2025
19150 2024
19166 2015
19183 2027
19199 2023
19215 2030
19232 2024
19248 2025
19264 2024
19282 2023
19298 2022
19314 2028
19331 2023
19347 2016
19363 2018
19380 2017
19396 2011
19412 2010
19429 2011
19445 2007
19461 2004
19478 1986
19494 1998
19510 1996
19527 1993
19543 1992
19559 1985
19576 1984
19592 1979
19608 1965
19625 1971
19641 1968
19657 1963
19674 1960
19690 1955
19706 1949
19723 1945
19739 1944
19755 1934
19772 1931
19788 1928
19804 1922
19821 1920
19837 1915
19853 1923
19870 1904
19886 1898
19902 1891
19919 1888
19935 1881
19951 1874
19968 1872
19984 1871
20000 1863
20017 1857
20033 1850
20049 1848
20066 1845
20082 1836
20098 1833
20115 1830
20131 1823
20147 1819
20164 1812
20180 1809
20196 1806
20213 1802
20229 1799
20245 1792
20262 1790
20279 1786
20296 1768
20312 1775
20328 1773
20345 1775
20361 1767
20377 1769
20394 1764
20410 1759
20426 1750
20443 1758
20459 1756
20475 1752
20492 1754
20508 1748
20524 1749
20541 1748
20557 1748
20573 1747
20590 1746
20606 1747
20622 1746
20639 1746
20655 1746
20671 1746
20688 1744
20704 1746
20720 1743
20737 1755
20753 1750
20769 1751
20786 1751
20802 1754
20818 1754
20835 1758
20851 1759
20867 1763
20884 1766
20900 1770
20916 1767
20933 1773
20949 1778
20965 1778
20982 1783
20998 1786
21014 1786
21031 1797
21047 1800
21063 1798
21080 1805
21096 1810
21112 1813
21129 1817
21145 1822
21161 1822
21178 1830
21194 1832
21210 1838
21227 1840
21243 1847
21259 1851
21277 1854
21293 1859
21309 1864
21326 1871
21342 1870
21358 1877
21375 1887
21391 1883
21407 1888
21424 1894
21440 1894
21456 1902
21473 1906
21489 1908
21505 1913
21522 1926
21538 1920
21554 1922
21571 1927
21587 1928
21603 1936
21620 1937
21636 1938
21652 1942
21669 1945
21685 1947
21701 1950
21718 1952
21734 1953
21750 1956
21767 1960
21783 1959
21799 1971
21816 1965
21832 1965
21848 1959
21865 1970
21881 1969
21897 1934
21914 1971
21930 1969
21946 1972
21963 1974
21979 1972
21995 1974
22012 1974
22028 1971
22044 1973
22061 1970
22077 1970
22093 1969
22110 1967
22126 1965
22142 1965
22159 1962
22175 1964
22191 1959
22208 1958
22224 1951
22240 1956
22257 1951
22274 1929
22290 1945
22307 1943
22323 1940
22339 1947
22356 1930
22372 1932
22388 1926
22405 1923
22421 1918
22437 1917
22454 1912
22470 1905
22486 1904
22503 1902
22519 1897
22535 1896
22552 1889
22568 1889
22584 1886
22601 1881
22617 1875
22633 1873
22650 1868
22666 1866
22682 1861
22699 1857
22715 1850
22731 1849
22748 1843
22764 1839
22780 1837
22797 1836
22813 1825
22829 1824
22846 1820
22862 1815
22878 1815
22895 1814
22911 1805
22927 1804
22944 1797
22960 1796
22976 1794
22993 1788
23009 1784
23025 1785
23042 1777
23058 1776
23074 1770
23091 1771
23107 1770
23123 1763
23140 1766
23156 1760
23172 1759
23189 1758
23205 1756
23221 1751
23238 1753
23254 1749
23270 1752
23288 1748
23304 1752
23321 1750
23337 1748
23353 1747
23370 1759
23386 1746
23402 1744
23419 1748
23435 1749
23451 1745
23468 1748
23484 1751
23500 1749
23517 1748
23533 1751
23549 1736
23566 1752
23582 1756
23598 1770
23615 1757
23631 1762
23647 1764
23664 1767
23680 1764
23696 1771
23713 1772
23729 1775
23745 1783
23762 1779
23778 1793
23794 1784
23811 1789
23827 1796
23843 1797
23860 1798
23876 1802
23892 1803
23909 1810
23925 1814
23941 1818
23958 1820
23974 1809
23990 1828
24007 1831
24023 1830
24039 1835
24056 1841
24072 1846
24088 1850
24105 1858
24121 1859
24137 1859
24154 1865
24170 1869
24186 1873
24203 1881
24219 1882
24235 1884
24252 1889
24268 1890
24284 1894
24301 1899
24317 1900
24333 1908
24350 1913
24366 1913
24382 1915
24399 1921
24415 1925
24431 1926
24448 1933
24464 1930
24480 1934
24497 1934
24513 1939
24529 1944
24546 1945
24562 1946
24578 1948
24595 1947
24611 1950
24627 1954
24644 1958
24660 1960
24676 1961
24693 1963
24709 1961
24725 1965
24742 1963
24758 1965
24774 1973
24791 1964
24807 1964
24823 1961
24840 1961
24856 1968
24872 1958
24889 1967
24905 1964
24921 1965
24938 1962
24954 1964
24970 1964
24987 1961
25003 1959
25019 1960
25036 1959
25052 1956
25068 1954
25085 1956
25101 1949
25117 1950
25134 1952
25150 1943
25166 1944
25183 1943
25199 1924
25215 1935
25232 1936
25248 1928
25264 1929
25282 1928
25298 1923
25314 1919
25331 1919
25347 1915
25363 1912
25380 1911
25396 1904
25412 1907
25429 1899
25445 1900
25461 1896
25478 1890
25494 1890
25510 1888
25527 1883
25543 1876
25559 1877
25576 1874
25592 1873
25608 1868
25625 1865
25641 1863
25657 1857
25674 1855
25690 1854
25706 1848
25723 1855
25739 1845
25755 1841
25772 1836
25788 1837
25804 1831
25821 1827
25837 1831
25853 1824
25870 1820
25886 1821
25902 1818
25919 1818
25935 1816
25951 1812
25968 1809
25984 1807
26000 1806
26017 1805
26033 1807
26049 1802
26066 1803
26082 1800
26098 1785
26115 1799
26131 1802
26147 1780
26164 1796
26180 1796
26196 1793
26213 1792
26229 1793
26245 1792
26262 1789
26279 1792
26296 1795
26312 1794
26328 1761
26345 1792
26361 1793
26377 1793
26394 1796
26410 1795
26426 1796
26443 1799
26459 1796
26475 1796
26492 1801
26508 1801
26524 1805
26541 1805
26557 1808
26573 1809
26590 1814
26606 1814
26622 1815
26639 1816
26655 1820
26671 1822
26688 1823
26704 1827
26720 1825
26737 1833
26753 1834
26769 1835
26786 1848
26802 1859
26818 1843
26835 1845
26851 1851
26867 1850
26884 1855
26900 1858
26916 1861
26933 1865
26949 1865
26965 1868
26982 1869
26998 1875
27014 1876
27031 1880
27047 1884
27063 1882
27080 1886
27096 1896
27112 1923
27129 1898
27145 1897
27161 1893
27178 1904
27194 1905
27210 1907
27227 1912
27243 1922
27259 1913
27277 1919
27293 1918
27309 1921
27326 1923
27342 1923
27358 1928
27375 1927
27391 1929
27407 1931
27424 1932
27440 1929
27456 1933
27473 1934
27489 1937
27505 1938
27522 1941
27538 1937
27554 1951
27571 1940
27587 1940
27603 1940
27620 1943
27636 1941
27652 1943
27669 1943
27685 1940
27701 1941
27718 1940
27734 1943
27750 1940
27767 1939
27783 1937
27799 1937
27816 1938
27832 1932
27848 1934
27865 1932
27881 1931
27897 1925
27914 1930
27930 1925
27946 1923
27963 1924
27979 1919
27995 1918
28012 1916
28028 1920
28044 1911
28061 1913
28077 1907
28093 1906
28110 1905
28126 1901
28142 1897
28159 1898
28175 1894
28191 1893
28208 1887
28224 1890
28240 1876
28257 1886
28274 1878
28290 1877
28307 1875
28323 1870
28339 1873
28356 1866
28372 1925
28388 1865
28405 1860
28421 1858
28437 1854
28454 1853
28470 1849
28486 1850
28503 1847
28519 1843
28535 1840
28552 1840
28568 1839
28584 1837
28601 1834
28617 1840
28633 1830
28650 1827
28666 1826
28682 1824
28699 1810
28715 1821
28731 1819
28748 1818
28764 1814
28780 1813
28797 1813
28813 1813
28829 1810
28846 1810
28862 1807
28878 1801
28895 1805
28911 1808
28927 1806
28944 1808
28960 1807
28976 1808
28993 1803
29009 1811
29025 1806
29042 1806
29058 1807
29074 1805
29091 1805
29107 1807
29123 1807
29140 1808
29156 1808
29172 1808
29189 1806
29205 1810
29221 1810
29238 1811
29254 1812
29270 1814
29288 1815
29304 1816
29321 1819
29337 1820
29353 1821
29370 1826
29386 1823
29402 1824
29419 1827
29435 1828
29451 1825
29468 1830
29484 1832
29500 1828
29517 1836
29533 1836
29549 1835
29566 1840
29582 1834
29598 1842
29615 1848
29631 1847
29647 1848
29664 1853
29680 1853
29696 1853
29713 1855
29729 1861
29745 1861
29762 1864
29778 1864
29794 1865
29811 1870
29827 1862
29843 1871
29860 1874
29876 1873
29892 1875
29909 1881
29925 1881
29941 1882
29958 1859
29974 1886
29990 1890
30007 1889
30023 1894
30039 1894
30056 1895
30072 1899
30088 1865
30105 1897
30121 1902
30137 1906
30154 1902
30170 1905
30186 1907
30203 1907
30219 1908
30235 1907
30252 1908
30268 1910
30284 1910
30301 1911
30317 1915
30333 1910
30350 1912
30366 1916
30382 1911
30399 1914
30415 1919
30431 1916
30448 1913
30464 1915
30480 1912
30497 1914
30513 1915
30529 1896
30546 1915
30562 1914
30578 1912
30595 1912
30611 1907
30627 1908
30644 1909
30660 1907
30676 1906
30693 1904
30709 1904
30725 1905
30742 1910
30758 1897
30774 1896
30791 1900
30807 1891
30823 1895
30840 1896
30856 1893
30872 1893
30889 1890
30905 1882
30921 1889
30938 1885
30954 1882
30970 1881
30987 1880
31003 1876
31019 1875
31036 1872
31052 1872
31068 1870
31085 1868
31101 1867
31117 1865
31134 1862
31150 1859
31166 1855
31183 1858
31199 1854
31215 1852
31232 1851
31248 1848
31264 1847
31282 1846
31298 1845
31314 1841
31331 1840
31347 1835
31363 1835
31380 1838
31396 1834
31412 1831
31429 1832
31445 1833
31461 1829
31478 1818
31494 1827
31510 1830
31527 1829
31543 1834
31559 1824
31576 1825
31592 1824
31608 1824
31625 1823
31641 1823
31657 1822
31674 1818
31690 1823
31706 1820
31723 1799
31739 1823
31755 1821
31772 1820
31788 1824
31804 1820
31821 1826
31837 1824
31853 1811
31870 1825
31886 1827
31902 1830
31919 1827
31935 1828
31951 1830
31968 1830
31984 1843
32000 1832
32017 1836
32033 1832
32049 1837
32066 1838
32082 1840
32098 1843
32115 1844
32131 1845
32147 1847
32164 1849
32180 1852
32196 1849
32213 1848
32229 1857
32245 1860
32262 1860
32279 1861
32296 1876
32312 1867
32328 1867
32345 1869
32361 1872
32377 1873
32394 1874
32410 1879
32426 1887
32443 1881
32459 1884
32475 1887
32492 1891
32508 1885
32524 1893
32541 1896
32557 1897
32573 1901
32590 1901
32606 1905
32622 1905
32639 1909
32655 1909
32671 1911
32688 1914
32704 1915
32720 1920
32737 1913
32753 1920
32769 1920
32786 1922
32802 1926
32818 1924
32835 1929
32851 1929
32867 1930
32884 1934
32900 1937
32916 1931
32933 1939
32949 1940
32965 1937
32982 1942
32998 1941
33014 1940
33031 1939
33047 1943
33063 1942
33080 1948
33096 1945
33112 1942
33129 1942
33145 1942
33161 1942
33178 1946
33194 1945
33210 1943
33227 1944
33243 1946
33259 1940
33277 1945
33293 1944
33309 1944
33326 1941
33342 1940
33358 1943
33375 1941
33391 1939
33407 1947
33424 1938
33440 1938
33456 1935
33473 1934
33489 1932
33505 1928
33522 1926
33538 1928
33554 1932
33571 1925
33587 1920
33603 1923
33620 1920
33636 1919
33652 1911
33669 1912
33685 1909
33701 1912
33718 1910
33734 1905
33750 1905
33767 1903
33783 1897
33799 1897
33816 1895
33832 1891
33848 1888
33865 1889
33881 1885
33897 1876
33914 1883
33930 1880
33946 1875
33963 1877
33979 1875
33995 1874
34012 1871
34028 1866
34044 1873
34061 1866
34077 1861
34093 1858
34110 1858
34126 1855
34142 1853
34159 1852
34175 1848
34191 1847
34208 1846
34224 1833
34240 1843
34257 1842
34274 1826
34290 1838
34307 1835
34323 1840
34339 1833
34356 1829
34372 1831
34388 1828
34405 1827
34421 1825
34437 1825
34454 1822
34470 1823
34486 1824
34503 1821
34519 1818
34535 1821
34552 1816
34568 1818
34584 1818
34601 1821
34617 1816
34633 1816
34650 1818
34666 1816
34682 1816
34699 1811
34715 1818
34731 1816
34748 1818
34764 1820
34780 1817
34797 1819
34813 1820
34829 1820
34846 1824
34862 1819
34878 1822
34895 1823
34911 1822
34927 1823
34944 1825
34960 1823
34976 1828
34993 1828
35009 1829
35025 1831
35042 1832
35058 1827
35074 1835
35091 1834
35107 1837
35123 1848
35140 1839
35156 1843
35172 1845
35189 1843
35205 1845
35221 1842
35238 1844
35254 1848
35270 1852
35288 1851
35304 1854
35321 1860
35337 1860
35353 1860
35370 1860
35386 1865
35402 1865
35419 1868
35435 1870
35451 1868
35468 1872
35484 1876
35500 1875
35517 1878
35533 1880
35549 1874
35566 1877
35582 1887
35598 1904
35615 1884
35631 1890
35647 1885
35664 1892
35680 1891
35696 1890
35713 1889
35729 1888
35745 1897
35762 1897
35778 1898
35794 1899
35811 1899
35827 1900
35843 1900
35860 1902
35876 1903
35892 1901
35909 1904
35925 1904
35941 1903
35958 1903
35974 1882
35990 1905
36007 1906
36023 1905
36039 1906
36056 1906
36072 1906
36088 1908
36105 1904
36121 1902
36137 1905
36154 1906
36170 1902
36186 1904
36203 1905
36219 1906
36235 1904
36252 1904
36268 1906
36284 1906
36301 1901
36317 1901
36333 1899
36350 1901
36366 1900
36382 1893
36399 1897
36415 1898
36431 1897
36448 1898
36464 1896
36480 1892
36497 1894
36513 1891
36529 1892
36546 1890
36562 1889
36578 1887
36595 1883
36611 1885
36627 1882
36644 1878
36660 1884
36676 1876
36693 1877
36709 1874
36725 1878
36742 1873
36758 1872
36774 1869
36791 1868
36807 1866
36823 1887
36840 1866
36856 1863
36872 1856
36889 1860
36905 1858
36921 1860
36938 1856
36954 1854
36970 1852
36987 1851
37003 1850
37019 1856
37036 1846
37052 1846
37068 1845
37085 1843
37101 1844
37117 1841
37134 1842
37150 1839
37166 1838
37183 1839
37199 1853
37215 1837
37232 1836
37248 1833
37264 1835
37282 1833
37298 1832
37314 1830
37331 1831
37347 1845
37363 1826
37380 1828
37396 1833
37412 1825
37429 1826
37445 1831
37461 1826
37478 1827
37494 1830
37510 1831
37527 1833
37543 1830
37559 1826
37576 1832
37592 1829
37608 1830
37625 1827
37641 1831
37657 1829
37674 1831
37690 1831
37706 1834
37723 1839
37739 1834
37755 1835
37772 1836
37788 1836
37804 1839
37821 1839
37837 1843
37853 1841
37870 1841
37886 1844
37902 1847
37919 1849
37935 1850
37951 1848
37968 1853
37984 1852
38000 1857
38017 1856
38033 1860
38049 1860
38066 1859
38082 1861
38098 1864
38115 1865
38131 1868
38147 1869
38164 1874
38180 1872
38196 1871
38213 1876
38229 1875
38245 1880
38262 1878
38279 1882
38296 1878
38312 1883
38328 1885
38345 1883
38361 1890
38377 1890
38394 1891
38410 1891
38426 1890
38443 1890
38459 1896
38475 1892
38492 1896
38508 1905
38524 1903
38541 1899
38557 1901
38573 1902
38590 1901
38606 1904
38622 1904
38639 1904
38655 1906
38671 1903
38688 1907
38704 1907
38720 1909
38737 1908
38753 1905
38769 1906
38786 1908
38802 1937
38818 1907
38835 1907
38851 1903
38867 1910
38884 1911
38900 1909
38916 1908
38933 1907
38949 1907
38965 1907
38982 1907
38998 1905
39014 1906
39031 1906
39047 1904
39063 1905
39080 1903
39096 1903
39112 1895
39129 1901
39145 1899
39161 1895
39178 1898
39194 1896
39210 1895
39227 1897
39243 1899
39259 1892
39277 1896
39293 1884
39309 1893
39326 1890
39342 1887
39358 1887
39375 1886
39391 1883
39407 1883
39424 1881
39440 1880
39456 1882
39473 1880
39489 1877
39505 1875
39522 1876
39538 1872
39554 1877
39571 1873
39587 1870
39603 1877
39620 1869
39636 1867
39652 1868
39669 1865
39685 1866
39701 1866
39718 1863
39734 1861
39750 1859
39767 1858
39783 1863
39799 1862
39816 1857
39832 1857
39848 1852
39865 1854
39881 1857
39897 1852
39914 1848
39930 1853
39946 1851
39963 1851
39979 1851
39995 1849
40012 1847
40028 1850
40044 1847
40061 1840
40077 1846
40093 1847
40110 1845
40126 1842
40142 1843
40159 1845
40175 1843
40191 1819
40208 1841
40224 1840
40240 1839
40257 1842
40274 1842
40290 1843
40307 1844
40323 1843
40339 1844
40356 1843
40372 1882
40388 1846
40405 1845
40421 1847
40437 1841
40454 1843
40470 1844
40486 1848
40503 1854
40519 1848
40535 1849
40552 1852
40568 1848
40584 1851
40601 1851
40617 1853
40633 1854
40650 1854
40666 1855
40682 1857
40699 1885
40715 1857
40731 1860
40748 1857
40764 1861
40780 1863
40797 1863
40813 1862
40829 1863
40846 1868
40862 1868
40878 1868
40895 1869
40911 1872
40927 1872
40944 1872
40960 1875
40976 1877
40993 1877
41009 1874
41025 1881
41042 1881
41058 1886
41074 1886
41091 1884
41107 1888
41123 1890
41140 1875
41156 1890
41172 1891
41189 1893
41205 1893
41221 1896
41238 1894
41254 1896
41270 1897
41288 1898
41304 1897
41321 1905
41337 1900
41353 1902
41370 1905
41386 1902
41402 1900
41419 1903
41435 1907
41451 1913
41468 1905
41484 1902
41500 1899
41517 1904
41533 1902
41549 1905
41566 1903
41582 1891
41598 1902
41615 1905
41631 1900
41647 1902
41664 1902
41680 1900
41696 1900
41713 1899
41729 1900
41745 1895
41762 1900
41778 1899
41794 1898
41811 1896
41827 1894
41843 1896
41860 1895
41876 1891
41892 1890
41909 1891
41925 1889
41941 1889
41958 1858
41974 1888
41990 1880
42007 1884
42023 1879
42039 1882
42056 1881
42072 1875
42088 1872
42105 1876
42121 1871
42137 1873
42154 1872
42170 1869
42186 1867
42203 1865
42219 1864
42235 1865
42252 1861
42268 1918
42284 1856
42301 1856
42317 1854
42333 1851
42350 1851
42366 1846
42382 1848
42399 1823
42415 1843
42431 1842
42448 1840
42464 1838
42480 1839
42497 1836
42513 1835
42529 1848
42546 1831
42562 1829
42578 1828
42595 1827
42611 1825
42627 1825
42644 1824
42660 1823
42676 1822
42693 1816
42709 1819
42725 1817
42742 1818
42758 1817
42774 1818
42791 1813
42807 1814
42823 1810
42840 1813
42856 1811
42872 1809
42889 1810
42905 1807
42921 1807
42938 1809
42954 1809
42970 1809
42987 1809
43003 1807
43019 1808
43036 1807
43052 1805
43068 1807
43085 1811
43101 1804
43117 1807
43134 1809
43150 1807
43166 1803
43183 1811
43199 1809
43215 1809
43232 1811
43248 1819
43264 1814
43282 1808
43298 1816
43314 1817
43331 1815
43347 1822
43363 1816
43380 1820
43396 1818
43412 1819
43429 1823
43445 1823
43461 1821
43478 1814
43494 1827
43510 1830
43527 1831
43543 1831
43559 1828
43576 1835
43592 1835
43608 1837
43625 1840
43641 1841
43657 1840
43674 1844
43690 1846
43706 1847
43723 1828
43739 1849
43755 1854
43772 1854
43788 1853
43804 1856
43821 1858
43837 1860
43853 1862
43870 1863
43886 1864
43902 1873
43919 1867
43935 1868
43951 1870
43968 1873
43984 1880
44000 1875
44017 1880
44033 1880
44049 1883
44066 1881
44082 1887
44098 1885
44115 1886
44131 1888
44147 1891
44164 1891
44180 1891
44196 1889
44213 1892
44229 1896
44245 1896
44262 1900
44279 1901
44296 1913
44312 1900
44328 1900
44345 1896
44361 1904
44377 1902
44394 1904
44410 1905
44426 1906
44443 1906
44459 1907
44475 1906
44492 1905
44508 1907
44524 1904
44541 1908
44557 1915
44573 1909
44590 1908
44606 1903
44622 1907
44639 1909
44655 1907
44671 1907
44688 1907
44704 1907
44720 1904
44737 1906
44753 1905
44769 1903
44786 1911
44802 1899
44818 1904
44835 1904
44851 1905
44867 1901
44884 1900
44900 1900
44916 1897
44933 1898
44949 1899
44965 1900
44982 1895
44998 1892
45014 1895
45031 1894
45047 1890
45063 1890
45080 1890
45096 1892
45112 1888
45129 1886
45145 1883
45161 1880
45178 1880
45194 1881
45210 1877
45227 1879
45243 1891
45259 1873
45277 1872
45293 1871
45309 1873
45326 1871
45342 1871
45358 1870
45375 1869
45391 1868
45407 1865
45424 1856
45440 1864
45456 1862
45473 1857
45489 1860
45505 1858
45522 1858
45538 1856
45554 1855
45571 1859
45587 1853
45603 1853
45620 1858
45636 1848
45652 1850
45669 1849
45685 1847
45701 1847
45718 1849
45734 1846
45750 1844
45767 1848
45783 1845
45799 1845
45816 1844
45832 1846
45848 1845
45865 1845
45881 1841
45897 1844
45914 1843
45930 1840
45946 1840
45963 1842
45979 1842
45995 1846
46012 1844
46028 1842
46044 1843
46061 1844
46077 1844
46093 1844
46110 1846
46126 1845
46142 1844
46159 1846
46175 1844
46191 1846
46208 1847
46224 1846
46240 1844
46257 1847
46274 1843
46290 1848
46307 1845
46323 1839
46339 1852
46356 1851
46372 1849
46388 1856
46405 1851
46421 1853
46437 1855
46454 1854
46470 1853
46486 1858
46503 1858
46519 1851
46535 1860
46552 1861
46568 1862
46584 1860
46601 1862
46617 1864
46633 1863
46650 1868
46666 1869
46682 1870
46699 1863
46715 1872
46731 1874
46748 1869
46764 1876
46780 1877
46797 1805
46813 1879
46829 1880
46846 1884
46862 1883
46878 1882
46895 1884
46911 1885
46927 1888
46944 1884
46960 1887
46976 1888
46993 1889
47009 1887
47025 1890
47042 1893
47058 1892
47074 1899
47091 1897
47107 1893
47123 1906
47140 1896
47156 1896
47172 1908
47189 1898
47205 1899
47221 1903
47238 1901
47254 1899
47270 1898
47288 1899
47304 1901
47321 1897
47337 1901
47353 1903
47370 1903
47386 1903
47402 1898
47419 1905
47435 1901
47451 1901
47468 1903
47484 1901
47500 1902
47517 1903
47533 1901
47549 1902
47566 1904
47582 1894
47598 1889
47615 1899
47631 1904
47647 1898
47664 1894
47680 1899
47696 1892
47713 1895
47729 1894
47745 1891
47762 1892
47778 1893
47794 1887
47811 1884
47827 1886
47843 1887
47860 1884
47876 1884
47892 1880
47909 1882
47925 1881
47941 1879
47958 1877
47974 1859
47990 1874
48007 1872
48023 1881
48039 1870
48056 1869
48072 1869
48088 1865
48105 1865
48121 1865
48137 1858
48154 1863
48170 1860
48186 1858
48203 1863
48219 1859
48235 1855
48252 1854
48268 1851
48284 1853
48301 1854
48317 1848
48333 1850
48350 1849
48366 1845
48382 1845
48399 1831
48415 1844
48431 1845
48448 1843
48464 1841
48480 1842
48497 1831
48513 1838
48529 1836
48546 1842
48562 1839
48578 1837
48595 1839
48611 1837
48627 1836
48644 1839
48660 1835
48676 1837
48693 1837
48709 1835
48725 1830
48742 1836
48758 1834
48774 1835
48791 1836
48807 1835
48823 1856
48840 1837
48856 1835
48872 1844
48889 1838
48905 1833
48921 1837
48938 1837
48954 1837
48970 1844
48987 1839
49003 1841
49019 1841
49036 1841
49052 1840
49068 1846
49085 1843
49101 1843
49117 1847
49134 1846
49150 1848
49166 1850
49183 1850
49199 1848
49215 1855
49232 1856
49248 1869
49264 1854
49282 1856
49298 1867
49314 1858
49331 1858
49347 1860
49363 1858
49380 1861
49396 1859
49412 1864
49429 1863
49445 1867
49461 1863
49478 1866
49494 1865
49510 1866
49527 1869
49543 1868
49559 1870
49576 1868
49592 1871
49608 1873
49625 1874
49641 1876
49657 1875
49674 1876
49690 1878
49706 1873
49723 1882
49739 1877
49755 1882
49772 1835
49788 1880
49804 1882
49821 1880
49837 1881
49853 1883
49870 1880
49886 1884
49902 1887
49919 1886
49935 1886
49951 1886
49968 1886
49984 1890
50000 1887
50017 1887
50033 1889
50049 1891
50066 1888
50082 1889
50098 1891
50115 1889
50131 1890
50147 1879
50164 1886
50180 1889
50196 1885
50213 1889
50229 1889
50245 1887
50262 1889
50279 1891
50296 1889
50312 1895
50328 1887
50345 1888
50361 1889
50377 1887
50394 1886
50410 1885
50426 1886
50443 1885
50459 1885
50475 1885
50492 1883
50508 1882
50524 1880
50541 1881
50557 1880
50573 1878
50590 1878
50606 1874
50622 1873
50639 1884
50655 1876
50671 1877
50688 1874
50704 1875
50720 1871
50737 1871
50753 1869
50769 1866
50786 1866
50802 1867
50818 1863
50835 1864
50851 1861
50867 1861
50884 1859
50900 1859
50916 1857
50933 1857
50949 1853
50965 1855
50982 1853
50998 1855
51014 1853
51031 1849
51047 1934
51063 1848
51080 1850
51096 1847
51112 1846
51129 1845
51145 1847
51161 1844
51178 1844
51194 1843
51210 1841
51227 1839
51243 1839
51259 1839
51277 1839
51293 1836
51309 1837
51326 1838
51342 1838
51358 1837
51375 1839
51391 1836
51407 1836
51424 1818
51440 1835
51456 1836
51473 1847
51489 1836
51505 1837
51522 1839
51538 1835
51554 1836
51571 1835
51587 1838
51603 1836
51620 1837
51636 1839
51652 1840
51669 1841
51685 1840
51701 1842
51718 1843
51734 1841
51750 1841
51767 1845
51783 1847
51799 1847
51816 1846
51832 1848
51848 1852
51865 1853
51881 1853
51897 1853
51914 1856
51930 1854
51946 1855
51963 1857
51979 1856
51995 1861
52012 1863
52028 1862
52044 1865
52061 1866
52077 1866
52093 1870
52110 1870
52126 1873
52142 1875
52159 1873
52175 1877
52191 1877
52208 1876
52224 1882
52240 1879
52257 1887
52274 1885
52290 1884
52307 1887
52323 1899
52339 1891
52356 1893
52372 1900
52388 1896
52405 1898
52421 1899
52437 1902
52454 1902
52470 1904
52486 1902
52503 1910
52519 1907
52535 1909
52552 1910
52568 1911
52584 1914
52601 1915
52617 1914
52633 1916
52650 1916
52666 1916
52682 1919
52699 1921
52715 1921
52731 1921
52748 1907
52764 1922
52780 1924
52797 1925
52813 1923
52829 1927
52846 1926
52862 1930
52878 1909
52895 1929
52911 1926
52927 1926
52944 1927
52960 1927
52976 1929
52993 1928
53009 1928
53025 1925
53042 1929
53058 1926
53074 1926
53091 1927
53107 1926
53123 1925
53140 1941
53156 1925
53172 1925
53189 1929
53205 1924
53221 1924
53238 1923
53254 1922
53270 1921
53288 1922
53304 1920
53321 1919
53337 1919
53353 1916
53370 1915
53386 1913
53402 1913
53419 1913
53435 1912
53451 1908
53468 1910
53484 1908
53500 1904
53517 1906
53533 1906
53549 1902
53566 1903
53582 1899
53598 1897
53615 1898
53631 1895
53647 1893
53664 1894
53680 1890
53696 1888
53713 1889
53729 1887
53745 1880
53762 1883
53778 1882
53794 1881
53811 1878
53827 1879
53843 1878
53860 1873
53876 1873
53892 1874
53909 1870
53925 1870
53941 1865
53958 1825
53974 1865
53990 1861
54007 1860
54023 1859
54039 1858
54056 1856
54072 1855
54088 1855
54105 1854
54121 1851
54137 1849
54154 1851
54170 1850
54186 1845
54203 1847
54219 1845
54235 1842
54252 1844
54268 1882
54284 1840
54301 1839
54317 1846
54333 1838
54350 1839
54366 1837
54382 1838
54399 1816
54415 1832
54431 1834
54448 1833
54464 1832
54480 1833
54497 1836
54513 1834
54529 1849
54546 1836
54562 1832
54578 1830
54595 1834
54611 1834
54627 1835
54644 1832
54660 1835
54676 1834
54693 1839
54709 1833
54725 1837
54742 1837
54758 1840
54774 1834
54791 1836
54807 1838
54823 1833
54840 1840
54856 1838
54872 1843
54889 1842
54905 1844
54921 1845
54938 1847
54954 1843
54970 1846
54987 1849
55003 1848
55019 1850
55036 1847
55052 1849
55068 1853
55085 1857
55101 1853
55117 1856
55134 1856
55150 1854
55166 1859
55183 1860
55199 1860
55215 1863
55232 1864
55248 1868
55264 1861
55282 1866
55298 1867
55314 1872
55331 1869
55347 1868
55363 1872
55380 1873
55396 1880
55412 1874
55429 1875
55445 1878
55461 1878
55478 1878
55494 1879
55510 1878
55527 1878
55543 1884
55559 1886
55576 1886
55592 1886
55608 1887
55625 1887
55641 1886
55657 1889
55674 1888
55690 1896
55706 1888
55723 1896
55739 1891
55755 1890
55772 1891
55788 1892
55804 1891
55821 1894
55837 1892
55853 1913
55870 1893
55886 1894
55902 1895
55919 1894
55935 1893
55951 1892
55968 1894
55984 1894
56000 1891
56017 1890
56033 1892
56049 1891
56066 1892
56082 1891
56098 1890
56115 1891
56131 1892
56147 1890
56164 1905
56180 1896
56196 1885
56213 1888
56229 1886
56245 1885
56262 1885
56279 1886
56296 1915
56312 1885
56328 1885
56345 1883
56361 1884
56377 1876
56394 1884
56410 1881
56426 1882
56443 1879
56459 1880
56475 1875
56492 1879
56508 1877
56524 1877
56541 1875
56557 1874
56573 1872
56590 1872
56606 1867
56622 1871
56639 1869
56655 1870
56671 1868
56688 1866
56704 1866
56720 1866
56737 1864
56753 1864
56769 1858
56786 1857
56802 1861
56818 1859
56835 1857
56851 1855
56867 1854
56884 1857
56900 1854
56916 1850
56933 1852
56949 1852
56965 1850
56982 1760
56998 1849
57014 1846
57031 1848
57047 1846
57063 1846
57080 1854
57096 1843
57112 1845
57129 1848
57145 1843
57161 1844
57178 1842
57194 1841
57210 1843
57227 1841
57243 1856
57259 1838
57277 1839
57293 1838
57309 1843
57326 1840
57342 1841
57358 1839
57375 1839
57391 1839
57407 1841
57424 1865
57440 1840
57456 1840
57473 1840
57489 1841
57505 1842
57522 1845
57538 1834
57554 1849
57571 1843
57587 1843
57603 1843
57620 1841
57636 1844
57652 1843
57669 1845
57685 1845
57701 1846
57718 1850
57734 1846
57750 1849
57767 1852
57783 1850
57799 1851
57816 1854
57832 1853
57848 1845
57865 1860
57881 1856
57897 1847
57914 1859
57930 1860
57946 1861
57963 1864
57979 1863
57995 1869
58012 1868
58028 1866
58044 1876
58061 1870
58077 1872
58093 1874
58110 1875
58126 1876
58142 1877
58159 1882
58175 1880
58191 1882
58208 1882
58224 1884
58240 1884
58257 1884
58274 1884
58290 1889
58307 1885
58323 1870
58339 1890
58356 1893
58372 1882
58388 1891
58405 1892
58421 1896
58437 1894
58454 1894
58470 1891
58486 1897
58503 1896
58519 1899
58535 1896
58552 1898
58568 1899
58584 1898
58601 1899
58617 1898
58633 1900
58650 1900
58666 1908
58682 1901
58699 1901
58715 1898
58731 1901
58748 1896
58764 1902
58780 1900
58797 1880
58813 1899
58829 1899
58846 1896
58862 1901
58878 1900
58895 1894
58911 1897
58927 1893
58944 1897
58960 1897
58976 1897
58993 1896
59009 1895
59025 1897
59042 1892
59058 1891
59074 1890
59091 1890
59107 1891
59123 1897
59140 1895
59156 1884
59172 1895
59189 1888
59205 1885
59221 1878
59238 1884
59254 1881
59270 1903
59288 1880
59304 1878
59321 1875
59337 1877
59353 1877
59370 1875
59386 1874
59402 1871
59419 1875
59435 1871
59451 1866
59468 1872
59484 1870
59500 1868
59517 1868
59533 1865
59549 1866
59566 1865
59582 1866
59598 1849
59615 1866
59631 1863
59647 1862
59664 1864
59680 1862
59696 1860
59713 1859
59729 1863
59745 1856
59762 1858
59778 1863
59794 1860
59811 1855
59827 1855
59843 1855
59860 1852
59876 1855
59892 1852
59909 1852
59925 1854
59941 1852
59958 1853
59974 1852
59990 1852
60007 1850
60023 1838
60039 1851
60056 1850
60072 1849
60088 1848
60105 1849
60121 1850
60137 1848
60154 1846
60170 1846
60186 1850
60203 1847
60219 1842
60235 1849
60252 1850
60268 1851
60284 1850
60301 1851
60317 1851
60333 1849
60350 1855
60366 1853
60382 1852
60399 1859
60415 1855
60431 1855
60448 1854
60464 1853
60480 1855
60497 1804
60513 1862
60529 1860
60546 1857
60562 1859
60578 1859
60595 1862
60611 1852
60627 1861
60644 1863
60660 1865
60676 1865
60693 1867
60709 1868
60725 1870
60742 1869
60758 1869
60774 1871
60791 1872
60807 1873
60823 1914
60840 1873
60856 1873
60872 1888
60889 1877
60905 1879
60921 1879
60938 1883
60954 1883
60970 1887
60987 1885
61003 1887
61019 1890
61036 1887
61052 1889
61068 1889
61085 1893
61101 1891
61117 1892
61134 1892
61150 1894
61166 1890
61183 1893
61199 1897
61215 1896
61232 1895
61248 1894
61264 1897
61282 1899
61298 1902
61314 1897
61331 1899
61347 1903
61363 1900
61380 1899
61396 1902
61412 1901
61429 1900
61445 1906
61461 1900
61478 1900
61494 1905
61510 1899
61527 1898
61543 1897
61559 1900
61576 1898
61592 1900
61608 1894
61625 1898
61641 1894
61657 1896
61674 1896
61690 1898
61706 1893
61723 1896
61739 1893
61755 1890
61772 1884
61788 1891
61804 1889
61821 1889
61837 1887
61853 1885
61870 1880
61886 1882
61902 1882
61919 1875
61935 1880
61951 1877
61968 1886
61984 1878
62000 1873
62017 1874
62033 1874
62049 1870
62066 1868
62082 1869
62098 1861
62115 1867
62131 1864
62147 1855
62164 1862
62180 1860
62196 1858
62213 1857
62229 1853
62245 1852
62262 1854
62279 1850
62296 1848
62312 1848
62328 1843
62345 1845
62361 1846
62377 1842
62394 1842
62410 1841
62426 1834
62443 1836
62459 1835
62475 1834
62492 1836
62508 1832
62524 1830
62541 1832
62557 1829
62573 1826
62590 1826
62606 1823
62622 1826
62639 1822
62655 1823
62671 1822
62688 1820
62704 1821
62720 1823
62737 1817
62753 1816
62769 1822
62786 1814
62802 1818
62818 1815
62835 1817
62851 1813
62867 1814
62884 1816
62900 1814
62916 1814
62933 1808
62949 1811
62965 1812
62982 1812
62998 1816
63014 1813
63031 1813
63047 1817
63063 1813
63080 1815
63096 1814
63112 1816
63129 1816
63145 1815
63161 1817
63178 1815
63194 1814
63210 1818
63227 1817
63243 1820
63259 1819
63277 1818
63293 1822
63309 1819
63326 1822
63342 1823
63358 1823
63375 1825
63391 1828
63407 1827
63424 1825
63440 1830
63456 1828
63473 1852
63489 1833
63505 1835
63522 1812
63538 1836
63554 1839
63571 1841
63587 1841
63603 1844
63620 1847
63636 1844
63652 1845
63669 1847
63685 1850
63701 1849
63718 1856
63734 1854
63750 1856
63767 1860
63783 1859
63799 1861
63816 1862
63832 1864
63848 1865
63865 1867
63881 1867
63897 1870
63914 1870
63930 1871
63946 1873
63963 1876
63979 1875
63995 1878
64012 1878
64028 1879
64044 1881
64061 1883
64077 1878
64093 1886
64110 1888
64126 1887
64142 1890
64159 1889
64175 1892
64191 1892
64208 1894
64224 1894
64240 1895
64257 1896
64274 1896
64290 1899
64307 1898
64323 1904
64339 1899
64356 1897
64372 1876
64388 1899
64405 1900
64421 1903
64437 1901
64454 1905
64470 1901
64486 1902
64503 1903
64519 1903
64535 1904
64552 1902
64568 1903
64584 1902
64601 1904
64617 1903
64633 1904
64650 1904
64666 1902
64682 1902
64699 1902
64715 1899
64731 1897
64748 1899
64764 1898
64780 1897
64797 1901
64813 1898
64829 1896
64846 1896
64862 1895
64878 1876
64895 1895
64911 1895
64927 1893
64944 1892
64960 1889
64976 1890
64993 1889
65009 1892
65025 1888
65042 1885
65058 1878
65074 1882
65091 1882
65107 1884
65123 1882
65140 1878
65156 1882
65172 1881
65189 1873
65205 1878
65221 1877
65238 1874
65254 1872
65270 1874
65288 1872
65304 1870
65321 1862
65337 1868
65353 1868
65370 1871
65386 1867
65402 1863
65419 1862
65435 1862
65451 1844
65468 1854
65484 1861
65500 1855
65517 1858
65533 1858
65549 1854
65566 1855
65582 1853
65598 1851
65615 1853
65631 1856
65647 1852
65664 1852
65680 1851
65696 1850
65713 1850
65729 1849
65745 1847
65762 1846
65778 1848
65794 1847
65811 1846
65827 1841
65843 1846
65860 1849
65876 1847
65892 1847
65909 1847
65925 1845
65941 1849
65958 1850
65974 1846
65990 1840
66007 1845
66023 1847
66039 1847
66056 1850
66072 1848
66088 1848
66105 1852
66121 1842
66137 1849
66154 1852
66170 1850
66186 1849
66203 1851
66219 1849
66235 1852
66252 1852
66268 1854
66284 1852
66301 1854
66317 1850
66333 1853
66350 1855
66366 1857
66382 1856
66399 1834
66415 1855
66431 1857
66448 1861
66464 1860
66480 1860
66497 1861
66513 1860
66529 1890
66546 1863
66562 1865
66578 1862
66595 1868
66611 1866
66627 1867
66644 1871
66660 1872
66676 1872
66693 1874
66709 1877
66725 1874
66742 1875
66758 1877
66774 1870
66791 1878
66807 1878
66823 1881
66840 1885
66856 1880
66872 1883
66889 1884
66905 1881
66921 1884
66938 1884
66954 1886
66970 1888
66987 1887
67003 1889
67020 1890
67036 1890
67052 1893
67069 1893
67085 1897
67102 1890
67118 1894
67135 1894
67151 1896
67167 1895
67184 1896
67200 1898
67217 1902
67233 1896
67250 1895
67266 1897
67283 1905
67300 1895
67316 1896
67333 1897
67349 1901
67366 1897
67382 1898
67398 1902
67415 1899
67431 1899
67448 1897
67464 1897
67481 1896
67497 1896
67513 1895
67530 1893
67546 1894
67563 1898
67579 1892
67596 1893
67612 1892
67628 1894
67645 1884
67661 1892
67678 1890
67694 1889
67711 1889
67727 1888
67743 1890
67760 1885
67776 1885
67793 1883
67809 1884
67826 1878
67842 1882
67858 1881
67875 1877
67891 1876
67908 1877
67924 1879
67941 1876
67957 1876
67973 1873
67990 1871
68006 1872
68023 1869
68039 1869
68056 1866
68072 1866
68088 1863
68105 1864
68121 1864
68138 1859
68154 1859
68171 1856
68187 1856
68203 1859
68220 1855
68236 1854
68253 1850
68269 1860
68287 1853
68303 1850
68320 1849
68336 1850
68353 1848
68369 1851
68385 1848
68402 1846
68418 1840
68435 1843
68451 1842
68468 1843
68484 1843
68500 1847
68517 1842
68533 1841
68550 1842
68566 1842
68583 1839
68599 1841
68615 1842
68632 1837
68648 1839
68665 1840
68681 1840
68698 1829
68714 1839
68730 1839
68747 1837
68763 1838
68780 1839
68796 1839
68813 1839
68829 1839
68845 1840
68862 1845
68878 1847
68895 1840
68911 1844
68928 1843
68944 1843
68960 1844
68977 1844
68993 1846
69010 1843
69026 1845
69043 1846
69059 1847
69075 1849
69092 1845
69108 1849
69125 1844
69141 1854
69158 1854
69174 1854
69190 1832
69207 1855
69223 1857
69240 1862
69256 1856
69274 1856
69290 1858
69306 1863
69323 1860
69339 1860
69356 1861
69372 1860
69389 1863
69405 1866
69421 1865
69438 1863
69454 1867
69471 1866
69487 1869
69504 1865
69520 1874
69536 1873
69553 1868
69569 1868
69586 1874
69602 1873
69619 1872
69635 1876
69651 1877
69668 1877
69684 1875
69701 1877
69717 1876
69734 1877
69750 1878
69766 1879
69783 1882
69799 1869
69816 1883
69832 1883
69849 1892
69865 1881
69881 1881
69898 1887
69914 1881
69931 1884
69947 1886
69964 1884
69980 1886
69996 1887
70013 1884
70029 1883
70046 1890
70062 1888
70079 1888
70095 1885
70111 1887
70128 1886
70144 1892
70161 1887
70177 1896
70194 1887
70210 1893
70226 1876
70243 1883
70259 1887
70277 1884
70293 1886
70310 1882
70326 1883
70343 1885
70359 1885
70375 1881
70392 1884
70408 1885
70425 1881
70441 1881
70458 1880
70474 1876
70490 1885
70507 1878
70523 1881
70540 1880
70556 1876
70573 1880
70589 1873
70605 1875
70622 1871
70638 1872
70655 1871
70671 1871
70688 1869
70704 1868
70720 1864
70737 1861
70753 1867
70770 1858
70786 1865
70803 1863
70819 1860
70835 1865
70852 1861
70868 1860
70885 1861
70901 1858
70918 1860
70934 1854
70950 1856
70967 1851
70983 1853
71000 1853
71016 1851
71033 1849
71049 1849
71065 1844
71082 1847
71098 1843
71115 1842
71131 1845
71148 1844
71164 1844
71180 1842
71197 1840
71213 1839
71230 1840
71246 1860
71263 1840
71280 1838
71297 1838
71313 1836
71329 1835
71346 1839
71362 1836
71379 1837
71395 1836
71412 1834
71428 1836
71444 1838
71461 1833
71477 1836
71494 1833
71510 1838
71527 1836
71543 1837
71559 1838
71576 1840
71592 1838
71609 1838
71625 1838
71642 1840
71658 1842
71674 1844
71691 1843
71707 1843
71724 1842
71740 1846
71757 1845
71773 1841
71789 1848
71806 1850
71822 1857
71839 1852
71855 1853
71872 1855
71888 1852
71904 1853
71921 1853
71937 1856
71954 1858
71970 1861
71987 1862
72003 1865
72019 1867
72036 1865
72052 1867
72069 1870
72085 1869
72102 1872
72118 1874
72134 1875
72151 1875
72167 1877
72184 1877
72200 1881
72217 1880
72233 1882
72249 1883
72266 1882
72283 1888
72300 1890
72316 1893
72333 1894
72349 1892
72366 1896
72382 1900
72398 1899
72415 1901
72431 1901
72448 1905
72464 1903
72481 1906
72497 1915
72513 1908
72530 1910
72546 1913
72563 1909
72579 1912
72596 1914
72612 1915
72628 1914
72645 1918
72661 1918
72678 1916
72694 1923
72711 1920
72727 1920
72743 1923
72760 1923
72776 1924
72793 1926
72809 1929
72826 1924
72842 1924
72858 1923
72875 1925
72891 1927
72908 1923
72924 1927
72941 1928
72957 1928
72973 1925
72990 1929
73006 1927
73023 1924
73039 1926
73056 1927
73072 1920
73088 1927
73105 1925
73121 1918
73138 1924
73154 1922
73171 1921
73187 1923
73203 1920
73220 1921
73236 1921
73253 1923
73269 1925
73287 1919
73303 1920
73320 1922
73336 1919
73352 1913
73369 1918
73385 1916
73402 1914
73418 1913
73435 1912
73451 1906
73467 1908
73484 1906
73500 1901
73517 1905
73533 1904
73550 1902
73566 1899
73582 1903
73599 1898
73615 1892
73632 1897
73648 1894
73665 1893
73681 1890
73697 1887
73714 1888
73730 1886
73747 1887
73763 1884
73780 1880
73796 1880
73812 1878
73829 1876
73845 1874
73862 1874
73878 1873
73895 1871
73911 1870
73927 1871
73944 1866
73960 1864
73977 1860
73993 1868
74010 1862
74026 1861
74042 1858
74059 1857
74075 1856
74092 1852
74108 1853
74125 1852
74141 1849
74157 1852
74174 1848
74190 1850
74207 1848
74223 1856
74240 1845
74256 1844
74274 1842
74290 1843
74306 1843
74323 1848
74339 1841
74356 1840
74372 1832
74389 1838
74405 1835
74421 1851
74438 1835
74454 1836
74471 1833
74487 1835
74504 1834
74520 1836
74536 1834
74553 1834
74569 1834
74586 1833
74602 1840
74619 1837
74635 1837
74651 1842
74668 1833
74684 1836
74701 1836
74717 1835
74734 1834
74750 1837
74766 1837
74783 1837
74799 1840
74816 1842
74832 1843
74849 1842
74865 1844
74881 1846
74898 1845
74914 1845
74931 1846
74947 1849
74964 1847
74980 1849
74996 1847
75013 1850
75029 1851
75046 1853
75062 1852
75079 1852
75095 1856
75111 1858
75128 1858
75144 1857
75161 1859
75177 1860
75194 1860
75210 1865
75226 1865
75243 1863
75259 1866
75277 1867
75293 1869
75310 1869
75326 1870
75343 1870
75359 1870
75375 1875
75392 1874
75408 1877
75425 1878
75441 1876
75458 1878
75474 1878
75490 1880
75507 1875
75523 1879
75540 1882
75556 1886
75573 1872
75589 1884
75605 1880
75622 1891
75638 1885
75655 1886
75671 1889
75688 1887
75704 1886
75720 1885
75737 1890
75753 1887
75770 1884
75786 1890
75803 1888
75819 1890
75835 1889
75852 1890
75868 1890
75885 1887
75901 1889
75918 1894
75934 1892
75950 1888
75967 1892
75983 1890
76000 1891
76016 1891
76033 1890
76049 1889
76065 1888
76082 1891
76098 1894
76115 1886
76131 1889
76148 1893
76164 1887
76180 1888
76197 1882
76213 1885
76230 1885
76246 1914
76263 1886
76280 1885
76296 1884
76313 1883
76329 1882
76346 1881
76362 1879
76379 1881
76395 1884
76411 1878
76428 1880
76444 1879
76461 1875
76477 1877
76494 1875
76510 1875
76526 1873
76543 1875
76559 1869
76576 1872
76592 1870
76609 1869
76625 1871
76641 1864
76658 1867
76674 1867
76691 1862
76707 1864
76724 1864
76740 1864
76756 1864
76773 1852
76789 1864
76806 1860
76822 1848
76839 1856
76855 1856
76871 1855
76888 1855
76904 1854
76921 1850
76937 1851
76954 1850
76970 1851
76986 1847
77003 1836
77019 1849
77036 1848
77052 1847
77069 1847
77085 1844
77101 1845
77118 1844
77134 1844
77151 1844
77167 1842
77184 1838
77200 1840
77216 1839
77233 1837
77249 1840
77266 1839
77283 1840
77300 1838
77316 1841
77333 1840
77349 1838
77365 1841
77382 1837
77398 1836
77415 1844
77431 1837
77448 1835
77464 1841
77480 1841
77497 1818
77513 1840
77530 1841
77546 1841
77563 1842
77579 1843
77595 1844
77612 1844
77628 1839
77645 1845
77661 1846
77678 1848
77694 1846
77710 1848
77727 1849
77743 1849
77760 1854
77776 1852
77793 1850
77809 1855
77825 1855
77842 1856
77858 1855
77875 1857
77891 1859
77908 1861
77924 1860
77940 1859
77957 1877
77973 1865
77990 1860
78006 1864
78023 1869
78039 1869
78055 1871
78072 1872
78088 1872
78105 1874
78121 1876
78138 1899
78154 1879
78170 1881
78187 1880
78203 1878
78220 1880
78236 1884
78253 1887
78269 1891
78287 1885
78303 1887
78319 1885
78336 1888
78352 1889
78369 1891
78385 1891
78402 1893
78418 1891
78434 1893
78451 1898
78467 1896
78484 1894
78500 1893
78517 1893
78533 1897
78549 1898
78566 1897
78582 1898
78599 1896
78615 1899
78632 1900
78648 1900
78664 1900
78681 1898
78697 1901
78714 1899
78730 1896
78747 1905
78763 1899
78779 1899
78796 1899
78812 1900
78829 1900
78845 1896
78862 1896
78878 1885
78894 1897
78911 1899
78927 1895
78944 1896
78960 1894
78977 1896
78993 1894
79009 1893
79026 1893
79042 1891
79059 1891
79075 1892
79092 1890
79108 1888
79124 1886
79141 1886
79157 1886
79174 1886
79190 1877
79207 1884
79223 1883
79239 1881
79256 1880
79273 1882
79290 1879
79306 1879
79323 1877
79339 1875
79356 1875
79372 1891
79388 1874
79405 1875
79421 1867
79438 1867
79454 1870
79471 1870
79487 1870
79503 1868
79520 1870
79536 1866
79553 1865
79569 1866
79586 1860
79602 1863
79618 1862
79635 1862
79651 1863
79668 1860
79684 1861
79701 1859
79717 1858
79733 1858
79750 1864
79766 1856
79783 1854
79799 1826
79816 1855
79832 1856
79848 1856
79865 1855
79881 1854
79898 1853
79914 1852
79931 1854
79947 1852
79963 1854
79980 1847
79996 1850
80013 1851
80029 1851
80046 1849
80062 1851
80078 1850
80095 1849
80111 1853
80128 1849
80144 1850
80161 1851
80177 1858
80193 1850
80210 1851
80226 1851
80243 1856
80259 1851
80277 1851
80293 1838
80310 1851
80326 1853
80342 1849
80359 1852
80375 1854
80392 1854
80408 1854
80425 1854
80441 1855
80457 1858
80474 1856
80490 1861
80507 1856
80523 1860
80540 1859
80556 1859
80572 1860
80589 1860
80605 1857
80622 1863
80638 1865
80655 1865
80671 1867
80687 1867
80704 1866
80720 1864
80737 1865
80753 1869
80770 1871
80786 1873
80802 1871
80819 1872
80835 1878
80852 1886
80868 1878
80885 1878
80901 1878
80917 1879
80934 1879
80950 1882
80967 1883
80983 1887
81000 1886
81016 1884
81032 1893
81049 1888
81065 1888
81082 1890
81098 1890
81115 1892
81131 1895
81147 1891
81164 1871
81180 1889
81197 1897
81213 1893
81230 1895
81246 1895
81262 1895
81280 1899
81296 1898
81313 1903
81329 1898
81346 1894
81362 1898
81379 1900
81395 1901
81411 1901
81428 1900
81444 1901
81461 1899
81477 1882
81494 1901
81510 1902
81526 1899
81543 1902
81559 1899
81576 1897
81592 1897
81609 1895
81625 1898
81641 1895
81658 1895
81674 1891
81691 1892
81707 1894
81724 1893
81740 1880
81756 1893
81773 1890
81789 1888
81806 1889
81822 1886
81839 1884
81855 1885
81871 1885
81888 1883
81904 1882
81921 1878
81937 1880
81954 1883
81970 1875
81986 1877
82003 1874
82019 1871
82036 1870
82052 1871
82069 1870
82085 1906
82101 1870
82118 1864
82134 1864
82151 1862
82167 1863
82184 1864
82200 1860
82216 1856
82233 1855
82249 1853
82266 1853
82283 1850
82300 1849
82316 1847
82332 1846
82349 1845
82365 1843
82382 1845
82398 1844
82415 1839
82431 1835
82447 1837
82464 1836
82480 1833
82497 1832
82513 1832
82530 1831
82546 1828
82562 1829
82579 1826
82595 1823
82612 1834
82628 1821
82645 1824
82661 1822
82677 1819
82694 1821
82710 1814
82727 1820
82743 1820
82760 1816
82776 1817
82792 1817
82809 1817
82825 1815
82842 1815
82858 1814
82875 1815
82891 1811
82907 1813
82924 1813
82940 1814
82957 1813
82973 1813
82990 1814
83006 1815
83022 1809
83039 1812
83055 1814
83072 1809
83088 1811
83105 1816
83121 1817
83137 1817
83154 1817
83170 1812
83187 1818
83203 1816
83220 1820
83236 1817
83252 1818
83269 1816
83287 1821
83303 1822
83319 1826
83336 1823
83352 1830
83369 1830
83385 1827
83402 1830
83418 1828
83434 1831
83451 1830
83467 1835
83484 1834
83500 1834
83517 1835
83533 1836
83549 1842
83566 1840
83582 1842
83599 1842
83615 1847
83632 1846
83648 1849
83664 1850
83681 1851
83697 1862
83714 1853
83730 1853
83747 1851
83763 1857
83779 1857
83796 1861
83812 1862
83829 1860
83845 1865
83862 1865
83878 1867
83894 1870
83911 1871
83927 1872
83944 1872
83960 1879
83977 1877
83993 1876
84009 1879
84026 1880
84042 1881
84059 1882
84075 1882
84092 1887
84108 1886
84124 1888
84141 1887
84157 1887
84174 1888
84190 1891
84207 1891
84223 1888
84239 1894
84256 1895
84273 1894
84290 1894
84306 1895
84323 1901
84339 1899
84355 1897
84372 1894
84388 1899
84405 1901
84421 1907
84438 1902
84454 1898
84470 1895
84487 1897
84503 1899
84520 1899
84536 1901
84553 1902
84569 1903
84585 1901
84602 1900
84618 1905
84635 1903
84651 1901
84668 1902
84684 1900
84700 1901
84717 1900
84733 1899
84750 1900
84766 1896
84783 1899
84799 1897
84815 1895
84832 1895
84848 1895
84865 1895
84881 1896
84898 1896
84914 1893
84930 1893
84947 1899
84963 1890
84980 1890
84996 1898
85013 1887
85029 1891
85045 1885
85062 1885
85078 1884
85095 1885
85111 1883
85128 1878
85144 1881
85160 1878
85177 1878
85193 1876
85210 1875
85226 1874
85243 1873
85259 1871
85277 1873
85293 1871
85309 1871
85326 1868
85342 1867
85359 1868
85375 1866
85392 1861
85408 1863
85424 1863
85441 1864
85457 1860
85474 1860
85490 1860
85507 1862
85523 1852
85539 1860
85556 1855
85572 1842
85589 1855
85605 1855
85622 1866
85638 1853
85654 1853
85671 1852
85687 1852
85704 1852
85720 1849
85737 1849
85753 1845
85769 1847
85786 1851
85802 1847
85819 1846
85835 1848
85852 1849
85868 1847
85884 1842
85901 1849
85917 1849
85934 1847
85950 1848
85967 1845
85983 1846
85999 1845
86016 1849
86032 1848
86049 1851
86065 1840
86082 1848
86098 1852
86114 1852
86131 1851
86147 1853
86164 1850
86180 1851
86197 1849
86213 1850
86229 1852
86246 1857
86262 1852
86280 1852
86296 1855
86313 1854
86329 1854
86346 1857
86362 1854
86378 1855
86395 1857
86411 1862
86428 1858
86444 1857
86461 1861
86477 1858
86493 1860
86510 1864
86526 1864
86543 1864
86559 1863
86576 1866
86592 1868
86608 1864
86625 1869
86641 1869
86658 1869
86674 1869
86691 1867
86707 1873
86723 1875
86740 1876
86756 1876
86773 1868
86789 1879
86806 1878
86822 1871
86838 1880
86855 1882
86871 1884
86888 1883
86904 1888
86921 1886
86937 1887
86953 1887
86970 1886
86986 1888
87003 1888
87019 1889
87036 1888
87052 1891
87068 1892
87085 1891
87101 1892
87118 1893
87134 1901
87151 1894
87167 1892
87183 1894
87200 1894
87216 1896
87233 1895
87249 1898
87266 1895
87283 1899
87300 1895
87316 1895
87332 1896
87349 1895
87365 1899
87382 1898
87398 1899
87415 1897
87431 1896
87447 1900
87464 1890
87480 1892
87497 1902
87513 1894
87530 1896
87546 1881
87562 1895
87579 1895
87595 1896
87612 1894
87628 1890
87645 1891
87661 1890
87677 1893
87694 1886
87710 1888
87727 1890
87743 1884
87760 1889
87776 1887
87792 1884
87809 1885
87825 1884
87842 1883
87858 1882
87875 1878
87891 1877
87907 1878
87924 1876
87940 1877
87957 1873
87973 1869
87990 1868
88006 1870
88022 1872
88039 1870
88055 1868
88072 1872
88088 1865
88105 1864
88121 1811
88137 1862
88154 1861
88170 1859
88187 1859
88203 1856
88220 1857
88236 1852
88252 1856
88269 1848
88286 1851
88303 1851
88319 1852
88336 1850
88352 1848
88368 1845
88385 1846
88401 1847
88418 1847
88434 1846
88451 1845
88467 1843
88483 1844
88500 1842
88516 1841
88533 1843
88549 1842
88566 1839
88582 1840
88598 1839
88615 1838
88631 1839
88648 1841
88664 1839
88681 1837
88697 1823
88713 1839
88730 1842
88746 1833
88763 1843
88779 1840
88796 1836
88812 1838
88828 1836
88845 1845
88861 1838
88878 1838
88894 1841
88911 1840
88927 1841
88943 1844
88960 1847
88976 1842
88993 1846
89009 1845
89026 1844
89042 1846
89058 1841
89075 1849
89091 1847
89108 1848
89124 1853
89141 1853
89157 1851
89173 1860
89190 1853
89206 1854
89223 1855
89239 1855
89256 1856
89273 1858
89290 1859
89306 1863
89322 1863
89339 1863
89355 1859
89372 1863
89388 1862
89405 1865
89421 1869
89437 1864
89454 1869
89470 1868
89487 1862
89503 1867
89520 1871
89536 1876
89552 1873
89569 1873
89585 1874
89602 1872
89618 1875
89635 1876
89651 1878
89667 1875
89684 1875
89700 1878
89717 1878
89733 1878
89750 1880
89766 1880
89782 1880
89799 1898
89815 1883
89832 1880
89848 1878
89865 1882
89881 1885
89897 1884
89914 1886
89930 1882
89947 1883
89963 1881
89980 1891
89996 1885
90012 1886
90029 1885
90045 1886
90062 1886
90078 1886
90095 1887
90111 1859
90127 1887
90144 1886
90160 1888
90177 1887
90193 1889
90210 1888
90226 1884
90242 1885
90259 1887
90276 1883
90293 1900
90309 1888
90326 1884
90342 1890
90359 1884
90375 1882
90391 1885
90408 1880
90424 1894
90441 1881
90457 1881
90474 1882
90490 1878
90506 1880
90523 1876
90539 1880
90556 1879
90572 1878
90589 1875
90605 1885
90621 1873
90638 1875
90654 1867
90671 1862
90687 1870
90704 1868
90720 1870
90736 1866
90753 1865
90769 1861
90786 1862
90802 1861
90819 1861
90835 1861
90851 1856
90868 1860
90884 1860
90901 1857
90917 1855
90934 1858
90950 1855
90966 1856
90983 1867
90999 1850
91016 1850
91032 1851
91049 1849
91065 1848
91081 1845
91098 1847
91114 1846
91131 1843
91147 1843
91164 1851
91180 1843
91196 1842
91213 1836
91229 1841
91246 1840
91262 1838
91280 1828
91296 1838
91313 1837
91329 1838
91345 1842
91362 1838
91378 1840
91395 1841
91411 1836
91428 1836
91444 1838
91460 1839
91477 1843
91493 1838
91510 1837
91526 1837
91543 1837
91559 1838
91575 1840
91592 1836
91608 1842
91625 1840
91641 1842
91658 1842
91674 1844
91690 1843
91707 1841
91723 1845
91740 1846
91756 1847
91773 1853
91789 1847
91805 1848
91822 1849
91838 1852
91855 1855
91871 1854
91888 1856
91904 1858
91920 1857
91937 1858
91953 1859
91970 1860
91986 1862
92003 1861
92019 1864
92035 1863
92052 1866
92068 1866
92085 1868
92101 1870
92118 1873
92134 1874
92150 1873
92167 1876
92183 1879
92200 1880
92216 1882
92233 1885
92249 1892
92265 1887
92283 1887
92299 1890
92316 1889
92332 1890
92349 1894
92365 1893
92381 1893
92398 1891
92414 1899
92431 1900
92447 1899
92464 1904
92480 1903
92496 1904
92513 1908
92529 1909
92546 1911
92562 1911
92579 1917
92595 1913
92611 1912
92628 1915
92644 1918
92661 1917
92677 1913
92694 1920
92710 1918
92726 1919
92743 1922
92759 1922
92776 1921
92792 1922
92809 1924
92825 1919
92841 1923
92858 1925
92874 1923
92891 1926
92907 1924
92924 1927
92940 1927
92956 1921
92973 1925
92989 1928
93006 1926
93022 1927
93039 1926
93055 1929
93071 1925
93088 1925
93104 1927
93121 1926
93137 1923
93154 1926
93170 1927
93186 1926
93203 1922
93219 1916
93236 1921
93252 1921
93269 1920
93286 1917
93303 1918
93319 1917
93336 1918
93352 1916
93368 1912
93385 1915
93401 1913
93418 1912
93434 1909
93451 1908
93467 1909
93483 1908
93500 1905
93516 1905
93533 1903
93549 1902
93566 1899
93582 1897
93598 1896
93615 1894
93631 1893
93648 1891
93664 1893
93681 1889
93697 1901
93713 1886
93730 1885
93746 1882
93763 1882
93779 1882
93796 1879
93812 1883
93828 1875
93845 1878
93861 1874
93878 1876
93894 1869
93911 1868
93927 1868
93943 1865
93960 1862
93976 1864
93993 1862
94009 1859
94026 1862
94042 1858
94058 1860
94075 1856
94091 1856
94108 1853
94124 1854
94141 1850
94157 1851
94173 1850
94190 1855
94206 1846
94223 1845
94239 1845
94256 1843
94273 1844
94290 1842
94306 1842
94322 1845
94339 1840
94355 1841
94372 1849
94388 1839
94405 1839
94421 1823
94437 1837
94454 1837
94470 1851
94487 1837
94503 1838
94520 1835
94536 1834
94552 1838
94569 1834
94585 1834
94602 1836
94618 1836
94635 1836
94651 1836
94667 1833
94684 1836
94700 1837
94717 1837
94733 1837
94750 1837
94766 1839
94782 1837
94799 1840
94815 1842
94832 1839
94848 1840
94865 1844
94881 1842
94897 1846
94914 1843
94930 1842
94947 1843
94963 1847
94980 1845
94996 1864
95012 1850
95029 1853
95045 1847
95062 1852
95078 1854
95095 1855
95111 1856
95127 1857
95144 1856
95160 1858
95177 1858
95193 1861
95210 1861
95226 1861
95242 1863
95259 1864
95276 1867
95293 1875
95309 1868
95326 1869
95342 1869
95359 1870
95375 1871
95391 1873
95408 1874
95424 1875
95441 1876
95457 1874
95474 1876
95490 1880
95506 1879
95523 1877
95539 1881
95556 1881
95572 1869
95589 1881
95605 1882
95621 1899
95638 1887
95654 1884
95671 1886
95687 1884
95704 1889
95720 1889
95736 1889
95753 1890
95769 1893
95786 1891
95802 1889
95819 1888
95835 1890
95851 1892
95868 1890
95884 1892
95901 1892
95917 1893
95934 1893
95950 1891
95966 1894
95983 1890
95999 1891
96016 1891
96032 1890
96049 1889
96065 1889
96081 1890
96098 1891
96114 1889
96131 1889
96147 1883
96164 1886
96180 1888
96196 1886
96213 1888
96229 1886
96246 1876
96262 1884
96280 1884
96296 1883
96313 1885
96329 1886
96345 1883
96362 1883
96378 1880
96395 1888
96411 1880
96428 1881
96444 1874
96460 1875
96477 1878
96493 1873
96510 1878
96526 1879
96543 1872
96559 1875
96575 1873
96592 1869
96608 1872
96625 1871
96641 1870
96658 1867
96674 1866
96690 1864
96707 1863
96723 1866
96740 1861
96756 1873
96773 1873
96789 1865
96805 1861
96822 1845
96838 1857
96855 1859
96871 1857
96888 1853
96904 1856
96920 1855
96937 1853
96953 1851
96970 1848
96986 1849
97003 1847
97019 1849
97035 1849
97052 1845
97068 1845
97085 1846
97101 1845
97118 1845
97134 1845
97150 1842
97167 1842
97183 1840
97200 1843
97216 1843
97233 1842
97249 1840
97265 1840
97283 1840
97299 1839
97316 1842
97332 1841
97349 1838
97365 1839
97381 1839
97398 1838
97414 1840
97431 1840
97447 1846
97464 1844
97480 1841
97496 1844
97513 1838
97529 1843
97546 1832
97562 1841
97579 1842
97595 1846
97611 1844
97628 1838
97644 1845
97661 1843
97677 1845
97694 1845
97710 1847
97726 1848
97743 1850
97759 1851
97776 1852
97792 1850
97809 1853
97825 1856
97841 1858
97858 1858
97874 1858
97891 1859
97907 1862
97924 1861
97940 1862
97956 1864
97973 1865
97989 1862
98006 1867
98022 1869
98039 1870
98055 1870
98071 1868
98088 1872
98104 1873
98121 1839
98137 1875
98154 1877
98170 1880
98186 1880
98203 1880
98219 1883
98236 1882
98252 1885
98269 1888
98286 1889
98303 1885
98319 1887
98336 1887
98352 1888
98368 1891
98385 1891
98401 1891
98418 1894
98434 1893
98451 1894
98467 1895
98483 1896
98500 1896
98516 1897
98533 1897
98549 1897
98566 1898
98582 1899
98598 1899
98615 1893
98631 1897
98648 1898
98664 1896
98681 1901
98697 1909
98713 1902
98730 1903
98746 1914
98763 1900
98779 1901
98796 1895
98812 1899
98828 1899
98845 1901
98861 1897
98878 1898
98894 1904
98911 1897
98927 1895
98943 1895
98960 1895
98976 1894
98993 1893
99009 1894
99026 1895
99042 1894
99058 1896
99075 1892
99091 1887
99108 1894
99124 1889
99141 1890
99157 1886
99173 1884
99190 1884
99206 1890
99223 1883
99239 1884
99256 1881
99273 1880
99290 1879
99306 1883
99322 1855
99339 1875
99355 1877
99372 1872
99388 1873
99405 1874
99421 1870
99437 1870
99454 1870
99470 1871
99487 1864
99503 1867
99520 1868
99536 1868
99552 1866
99569 1866
99585 1866
99602 1863
99618 1866
99635 1864
99651 1863
99667 1860
99684 1860
99700 1861
99717 1858
99733 1861
99750 1859
99766 1857
99782 1857
99799 1856
99815 1858
99832 1854
99848 1850
99865 1853
99881 1852
99897 1865
99914 1850
99930 1853
99947 1864
99963 1854
99980 1854
99996 1855
100012 1850
100029 1853
100045 1852
100062 1852
100078 1849
100095 1852
100111 1851
100127 1849
100144 1851
100160 1850
100177 1849
100193 1853
100210 1850
100226 1850
100242 1850
100259 1853
100276 1851
100293 1852
100309 1851
100326 1853
100342 1852
100359 1854
100375 1856
100391 1853
100408 1855
100424 1856
100441 1855
100457 1856
100474 1856
100490 1856
100506 1853
100523 1854
100539 1859
100556 1859
100572 1858
100589 1861
100605 1861
100621 1859
100638 1863
100654 1865
100671 1865
100687 1867
100704 1867
100720 1867
100736 1867
100753 1868
100769 1873
100785 1872
100801 1871
100818 1872
100834 1874
100850 1872
100867 1876
100883 1875
100899 1876
100915 1879
100932 1880
100948 1879
100964 1882
100981 1886
100997 1898
101013 1887
101029 1884
101046 1852
101062 1888
101078 1889
101095 1896
101111 1888
101127 1893
101143 1891
101160 1893
101176 1893
101192 1893
101209 1892
101225 1894
101241 1896
101257 1895
101275 1901
101291 1900
101307 1899
101324 1902
101340 1899
101356 1901
101373 1900
101389 1897
101405 1902
101421 1901
101438 1901
101454 1905
101470 1900
101487 1900
101503 1901
101519 1901
101535 1900
101552 1897
101568 1899
101584 1901
101601 1897
101617 1896
101633 1901
101649 1893
101666 1895
101682 1895
101698 1896
101715 1895
101731 1897
101747 1889
101763 1891
101780 1890
101796 1889
101812 1890
101829 1887
101845 1886
101861 1886
101877 1888
101894 1883
101910 1884
101926 1879
101943 1881
101959 1878
101975 1877
101991 1883
102008 1889
102024 1873
102040 1873
102057 1873
102073 1869
102089 1867
102105 1865
102122 1867
102138 1862
102154 1862
102171 1856
102187 1863
102203 1859
102219 1858
102236 1855
102252 1854
102268 1839
102285 1852
102301 1850
102317 1853
102333 1849
102350 1842
102366 1841
102382 1839
102399 1839
102415 1838
102431 1836
102447 1840
102464 1835
102480 1835
102496 1833
102513 1835
102529 1829
102545 1829
102561 1827
102578 1827
102594 1826
102610 1825
102627 1826
102643 1823
102659 1819
102675 1820
102692 1821
102708 1820
102724 1818
102741 1817
102757 1816
102773 1814
102789 1816
102806 1818
102822 1813
102838 1815
102855 1816
102871 1813
102887 1814
102903 1805
102920 1815
102936 1813
102952 1812
102969 1813
102985 1814
103001 1814
103017 1814
103034 1802
103050 1814
103066 1815
103083 1812
103099 1816
103115 1814
103131 1814
103148 1814
103164 1820
103180 1815
103197 1816
103213 1813
103229 1818
103245 1820
103262 1818
103279 1821
103295 1822
103312 1816
103328 1824
103344 1824
103361 1825
103377 1825
103393 1829
103409 1827
103426 1829
103442 1831
103458 1833
103475 1840
103491 1831
103507 1834
103523 1833
103540 1836
103556 1839
103572 1844
103589 1841
103605 1850
103621 1846
103637 1846
103654 1847
103670 1848
103686 1850
103703 1850
103719 1851
103735 1853
103751 1857
103768 1857
103784 1859
103800 1854
103817 1861
103833 1864
103849 1866
103865 1865
103882 1868
103898 1867
103914 1870
103931 1885
103947 1872
103963 1873
103979 1873
103996 1877
104012 1876
104028 1879
104045 1881
104061 1880
104077 1883
104093 1885
104110 1885
104126 1884
104142 1887
104159 1890
104175 1891
104191 1891
104207 1891
104224 1892
104240 1890
104256 1892
104274 1894
104290 1891
104306 1894
104323 1900
104339 1899
104355 1899
104371 1910
104388 1901
104404 1902
104420 1905
104437 1902
104453 1901
104469 1902
104485 1906
104502 1905
104518 1902
104534 1903
104551 1902
104567 1903
104583 1903
104599 1903
104616 1904
104632 1900
104648 1900
104665 1901
104681 1900
104697 1905
104713 1901
104730 1902
104746 1903
104762 1898
104779 1901
104795 1898
104811 1895
104827 1896
104844 1896
104860 1897
104876 1895
104893 1898
104909 1887
104925 1896
104941 1894
104958 1890
104974 1891
104990 1891
105007 1787
105023 1887
105039 1884
105055 1884
105072 1882
105088 1884
105104 1878
105121 1887
105137 1894
105153 1880
105169 1878
105186 1880
105202 1875
105218 1877
105235 1876
105251 1874
105267 1861
105284 1870
105301 1872
105317 1870
105333 1870
105349 1869
105366 1864
105382 1864
105398 1860
105415 1863
105431 1863
105447 1859
105463 1861
105480 1860
105496 1860
105512 1860
105529 1840
105545 1859
105561 1857
105577 1857
105594 1856
105610 1848
105626 1854
105643 1852
105659 1853
105675 1853
105691 1853
105708 1850
105724 1852
105740 1846
105757 1848
105773 1854
105789 1845
105805 1852
105822 1848
105838 1844
105854 1847
105871 1851
105887 1847
105903 1868
105919 1848
105936 1847
105952 1852
105968 1847
105985 1849
106001 1844
106017 1850
106033 1860
106050 1850
106066 1849
106082 1845
106099 1850
106115 1852
106131 1850
106147 1847
106164 1846
106180 1850
106196 1851
106213 1848
106229 1854
106245 1853
106261 1853
106279 1854
106295 1854
106311 1853
106328 1854
106344 1855
106360 1854
106377 1854
106393 1861
106409 1855
106425 1858
106442 1859
106458 1860
106474 1859
106491 1862
106507 1860
106523 1868
106539 1862
106556 1866
106572 1864
106588 1863
106605 1874
106621 1866
106637 1870
106653 1870
106670 1872
106686 1871
106702 1872
106719 1873
106735 1876
106751 1879
106767 1878
106784 1874
106800 1878
106816 1879
106833 1883
106849 1879
106865 1881
106881 1883
106898 1884
106914 1882
106930 1885
106947 1883
106963 1888
106979 1886
106995 1891
107012 1890
107028 1890
107044 1895
107061 1890
107077 1891
107093 1891
107109 1894
107126 1897
107142 1890
107158 1897
107175 1893
107191 1894
107207 1895
107223 1896
107240 1895
107256 1897
107273 1899
107290 1897
107306 1897
107322 1888
107339 1896
107355 1898
107371 1907
107387 1899
107404 1898
107420 1900
107436 1899
107453 1900
107469 1904
107485 1902
107501 1894
107518 1896
107534 1897
107550 1898
107567 1895
107583 1897
107599 1895
107615 1894
107632 1893
107648 1890
107664 1891
107681 1892
107697 1894
107713 1888
107729 1888
107746 1899
107762 1888
107778 1884
107795 1887
107811 1885
107827 1885
107843 1883
107860 1882
107876 1875
107892 1881
107909 1878
107925 1878
107941 1878
107957 1876
107974 1874
107990 1873
108006 1872
108023 1868
108039 1869
108055 1868
108071 1862
108088 1866
108104 1863
108120 1862
108137 1862
108153 1862
108169 1857
108185 1860
108202 1857
108218 1854
108234 1855
108251 1855
108267 1856
108284 1854
108301 1852
108317 1851
108333 1852
108349 1848
108366 1848
108382 1847
108398 1845
108415 1845
108431 1847
108447 1835
108463 1843
108480 1844
108496 1843
108512 1842
108529 1843
108545 1842
108561 1841
108577 1840
108594 1840
108610 1840
108626 1837
108643 1839
108659 1841
108675 1841
108691 1839
108708 1839
108724 1840
108740 1838
108757 1838
108773 1838
108789 1839
108805 1839
108822 1812
108838 1840
108854 1843
108871 1855
108887 1841
108903 1840
108919 1843
108936 1843
108952 1840
108968 1842
108985 1843
109001 1844
109017 1844
109033 1845
109050 1846
109066 1845
109082 1845
109099 1848
109115 1849
109131 1849
109147 1856
109164 1848
109180 1849
109196 1831
109213 1852
109229 1851
109245 1856
109261 1857
109279 1855
109295 1859
109311 1858
109328 1859
109344 1860
109360 1863
109376 1863
109393 1868
109409 1865
109425 1866
109442 1867
109458 1867
109474 1868
109490 1868
109507 1869
109523 1869
109539 1868
109556 1873
109572 1869
109588 1874
109604 1875
109621 1875
109637 1874
109653 1876
109670 1875
109686 1877
109702 1877
109718 1881
109735 1876
109751 1879
109767 1880
109784 1880
109800 1881
109816 1881
109832 1881
109849 1885
109865 1882
109881 1881
109898 1882
109914 1885
109930 1883
109946 1895
109963 1885
109979 1883
109995 1886
110012 1889
110028 1885
110044 1888
110060 1887
110077 1886
110093 1892
110109 1895
110126 1888
110142 1887
110158 1885
110174 1886
110191 1888
110207 1886
110223 1885
110240 1888
110256 1888
110273 1887
110290 1884
110306 1885
110322 1889
110338 1884
110355 1883
110371 1880
110387 1882
110404 1884
110420 1883
110436 1881
110452 1882
110469 1877
110485 1880
110501 1884
110518 1878
110534 1878
110550 1877
110566 1879
110583 1877
110599 1876
110615 1875
110632 1874
110648 1872
110664 1874
110680 1869
110697 1854
110713 1867
110729 1868
110746 1840
110762 1865
110778 1871
110794 1863
110811 1863
110827 1866
110843 1864
110860 1862
110876 1865
110892 1858
110908 1857
110925 1859
110941 1856
110957 1857
110974 1858
110990 1855
111006 1862
111022 1867
111039 1852
111055 1850
111071 1855
111088 1848
111104 1844
111120 1846
111136 1846
111153 1845
111169 1845
111185 1841
111202 1841
111218 1840
111234 1841
111250 1840
111267 1839
111284 1840
111301 1839
111317 1842
111333 1840
111349 1838
111366 1837
111382 1838
111398 1835
111415 1836
111431 1839
111447 1825
111463 1841
111480 1838
111496 1827
111512 1838
111529 1837
111545 1840
111561 1839
111577 1841
111594 1842
111610 1842
111626 1841
111643 1840
111659 1842
111675 1840
111691 1844
111708 1845
111724 1845
111740 1846
111757 1845
111773 1847
111789 1849
111805 1850
111822 1840
111838 1847
111854 1849
111871 1813
111887 1854
111903 1855
111919 1864
111936 1858
111952 1860
111968 1855
111985 1862
112001 1863
112017 1865
112033 1866
112050 1866
112066 1869
112082 1868
112099 1872
112115 1873
112131 1875
112147 1888
112164 1876
112180 1880
112196 1880
112213 1882
112229 1884
112245 1885
112261 1887
112279 1883
112295 1886
112311 1893
112328 1891
112344 1895
112360 1896
112377 1896
112393 1900
112409 1899
112425 1901
112442 1901
112458 1903
112474 1906
112491 1905
112507 1908
112523 1908
112539 1909
112556 1907
112572 1913
112588 1910
112605 1914
112621 1912
112637 1914
112653 1918
112670 1913
112686 1923
112702 1917
112719 1914
112735 1925
112751 1921
112767 1924
112784 1926
112800 1928
112816 1929
112833 1925
112849 1927
112865 1927
112881 1925
112898 1928
112914 1926
112930 1928
112947 1929
112963 1926
112979 1928
112995 1966
113012 1927
113028 1927
113044 1927
113061 1930
113077 1928
113093 1921
113109 1923
113126 1923
113142 1925
113158 1924
113175 1925
113191 1922
113207 1923
113223 1921
113240 1922
113256 1923
113273 1921
113290 1920
113306 1918
113322 1899
113338 1916
113355 1915
113371 1910
113387 1915
113404 1915
113420 1912
113436 1905
113452 1912
113469 1906
113485 1907
113501 1905
113518 1906
113534 1905
113550 1903
113566 1902
113583 1900
113599 1895
113615 1896
113632 1897
113648 1894
113664 1892
113680 1892
113697 1887
113713 1888
113729 1887
113746 1884
113762 1882
113778 1882
113794 1881
113811 1880
113827 1880
113843 1877
113860 1874
113876 1876
113892 1874
113908 1871
113925 1868
113941 1867
113957 1866
113974 1863
113990 1865
114006 1862
114022 1861
114039 1862
114055 1860
114071 1857
114088 1856
114104 1854
114120 1856
114136 1850
114153 1852
114169 1850
114185 1850
114202 1850
114218 1847
114234 1847
114250 1846
114267 1845
114284 1843
114301 1843
114317 1842
114333 1841
114349 1839
114366 1842
114382 1839
114398 1839
114415 1837
114431 1837
114447 1836
114463 1837
114480 1835
114496 1835
114512 1835
114529 1839
114545 1836
114561 1836
114577 1836
114594 1835
114610 1835
114626 1837
114643 1835
114659 1837
114675 1837
114691 1838
114708 1836
114724 1839
114740 1840
114757 1839
114773 1844
114789 1839
114805 1840
114822 1840
114838 1840
114854 1843
114871 1843
114887 1844
114903 1829
114919 1846
114936 1846
114952 1843
114968 1848
114985 1850
115001 1850
115017 1850
115033 1858
115050 1853
115066 1852
115082 1852
115099 1852
115115 1855
115131 1856
115147 1857
115164 1864
115180 1861
115196 1861
115213 1861
115229 1862
115245 1862
115261 1863
115279 1865
115295 1865
115311 1870
115328 1868
115344 1866
115360 1871
115377 1875
115393 1870
115409 1875
115425 1874
115442 1879
115458 1873
115474 1878
115491 1876
115507 1879
115523 1881
115539 1880
115556 1886
115572 1881
115588 1884
115605 1872
115621 1884
115637 1886
115653 1886
115670 1887
115686 1887
115702 1888
115719 1887
115735 1887
115751 1888
115767 1889
115784 1890
115800 1880
115816 1891
115833 1891
115849 1891
115865 1891
115881 1891
115898 1892
115914 1890
115930 1852
115947 1892
115963 1889
115979 1889
115995 1888
116012 1889
116028 1893
116044 1890
116061 1894
116077 1891
116093 1890
116109 1892
116126 1887
116142 1888
116158 1890
116175 1892
116191 1890
116207 1890
116223 1887
116240 1886
116256 1888
116273 1887
116290 1896
116306 1885
116322 1884
116338 1881
116355 1885
116371 1885
116387 1880
116404 1882
116420 1885
116436 1879
116452 1879
116469 1884
116485 1878
116501 1854
116518 1879
116534 1871
116550 1874
116566 1873
116583 1874
116599 1871
116615 1872
116632 1871
116648 1870
116664 1868
116680 1869
116697 1868
116713 1866
116729 1860
116746 1864
116762 1863
116778 1863
116794 1860
116811 1860
116827 1857
116843 1855
116860 1857
116876 1859
116892 1855
116908 1851
116925 1853
116941 1855
116957 1849
116974 1852
116990 1850
117006 1855
117022 1848
117039 1847
117055 1846
117071 1847
117088 1847
117104 1845
117120 1845
117136 1823
117153 1843
117169 1842
117185 1844
117202 1845
117218 1844
117234 1843
117250 1841
117267 1843
117284 1840
117301 1840
117317 1842
117333 1840
117349 1841
117366 1841
117382 1840
117398 1829
117415 1842
117431 1840
117447 1841
117463 1840
117480 1842
117496 1842
117512 1841
117529 1842
117545 1840
117561 1845
117577 1843
117594 1844
117610 1845
117626 1846
117643 1846
117659 1842
117675 1848
117691 1844
117708 1848
117724 1844
117740 1851
117757 1853
117773 1853
117789 1852
117805 1852
117822 1850
117838 1855
117854 1857
117871 1857
117887 1857
117903 1870
117919 1862
117936 1862
117952 1862
117968 1866
117985 1864
118001 1863
118017 1867
118033 1883
118050 1869
118066 1870
118082 1873
118099 1875
118115 1876
118131 1876
118147 1876
118164 1881
118180 1879
118196 1881
118213 1881
118229 1881
118245 1883
118261 1884
118279 1884
118295 1888
118311 1889
118328 1890
118344 1888
118360 1892
118377 1892
118393 1892
118409 1890
118425 1893
118442 1889
118458 1896
118474 1850
118491 1896
118507 1896
118523 1896
118539 1899
118556 1897
118572 1901
118588 1899
118605 1896
118621 1897
118637 1899
118653 1898
118670 1898
118686 1900
118702 1899
118719 1903
118735 1897
118751 1897
118767 1901
118784 1902
118800 1906
118816 1900
118833 1906
118849 1896
118865 1900
118881 1897
118898 1897
118914 1899
118930 1897
118947 1895
118963 1897
118979 1895
118995 1894
119012 1894
119028 1894
119044 1894
119061 1892
119077 1892
119093 1893
119109 1890
119126 1892
119142 1887
119158 1888
119175 1901
119191 1888
119207 1885
119223 1882
119240 1884
119256 1880
119273 1880
119290 1874
119306 1879
119322 1878
119338 1877
119355 1875
119371 1872
119387 1875
119404 1872
119420 1872
119436 1872
119452 1871
119469 1873
119485 1870
119501 1869
119518 1865
119534 1864
119550 1879
119566 1865
119583 1864
119599 1866
119615 1865
119632 1863
119648 1862
119664 1864
119680 1860
119697 1861
119713 1858
119729 1857
119746 1856
119762 1854
119778 1867
119794 1856
119811 1855
119827 1855
119843 1860
119860 1854
119876 1857
119892 1853
119908 1852
119925 1852
119941 1853
119957 1854
119974 1852
119990 1852
120006 1853
120022 1854
120039 1847
120055 1853
120071 1863
120088 1851
120104 1852
120120 1852
120136 1851
120153 1845
120169 1851
120185 1851
120202 1850
120218 1854
120234 1850
120250 1850
120267 1854
120284 1851
120301 1851
120317 1846
120333 1854
120349 1854
120366 1852
120382 1853
120398 1858
120415 1854
120431 1854
120447 1833
120463 1856
120480 1851
120496 1852
120512 1858
120529 1857
120545 1854
120561 1860
120577 1862
120594 1861
120610 1864
120626 1865
120643 1865
120659 1866
120675 1867
120691 1867
120708 1867
120724 1868
120740 1869
120757 1871
120773 1871
120789 1871
120805 1874
120822 1881
120838 1880
120854 1881
120871 1883
120887 1877
120903 1878
120919 1874
120936 1882
120952 1880
120968 1881
120985 1885
121001 1883
121017 1888
121033 1884
121050 1890
121066 1889
121082 1889
121099 1890
121115 1891
121131 1893
121147 1892
121164 1895
121180 1895
121196 1877
121213 1897
121229 1896
121245 1894
121261 1902
121279 1897
121295 1892
121311 1899
121328 1899
121344 1902
121360 1900
121377 1902
121393 1902
121409 1900
121425 1901
121442 1896
121458 1902
121474 1901
121491 1903
121507 1895
121523 1900
121539 1899
121556 1898
121572 1887
121588 1899
121605 1898
121621 1892
121637 1894
121653 1894
121670 1893
121686 1894
121702 1895
121719 1898
121735 1894
121751 1894
121767 1891
121784 1890
121800 1892
121816 1889
121833 1889
121849 1888
121865 1887
121881 1884
121898 1883
121914 1880
121930 1883
121947 1867
121963 1875
121979 1878
121995 1851
122012 1875
122028 1872
122044 1874
122061 1868
122077 1871
122093 1870
122109 1869
122126 1867
122142 1863
122158 1863
122175 1861
122191 1859
122207 1860
122223 1858
122240 1855
122256 1855
122273 1853
122290 1852
122306 1850
122322 1860
122338 1846
122355 1845
122371 1848
122387 1843
122404 1838
122420 1838
122436 1836
122452 1836
122469 1832
122485 1834
122501 1835
122518 1836
122534 1828
122550 1830
122566 1824
122583 1829
122599 1829
122615 1827
122632 1823
122648 1824
122664 1824
122680 1822
122697 1805
122713 1822
122729 1823
122746 1818
122762 1820
122778 1817
122794 1818
122811 1815
122827 1816
122843 1814
122860 1815
122876 1814
122892 1815
122908 1815
122925 1815
122941 1815
122957 1816
122974 1816
122990 1810
123006 1816
123022 1816
123039 1814
123055 1815
123071 1818
123088 1816
123104 1814
123120 1868
123136 1818
123153 1814
123169 1814
123185 1817
123202 1816
123218 1817
123234 1818
123250 1819
123267 1822
123284 1827
123301 1820
123317 1823
123333 1822
123349 1826
123366 1824
123382 1825
123398 1829
123415 1829
123431 1829
123447 1813
123463 1832
123480 1832
123496 1818
123512 1837
123529 1838
123545 1839
123561 1837
123577 1842
123594 1846
123610 1841
123626 1845
123643 1847
123659 1847
123675 1848
123691 1848
123708 1853
123724 1853
123740 1855
123757 1855
123773 1853
123789 1859
123805 1862
123822 1864
123838 1864
123854 1865
123871 1867
123887 1864
123903 1865
123919 1869
123936 1871
123952 1871
123968 1872
123985 1876
124001 1877
124017 1878
124033 1882
124050 1881
124066 1881
124082 1884
124099 1886
124115 1884
124131 1885
124147 1887
124164 1886
124180 1891
124196 1890
124213 1893
124229 1894
124245 1905
124261 1896
124279 1895
124295 1911
124311 1896
124328 1897
124344 1900
124360 1897
124377 1901
124393 1895
124409 1901
124425 1900
124442 1902
124458 1900
124474 1902
124491 1902
124507 1902
124523 1896
124539 1902
124556 1900
124572 1899
124588 1901
124605 1903
124621 1899
124637 1903
124653 1900
124670 1900
124686 1900
124702 1904
124719 1903
124735 1900
124751 1900
124767 1902
124784 1900
124800 1898
124816 1897
124833 1899
124849 1894
124865 1895
124881 1896
124898 1896
124914 1885
124930 1899
124947 1901
124963 1892
124979 1890
124995 1888
125012 1890
125028 1886
125044 1885
125061 1883
125077 1884
125093 1883
125109 1880
125126 1880
125142 1881
125158 1878
125175 1879
125191 1879
125207 1877
125223 1877
125240 1875
125256 1876
125273 1874
125290 1872
125306 1871
125322 1884
125338 1869
125355 1868
125371 1863
125387 1866
125404 1863
125420 1862
125436 1862
125452 1865
125469 1859
125485 1862
125501 1861
125518 1858
125534 1862
125550 1857
125566 1857
125583 1856
125599 1855
125615 1854
125632 1855
125648 1851
125664 1853
125680 1852
125697 1848
125713 1849
125729 1851
125746 1853
125762 1849
125778 1850
125794 1849
125811 1849
125827 1849
125843 1847
125860 1848
125876 1847
125892 1848
125908 1846
125925 1850
125941 1847
125957 1845
125974 1847
125990 1848
126006 1847
126022 1851
126039 1848
126055 1843
126071 1846
126088 1849
126104 1850
126120 1849
126136 1849
126153 1852
126169 1849
126185 1872
126202 1850
126218 1852
126234 1853
126250 1855
126267 1854
126284 1854
126301 1855
126317 1856
126333 1855
126349 1856
126366 1857
126382 1856
126398 1859
126415 1861
126431 1859
126447 1907
126463 1860
126480 1858
126496 1862
126512 1861
126529 1863
126545 1863
126561 1865
126577 1862
126594 1865
126610 1866
126626 1868
126643 1871
126659 1870
126675 1871
126691 1873
126708 1874
126724 1874
126740 1876
126757 1876
126773 1875
126789 1877
126805 1880
126822 1881
126838 1879
126854 1881
126871 1883
126887 1884
126903 1864
126919 1883
126936 1885
126952 1883
126968 1881
126985 1887
127001 1889
127017 1888
127033 1902
127050 1891
127066 1892
127082 1896
127099 1893
127115 1893
127131 1895
127147 1894
127164 1892
127180 1895
127196 1896
127213 1896
127229 1897
127245 1899
127261 1901
127279 1894
127295 1895
127311 1899
127328 1897
127344 1902
127360 1898
127377 1898
127393 1896
127409 1904
127425 1897
127442 1896
127458 1898
127474 1873
127491 1899
127507 1896
127523 1899
127539 1900
127556 1892
127572 1897
127588 1894
127605 1895
127621 1895
127637 1894
127653 1889
127670 1892
127686 1890
127702 1893
127719 1890
127735 1889
127751 1888
127767 1890
127784 1884
127800 1867
127816 1883
127833 1884
127849 1884
127865 1877
127881 1880
127898 1881
127914 1879
127930 1877
127947 1878
127963 1872
127979 1873
127995 1873
128012 1872
128028 1870
128044 1868
128061 1865
128077 1864
128093 1865
128109 1864
128126 1865
128142 1863
128158 1863
128175 1860
128191 1859
128207 1855
128223 1857
128240 1857
128256 1855
128273 1857
128290 1852
128306 1851
128322 1851
128338 1850
128355 1852
128371 1850
128387 1846
128404 1846
128420 1850
128436 1844
128452 1846
128469 1842
128485 1843
128501 1815
128518 1843
128534 1840
128550 1841
128566 1842
128583 1837
128599 1841
128615 1840
128632 1840
128648 1840
128664 1840
128680 1840
128697 1856
128713 1838
128729 1839
128746 1839
128762 1840
128778 1840
128794 1837
128811 1840
128827 1838
128843 1838
128860 1840
128876 1841
128892 1840
128908 1843
128925 1841
128941 1844
128957 1845
128974 1842
128990 1848
129006 1811
129022 1845
129039 1847
129055 1847
129071 1848
129088 1848
129104 1849
129120 1851
129136 1854
129153 1852
129169 1853
129185 1847
129202 1853
129218 1858
129234 1856
129250 1854
129267 1856
129284 1859
129301 1861
129317 1861
129333 1861
129349 1856
129366 1864
129382 1863
129398 1858
129415 1865
129431 1866
129447 1863
129463 1867
129480 1870
129496 1871
129512 1871
129529 1873
129545 1871
129561 1871
129577 1871
129594 1872
129610 1873
129626 1874
129643 1873
129659 1876
129675 1877
129691 1878
129708 1876
129724 1880
129740 1878
129757 1879
129773 1884
129789 1883
129805 1881
129822 1880
129838 1879
129854 1877
129871 1882
129887 1886
129903 1896
129919 1884
129936 1882
129952 1881
129968 1888
129985 1884
130001 1884
130017 1889
130033 1887
130050 1887
130066 1885
130082 1889
130099 1883
130115 1887
130131 1888
130147 1886
130164 1883
130180 1889
130196 1888
130213 1888
130229 1888
130245 1886
130261 1887
130279 1887
130295 1884
130311 1886
130328 1883
130344 1886
130360 1882
130377 1884
130393 1884
130409 1884
130425 1884
130442 1884
130458 1880
130474 1880
130491 1882
130507 1880
130523 1879
130539 1879
130556 1877
130572 1876
130588 1875
130605 1874
130621 1876
130637 1871
130653 1874
130670 1873
130686 1870
130702 1870
130719 1869
130735 1869
130751 1867
130767 1869
130784 1871
130800 1869
130816 1862
130833 1864
130849 1862
130865 1862
130881 1861
130898 1860
130914 1859
130930 1854
130947 1855
130963 1857
130979 1855
130995 1852
131012 1854
131028 1854
131044 1852
131061 1847
131077 1847
131093 1847
131109 1843
131126 1844
131142 1845
131158 1842
131175 1843
131191 1844
131207 1841
131223 1840
131240 1843
131256 1840
131273 1838
131290 1842
131306 1842
131322 1837
131338 1839
131355 1839
131371 1839
131387 1838
131404 1838
131420 1839
131436 1849
131452 1840
131469 1840
131485 1860
131501 1836
131518 1839
131534 1834
131550 1840
131566 1842
131583 1844
131599 1841
131615 1842
131632 1841
131648 1843
131664 1841
131680 1843
131697 1835
131713 1846
131729 1844
131746 1844
131762 1846
131778 1847
131794 1847
131811 1850
131827 1850
131843 1853
131860 1853
131876 1853
131892 1854
131908 1856
131925 1858
131941 1860
131957 1858
131974 1862
131990 1860
132006 1865
132022 1865
132039 1865
132055 1866
132071 1856
132088 1868
132104 1870
132120 1867
132136 1873
132153 1878
132169 1880
132185 1879
132202 1878
132218 1880
132234 1884
132250 1882
132267 1884
132284 1887
132301 1889
132317 1887
132333 1892
132349 1893
132366 1894
132382 1896
132398 1896
132415 1898
132431 1901
132447 1905
132463 1903
132480 1902
132496 1901
132512 1908
132529 1907
132545 1910
132561 1912
132577 1910
132594 1908
132610 1912
132626 1916
132643 1917
132659 1917
132675 1921
132691 1918
132708 1914
132724 1921
132740 1924
132757 1924
132773 1920
132789 1924
132805 1926
132822 1927
132838 1922
132854 1926
132871 1923
132887 1928
132903 1929
132919 1928
132936 1926
132952 1926
132968 1927
132985 1925
133001 1927
133017 1926
133033 1928
133050 1926
133066 1926
133082 1927
133099 1927
133115 1925
133131 1926
133147 1926
133164 1926
133180 1923
133196 1931
133213 1922
133229 1922
133245 1929
133261 1923
133279 1920
133295 1938
133311 1915
133328 1918
133344 1916
133360 1916
133377 1913
133393 1916
133409 1912
133425 1916
133442 1914
133458 1914
133474 1906
133491 1908
133507 1905
133523 1905
133539 1905
133556 1903
133572 1912
133588 1900
133605 1893
133621 1889
133637 1896
133653 1894
133670 1897
133686 1893
133702 1886
133719 1888
133735 1886
133751 1884
133767 1882
133784 1881
133800 1881
133816 1880
133833 1877
133849 1882
133865 1876
133881 1871
133898 1870
133914 1870
133930 1868
133947 1857
133963 1866
133979 1867
133995 1859
134012 1862
134028 1863
134044 1860
134061 1858
