2 1767
55 1690
71 1629
87 1569
104 1504
120 1447
137 1388
153 1326
169 1269
187 1206
203 1151
220 1097
236 1043
252 992
269 937
285 890
302 840
318 794
334 749
351 706
367 661
384 625
400 583
416 550
433 516
449 490
466 467
482 446
498 432
515 422
531 416
548 413
564 414
580 416
597 418
613 420
629 428
646 430
662 437
679 442
695 448
711 456
728 464
744 472
761 480
777 493
793 503
810 514
826 527
843 540
859 553
875 568
892 585
908 604
925 623
941 644
957 667
974 688
990 711
1007 737
1023 766
1039 794
1056 821
1072 854
1088 907
1105 917
1121 953
1138 988
1154 1025
1170 1062
1195 1120
1211 1158
1227 1199
1244 1235
1260 1279
1276 1322
1293 1365
1309 1410
1326 1454
1342 1494
1358 1536
1375 1581
1391 1629
1408 1677
1424 1719
1440 1763
1457 1808
1473 1851
1490 1898
1506 1941
1522 1984
1539 2024
1555 2071
1572 2114
1588 2155
1604 2198
1621 2241
1637 2279
1654 2319
1670 2358
1686 2399
1703 2432
1719 2468
1735 2505
1752 2551
1768 2572
1785 2604
1801 2639
1817 2664
1834 2696
1850 2721
1867 2747
1883 2771
1899 2794
1916 2815
1932 2829
1949 2856
1965 2875
1981 2895
1998 2907
2014 2922
2031 2937
2047 2945
2063 2964
2080 2965
2096 2971
2113 2972
2129 2980
2145 2981
2162 2981
2180 2982
2196 2978
2213 2972
2229 2967
2246 2961
2262 2954
2278 2948
2295 2935
2311 2920
2327 2911
2344 2894
2360 2880
2377 2861
2393 2838
2409 2825
2426 2800
2442 2777
2459 2754
2475 2727
2491 2703
2508 2673
2524 2648
2541 2615
2557 2589
2573 2560
2590 2528
2606 2496
2623 2466
2639 2431
2655 2396
2672 2361
2688 2329
2705 2295
2721 2257
2737 2222
2754 2184
2770 2147
2786 2112
2803 2072
2819 2035
2836 1999
2852 1953
2868 1922
2885 1884
2901 1849
2918 1811
2934 1774
2950 1741
2967 1704
2983 1668
3000 1633
3016 1598
3032 1563
3049 1532
3065 1494
3082 1462
3098 1433
3114 1403
3131 1368
3147 1342
3164 1312
3181 1280
3197 1255
3214 1224
3230 1200
3247 1175
3263 1154
3279 1133
3296 1111
3312 1087
3329 1072
3345 1053
3361 1048
3378 1021
3394 1006
3411 991
3427 980
3443 968
3460 961
3476 951
3493 942
3509 934
3525 932
3542 930
3558 925
3574 927
3591 926
3607 928
3624 931
3640 934
3656 941
3673 934
3689 954
3706 963
3722 972
3738 984
3755 995
3771 1007
3788 1024
3804 1049
3820 1059
3837 1068
3853 1089
3870 1108
3886 1128
3902 1150
3919 1174
3935 1197
3952 1220
3968 1245
3984 1269
4001 1297
4017 1322
4033 1350
4050 1377
4066 1403
4083 1434
4099 1463
4115 1488
4132 1525
4148 1553
4165 1585
4185 1622
4201 1653
4218 1685
4234 1716
4250 1751
4267 1780
4283 1814
4300 1846
4316 1875
4332 1908
4349 1938
4365 1969
4382 2001
4398 2032
4414 2064
4431 2086
4447 2119
4463 2151
4480 2178
4496 2207
4513 2235
4529 2264
4545 2290
4562 2315
4578 2340
4595 2373
4611 2389
4627 2412
4644 2434
4660 2455
4677 2475
4693 2494
4709 2512
4726 2498
4742 2549
4759 2563
4775 2576
4791 2589
4808 2603
4824 2613
4841 2630
4857 2635
4873 2644
4890 2652
4906 2643
4922 2664
4939 2672
4955 2669
4972 2674
4988 2674
5004 2679
5021 2673
5037 2670
5054 2670
5070 2663
5086 2658
5103 2652
5119 2644
5136 2635
5152 2624
5168 2617
5191 2601
5208 2581
5224 2575
5240 2560
5257 2545
5273 2532
5289 2511
5306 2494
5322 2474
5339 2459
5355 2437
5371 2416
5388 2396
5404 2375
5421 2354
5437 2330
5453 2306
5470 2281
5486 2258
5503 2231
5519 2205
5535 2180
5552 2155
5568 2128
5585 2104
5601 2076
5617 2049
5634 2012
5650 1997
5667 1964
5683 1939
5699 1910
5716 1883
5732 1856
5748 1829
5765 1803
5781 1774
5798 1749
5814 1717
5830 1695
5847 1669
5863 1644
5880 1616
5896 1594
5912 1570
5929 1545
5945 1521
5962 1497
5978 1473
5994 1452
6011 1434
6027 1406
6044 1393
6060 1383
6076 1355
6093 1337
6109 1324
6126 1301
6142 1291
6158 1276
6175 1259
6192 1248
6209 1239
6225 1222
6241 1211
6258 1203
6274 1193
6291 1194
6307 1181
6323 1172
6340 1170
6356 1164
6373 1160
6389 1158
6405 1157
6422 1157
6438 1156
6454 1158
6471 1159
6487 1163
6504 1167
6520 1171
6536 1177
6553 1185
6569 1192
6586 1200
6602 1213
6618 1221
6635 1228
6651 1240
6668 1254
6684 1287
6700 1280
6717 1294
6733 1310
6750 1326
6766 1341
6782 1360
6799 1373
6815 1391
6832 1409
6848 1431
6864 1451
6881 1472
6897 1493
6913 1513
6930 1531
6946 1554
6963 1576
6979 1598
6995 1622
7012 1643
7028 1668
7045 1693
7061 1715
7077 1737
7094 1762
7110 1779
7127 1806
7143 1832
7159 1857
7176 1879
7193 1905
7210 1927
7226 1947
7242 1969
7259 1993
7275 2013
7292 2038
7308 2058
7324 2078
7341 2102
7357 2122
7374 2141
7390 2160
7406 2177
7423 2193
7439 2216
7456 2234
7472 2250
7488 2265
7505 2283
7521 2296
7538 2312
7554 2326
7570 2342
7587 2353
7603 2362
7620 2373
7636 2382
7652 2393
7669 2403
7685 2409
7701 2421
7718 2426
7734 2434
7751 2436
7767 2441
7783 2457
7800 2448
7816 2452
7833 2450
7849 2451
7865 2450
7882 2456
7898 2450
7915 2447
7931 2442
7947 2439
7964 2432
7980 2436
7997 2420
8013 2413
8029 2407
8046 2400
8062 2394
8079 2383
8095 2367
8111 2361
8128 2352
8144 2337
8160 2325
8178 2310
8194 2296
8211 2282
8227 2268
8244 2254
8260 2236
8276 2220
8293 2203
8309 2191
8325 2167
8342 2153
8358 2120
8375 2116
8391 2098
8407 2081
8424 2059
8440 2043
8457 2022
8473 2003
8489 1985
8506 1964
8522 1945
8539 1924
8555 1909
8571 1885
8588 1865
8604 1847
8621 1829
8637 1810
8653 1798
8670 1771
8686 1753
8703 1736
8719 1718
8735 1700
8752 1682
8768 1665
8784 1649
8801 1632
8817 1617
8834 1581
8850 1588
8866 1571
8883 1561
8899 1543
8916 1528
8932 1517
8948 1501
8965 1491
8981 1480
8998 1470
9014 1459
9030 1449
9047 1440
9063 1434
9080 1426
9096 1417
9112 1411
9129 1406
9145 1402
9162 1396
9180 1391
9196 1389
9212 1385
9229 1383
9245 1382
9262 1382
9278 1382
9294 1383
9311 1386
9327 1385
9344 1390
9360 1393
9376 1395
9393 1402
9409 1409
9426 1412
9442 1417
9458 1426
9475 1431
9491 1441
9508 1448
9524 1457
9540 1470
9557 1477
9573 1488
9590 1498
9606 1505
9622 1522
9639 1534
9655 1549
9671 1560
9688 1571
9704 1588
9721 1601
9737 1614
9753 1628
9770 1645
9786 1661
9803 1676
9819 1689
9835 1706
9852 1721
9868 1739
9885 1745
9901 1770
9917 1784
9934 1791
9950 1815
9967 1833
9983 1853
9999 1869
10016 1884
10032 1896
10049 1918
10065 1935
10081 1951
10098 1968
10114 1981
10130 1997
10147 2012
10163 2024
10181 2042
10197 2055
10214 2077
10230 2082
10246 2098
10263 2110
10279 2123
10296 2137
10312 2147
10328 2159
10345 2172
10361 2180
10378 2190
10394 2199
10410 2210
10427 2221
10443 2227
10459 2224
10476 2243
10492 2246
10509 2254
10525 2262
10541 2267
10558 2261
10574 2278
10591 2279
10607 2281
10623 2284
10640 2286
10656 2290
10673 2292
10689 2292
10705 2289
10722 2290
10738 2288
10755 2286
10771 2283
10787 2280
10804 2276
10820 2273
10837 2269
10853 2264
10869 2258
10886 2250
10902 2244
10918 2235
10935 2232
10951 2223
10968 2214
10984 2190
11000 2197
11017 2185
11033 2179
11050 2169
11066 2155
11082 2142
11099 2132
11115 2120
11132 2109
11148 2096
11164 2085
11184 2073
11201 2063
11217 2042
11234 2030
11250 2017
11266 2005
11283 1994
11299 1976
11316 1960
11332 1946
11348 1932
11365 1917
11381 1902
11398 1889
11414 1877
11430 1856
11447 1846
11463 1833
11480 1820
11496 1804
11512 1791
11529 1777
11545 1763
11561 1750
11578 1737
11594 1725
11611 1711
11627 1697
11643 1687
11660 1675
11676 1665
11693 1654
11709 1647
11725 1642
11742 1623
11758 1613
11775 1605
11791 1597
11807 1586
11824 1578
11840 1566
11857 1560
11873 1556
11889 1551
11906 1545
11922 1542
11939 1534
11955 1529
11971 1524
11988 1517
12004 1517
12020 1516
12037 1515
12053 1513
12070 1510
12086 1510
12102 1510
12119 1508
12135 1508
12152 1509
12168 1512
12186 1514
12202 1515
12218 1520
12235 1517
12251 1527
12268 1532
12284 1544
12300 1541
12317 1545
12333 1554
12349 1559
12366 1565
12382 1572
12399 1581
12415 1587
12431 1596
12448 1604
12464 1613
12481 1620
12497 1632
12513 1639
12530 1652
12546 1660
12563 1673
12579 1682
12595 1693
12612 1705
12628 1716
12645 1728
12661 1740
12677 1751
12694 1758
12710 1778
12727 1785
12743 1798
12759 1811
12776 1832
12792 1833
12808 1846
12825 1857
12841 1867
12858 1880
12874 1896
12890 1906
12907 1919
12923 1928
12940 1939
12956 1948
12972 1960
12989 1973
13005 1980
13022 1994
13038 2002
13054 2016
13071 2022
13087 2037
13104 2040
13120 2054
13136 2059
13153 2068
13169 2074
13192 2101
13209 2096
13225 2101
13241 2109
13258 2115
13274 2121
13291 2129
13307 2124
13323 2135
13340 2142
13356 2144
13373 2154
13389 2151
13405 2161
13422 2156
13438 2160
13455 2160
13471 2165
13487 2158
13504 2166
13520 2166
13537 2164
13553 2166
13569 2171
13586 2165
13602 2163
13619 2163
13635 2156
13651 2154
13668 2150
13684 2148
13700 2143
13717 2139
13733 2133
13750 2151
13766 2125
13782 2119
13799 2114
13815 2107
13832 2100
13848 2092
13864 2087
13881 2079
13897 2069
13914 2061
13930 2058
13946 2049
13963 2038
13979 2028
13996 2019
14012 2010
14028 2000
14045 1991
14061 1978
14078 1976
14094 1967
14110 1954
14127 1939
14143 1932
14159 1922
14178 1911
14195 1903
14211 1887
14227 1881
14244 1868
14260 1861
14277 1844
14293 1839
14309 1824
14326 1822
14342 1804
14359 1803
14375 1790
14391 1780
14408 1771
14424 1760
14441 1749
14457 1745
14473 1733
14490 1717
14506 1716
14523 1710
14539 1696
14555 1694
14572 1684
14588 1679
14604 1673
14621 1666
14637 1657
14654 1650
14670 1642
14686 1641
14703 1638
14719 1631
14736 1626
14752 1626
14768 1618
14785 1614
14801 1610
14818 1610
14834 1608
14850 1606
14867 1603
14883 1604
14900 1598
14916 1602
14932 1596
14949 1599
14965 1602
14982 1602
14998 1602
15014 1604
15031 1610
15047 1612
15063 1630
15080 1617
15096 1620
15113 1624
15129 1626
15145 1631
15162 1633
15180 1643
15197 1646
15213 1651
15229 1656
15246 1663
15262 1669
15279 1678
15295 1681
15311 1691
15328 1696
15344 1705
15360 1717
15377 1721
15393 1730
15410 1737
15426 1743
15442 1757
15459 1762
15475 1772
15492 1775
15508 1790
15524 1796
15541 1810
15557 1818
15574 1828
15590 1839
15606 1845
15623 1852
15639 1861
15656 1872
15672 1874
15688 1892
15705 1902
15721 1912
15738 1921
15754 1928
15770 1937
15787 1948
15803 1968
15819 1966
15836 1973
15852 1979
15869 1992
15885 1996
15901 2007
15918 2016
15934 2019
15951 2025
15967 2036
15983 2040
16000 2048
16016 2054
16033 2061
16049 2066
16065 2075
16082 2078
16098 2084
16115 2092
16131 2092
16147 2096
16164 2098
16183 2105
16200 2110
16216 2111
16233 2114
16249 2115
16265 2117
16282 2125
16298 2122
16314 2125
16331 2125
16347 2125
16364 2126
16380 2126
16396 2131
16413 2139
16429 2126
16446 2123
16462 2120
16478 2121
16495 2120
16511 2113
16528 2111
16544 2108
16560 2102
16577 2102
16593 2097
16610 2094
16626 2094
16642 2085
16659 2079
16675 2073
16692 2070
16708 2069
16724 2042
16741 2055
16757 2046
16773 2044
16790 2034
16806 2028
16823 2020
16839 2013
16855 2033
16872 1999
16888 1994
16905 1982
16921 1976
16937 1972
16954 1963
16970 1955
16987 1949
17003 1940
17019 1930
17036 1933
17052 1916
17069 1907
17085 1901
17101 1883
17118 1885
17134 1873
17151 1867
17167 1848
17184 1847
17201 1836
17217 1834
17234 1825
17250 1820
17266 1810
17283 1834
17299 1795
17316 1790
17332 1786
17348 1777
17365 1768
17381 1764
17398 1759
17414 1748
17430 1744
17447 1739
17463 1733
17480 1731
17496 1725
17512 1719
17529 1713
17545 1709
17561 1706
17578 1704
17594 1712
17611 1696
17627 1692
17643 1685
17660 1689
17676 1681
17693 1679
17709 1683
17725 1660
17742 1679
17758 1675
17775 1678
17791 1674
17807 1673
17824 1665
17840 1672
17857 1673
17873 1669
17889 1675
17906 1678
17922 1680
17939 1678
17955 1681
17971 1686
17988 1683
18004 1690
18020 1689
18037 1699
18053 1700
18070 1703
18086 1706
18102 1758
18119 1719
18135 1719
18152 1724
18168 1728
18190 1736
18207 1745
18223 1746
18240 1753
18256 1760
18272 1763
18289 1769
18305 1771
18322 1779
18338 1785
18354 1794
18371 1794
18387 1805
18404 1811
18420 1817
18436 1833
18453 1829
18469 1838
18486 1844
18502 1849
18518 1858
18535 1858
18551 1871
18568 1877
18584 1884
18600 1889
18617 1896
18633 1886
18649 1907
18666 1918
18682 1917
18699 1930
18715 1932
18731 1937
18748 1942
18764 1949
18781 1958
18797 1960
18813 1965
18830 1970
18846 1974
18863 1976
18879 1983
18895 1987
18912 1991
18928 1997
18945 1998
18961 2003
18977 2005
18994 2010
19010 2014
19027 2016
19043 2016
19059 2020
19076 2020
19092 2018
19108 2035
19125 2024
19141 2029
19158 2033
19174 2029
19192 2030
19208 2027
19224 2030
19241 2030
19257 2030
19274 2027
19290 2030
19306 2028
19323 2027
19339 2013
19356 2023
19372 2020
19388 2018
19405 2016
19421 2016
19437 2013
19454 2011
19470 2008
19487 2003
19503 2001
19519 2003
19536 1986
19552 1989
19569 1985
19585 1981
19601 1983
19618 1972
19634 1968
19651 1965
19667 1958
19683 1954
19700 1953
19716 1949
19733 1940
19749 1934
19765 1928
19782 1924
19798 1921
19815 1892
19831 1911
19847 1905
19864 1857
19880 1895
19896 1887
19913 1881
19929 1875
19946 1873
19962 1862
19978 1859
19995 1856
20011 1847
20028 1843
20044 1838
20060 1832
20077 1827
20093 1822
20110 1818
20126 1814
20142 1805
20159 1798
20175 1797
20193 1793
20209 1789
20225 1783
20242 1781
20258 1774
20275 1769
20291 1769
20307 1760
20324 1760
20340 1757
20357 1751
20373 1755
20389 1747
20406 1745
20422 1744
20439 1740
20455 1732
20471 1739
20488 1733
20504 1731
20521 1730
20537 1728
20553 1728
20570 1725
20586 1725
20602 1725
20619 1724
20635 1725
20652 1720
20668 1726
20684 1712
20701 1725
20717 1726
20734 1728
20750 1725
20766 1726
20783 1723
20799 1728
20816 1735
20832 1730
20848 1736
20865 1739
20881 1738
20898 1744
20914 1749
20930 1747
20947 1751
20963 1757
20980 1760
20996 1765
21012 1766
21029 1769
21045 1773
21061 1777
21078 1780
21094 1784
21111 1790
21127 1796
21143 1796
21160 1801
21178 1805
21194 1813
21211 1820
21227 1822
21244 1827
21260 1832
21276 1839
21293 1844
21309 1836
21326 1851
21342 1857
21358 1872
21375 1867
21391 1872
21407 1796
21424 1884
21440 1887
21457 1894
21473 1898
21489 1901
21506 1904
21522 1909
21539 1919
21555 1924
21571 1928
21588 1927
21604 1935
21621 1940
21637 1946
21653 1947
21670 1951
21686 1954
21703 1959
21719 1962
21735 1967
21752 1971
21768 1972
21785 1988
21801 1977
21817 1978
21834 1962
21850 1984
21866 1986
21883 1985
21899 1990
21916 1993
21932 1995
21948 1997
21965 1997
21981 1996
21998 1997
22014 1996
22030 1998
22047 1996
22063 1998
22080 1999
22096 2000
22112 1997
22129 1998
22145 1998
22162 1998
22179 1994
22195 1991
22212 1993
22228 1989
22245 1989
22261 1992
22277 1985
22294 1983
22310 1979
22327 1978
22343 1975
22359 1958
22376 1971
22392 1969
22409 1968
22425 1962
22441 1958
22458 1947
22474 1951
22491 1948
22507 1942
22523 1936
22540 1936
22556 1934
22573 1926
22589 1924
22605 1920
22622 1916
22638 1912
22654 1906
22671 1903
22687 1899
22704 1893
22720 1890
22736 1884
22753 1879
22769 1880
22786 1872
22802 1870
22818 1864
22835 1861
22851 1857
22868 1851
22884 1848
22900 1843
22917 1839
22933 1832
22950 1831
22966 1829
22982 1825
22999 1821
23015 1819
23032 1819
23048 1812
23064 1810
23081 1802
23097 1806
23113 1799
23130 1797
23146 1792
23163 1792
23182 1786
23198 1786
23214 1786
23231 1781
23247 1782
23264 1781
23280 1779
23296 1775
23313 1773
23329 1772
23346 1771
23362 1771
23378 1769
23395 1771
23411 1769
23427 1769
23444 1766
23460 1768
23477 1770
23493 1767
23509 1766
23526 1769
23542 1769
23559 1749
23575 1770
23591 1774
23608 1775
23624 1771
23641 1777
23657 1771
23673 1774
23690 1778
23706 1782
23723 1784
23739 1785
23755 1789
23772 1788
23788 1792
23805 1793
23821 1798
23837 1796
23854 1803
23870 1805
23886 1806
23903 1813
23919 1816
23936 1815
23952 1817
23968 1822
23985 1827
24001 1830
24018 1834
24034 1834
24050 1841
24067 1839
24083 1844
24100 1850
24116 1855
24132 1863
24149 1863
24165 1870
24183 1864
24199 1873
24215 1875
24232 1882
24248 1883
24265 1887
24281 1891
24297 1895
24314 1898
24330 1902
24347 1906
24363 1912
24379 1913
24396 1915
24412 1919
24429 1921
24445 1927
24461 1929
24478 1932
24494 1937
24511 1939
24527 1939
24543 1942
24560 1947
24576 1951
24593 1949
24609 1954
24625 1954
24642 1959
24658 1943
24674 1962
24691 1963
24707 1964
24724 1970
24740 1966
24756 1972
24773 1968
24789 1971
24806 1968
24822 1975
24838 1973
24855 1973
24871 1973
24888 1972
24904 1969
24920 1971
24937 1970
24953 1968
24970 1974
24986 1969
25002 1968
25019 1969
25035 1967
25052 1965
25068 1964
25084 1961
25101 1961
25117 1958
25133 1968
25150 1953
25166 1952
25188 1949
25204 1945
25220 1942
25237 1943
25253 1939
25270 1935
25286 1934
25302 1931
25319 1934
25335 1917
25351 1920
25368 1917
25384 1916
25401 1911
25417 1908
25433 1902
25450 1899
25466 1896
25483 1890
25499 1886
25515 1932
25532 1879
25548 1879
25565 1870
25581 1872
25597 1868
25614 1860
25630 1858
25647 1846
25663 1851
25679 1848
25696 1843
25712 1841
25729 1836
25745 1830
25761 1830
25778 1821
25794 1822
25810 1818
25827 1813
25843 1810
25860 1805
25876 1800
25892 1799
25909 1796
25925 1801
25942 1793
25958 1776
25974 1785
25991 1787
26007 1783
26024 1779
26040 1776
26056 1775
26073 1772
26089 1768
26106 1769
26122 1763
26138 1764
26155 1763
26171 1760
26189 1755
26205 1767
26222 1759
26238 1757
26254 1756
26271 1755
26287 1755
26303 1755
26320 1753
26336 1755
26353 1755
26369 1755
26385 1747
26402 1755
26418 1755
26435 1756
26451 1753
26467 1757
26484 1760
26500 1758
26517 1761
26533 1760
26549 1761
26566 1763
26582 1768
26599 1769
26615 1771
26631 1772
26648 1773
26664 1774
26681 1777
26697 1781
26713 1784
26730 1783
26746 1787
26762 1787
26779 1792
26795 1795
26812 1796
26828 1778
26844 1802
26861 1805
26877 1809
26894 1810
26910 1820
26926 1817
26943 1822
26959 1847
26976 1827
26992 1833
27008 1838
27025 1837
27041 1843
27058 1847
27074 1848
27090 1851
27107 1858
27123 1859
27140 1853
27156 1865
27172 1866
27189 1871
27206 1870
27222 1878
27238 1888
27255 1886
27271 1888
27288 1893
27304 1890
27320 1897
27337 1900
27353 1902
27370 1905
27386 1912
27402 1910
27419 1913
27435 1920
27452 1918
27468 1919
27484 1922
27501 1924
27517 1930
27534 1926
27550 1929
27566 1930
27583 1934
27599 1934
27616 1938
27632 1939
27648 1941
27665 1942
27681 1942
27697 1933
27714 1944
27730 1944
27747 1947
27763 1947
27779 1951
27796 1949
27812 1949
27829 1934
27845 1951
27861 1946
27878 1945
27894 1947
27911 1947
27927 1946
27943 1944
27960 1948
27976 1945
27993 1945
28009 1940
28025 1941
28042 1942
28058 1938
28075 1939
28091 1935
28107 1935
28124 1934
28140 1932
28156 1929
28173 1930
28189 1925
28206 1924
28222 1918
28239 1920
28255 1918
28271 1918
28288 1913
28304 1911
28320 1912
28337 1907
28353 1904
28370 1902
28386 1896
28402 1897
28419 1897
28435 1891
28452 1891
28468 1886
28484 1883
28501 1882
28517 1870
28534 1876
28550 1877
28566 1877
28583 1874
28599 1868
28616 1861
28632 1856
28648 1858
28665 1857
28681 1854
28698 1829
28714 1850
28730 1849
28747 1853
28763 1845
28779 1839
28796 1837
28812 1836
28829 1833
28845 1831
28861 1829
28878 1827
28894 1827
28911 1828
28927 1821
28943 1823
28960 1822
28976 1818
28993 1818
29009 1820
29025 1815
29042 1812
29058 1813
29075 1813
29091 1814
29107 1810
29124 1810
29140 1802
29157 1808
29173 1809
29189 1815
29206 1808
29222 1807
29239 1808
29255 1809
29271 1810
29288 1806
29304 1815
29321 1810
29337 1809
29353 1810
29370 1812
29386 1810
29403 1810
29419 1813
29435 1813
29452 1819
29468 1816
29484 1815
29501 1820
29517 1832
29534 1821
29550 1822
29566 1826
29583 1827
29599 1823
29616 1829
29632 1834
29648 1833
29665 1831
29681 1836
29698 1823
29714 1839
29730 1844
29747 1843
29763 1847
29780 1846
29796 1852
29812 1850
29829 1853
29845 1857
29862 1857
29878 1855
29894 1861
29911 1862
29927 1866
29943 1869
29960 1870
29976 1876
29993 1875
30009 1875
30025 1873
30042 1879
30058 1883
30075 1884
30091 1888
30107 1890
30124 1897
30140 1893
30157 1894
30173 1894
30189 1899
30206 1906
30222 1900
30239 1904
30255 1908
30271 1908
30288 1912
30304 1913
30321 1912
30337 1915
30353 1920
30370 1919
30386 1914
30403 1921
30419 1923
30435 1921
30452 1928
30468 1925
30484 1923
30501 1928
30517 1918
30534 1927
30550 1931
30566 1930
30583 1930
30599 1934
30616 1929
30632 1934
30648 1931
30665 1930
30681 1929
30698 1933
30714 1931
30730 1932
30747 1930
30763 1930
30780 1934
30796 1926
30812 1929
30829 1927
30845 1926
30862 1923
30878 1925
30894 1921
30911 1923
30927 1925
30943 1923
30960 1920
30976 1918
30993 1915
31009 1910
31025 1915
31042 1912
31058 1910
31075 1909
31091 1907
31107 1907
31124 1905
31140 1901
31157 1899
31173 1898
31189 1900
31206 1896
31222 1891
31239 1893
31255 1892
31271 1886
31288 1884
31304 1883
31321 1880
31337 1878
31353 1874
31370 1872
31386 1870
31403 1869
31419 1865
31435 1864
31452 1858
31468 1858
31484 1856
31501 1854
31517 1850
31534 1859
31550 1847
31566 1847
31583 1850
31599 1841
31616 1838
31632 1838
31648 1835
31665 1829
31681 1833
31698 1824
31714 1830
31730 1822
31747 1826
31763 1825
31780 1824
31796 1820
31812 1821
31829 1819
31845 1816
31862 1817
31878 1815
31894 1815
31911 1812
31927 1817
31943 1815
31960 1815
31976 1811
31993 1811
32009 1799
32025 1814
32042 1810
32058 1807
32075 1810
32091 1811
32107 1791
32124 1812
32140 1812
32157 1811
32173 1810
32189 1811
32206 1808
32222 1813
32239 1814
32255 1815
32271 1817
32288 1812
32304 1816
32321 1819
32337 1819
32353 1821
32370 1822
32386 1822
32403 1824
32419 1826
32435 1827
32452 1829
32468 1830
32484 1836
32501 1829
32517 1834
32534 1828
32550 1833
32566 1839
32583 1846
32599 1847
32616 1840
32632 1849
32648 1848
32665 1852
32681 1853
32698 1855
32714 1854
32730 1862
32747 1862
32763 1864
32780 1871
32796 1867
32812 1868
32829 1869
32845 1873
32862 1864
32878 1879
32894 1883
32911 1879
32927 1882
32943 1883
32960 1884
32976 1885
32993 1885
33009 1902
33025 1892
33042 1889
33058 1895
33075 1896
33091 1894
33107 1925
33124 1896
33140 1898
33157 1899
33173 1897
33189 1902
33206 1902
33222 1902
33239 1906
33255 1904
33271 1909
33288 1906
33304 1905
33321 1908
33337 1909
33353 1909
33370 1911
33386 1909
33403 1908
33419 1909
33435 1911
33452 1913
33468 1912
33484 1908
33501 1910
33517 1910
33534 1921
33550 1910
33566 1908
33583 1917
33599 1909
33616 1907
33632 1909
33648 1906
33665 1911
