2 1757
55 1692
72 1630
88 1569
104 1510
121 1453
137 1394
154 1341
170 1285
186 1232
203 1188
219 1132
237 1084
253 1040
269 995
286 952
302 904
319 879
335 849
351 815
368 787
384 764
401 735
417 716
433 699
450 688
466 678
483 660
499 654
515 647
532 645
548 644
565 647
581 653
597 658
614 665
630 676
646 693
663 709
679 724
696 747
712 760
728 779
745 818
761 841
778 876
794 903
810 933
827 963
843 1002
860 1038
876 1071
892 1109
909 1149
925 1180
942 1231
958 1269
974 1311
991 1355
1007 1396
1024 1438
1040 1477
1056 1523
1073 1563
1089 1606
1105 1649
1122 1690
1138 1735
1155 1773
1171 1812
1187 1853
1204 1890
1220 1931
1238 1969
1255 2005
1271 2041
1287 2076
1304 2110
1320 2141
1337 2173
1353 2211
1369 2229
1386 2257
1402 2280
1419 2301
1435 2328
1451 2348
1468 2367
1484 2384
1500 2402
1517 2415
1533 2429
1550 2440
1566 2451
1582 2459
1599 2464
1615 2471
1632 2479
1648 2476
1664 2480
1681 2476
1697 2477
1714 2473
1730 2467
1746 2461
1763 2452
1779 2444
1796 2432
1812 2421
1828 2410
1845 2396
1861 2383
1878 2363
1894 2347
1910 2329
1927 2312
1943 2272
1959 2270
1976 2252
1992 2229
2009 2208
2025 2187
2041 2166
2058 2142
2074 2174
2091 2092
2107 2064
2123 2053
2140 2015
2156 1994
2173 1969
2189 1945
2205 1933
2222 1895
2241 1867
2257 1845
2274 1820
2290 1797
2306 1778
2323 1752
2339 1727
2355 1711
2372 1689
2388 1669
2405 1652
2421 1631
2437 1614
2454 1606
2470 1581
2487 1564
2503 1553
2519 1538
2536 1522
2552 1512
2569 1501
2585 1491
2601 1481
2618 1473
2634 1479
2651 1461
2667 1458
2683 1449
2700 1448
2716 1445
2733 1441
2749 1447
2765 1442
2782 1442
2798 1443
2814 1446
2831 1450
2847 1455
2864 1460
2880 1464
2896 1472
2913 1476
2929 1488
2946 1495
2962 1504
2978 1516
2995 1520
3011 1541
3028 1552
3044 1554
3060 1574
3077 1563
3093 1601
3110 1614
3126 1626
3142 1640
3159 1657
3175 1671
3192 1686
3208 1699
3224 1717
3242 1732
3258 1748
3275 1763
3291 1779
3307 1795
3324 1810
3340 1826
3357 1840
3373 1851
3389 1868
3406 1883
3422 1895
3439 1909
3455 1922
3471 1935
3488 1947
3504 1954
3521 1969
3537 1982
3553 1993
3570 2002
3586 2016
3602 2022
3619 2033
3635 2038
3652 2046
3668 2057
3684 2059
3701 2070
3717 2078
3734 2080
3750 2081
3766 2085
3783 2090
3799 2089
3816 2095
3832 2095
3848 2093
3865 2098
3881 2096
3898 2095
3914 2096
3930 2090
3947 2101
3963 2088
3980 2084
3996 2082
4012 2079
4029 2074
4045 2068
4061 2059
4078 2056
4094 2052
4111 2042
4127 1980
4143 2029
4160 2022
4176 2014
4193 2006
4209 1999
4225 1992
4247 1982
4263 1970
4280 1963
4296 1950
4312 1944
4329 1933
4345 1927
4362 1918
4378 1909
4394 1897
4411 1886
4427 1880
4444 1871
4460 1862
4476 1851
4493 1848
4509 1839
4525 1829
4542 1825
4558 1815
4575 1807
4591 1798
4607 1786
4624 1786
4640 1779
4657 1767
4673 1767
4689 1760
4706 1755
4722 1752
4739 1732
4755 1739
4771 1733
4788 1732
4804 1728
4821 1722
4837 1719
4853 1719
4870 1718
4886 1716
4903 1712
4919 1714
4935 1709
4952 1713
4968 1723
4984 1712
5001 1716
5017 1712
5034 1718
5050 1716
5066 1721
5083 1722
5099 1722
5116 1726
5132 1729
5148 1731
5165 1735
5181 1733
5198 1744
5214 1749
5230 1755
5248 1758
5264 1762
5281 1771
5297 1770
5313 1776
5330 1784
5346 1790
5363 1792
5379 1801
5395 1806
5412 1809
5428 1815
5445 1824
5461 1827
5477 1828
5494 1841
5510 1846
5527 1847
5543 1857
5559 1859
5576 1866
5592 1868
5608 1884
5625 1884
5641 1887
5658 1892
5674 1897
5690 1899
5707 1903
5723 1910
5740 1911
5756 1918
5772 1919
5789 1922
5805 1926
5822 1927
5838 1936
5854 1935
5871 1938
5887 1942
5904 1943
5920 1956
5936 1947
5953 1947
5969 1950
5986 1951
6002 1948
6018 1951
6035 1951
6051 1971
6067 1951
6084 1948
6100 1949
6117 1948
6133 1946
6149 1947
6166 1945
6182 1945
6199 1939
6215 1940
6231 1946
6248 1936
6265 1933
6281 1938
6298 1928
6314 1925
6330 1922
6347 1920
6363 1920
6380 1916
6396 1911
6412 1906
6429 1903
6445 1898
6462 1898
6478 1892
6494 1891
6511 1886
6527 1881
6544 1884
6560 1871
6576 1872
6593 1868
6609 1868
6625 1863
6642 1860
6658 1861
6675 1853
6691 1850
6707 1848
6724 1844
6740 1841
6757 1838
6773 1835
6789 1835
6806 1830
6822 1829
6839 1825
6855 1824
6871 1826
6888 1823
6904 1819
6921 1821
6937 1818
6953 1814
6970 1811
6986 1809
7003 1811
7019 1810
7035 1807
7052 1804
7068 1806
7084 1804
7101 1804
7117 1803
7134 1806
7150 1808
7166 1805
7183 1808
7199 1808
7216 1808
7232 1803
7248 1805
7265 1812
7281 1813
7298 1812
7314 1813
7330 1814
7347 1818
7363 1818
7380 1819
7396 1817
7412 1820
7429 1824
7445 1828
7462 1826
7478 1822
7494 1833
7511 1834
7527 1836
7544 1838
7560 1837
7576 1843
7593 1846
7609 1854
7625 1848
7642 1851
7658 1853
7675 1849
7691 1857
7707 1858
7724 1859
7740 1862
7757 1862
7773 1867
7789 1867
7806 1869
7822 1872
7839 1876
7855 1873
7871 1876
7888 1877
7904 1881
7921 1875
7937 1882
7953 1881
7970 1893
7986 1884
8003 1886
8019 1886
8035 1885
8052 1887
8068 1885
8084 1889
8101 1889
8117 1889
8134 1889
8150 1891
8166 1888
8183 1891
8199 1889
8216 1889
8232 1887
8248 1890
8265 1892
8281 1892
8298 1891
8314 1890
8330 1890
8347 1889
8363 1888
8380 1889
8396 1889
8412 1887
8429 1895
8445 1885
8462 1886
8478 1892
8494 1882
8511 1883
8527 1881
8544 1880
8560 1880
8576 1886
8593 1877
8609 1875
8625 1877
8642 1871
8658 1873
8675 1871
8691 1871
8707 1871
8724 1868
8740 1866
8757 1864
8773 1865
8789 1862
8806 1850
8822 1859
8839 1859
8855 1861
8871 1855
8888 1858
8904 1884
8921 1853
8937 1853
8953 1849
8970 1850
8986 1850
9003 1850
9019 1847
9035 1850
9052 1849
9068 1845
9084 1844
9101 1840
9117 1843
9134 1840
9150 1841
9166 1841
9183 1841
9199 1841
9216 1840
9232 1843
9248 1839
9265 1837
9281 1842
9298 1836
9314 1834
9330 1840
9347 1838
9363 1835
9380 1837
9396 1837
9412 1834
9429 1834
9445 1836
9462 1835
9478 1842
9494 1837
9511 1837
9527 1834
9544 1836
9560 1840
9576 1838
9593 1839
9609 1839
9625 1839
9642 1843
9658 1840
9675 1843
9691 1843
9707 1844
9724 1846
9740 1844
9757 1846
9773 1846
9789 1850
9806 1850
9822 1853
9839 1850
9855 1855
9871 1854
9888 1854
9904 1858
9921 1857
9937 1857
9953 1874
9970 1861
9986 1863
10003 1871
10019 1864
10035 1867
10052 1869
10068 1866
10084 1868
10101 1874
10117 1872
10134 1871
10150 1872
10166 1875
10183 1875
10199 1883
10216 1878
10232 1884
10248 1879
10265 1881
10281 1881
10298 1881
10314 1881
10330 1883
10347 1883
10363 1883
10380 1885
10396 1886
10412 1885
10429 1884
10445 1886
10462 1886
10478 1867
10494 1890
10511 1889
10527 1902
10544 1891
10560 1894
10576 1887
10593 1890
10609 1892
10625 1896
10642 1892
10658 1893
10675 1893
10691 1891
10707 1890
10724 1893
10740 1893
10757 1889
10773 1889
10789 1892
10806 1891
10822 1889
10839 1884
10855 1892
10871 1891
10888 1890
10904 1887
10921 1891
10937 1892
10953 1888
10970 1889
10986 1888
11003 1866
11019 1889
11035 1888
11052 1887
11068 1887
11084 1885
11101 1890
11117 1885
11134 1886
11150 1887
11166 1882
11183 1884
11199 1878
11216 1882
11232 1884
11248 1884
11265 1883
11281 1883
11298 1883
11314 1883
11330 1882
11347 1881
11363 1881
11380 1880
11396 1881
11412 1877
11429 1880
11445 1879
11462 1879
11478 1883
11494 1879
11511 1879
11527 1868
11544 1879
11560 1879
11576 1882
11593 1877
11609 1878
11625 1876
11642 1876
11658 1882
11675 1876
11691 1880
11707 1878
11724 1878
11740 1876
11757 1875
11773 1877
11789 1876
11806 1876
11822 1876
11839 1877
11855 1876
11871 1876
11888 1877
11904 1878
11921 1877
11937 1875
11953 1877
11970 1878
11986 1876
12003 1879
12019 1877
12035 1876
12052 1875
12068 1877
12084 1875
12101 1872
12117 1877
12134 1876
12150 1875
12166 1877
12183 1875
12199 1879
12216 1877
12232 1877
12248 1877
12265 1879
12281 1877
12298 1876
12314 1876
12330 1876
12347 1876
12363 1877
12380 1880
12396 1874
12412 1876
12429 1875
12445 1874
12462 1878
12478 1878
12494 1874
12511 1875
12527 1889
12544 1877
12560 1876
12576 1874
12593 1880
12609 1875
12625 1873
12642 1874
12658 1875
12675 1874
12691 1872
12707 1873
12724 1873
12740 1874
12757 1873
12773 1870
12789 1875
12806 1872
12822 1872
12839 1872
12855 1871
12871 1871
12888 1871
12904 1874
12921 1872
12937 1872
12953 1869
12970 1871
12986 1870
13003 1869
13019 1871
13035 1869
13052 1873
13068 1871
13084 1870
13101 1872
13117 1869
13134 1870
13150 1868
13166 1869
13183 1868
13199 1868
13216 1866
13232 1869
13248 1870
13265 1871
13281 1871
13298 1870
13314 1868
13330 1869
13347 1871
13363 1868
13380 1867
13396 1870
13412 1868
13429 1867
13445 1865
13462 1867
13478 1857
13494 1867
13511 1865
13527 1863
13544 1866
13560 1868
13576 1869
13593 1866
13609 1869
13625 1867
13642 1866
13658 1866
13675 1871
13691 1864
13707 1866
13724 1866
13740 1865
13757 1865
13773 1865
13789 1867
13806 1864
13822 1864
13839 1868
13855 1863
13871 1866
13888 1866
13904 1864
13921 1868
13937 1867
13953 1867
13970 1866
13986 1865
14003 1877
14019 1864
14035 1865
14052 1866
14068 1864
14084 1866
14101 1863
14117 1865
14134 1867
14150 1864
14166 1864
14183 1865
14199 1864
14216 1867
14232 1866
14248 1868
14265 1865
14281 1862
14298 1864
14314 1865
14330 1865
14347 1867
14363 1866
14380 1867
14396 1865
14412 1867
14429 1864
14445 1863
14462 1866
14478 1868
14494 1864
14511 1868
14527 1864
14544 1866
14560 1866
14576 1865
14593 1864
14609 1867
14625 1864
14642 1864
14658 1872
14675 1869
14691 1866
14707 1866
14724 1868
14740 1869
14757 1868
14773 1866
14789 1873
14806 1866
14822 1869
14839 1869
14855 1868
14871 1868
14888 1875
14904 1869
14921 1862
14937 1866
14953 1869
14970 1873
14986 1867
15003 1870
15019 1869
15035 1867
15052 1868
15068 1869
15084 1868
15101 1884
15117 1865
15134 1866
15150 1867
15166 1864
15183 1867
15199 1866
15216 1868
15232 1871
15248 1865
15265 1872
15281 1863
15298 1864
15314 1865
15330 1864
15347 1859
15363 1868
15380 1864
15396 1863
15412 1864
15429 1864
15445 1860
15462 1863
15478 1860
15494 1864
15511 1862
15527 1866
15544 1865
15560 1859
15576 1865
15593 1863
15609 1864
15625 1867
15642 1864
15658 1861
15675 1863
15691 1862
15707 1864
15724 1863
15740 1861
15757 1864
15773 1861
15789 1857
15806 1862
15822 1863
15839 1867
15855 1864
15871 1864
15888 1861
15904 1867
15921 1869
15937 1867
15953 1865
15970 1861
15986 1864
16003 1864
16019 1864
16035 1863
16052 1865
16068 1867
16084 1868
16101 1877
16117 1870
16134 1867
16150 1866
16166 1867
16183 1870
16199 1871
16216 1870
16232 1887
16248 1871
16265 1875
16281 1871
16298 1870
16314 1869
16330 1874
16347 1875
16363 1871
16380 1874
16396 1875
16412 1875
16429 1872
16445 1872
16462 1879
16478 1874
16494 1873
16511 1876
16527 1874
16544 1880
16560 1877
16576 1876
16593 1877
16609 1876
16625 1876
16642 1877
16658 1877
16675 1877
16691 1878
16707 1877
16724 1878
16740 1876
16757 1877
16773 1877
16789 1882
16806 1874
16822 1878
16839 1874
16855 1875
16871 1877
16888 1875
16904 1875
16921 1870
16937 1875
16953 1876
16970 1876
16986 1874
17003 1875
17019 1875
17035 1875
17052 1872
17068 1873
17084 1874
17101 1867
17117 1871
17134 1871
17150 1872
17166 1872
17183 1873
17199 1873
17216 1873
17232 1854
17248 1869
17265 1870
17281 1869
17298 1871
17314 1867
17330 1871
17347 1869
17363 1866
17380 1869
17396 1868
17412 1865
17429 1869
17445 1866
17462 1867
17478 1861
17494 1865
17511 1866
17527 1881
17544 1867
17560 1869
17576 1867
17593 1865
17609 1867
17625 1864
17642 1868
17658 1863
17675 1865
17691 1865
17707 1865
17724 1865
17740 1866
17757 1864
17773 1866
17789 1861
17806 1866
17822 1866
17839 1866
17855 1867
17871 1868
17888 1868
17904 1868
17921 1868
17937 1865
17953 1868
17970 1868
17986 1870
18003 1869
18019 1872
18035 1870
18052 1870
18068 1869
18084 1870
18101 1832
18117 1869
18134 1872
18150 1865
18166 1871
18183 1873
18199 1874
18216 1872
18232 1888
18248 1873
18265 1871
18281 1876
18298 1873
18314 1873
18330 1878
18347 1874
18363 1875
18380 1872
18396 1874
18412 1876
18429 1873
18445 1874
18462 1874
18478 1877
18494 1872
18511 1872
18527 1878
18544 1874
18560 1874
18576 1876
18593 1875
18609 1876
18625 1874
18642 1874
18658 1880
18675 1874
18691 1878
18707 1876
18724 1875
18740 1878
18757 1876
18773 1875
18789 1868
18806 1873
18822 1872
18839 1877
18855 1875
18871 1876
18888 1877
18904 1876
18921 1879
18937 1870
18953 1876
18970 1874
18986 1874
19003 1870
19019 1877
19035 1878
19052 1874
19068 1875
19084 1877
19101 1943
19117 1877
19134 1877
19150 1884
19166 1875
19183 1876
19199 1876
19216 1876
19232 1872
19248 1879
19265 1877
19281 1879
19298 1879
19314 1880
19330 1878
19347 1879
19363 1881
19380 1878
19396 1877
19412 1880
19429 1881
19445 1880
19462 1878
19478 1862
19494 1879
19511 1879
19527 1873
19544 1880
19560 1879
19576 1881
19593 1882
19609 1885
19625 1876
19642 1879
19658 1880
19675 1880
19691 1879
19707 1880
19724 1881
19740 1878
19757 1877
19773 1876
19789 1886
19806 1876
19822 1874
19839 1874
19855 1875
19871 1874
19888 1875
19904 1874
19921 1862
19937 1875
19953 1873
19970 1878
19986 1876
20003 1870
20019 1873
20035 1868
20052 1869
20068 1871
20084 1866
20101 1830
20117 1871
20134 1866
20150 1861
20166 1865
20183 1865
20199 1866
20216 1867
20232 1871
20248 1864
20265 1858
20281 1864
20298 1864
20314 1861
20330 1864
20347 1861
20363 1859
20380 1860
20396 1859
20412 1861
20429 1860
20445 1861
20462 1860
20478 1873
20494 1857
20511 1856
20527 1859
20544 1858
20560 1855
20576 1857
20593 1855
20609 1852
20625 1856
20642 1859
20658 1856
20675 1859
20691 1857
20707 1851
20724 1852
20740 1852
20757 1853
20773 1853
20789 1832
20806 1849
20822 1852
20839 1850
20855 1849
20871 1850
20888 1850
20904 1850
20921 1868
20937 1852
20953 1850
20970 1850
20986 1848
21003 1844
21019 1850
21035 1851
21052 1849
21068 1849
21084 1850
21101 1857
21117 1848
21134 1847
21150 1847
21166 1848
21183 1847
21199 1846
21216 1852
21232 1849
21248 1848
21265 1848
21281 1849
21298 1847
21314 1848
21330 1851
21347 1848
21363 1869
21380 1851
21396 1852
21412 1853
21429 1842
21445 1851
21462 1849
21478 1837
21494 1850
21511 1851
21527 1851
21544 1847
21560 1852
21576 1851
21593 1850
21609 1851
21625 1854
21642 1853
21658 1853
21675 1852
21691 1852
21707 1854
21724 1852
21740 1853
21757 1853
21773 1852
21789 1853
21806 1852
21822 1854
21839 1850
21855 1854
21871 1854
21888 1856
21904 1856
21921 1859
21937 1855
21953 1866
21970 1858
21986 1857
22003 1868
22019 1857
22035 1857
22052 1841
22068 1859
22084 1859
22101 1858
22117 1861
22134 1860
22150 1856
22166 1861
22183 1861
22199 1860
22216 1859
22232 1860
22248 1861
22265 1864
22281 1865
22298 1860
22314 1862
22330 1862
22347 1861
22363 1865
22380 1867
22396 1862
22412 1862
22429 1864
22445 1864
22462 1865
22478 1867
22494 1864
22511 1864
22527 1859
22544 1865
22560 1867
22576 1867
22593 1866
22609 1867
22625 1868
22642 1867
22658 1866
22675 1865
22691 1864
22707 1868
22724 1870
22740 1868
22757 1866
22773 1867
22789 1870
22806 1868
22822 1864
22839 1868
22855 1868
22871 1866
22888 1868
22904 1868
22921 1867
22937 1867
22953 1865
22970 1868
22986 1866
23003 1847
23019 1869
23035 1869
23052 1860
23068 1867
23084 1868
23101 1869
23117 1868
23134 1867
23150 1865
23166 1866
23183 1865
23199 1867
23216 1870
23232 1870
23248 1868
23265 1867
23281 1868
23298 1869
23314 1872
23330 1868
23347 1867
23363 1870
23380 1867
23396 1868
23412 1868
23429 1866
23445 1866
23462 1870
23478 1869
23494 1867
23511 1866
23527 1867
23544 1866
23560 1868
23576 1867
23593 1870
23609 1868
23625 1866
23642 1868
23658 1876
23675 1872
23691 1868
23707 1869
23724 1869
23740 1867
23757 1870
23773 1868
23789 1868
23806 1869
23822 1868
23839 1869
23855 1866
23871 1866
23888 1871
23904 1868
23921 1868
23937 1871
23953 1869
23970 1871
23986 1867
24003 1878
24019 1866
24035 1868
24052 1885
24068 1871
24084 1873
24101 1871
24117 1868
24134 1869
24150 1873
24166 1870
24183 1869
24199 1870
24216 1871
24232 1869
24248 1872
24265 1870
24281 1872
24298 1871
24314 1868
24330 1871
24347 1869
24363 1871
24380 1870
24396 1872
24412 1872
24429 1874
24445 1872
24462 1870
24478 1870
24494 1870
24511 1872
24527 1872
24544 1870
24560 1871
24576 1869
24593 1872
24609 1871
24625 1871
24642 1873
24658 1868
24675 1869
24691 1872
24707 1869
24724 1869
24740 1870
24757 1873
24773 1868
24789 1868
24806 1870
24822 1870
24839 1869
24855 1870
24871 1867
24888 1870
24904 1870
24921 1872
24937 1869
24953 1867
24970 1869
24986 1870
25003 1877
25019 1871
25035 1869
25052 1848
25068 1869
25084 1870
25101 1867
25117 1870
25134 1872
25150 1871
25166 1872
25183 1872
25199 1870
25216 1872
25232 1871
25248 1872
25265 1871
25281 1871
25298 1872
25314 1872
25330 1871
25347 1874
25363 1870
25380 1871
25396 1871
25412 1881
25429 1873
25445 1872
25462 1871
25478 1893
25494 1874
25511 1874
25527 1874
25544 1874
25560 1872
25576 1873
25593 1874
25609 1874
25625 1880
25642 1874
25658 1875
25675 1876
25691 1873
25707 1873
25724 1877
25740 1874
25757 1874
25773 1874
25789 1874
25806 1870
25822 1873
25839 1869
25855 1872
25871 1872
25888 1873
25904 1871
25921 1875
25937 1874
25953 1873
25970 1870
25986 1875
26003 1880
26019 1871
26035 1870
26052 1887
26068 1871
26084 1868
26101 1874
26117 1870
26134 1869
26150 1870
26166 1868
26183 1867
26199 1868
26216 1866
26232 1863
26248 1867
26265 1867
26281 1865
26298 1865
26314 1866
26330 1863
26347 1865
26363 1865
26380 1865
26396 1864
26412 1865
26429 1862
26445 1861
26462 1861
26478 1839
26494 1863
26511 1863
26527 1868
26544 1861
26560 1859
26576 1859
26593 1866
26609 1860
26625 1861
26642 1863
26658 1857
26675 1859
26691 1862
26707 1862
26724 1859
26740 1859
26757 1858
26773 1863
26789 1860
26806 1863
26822 1862
26839 1859
26855 1859
26871 1860
26888 1864
26904 1860
26921 1863
26937 1861
26953 1861
26970 1863
26986 1866
27003 1861
27019 1863
27035 1863
27052 1864
27068 1863
27084 1866
27101 1861
27117 1867
27134 1863
27150 1865
27166 1865
27183 1864
27199 1859
27216 1864
27232 1867
27248 1866
27265 1868
27281 1868
27298 1866
27314 1867
27330 1889
27347 1869
27363 1869
27380 1868
27396 1872
27412 1869
27429 1871
27445 1872
27462 1870
27478 1880
27494 1869
27511 1870
27527 1870
27544 1870
27560 1870
27576 1871
27593 1872
27609 1871
27625 1872
27642 1871
27658 1871
27675 1872
27691 1872
27707 1873
27724 1872
27740 1871
27757 1869
27773 1873
27789 1872
27806 1874
27822 1868
27839 1869
27855 1872
27871 1870
27888 1870
27904 1868
27921 1882
27937 1866
27953 1869
27970 1871
27986 1871
28003 1867
28019 1867
28035 1867
28052 1866
28068 1869
28084 1867
28101 1866
28117 1866
28134 1865
28150 1863
28166 1863
28183 1865
28199 1864
28216 1865
28232 1852
28248 1862
28265 1864
28281 1863
28298 1865
28314 1864
28330 1864
28347 1863
28363 1863
28380 1866
28396 1862
28412 1863
28429 1864
28445 1861
28462 1865
28478 1852
28494 1862
28511 1857
28527 1858
28544 1865
28560 1862
28576 1861
28593 1864
28609 1861
28625 1861
28642 1861
28658 1855
28675 1862
28691 1863
28707 1861
28724 1862
28740 1870
28757 1864
28773 1864
28789 1870
28806 1861
28822 1863
28839 1858
28855 1861
28871 1861
28888 1860
28904 1860
28921 1851
28937 1861
28953 1864
28970 1860
28986 1859
29003 1863
29019 1867
29035 1864
29052 1861
29068 1862
29084 1859
29101 1857
29117 1864
29134 1861
29150 1859
29166 1862
29183 1861
29199 1859
29216 1858
29232 1864
29248 1860
29265 1862
29281 1857
29298 1860
29314 1860
29330 1858
29347 1860
29363 1860
29380 1859
29396 1858
29412 1858
29429 1859
29445 1859
29462 1858
29478 1870
29494 1860
29511 1861
29527 1865
29544 1856
29560 1856
29576 1859
29593 1859
29609 1859
29625 1859
29642 1860
29658 1858
29675 1859
29691 1861
29707 1862
29724 1859
29740 1861
29757 1860
29773 1859
29789 1856
29806 1859
29822 1860
29839 1861
29855 1860
29871 1861
29888 1861
29904 1861
29921 1855
29937 1863
29953 1864
29970 1867
29986 1864
30003 1865
30019 1869
30035 1866
30052 1866
30068 1866
30084 1866
30101 1871
30117 1870
30134 1869
30150 1873
30166 1871
30183 1868
30199 1870
30216 1871
30232 1872
30248 1870
30265 1873
30281 1876
30298 1874
30314 1876
30330 1876
30347 1877
30363 1871
30380 1876
30396 1877
30412 1877
30429 1880
30445 1879
30462 1881
30478 1876
30494 1882
30511 1881
30527 1880
30544 1880
30560 1883
30576 1881
30593 1882
30609 1883
30625 1886
30642 1882
30658 1884
30675 1882
30691 1885
30707 1882
30724 1888
30740 1887
30757 1888
30773 1886
30789 1887
30806 1888
30822 1886
30839 1889
30855 1890
30871 1888
30888 1890
30904 1888
30921 1900
30937 1888
30953 1891
30970 1892
30986 1886
31003 1894
31019 1891
31035 1891
31052 1889
31068 1892
31084 1887
31101 1890
31117 1891
31134 1890
31150 1891
31166 1889
31183 1890
31199 1890
31216 1889
31232 1892
31248 1889
31265 1890
31281 1888
31298 1891
31314 1896
31330 1892
31347 1890
31363 1891
31380 1890
31396 1884
31412 1890
31429 1890
31445 1887
31462 1890
31478 1897
31494 1889
31511 1888
31527 1886
31544 1891
31560 1887
31576 1887
31593 1888
31609 1889
31625 1887
31642 1887
31658 1887
31675 1889
31691 1885
31707 1887
31724 1888
31740 1886
31757 1884
31773 1885
31789 1889
31806 1885
31822 1886
31839 1887
31855 1885
31871 1883
31888 1884
31904 1883
31921 1900
31937 1881
31953 1883
31970 1881
31986 1881
32003 1882
32019 1880
32035 1879
32052 1882
32068 1881
32084 1880
32101 1882
32117 1880
32134 1881
32150 1875
32166 1880
32183 1878
32199 1877
32216 1880
32232 1879
32248 1878
32265 1876
32281 1878
32298 1878
32314 1877
32330 1877
32347 1876
32363 1873
32380 1876
32396 1876
32412 1876
32429 1875
32445 1874
32462 1874
32478 1864
32494 1877
32511 1875
32527 1875
32544 1871
32560 1871
32576 1871
32593 1872
32609 1871
32625 1872
32642 1873
32658 1871
32675 1870
32691 1872
32707 1873
32724 1869
32740 1871
32757 1871
32773 1873
32789 1855
32806 1871
32822 1872
32839 1870
32855 1871
32871 1868
32888 1869
32904 1869
32921 1837
32937 1871
32953 1872
32970 1871
32986 1870
33003 1870
33019 1868
33035 1869
33052 1870
33068 1867
33084 1868
33101 1868
33117 1870
33134 1867
33150 1873
33166 1871
33183 1870
33199 1870
33216 1868
33232 1869
33248 1874
33265 1869
33281 1871
33298 1870
33314 1871
33330 1869
33347 1871
33363 1871
33380 1878
33396 1870
33412 1870
33429 1870
33445 1870
33462 1871
33478 1871
33494 1870
33511 1872
33527 1875
33544 1870
33560 1868
33576 1868
33593 1869
33609 1867
