2 1670
55 1586
71 1507
88 1429
104 1349
121 1280
137 1207
153 1138
170 1075
186 1017
203 961
219 911
235 870
252 820
268 783
285 749
301 730
317 702
334 688
350 676
367 669
383 670
399 675
416 685
432 705
449 719
465 747
481 778
498 815
514 851
530 899
547 945
563 993
580 1055
596 1114
612 1170
629 1237
645 1301
662 1373
678 1442
696 1519
712 1591
728 1665
745 1736
761 1814
778 1889
794 1963
810 2032
827 2104
843 2179
859 2242
876 2307
892 2362
909 2428
925 2487
941 2542
958 2590
974 2637
991 2678
1007 2714
1023 2751
1040 2782
1056 2805
1073 2826
1089 2842
1105 2854
1122 2860
1138 2864
1155 2862
1171 2855
1187 2844
1204 2826
1220 2807
1237 2785
1253 2753
1269 2723
1286 2686
1302 2647
1318 2601
1335 2555
1351 2505
1368 2458
1384 2397
1400 2341
1417 2260
1433 2225
1450 2160
1466 2098
1482 2032
1499 1972
1515 1905
1532 1844
1548 1778
1564 1718
1581 1651
1597 1594
1614 1529
1630 1483
1646 1421
1663 1369
1679 1320
1699 1262
1715 1216
1732 1178
1748 1140
1765 1107
1781 1080
1797 1051
1814 1031
1830 1008
1847 994
1863 984
1879 976
1896 974
1912 976
1928 980
1945 990
1961 1003
1978 1023
1994 1040
2010 1069
2027 1097
2043 1130
2060 1158
2076 1198
2092 1218
2109 1280
2125 1330
2142 1395
2158 1424
2174 1474
2191 1519
2207 1579
2224 1631
2240 1687
2256 1740
2273 1800
2289 1857
2306 1915
2322 1970
2338 2019
2355 2072
2371 2127
2387 2174
2404 2225
2420 2274
2437 2316
2453 2358
2469 2399
2486 2435
2502 2469
2519 2498
2535 2528
2551 2550
2568 2572
2584 2591
2601 2606
2617 2596
2633 2625
2650 2626
2666 2629
2683 2623
2700 2616
2716 2605
2733 2592
2749 2576
2766 2555
2782 2534
2798 2509
2815 2481
2831 2448
2848 2415
2864 2373
2880 2338
2897 2298
2913 2256
2930 2212
2946 2169
2962 2120
2979 2072
2995 2026
3012 1981
3028 1928
3044 1882
3061 1835
3077 1788
3094 1740
3110 1694
3126 1649
3143 1597
3159 1561
3175 1521
3192 1480
3208 1445
3225 1408
3241 1367
3257 1350
3274 1321
3290 1299
3307 1274
3323 1253
3339 1239
3356 1224
3372 1212
3389 1206
3405 1202
3421 1201
3438 1201
3454 1212
3471 1216
3487 1225
3503 1238
3520 1254
3536 1273
3553 1295
3569 1321
3585 1341
3602 1377
3618 1411
3634 1439
3651 1472
3667 1504
3684 1553
3707 1603
3723 1639
3739 1688
3756 1723
3772 1767
3789 1807
3805 1850
3821 1896
3838 1936
3854 1974
3871 2015
3887 2055
3903 2092
3920 2129
3936 2163
3952 2199
3969 2231
3985 2261
4002 2291
4018 2314
4034 2344
4051 2360
4067 2372
4084 2399
4100 2412
4116 2425
4133 2431
4149 2437
4166 2439
4182 2445
4198 2444
4215 2439
4231 2431
4248 2421
4264 2409
4280 2394
4297 2380
4313 2362
4330 2341
4346 2317
4362 2293
4379 2266
4395 2229
4411 2209
4428 2178
4444 2145
4461 2110
4477 2076
4493 2041
4510 2006
4526 1970
4543 1946
4559 1897
4575 1859
4592 1826
4608 1788
4625 1752
4641 1739
4657 1686
4674 1652
4690 1654
4708 1590
4724 1562
4740 1533
4757 1509
4773 1486
4790 1471
4806 1446
4822 1427
4839 1410
4855 1397
4872 1387
4888 1378
4904 1370
4921 1369
4937 1368
4954 1367
4970 1369
4986 1374
5003 1382
5019 1393
5035 1406
5052 1421
5068 1433
5085 1448
5101 1471
5117 1477
5134 1516
5150 1542
5167 1562
5183 1592
5199 1619
5216 1648
5232 1677
5249 1708
5265 1737
5281 1772
5298 1803
5314 1838
5331 1863
5347 1898
5363 1930
5380 1961
5396 1991
5413 2021
5429 2048
5445 2076
5462 2102
5478 2129
5494 2155
5511 2173
5527 2195
5544 2216
5560 2231
5576 2248
5593 2230
5609 2275
5626 2285
5642 2304
5658 2295
5675 2307
5693 2278
5709 2306
5726 2306
5742 2300
5759 2292
5775 2286
5791 2280
5808 2265
5824 2251
5841 2235
5857 2218
5873 2200
5890 2186
5906 2164
5923 2140
5939 2118
5955 2093
5972 2071
5988 2042
6004 2016
6021 1989
6037 1960
6054 1931
6070 1908
6086 1878
6103 1850
6119 1822
6136 1797
6152 1770
6168 1743
6185 1717
6201 1693
6218 1684
6234 1648
6250 1627
6267 1605
6283 1588
6300 1575
6316 1596
6332 1538
6349 1529
6365 1510
6382 1509
6398 1500
6414 1493
6431 1489
6447 1485
6463 1485
6480 1485
6496 1486
6513 1486
6529 1499
6545 1505
6562 1519
6578 1525
6595 1539
6611 1551
6627 1568
6644 1582
6660 1604
6677 1619
6694 1640
6711 1663
6727 1680
6743 1708
6760 1730
6776 1750
6792 1775
6809 1801
6825 1821
6842 1848
6858 1861
6874 1901
6891 1920
6907 1943
6924 1967
6940 1990
6956 2010
6973 2032
6989 2051
7006 2071
7022 2088
7038 2104
7055 2120
7071 2135
7088 2149
7104 2160
7120 2182
7137 2178
7153 2184
7170 2191
7186 2197
7202 2198
7219 2199
7235 2199
7251 2198
7268 2194
7284 2191
7301 2183
7317 2177
7333 2167
7350 2155
7366 2145
7383 2132
7399 2119
7415 2104
7432 2072
7448 2069
7465 2051
7481 2029
7497 2016
7514 1994
7530 1977
7547 1958
7563 1919
7579 1914
7596 1896
7612 1870
7629 1853
7645 1833
7661 1813
7678 1792
7697 1769
7713 1748
7729 1731
7746 1711
7762 1696
7779 1679
7795 1611
7811 1653
7828 1644
7844 1627
7861 1619
7877 1608
7893 1601
7910 1594
7926 1600
7942 1585
7959 1583
7975 1576
7992 1580
8008 1580
8024 1576
8041 1583
8057 1590
8074 1596
8090 1603
8106 1612
8123 1622
8139 1629
8156 1645
8172 1665
8188 1673
8205 1685
8221 1701
8238 1718
8254 1732
8270 1747
8287 1770
8303 1788
8320 1802
8336 1820
8352 1839
8369 1858
8385 1877
8401 1894
8418 1910
8434 1928
8451 1945
8467 1962
8483 1977
8500 1995
8516 2011
8533 2022
8549 2038
8565 2052
8582 2062
8598 2071
8615 2103
8631 2091
8647 2098
8664 2106
8680 2110
8701 2114
8717 2135
8734 2117
8750 2123
8766 2114
8783 2115
8799 2114
8815 2109
8832 2107
8848 2101
8865 2091
8881 2084
8897 2073
8914 2065
8930 2050
8947 2040
8963 2026
8979 2016
8996 2000
9012 1985
9029 1971
9045 1957
9061 1940
9078 1923
9094 1927
9111 1893
9127 1876
9143 1858
9160 1844
9176 1829
9193 1814
9209 1800
9225 1782
9242 1768
9258 1750
9274 1740
9291 1730
9307 1718
9324 1707
9340 1694
9356 1685
9373 1678
9389 1670
9406 1673
9422 1661
9438 1655
9455 1650
9471 1649
9488 1644
9504 1646
9520 1644
9537 1631
9553 1641
9570 1651
9586 1659
9602 1658
9619 1669
9635 1675
9652 1681
9668 1691
9684 1697
9702 1708
9718 1710
9735 1732
9751 1746
9767 1757
9784 1775
9800 1782
9817 1800
9833 1810
9849 1822
9866 1835
9882 1852
9899 1866
9915 1882
9931 1894
9948 1910
9964 1922
9981 1938
9997 1948
10013 1962
10030 1971
10046 1983
10062 1994
10079 2004
10095 2012
10112 2022
10128 2031
10144 2038
10161 2044
10177 2051
10194 2052
10210 2060
10226 2062
10243 2064
10259 2064
10276 2076
10292 2063
10308 2060
10325 2060
10341 2057
10358 2050
10374 2048
10390 2041
10407 2040
10423 2030
10440 2021
10456 2013
10472 2004
10489 1994
10505 1984
10521 1975
10538 1963
10554 1951
10571 1941
10587 1914
10603 1917
10620 1906
10636 1885
10653 1879
10669 1866
10685 1858
10709 1837
10726 1828
10742 1813
10759 1805
10775 1796
10791 1785
10808 1775
10824 1766
10841 1755
10857 1749
10873 1745
10890 1733
10906 1733
10923 1724
10939 1722
10955 1717
10972 1712
10988 1711
11005 1710
11021 1707
11037 1710
11054 1709
11070 1712
11086 1708
11103 1716
11119 1722
11136 1724
11152 1728
11168 1733
11185 1743
11201 1749
11218 1754
11234 1764
11250 1770
11267 1782
11283 1789
11300 1799
11316 1806
11332 1815
11349 1829
11365 1839
11382 1848
11398 1860
11414 1867
11431 1880
11447 1890
11464 1901
11480 1919
11496 1924
11513 1931
11529 1940
11545 1947
11562 1963
11578 1964
11595 1975
11611 1983
11627 1985
11644 1994
11660 2000
11677 2005
11695 2008
11711 2012
11728 2015
11744 2021
11760 2020
11777 2021
11793 2021
11810 2019
11826 2019
11842 2016
11859 2013
11875 2010
11892 2002
11908 2005
11924 1996
11941 1994
11957 1995
11973 1978
11990 1976
12006 1966
12023 1958
12039 1949
12055 1944
12072 1939
12088 1925
12105 1918
12121 1909
12137 1897
12154 1887
12170 1878
12187 1869
12203 1860
12219 1852
12236 1842
12252 1835
12269 1819
12285 1818
12301 1806
12318 1803
12334 1796
12351 1793
12367 1780
12383 1775
12400 1770
12416 1765
12432 1777
12449 1756
12465 1752
12482 1747
12498 1747
12514 1744
12531 1743
12547 1743
12564 1744
12580 1746
12596 1745
12613 1749
12629 1749
12646 1753
12662 1755
12678 1761
12698 1763
12714 1763
12731 1776
12747 1782
12763 1786
12780 1794
12796 1812
12813 1806
12829 1817
12845 1823
12862 1832
12878 1838
12894 1846
12911 1854
12927 1862
12944 1869
12960 1878
12976 1886
12993 1892
13009 1902
13026 1908
13042 1921
13058 1921
13075 1931
13091 1935
13108 1940
13124 1946
13140 1949
13157 1956
13173 1963
13190 1966
13206 1968
13222 1968
13239 1976
13255 1976
13272 1979
13288 1981
13304 1980
13321 1980
13337 1980
13353 1959
13370 1977
13386 1974
13403 1977
13419 1968
13435 1966
13452 1958
13468 1957
13485 1952
13501 1950
13517 1947
13534 1940
13550 1931
13567 1927
13583 1913
13599 1914
13616 1905
13632 1893
13649 1893
13665 1886
13681 1879
13703 1867
13719 1862
13735 1857
13752 1849
13768 1840
13785 1836
13801 1828
13817 1821
13834 1817
13850 1810
13867 1808
13883 1799
13899 1797
13916 1793
13932 1774
13949 1786
13965 1783
13981 1779
13998 1776
14014 1774
14031 1772
14047 1771
14063 1772
14080 1771
14096 1772
14112 1772
14129 1774
14145 1775
14162 1779
14178 1781
14194 1784
14211 1783
14227 1790
14244 1793
14260 1802
14276 1805
14293 1818
14309 1811
14326 1817
14342 1797
14358 1825
14375 1832
14391 1837
14408 1850
14424 1855
14440 1855
14457 1865
14473 1872
14490 1877
14506 1877
14522 1889
14539 1893
14555 1900
14571 1904
14588 1913
14604 1916
14621 1918
14637 1924
14653 1931
14670 1931
14686 1936
14704 1940
14720 1950
14737 1944
14753 1947
14769 1948
14786 1950
14802 1952
14819 1953
14835 1955
14851 1956
14868 1962
14884 1954
14901 1947
14917 1952
14933 1946
14950 1944
14966 1941
14982 1940
14999 1933
15015 1930
15032 1928
15048 1921
15064 1919
15081 1915
15097 1916
15114 1911
15130 1902
15146 1889
15163 1890
15179 1884
15196 1877
15212 1870
15228 1867
15245 1862
15261 1855
15278 1848
15294 1847
15310 1839
15327 1836
15343 1832
15360 1825
15376 1822
15392 1819
15409 1813
15425 1810
15441 1819
15458 1809
15474 1803
15491 1799
15507 1799
15523 1796
15540 1800
15556 1793
15573 1794
15589 1793
15605 1794
15622 1789
15638 1795
15655 1792
15671 1795
15687 1797
15704 1799
15721 1802
15737 1805
15754 1807
15770 1809
15786 1814
15803 1818
15819 1820
15835 1827
15852 1831
15868 1831
15885 1839
15901 1845
15917 1848
15934 1853
15950 1859
15967 1859
15983 1868
15999 1867
16016 1968
16032 1880
16049 1887
16065 1891
16081 1895
16098 1900
16114 1902
16131 1910
16147 1910
16163 1914
16180 1917
16196 1920
16213 1923
16229 1926
16245 1929
16262 1932
16278 1933
16294 1933
16311 1937
16327 1944
16344 1940
16360 1937
16376 1936
16393 1941
16409 1937
16426 1937
16442 1933
16458 1937
16475 1931
16491 1932
16508 1929
16524 1925
16540 1923
16557 1920
16573 1917
16590 1913
16606 1908
16622 1904
16639 1899
16655 1900
16672 1890
16688 1889
16704 1885
16721 1883
16737 1874
16754 1873
16770 1870
16786 1865
16803 1860
16819 1857
16836 1851
16852 1850
16868 1844
16885 1841
16901 1836
16918 1823
16934 1829
16950 1827
16967 1823
16983 1821
16999 1817
17016 1810
17032 1814
17049 1813
17065 1815
17081 1811
17098 1810
17114 1812
17131 1811
17147 1809
17163 1816
17180 1812
17196 1813
17213 1814
17229 1815
17245 1819
17262 1818
17278 1819
17295 1825
17311 1824
17327 1830
17344 1831
17360 1831
17377 1837
17393 1838
17409 1844
17426 1848
17442 1844
17458 1859
17475 1859
17491 1866
17508 1866
17524 1869
17540 1872
17557 1876
17573 1884
17590 1887
17606 1887
17622 1890
17639 1891
17655 1896
17672 1900
17688 1897
17704 1904
17721 1904
17737 1909
17754 1914
17770 1914
17786 1916
17803 1918
17819 1918
17836 1920
17852 1920
17868 1921
17885 1920
17901 1923
17918 1944
17934 1922
17950 1921
17967 1920
17983 1917
17999 1919
18016 1911
18032 1914
18049 1913
18065 1910
18081 1911
18098 1906
18114 1906
18131 1901
18147 1902
18163 1898
18180 1898
18196 1888
18213 1889
18229 1883
18245 1877
18262 1876
18278 1876
18295 1868
18311 1867
18327 1863
18344 1861
18360 1856
18377 1854
18393 1852
18409 1849
18426 1847
18442 1866
18458 1843
18475 1837
18491 1833
18508 1839
18524 1834
18540 1831
18557 1827
18573 1832
18590 1825
18606 1828
18622 1826
18639 1829
18655 1824
18672 1825
18688 1835
18704 1823
18721 1827
18737 1828
18754 1830
18770 1829
18786 1831
18803 1831
18819 1826
18836 1834
18852 1839
18868 1838
18885 1841
18901 1844
18918 1822
18934 1848
18950 1852
18967 1855
18983 1860
18999 1859
19016 1869
19032 1863
19049 1867
19065 1873
19081 1876
19098 1878
19114 1880
19131 1883
19147 1886
19163 1889
19180 1892
19196 1896
19213 1896
19229 1897
19245 1899
19262 1902
19278 1905
19295 1904
19311 1908
19327 1909
19344 1907
19360 1910
19377 1910
19393 1912
19409 1914
19426 1913
19442 1914
19458 1913
19475 1915
19491 1913
19508 1910
19524 1911
19540 1910
19557 1911
19573 1908
19590 1907
19606 1905
19622 1904
19639 1902
19655 1898
19672 1896
19688 1887
19704 1890
19721 1890
19737 1888
19754 1884
19770 1881
19786 1880
19803 1879
19819 1874
19836 1870
19852 1868
19868 1866
19885 1863
19901 1860
19918 1858
19934 1855
19950 1851
19967 1850
19983 1848
19999 1848
20016 1843
20032 1839
20049 1840
20065 1839
20081 1837
20098 1835
20114 1835
20131 1830
20147 1833
20163 1832
20180 1832
20196 1827
20213 1828
20229 1829
20245 1831
20262 1827
20278 1832
20295 1831
20311 1833
20327 1839
20344 1834
20360 1837
20377 1843
20393 1837
20409 1841
20426 1842
20442 1844
20458 1856
20475 1849
20491 1853
20508 1855
20524 1855
20540 1855
20557 1863
20573 1862
20590 1864
20606 1866
20622 1868
20639 1857
20655 1872
20672 1876
20688 1874
20704 1877
20721 1879
20737 1881
20754 1883
20770 1890
20786 1889
20803 1894
20819 1889
20836 1890
20852 1892
20868 1884
20885 1893
20901 1893
20918 1892
20934 1896
20950 1896
20967 1895
20983 1894
20999 1895
21016 1896
21032 1893
21049 1891
21065 1891
21081 1891
21098 1889
21114 1889
21131 1889
21147 1889
21163 1886
21180 1883
21196 1878
21213 1879
21229 1881
21245 1877
21262 1874
21278 1874
21295 1869
21311 1870
21327 1865
21344 1866
21360 1862
21377 1857
21393 1859
21409 1859
21426 1856
21442 1854
21458 1847
21475 1848
21491 1850
21508 1850
21524 1847
21540 1842
21557 1843
21573 1842
21590 1839
21606 1840
21622 1839
21639 1792
21655 1838
21672 1837
21688 1843
21704 1834
21721 1835
21737 1836
21754 1839
21770 1837
21786 1837
21803 1838
21819 1840
21836 1835
21852 1841
21868 1841
21885 1842
21901 1841
21918 1844
21934 1843
21950 1846
21967 1847
21983 1849
21999 1850
22016 1850
22032 1857
22049 1858
22065 1857
22081 1863
22098 1863
22114 1865
22131 1868
22147 1870
22163 1870
22180 1872
22196 1877
22213 1875
22229 1876
22245 1879
22262 1880
22278 1882
22295 1882
22311 1884
22327 1886
22344 1886
22360 1889
22377 1889
22393 1890
22409 1889
22426 1891
22442 1895
22458 1884
22475 1889
22491 1889
22508 1885
22524 1895
22540 1892
22557 1894
22573 1892
22590 1891
22606 1890
22622 1890
22639 1957
22655 1888
22672 1888
22688 1882
22704 1885
22721 1883
22737 1883
22754 1881
22770 1880
22786 1879
22803 1874
22819 1874
22836 1873
22852 1874
22868 1865
22885 1872
22901 1865
22918 1867
22934 1867
22950 1865
22967 1863
22983 1860
22999 1860
23016 1860
23032 1856
23049 1855
23065 1855
23081 1853
23098 1852
23114 1855
23131 1851
23147 1850
23163 1849
23180 1851
23196 1847
23213 1849
23229 1849
23245 1848
23262 1849
23278 1848
23295 1848
23311 1850
23327 1856
23344 1851
23360 1849
23377 1854
23393 1849
23409 1851
23426 1854
23442 1853
23458 1831
23475 1857
23491 1856
23508 1857
23524 1859
23540 1860
23557 1860
23573 1864
23590 1864
23606 1866
23622 1868
23639 1851
23655 1871
23672 1870
23688 1872
23704 1874
23721 1875
23737 1875
23754 1878
23770 1866
23786 1881
23803 1884
23819 1886
23836 1885
23852 1884
23868 1885
23885 1886
23901 1884
23918 1885
23934 1887
23950 1889
23967 1887
23983 1890
23999 1889
24016 1887
24032 1888
24049 1890
24065 1888
24081 1885
24098 1889
24114 1891
24131 1886
24147 1887
24163 1887
24180 1885
24196 1884
24213 1885
24229 1883
24245 1883
24262 1880
24278 1880
24295 1879
24311 1879
24327 1857
24344 1876
24360 1875
24377 1874
24393 1875
24409 1872
24426 1868
24442 1869
24458 1911
24475 1869
24491 1865
24508 1865
24524 1864
24540 1858
24557 1862
24573 1862
24590 1859
24606 1860
24622 1857
24639 1826
24655 1855
24672 1858
24688 1857
24704 1853
24721 1854
24737 1852
24754 1853
24770 1865
24786 1855
24803 1853
24819 1856
24836 1853
24852 1850
24868 1853
24885 1855
24901 1857
24918 1848
24934 1854
24950 1857
24967 1857
24983 1857
24999 1855
25016 1863
25032 1860
25049 1859
25065 1861
25081 1861
25098 1862
25114 1865
25131 1866
25147 1869
25163 1869
25180 1869
25196 1871
25213 1873
25229 1872
25245 1877
25262 1872
25278 1877
25295 1876
25311 1879
25327 1884
25344 1881
25360 1880
25377 1879
25393 1886
25409 1884
25426 1883
25442 1885
25458 1844
25475 1889
25491 1886
25508 1888
25524 1887
25540 1889
25557 1889
25573 1890
25590 1887
25606 1887
25622 1886
25639 1928
25655 1887
25672 1885
25688 1885
25704 1883
25721 1885
25737 1882
25754 1881
25770 1876
25786 1881
25803 1880
25819 1887
25836 1879
25852 1877
25868 1876
25885 1876
25901 1874
25918 1874
25934 1872
25950 1870
25967 1871
25983 1870
25999 1867
26016 1862
26032 1864
26049 1864
26065 1860
26081 1863
26098 1859
26114 1860
26131 1859
26147 1860
26163 1858
26180 1858
26196 1854
26213 1855
26229 1856
26245 1867
26262 1858
26278 1855
26295 1858
26311 1854
26327 1853
26344 1860
26360 1850
26377 1853
26393 1847
26409 1852
26426 1852
26442 1855
26458 1854
26475 1853
26491 1850
26508 1853
26524 1853
26540 1859
26557 1855
26573 1858
26590 1853
26606 1857
26622 1858
26639 1862
26655 1861
26672 1864
26688 1862
26704 1859
26721 1862
26737 1866
26754 1867
26770 1868
26786 1869
26803 1869
26819 1882
26836 1872
26852 1873
26868 1876
26885 1875
26901 1877
26918 1882
26934 1877
26950 1877
26967 1878
26983 1880
26999 1877
27016 1882
27032 1878
27049 1882
27065 1880
27081 1881
27098 1885
27114 1885
27131 1884
27147 1884
27163 1884
27180 1883
27196 1882
27213 1884
27229 1883
27245 1886
27262 1884
27278 1886
27295 1881
27311 1879
27327 1878
27344 1878
27360 1878
27377 1879
27393 1873
27409 1877
27426 1875
27442 1874
27458 1874
27475 1870
27491 1865
27508 1870
27524 1870
27540 1870
27557 1870
27573 1870
27590 1868
27606 1866
27622 1865
27639 1865
27655 1862
27672 1864
27688 1860
27704 1860
27721 1860
27737 1858
27754 1859
27770 1860
27786 1860
27803 1860
27819 1857
27836 1856
27852 1856
27868 1854
27885 1856
27901 1855
27918 1865
27934 1857
27950 1855
27967 1857
27983 1857
27999 1856
28016 1859
28032 1854
28049 1855
28065 1852
28081 1854
28098 1854
28114 1858
28131 1857
28147 1857
28163 1858
28180 1858
28196 1861
28213 1861
28229 1861
28245 1867
28262 1862
28278 1864
28295 1864
28311 1866
28327 1864
28344 1864
28360 1867
28377 1867
28393 1867
28409 1865
28426 1869
28442 1871
28458 1873
28475 1875
28491 1877
28508 1876
28524 1877
28540 1875
28557 1876
28573 1880
28590 1877
28606 1881
28622 1879
28639 1880
28655 1880
28672 1878
28688 1884
28704 1878
28721 1879
28737 1875
28754 1880
28770 1877
28786 1881
28803 1878
28819 1881
28836 1881
28852 1879
28868 1879
28885 1876
28901 1877
28918 1895
28934 1874
28950 1877
28967 1875
28983 1877
28999 1873
29016 1869
29032 1873
29049 1869
29065 1871
29081 1870
29098 1867
29114 1866
29131 1866
29147 1866
29163 1863
29180 1861
29196 1863
29213 1864
29229 1862
29245 1859
29262 1861
29278 1859
29295 1855
29311 1858
29327 1854
29344 1858
29360 1855
29377 1856
29393 1853
29409 1853
29426 1853
29442 1848
29458 1852
29475 1851
29491 1854
29508 1853
29524 1851
29540 1861
29557 1851
29573 1855
29590 1855
29606 1856
29622 1854
29639 1852
29655 1854
29672 1857
29688 1858
29704 1855
29721 1855
29737 1854
29754 1859
29770 1860
29786 1861
29803 1861
29819 1861
29836 1864
29852 1860
29868 1865
29885 1867
29901 1868
29918 1833
29934 1867
29950 1871
29967 1871
29983 1873
29999 1874
30016 1873
30032 1875
30049 1875
30065 1872
30081 1873
30098 1878
30114 1883
30131 1881
30147 1882
30163 1881
30180 1889
30196 1880
30213 1884
30229 1882
30245 1885
30262 1887
30278 1886
30295 1884
30311 1885
30327 1886
30344 1887
30360 1885
30377 1886
30393 1882
30409 1886
30426 1881
30442 1905
30458 1884
30475 1884
30491 1880
30508 1881
30524 1882
30540 1940
30557 1880
30573 1879
30590 1879
30606 1878
30622 1878
30639 1880
30655 1876
30672 1874
30688 1872
30704 1873
30721 1872
30737 1871
30754 1869
30770 1870
30786 1870
30803 1871
30819 1869
30836 1868
30852 1868
30868 1869
30885 1869
30901 1867
30918 1884
30934 1867
30950 1865
30967 1866
30983 1865
30999 1865
31016 1867
31032 1867
31049 1865
31065 1859
31081 1862
31098 1868
31114 1864
31131 1863
31147 1869
31163 1869
31180 1868
31196 1869
31213 1868
31229 1869
31245 1867
31262 1869
31278 1870
31295 1868
31311 1870
31327 1872
31344 1872
31360 1875
31377 1872
31393 1871
31409 1872
31426 1870
31442 1850
31458 1875
31475 1879
31491 1879
31508 1880
31524 1879
31540 1785
31557 1880
31573 1879
31590 1879
31606 1883
31622 1881
31639 1881
31655 1882
31672 1885
31688 1878
31704 1884
31721 1883
31737 1881
31754 1886
31770 1884
31786 1884
31803 1885
31819 1884
31836 1889
31852 1887
31868 1886
31885 1886
31901 1888
31918 1886
31934 1884
31950 1885
31967 1883
31983 1882
31999 1879
32016 1881
32032 1881
32049 1881
32065 1879
32081 1878
32098 1879
32114 1878
32131 1874
32147 1876
32163 1874
32180 1874
32196 1877
32213 1869
32229 1872
32245 1869
32262 1869
32278 1871
32295 1861
32311 1868
32327 1868
32344 1872
32360 1865
32377 1866
32393 1860
32409 1862
32426 1863
32442 1872
32458 1865
32475 1863
32491 1872
32508 1862
32524 1863
32540 1913
32557 1862
32573 1860
32590 1859
32606 1861
32622 1862
32639 1861
32655 1861
32672 1864
32688 1864
32704 1861
32721 1863
32737 1862
32754 1862
32770 1859
32786 1865
32803 1866
32819 1863
32836 1864
32852 1865
32868 1865
32885 1868
32901 1869
32918 1858
32934 1868
32950 1870
32967 1869
32983 1868
32999 1869
33016 1872
33032 1870
33049 1875
33065 1872
33081 1872
33098 1862
33114 1871
33131 1873
33147 1877
33163 1876
33180 1878
33196 1876
33213 1878
33229 1874
33245 1877
33262 1874
33278 1878
33295 1880
33311 1881
33327 1877
33344 1869
33360 1878
33377 1878
33393 1878
33409 1876
33426 1876
33442 1874
33458 1875
33475 1879
33491 1874
33508 1876
33524 1874
33540 1877
33557 1874
33573 1890
33590 1872
33606 1873
33622 1880
33639 1872
