1 1653
54 1567
71 1482
87 1396
104 1315
120 1237
136 1160
153 1090
169 1022
186 963
202 901
218 846
235 798
251 752
268 714
284 679
300 651
317 627
333 612
350 601
366 595
382 600
399 606
415 616
431 634
448 658
464 685
481 721
497 756
513 799
530 846
546 890
563 952
579 1007
595 1076
612 1140
628 1206
645 1276
661 1348
677 1425
694 1502
710 1578
727 1660
743 1733
759 1817
776 1894
792 1974
809 2055
825 2127
841 2199
858 2270
874 2341
890 2410
907 2471
923 2540
940 2590
958 2656
975 2677
991 2744
1008 2784
1024 2818
1040 2854
1057 2879
1073 2897
1090 2919
1106 2917
1122 2936
1139 2943
1155 2934
1172 2928
1188 2914
1204 2893
1221 2876
1237 2853
1253 2819
1270 2783
1286 2747
1303 2699
1319 2652
1335 2606
1352 2554
1368 2495
1385 2440
1401 2379
1417 2315
1434 2251
1450 2187
1467 2119
1483 2051
1499 2004
1516 1917
1532 1849
1549 1781
1565 1714
1581 1648
1598 1584
1614 1520
1631 1459
1647 1389
1663 1345
1680 1294
1696 1243
1712 1198
1729 1151
1745 1113
1762 1076
1778 1044
1794 1015
1811 990
1827 969
1844 953
1860 943
1876 934
1893 932
1909 932
1926 934
1942 948
1960 986
1976 978
1992 1001
2009 1029
2025 1056
2041 1090
2058 1127
2074 1165
2091 1208
2107 1254
2123 1300
2140 1348
2156 1402
2173 1456
2189 1504
2205 1569
2222 1624
2238 1684
2255 1744
2271 1796
2287 1859
2304 1919
2320 1973
2337 2032
2353 2090
2369 2146
2386 2201
2402 2254
2419 2297
2435 2347
2451 2390
2468 2434
2484 2472
2500 2507
2517 2538
2533 2568
2550 2594
2566 2616
2582 2635
2599 2650
2615 2663
2632 2669
2648 2673
2664 2675
2681 2670
2697 2665
2714 2653
2730 2639
2746 2623
2763 2596
2779 2577
2796 2550
2812 2515
2828 2477
2845 2451
2861 2413
2878 2372
2894 2327
2910 2283
2927 2236
2943 2192
2962 2133
2979 2085
2995 2033
3011 1948
3028 1931
3044 1880
3061 1827
3077 1773
3093 1727
3110 1680
3126 1631
3143 1586
3159 1539
3175 1496
3192 1468
3208 1413
3225 1378
3241 1347
3257 1314
3274 1281
3290 1259
3307 1236
3323 1197
3339 1199
3356 1182
3372 1179
3389 1163
3405 1162
3421 1160
3438 1165
3454 1169
3470 1176
3487 1188
3503 1202
3520 1221
3536 1240
3552 1261
3569 1289
3585 1319
3602 1346
3618 1377
3634 1416
3651 1451
3667 1491
3684 1528
3700 1575
3716 1614
3733 1657
3749 1701
3766 1737
3782 1790
3798 1834
3815 1880
3831 1923
3848 1967
3864 2011
3880 2052
3897 2092
3913 2130
3929 2167
3946 2208
3963 2244
3980 2274
3996 2307
4013 2332
4029 2359
4045 2390
4062 2393
4078 2422
4095 2444
4111 2449
4127 2460
4144 2470
4160 2473
4177 2474
4193 2478
4209 2470
4226 2463
4242 2450
4258 2441
4275 2428
4291 2411
4308 2393
4324 2370
4340 2344
4357 2320
4373 2294
4390 2262
4406 2233
4422 2199
4439 2164
4455 2130
4472 2088
4488 2056
4504 2018
4521 1981
4537 1941
4554 1904
4570 1864
4586 1825
4603 1789
4619 1748
4636 1713
4652 1680
4668 1645
4685 1611
4701 1578
4717 1551
4734 1519
4750 1492
4767 1467
4783 1446
4799 1423
4816 1403
4832 1388
4849 1372
4865 1360
4881 1340
4898 1341
4914 1335
4931 1334
4947 1335
4969 1340
4985 1318
5002 1352
5018 1363
5034 1379
5051 1393
5067 1416
5083 1432
5100 1444
5116 1473
5133 1492
5149 1519
5165 1606
5182 1575
5198 1604
5215 1637
5231 1666
5247 1700
5264 1731
5280 1769
5297 1808
5313 1832
5329 1866
5346 1903
5362 1929
5379 1964
5395 1995
5411 2026
5428 2055
5444 2084
5461 2112
5477 2137
5493 2162
5510 2187
5526 2210
5542 2229
5559 2250
5575 2263
5592 2283
5608 2294
5624 2303
5641 2309
5657 2321
5674 2325
5690 2322
5706 2324
5723 2323
5739 2319
5756 2312
5772 2303
5788 2290
5805 2283
5821 2267
5838 2252
5854 2242
5870 2217
5887 2195
5903 2174
5920 2152
5936 2127
5952 2104
5969 2074
5986 2049
6002 2017
6018 1991
6035 1966
6051 1934
6068 1906
6084 1876
6100 1847
6117 1816
6133 1791
6150 1760
6166 1725
6182 1711
6199 1684
6215 1662
6232 1637
6248 1618
6264 1594
6281 1573
6297 1554
6314 1542
6330 1528
6346 1516
6363 1501
6379 1492
6396 1483
6412 1478
6428 1470
6445 1468
6461 1470
6477 1483
6494 1474
6510 1479
6527 1486
6543 1493
6559 1504
6576 1515
6592 1532
6609 1546
6625 1559
6641 1579
6658 1595
6674 1616
6691 1635
6707 1658
6723 1679
6740 1706
6756 1727
6773 1755
6789 1785
6805 1802
6822 1831
6838 1854
6855 1888
6871 1904
6887 1929
6904 1955
6920 1975
6936 2002
6953 2021
6969 2044
6986 2065
7002 2088
7019 2104
7035 2120
7051 2135
7068 2152
7084 2163
7100 2175
7117 2183
7133 2196
7150 2201
7166 2223
7182 2212
7199 2214
7215 2216
7232 2219
7248 2212
7264 2204
7281 2204
7297 2208
7314 2188
7330 2179
7346 2166
7363 2154
7379 2139
7396 2128
7412 2109
7428 2089
7445 2076
7461 2057
7478 2039
7494 2016
7510 1997
7527 1976
7543 1954
7559 1934
7576 1911
7592 1897
7609 1866
7625 1846
7641 1824
7658 1807
7674 1783
7691 1763
7707 1742
7723 1724
7740 1706
7756 1688
7773 1669
7789 1657
7805 1642
7822 1630
7838 1616
7855 1605
7871 1593
7887 1591
7904 1583
7920 1576
7937 1573
7953 1570
7969 1568
7986 1569
8002 1565
8019 1571
8035 1578
8051 1559
8068 1587
8084 1598
8101 1568
8117 1613
8133 1626
8150 1638
8166 1653
8183 1666
8199 1677
8215 1698
8232 1714
8248 1729
8264 1753
8281 1771
8297 1790
8314 1809
8330 1828
8346 1846
8363 1866
8379 1883
8396 1905
8412 1922
8428 1938
8445 1959
8461 1976
8478 1990
8494 2009
8510 2023
8527 2042
8543 2051
8560 2066
8576 2078
8592 2087
8609 2101
8625 2105
8642 2111
8658 2117
8674 2124
8691 2127
8707 2130
8723 2131
8740 2131
8756 2132
8773 2131
8789 2124
8805 2123
8822 2115
8838 2110
8855 2103
8871 2087
8887 2083
8904 2072
8920 2061
8937 2050
8953 2036
8969 2022
8986 2008
9002 1993
9019 1980
9035 1961
9051 1944
9068 1925
9084 1912
9101 1894
9117 1879
9133 1863
9150 1845
9166 1829
9183 1814
9199 1799
9215 1780
9232 1771
9248 1752
9264 1741
9281 1730
9297 1719
9314 1706
9330 1694
9346 1702
9363 1678
9379 1668
9396 1662
9412 1656
9428 1653
9445 1651
9461 1646
9478 1645
9494 1642
9510 1646
9527 1647
9543 1647
9560 1652
9576 1657
9592 1663
9609 1669
9625 1675
9642 1684
9658 1694
9674 1701
9691 1713
9707 1725
9723 1739
9740 1749
9756 1762
9773 1775
9789 1790
9805 1803
9822 1817
9838 1832
9855 1847
9871 1876
9887 1876
9904 1890
9920 1904
9937 1919
9953 1926
9969 1943
9986 1959
10002 1971
10019 1980
10035 1993
10051 2004
10068 2013
10084 2021
10101 2031
10117 2038
10133 2045
10150 2050
10166 2053
10183 2060
10199 2064
10215 2066
10232 2067
10248 2067
10264 2066
10281 2065
10297 2064
10314 2059
10330 2058
10346 2050
10363 2044
10379 2040
10396 2033
10412 2025
10428 2015
10445 2005
10461 1995
10478 1985
10494 1973
10510 1963
10527 1952
10543 1944
10560 1926
10576 1914
10592 1906
10609 1890
10625 1882
10642 1865
10658 1852
10674 1840
10691 1829
10707 1818
10723 1805
10740 1793
10756 1781
10773 1771
10789 1761
10805 1750
10822 1746
10838 1732
10855 1730
10871 1714
10887 1714
10904 1706
10920 1704
10937 1698
10953 1694
10969 1696
10986 1691
11002 1689
11019 1690
11035 1690
11051 1692
11068 1696
11084 1698
11101 1702
11117 1705
11133 1710
11150 1715
11166 1724
11183 1729
11199 1736
11215 1747
11232 1755
11248 1763
11264 1773
11281 1783
11297 1795
11314 1799
11330 1813
11346 1828
11363 1833
11379 1849
11396 1860
11412 1869
11428 1881
11445 1885
11461 1897
11478 1913
11494 1923
11510 1929
11527 1941
11543 1947
11560 1958
11576 1966
11592 1972
11609 1979
11625 1987
11642 1989
11658 1993
11674 1996
11691 2004
11707 2010
11723 2010
11740 2011
11756 2011
11773 2015
11789 2012
11805 2013
11822 2005
11838 2006
11855 2004
11871 1995
11887 1998
11904 1992
11920 1981
11937 1977
11953 1973
11969 1967
11986 1957
12002 1951
12019 1944
12035 1936
12051 1927
12068 1916
12084 1908
12101 1897
12117 1889
12133 1882
12150 1872
12166 1860
12183 1851
12199 1845
12215 1837
12232 1825
12248 1824
12264 1811
12281 1798
12297 1790
12314 1784
12330 1778
12346 1767
12363 1765
12379 1759
12396 1758
12412 1752
12428 1748
12445 1742
12461 1739
12478 1738
12494 1737
12510 1733
12527 1739
12543 1738
12560 1735
12576 1740
12592 1741
12609 1743
12625 1750
12642 1751
12658 1756
12674 1761
12691 1766
12707 1770
12723 1778
12740 1780
12756 1791
12773 1795
12789 1802
12805 1810
12822 1819
12838 1823
12855 1833
12871 1848
12887 1852
12904 1859
12920 1871
12937 1879
12953 1884
12969 1894
12986 1902
13002 1909
13019 1914
13035 1923
13051 1928
13068 1938
13084 1941
13101 1951
13117 1952
13133 1959
13150 1963
13166 1966
13183 1970
13199 1972
13215 1978
13232 1979
13248 1980
13264 1981
13281 1983
13297 1993
13314 1982
13330 1978
13346 1977
13363 1978
13379 1975
13396 1968
13412 1969
13428 1966
13445 1967
13461 1955
13478 1950
13494 1943
13510 1939
13527 1931
13543 1928
13560 1922
13576 1915
13592 1911
13609 1901
13625 1894
13642 1887
13658 1877
13674 1872
13691 1866
13707 1857
13723 1849
13740 1845
13756 1836
13773 1829
13789 1826
13805 1816
13822 1812
13838 1805
13855 1800
13871 1779
13887 1793
13904 1789
13920 1786
13937 1781
13953 1782
13969 1776
13986 1777
14002 1775
14019 1773
14035 1772
14051 1770
14068 1767
14084 1774
14101 1772
14117 1775
14133 1774
14150 1778
14166 1783
14183 1785
14199 1786
14215 1795
14232 1803
14248 1804
14264 1811
14281 1815
14297 1833
14314 1824
14330 1831
14346 1841
14363 1839
14379 1846
14396 1856
14412 1860
14428 1867
14445 1871
14461 1875
14478 1883
14494 1880
14510 1892
14527 1900
14543 1907
14560 1915
14576 1917
14592 1925
14609 1936
14625 1932
14642 1935
14658 1939
14674 1943
14691 1947
14707 1949
14723 1951
14740 1956
14756 1954
14773 1957
14789 1956
14805 1951
14822 1937
14838 1954
14855 1953
14871 1952
14887 1955
14904 1951
14920 1951
14937 1943
14953 1942
14969 1934
14986 1931
15002 1929
15019 1924
15035 1922
15051 1915
15068 1910
15084 1907
15101 1903
15117 1892
15133 1888
15150 1885
15166 1876
15183 1871
15199 1862
15215 1866
15232 1859
15248 1852
15264 1847
15281 1843
15297 1836
15314 1834
15330 1829
15346 1824
15363 1818
15379 1816
15396 1812
15412 1811
15428 1808
15445 1805
15461 1861
15478 1794
15494 1796
15510 1796
15527 1795
15543 1795
15560 1796
15576 1798
15592 1797
15609 1796
15625 1794
15642 1797
15658 1803
15674 1805
15691 1810
15707 1808
15723 1810
15740 1815
15756 1817
15773 1818
15789 1827
15805 1827
15822 1834
15838 1836
15855 1865
15871 1846
15887 1851
15904 1862
15920 1863
15937 1867
15953 1870
15969 1876
15986 1880
16002 1887
16019 1889
16035 1895
16051 1898
16068 1902
16084 1906
16101 1910
16117 1912
16133 1917
16150 1915
16166 1923
16183 1923
16199 1926
16215 1923
16232 1931
16248 1931
16264 1932
16281 1935
16297 1952
16314 1935
16330 1932
16346 1934
16363 1932
16379 1931
16396 1933
16412 1926
16428 1928
16445 1925
16461 1921
16478 1917
16494 1918
16510 1913
16527 1906
16543 1906
16560 1904
16576 1899
16592 1898
16609 1894
16625 1887
16642 1886
16658 1878
16674 1877
16691 1871
16707 1866
16723 1876
16740 1860
16756 1855
16773 1853
16789 1845
16805 1844
16822 1837
16838 1836
16855 1803
16871 1827
16887 1824
16904 1822
16920 1818
16937 1820
16953 1817
16969 1816
16986 1812
17002 1810
17019 1813
17035 1811
17051 1810
17068 1809
17084 1809
17101 1810
17117 1810
17133 1809
17150 1811
17166 1794
17183 1812
17199 1816
17215 1821
17232 1823
17248 1826
17264 1829
17281 1829
17297 1798
17314 1837
17330 1838
17346 1845
17363 1847
17379 1852
17396 1856
17412 1859
17428 1862
17445 1866
17461 1868
17478 1875
17494 1877
17510 1882
17527 1885
17543 1885
17560 1890
17576 1893
17592 1899
17609 1899
17625 1903
17642 1906
17658 1908
17674 1910
17691 1914
17707 1913
17723 1906
17740 1916
17756 1916
17773 1919
17789 1919
17805 1920
17822 1919
17838 1919
17855 1932
17871 1918
17887 1917
17904 1916
17920 1919
17937 1916
17953 1915
17969 1911
17986 1911
18002 1907
18019 1905
18035 1904
18051 1904
18068 1899
18084 1896
18101 1893
18117 1889
18133 1886
18150 1882
18166 1885
18183 1876
18199 1872
18215 1866
18232 1864
18248 1861
18264 1860
18281 1854
18297 1870
18314 1848
18330 1845
18346 1843
18363 1834
18379 1838
18396 1835
18412 1833
18428 1832
18445 1828
18461 1828
18478 1828
18494 1822
18510 1823
18527 1819
18543 1821
18560 1820
18576 1820
18592 1820
18609 1822
18625 1821
18642 1822
18658 1818
18674 1824
18691 1826
18707 1825
18723 1833
18740 1829
18756 1829
18773 1836
18789 1834
18805 1835
18822 1842
18838 1844
18855 1844
18871 1850
18887 1847
18904 1857
18920 1860
18937 1861
18953 1864
18969 1870
18986 1869
19002 1873
19019 1879
19035 1879
19051 1880
19068 1883
19084 1886
19101 1894
19117 1893
19133 1893
19150 1898
19166 1905
19183 1901
19199 1901
19215 1902
19232 1903
19248 1907
19264 1906
19281 1907
19297 1911
19314 1909
19330 1908
19346 1908
19363 1904
19379 1911
19396 1908
19412 1905
19428 1906
19445 1904
19461 1902
19478 1902
19494 1896
19510 1896
19527 1896
19543 1894
19560 1892
19576 1890
19592 1888
19609 1883
19625 1883
19642 1877
19658 1878
19674 1874
19691 1869
19707 1870
19723 1863
19740 1863
19756 1858
19773 1859
19789 1855
19805 1852
19822 1849
19838 1845
19855 1839
19871 1842
19887 1842
19904 1836
19920 1836
19937 1836
19953 1835
19969 1831
19986 1830
20002 1832
20019 1830
20035 1827
20051 1826
20068 1831
20084 1828
20101 1828
20117 1830
20133 1830
20150 1830
20166 1841
20183 1829
20199 1833
20215 1831
20232 1836
20248 1836
20264 1842
20281 1842
20297 1836
20314 1844
20330 1847
20346 1853
20363 1854
20379 1858
20396 1858
20412 1859
20428 1863
20445 1862
20461 1871
20478 1870
20494 1874
20510 1873
20527 1878
20543 1885
20560 1888
20576 1889
20592 1893
20609 1893
20625 1891
20642 1894
20658 1895
20674 1898
20691 1902
20707 1902
20723 1906
20740 1902
20756 1905
20773 1907
20789 1908
20805 1908
20822 1909
20838 1907
20855 1909
20871 1896
20887 1908
20904 1908
20920 1921
20937 1906
20953 1907
20969 1904
20986 1904
21002 1903
21019 1899
21035 1897
21051 1897
21068 1898
21084 1891
21101 1893
21117 1890
21133 1890
21150 1886
21166 1885
21183 1881
21199 1883
21215 1874
21232 1877
21248 1875
21264 1871
21281 1870
21297 1873
21314 1862
21330 1864
21346 1863
21363 1861
21379 1858
21396 1878
21412 1855
21428 1851
21445 1852
21461 1851
21478 1849
21494 1849
21510 1848
21527 1849
21543 1846
21560 1846
21576 1843
21592 1847
21609 1844
21625 1846
21642 1848
21658 1847
21674 1846
21691 1846
21707 1850
21723 1851
21740 1846
21756 1851
21773 1851
21789 1852
21805 1856
21822 1860
21838 1852
21855 1858
21871 1874
21887 1861
21904 1863
21920 1870
21937 1869
21953 1871
21969 1873
21986 1873
22002 1874
22019 1877
22035 1879
22051 1881
22068 1880
22084 1885
22101 1887
22117 1888
22133 1889
22150 1891
22166 1892
22183 1893
22199 1894
22215 1893
22232 1895
22248 1895
22264 1897
22281 1898
22297 1897
22314 1899
22330 1899
22346 1900
22363 1900
22379 1897
22396 1877
22412 1898
22428 1899
22445 1896
22461 1896
22478 1894
22494 1891
22510 1894
22527 1891
22543 1890
22560 1890
22576 1886
22592 1888
22609 1884
22625 1884
22642 1882
22658 1881
22674 1878
22691 1880
22707 1874
22723 1872
22740 1871
22756 1872
22773 1867
22789 1866
22805 1865
22822 1869
22838 1863
22855 1864
22871 1852
22887 1857
22904 1859
22920 1843
22937 1853
22953 1853
22969 1851
22986 1851
23002 1848
23019 1848
23035 1848
23051 1847
23068 1848
23084 1847
23101 1847
23117 1847
23133 1844
23150 1845
23166 1846
23183 1846
23199 1846
23215 1847
23232 1847
23248 1847
23264 1850
23281 1851
23297 1852
23314 1852
23330 1853
23346 1855
23363 1856
23379 1860
23396 1866
23412 1860
23428 1862
23445 1863
23461 1865
23478 1866
23494 1872
23510 1869
23527 1870
23543 1865
23560 1872
23576 1874
23592 1876
23609 1876
23625 1878
23642 1880
23658 1874
23674 1882
23691 1883
23707 1883
23723 1887
23740 1885
23756 1887
23773 1888
23789 1888
23805 1888
23822 1883
23838 1890
23855 1888
23871 1878
23887 1888
23904 1887
23920 1875
23937 1889
23953 1884
23969 1886
23986 1887
24002 1891
24019 1888
24035 1886
24051 1883
24068 1880
24084 1883
24101 1879
24117 1881
24133 1878
24150 1879
24166 1875
24183 1876
24199 1872
24215 1870
24232 1870
24248 1867
24264 1869
24281 1863
24297 1869
24314 1866
24330 1862
24346 1864
24363 1862
24379 1860
24396 1860
24412 1858
24428 1857
24445 1852
24461 1855
24478 1853
24494 1856
24510 1852
24527 1851
24543 1853
24560 1850
24576 1848
24592 1852
24609 1847
24625 1851
24642 1849
24658 1851
24674 1850
24691 1849
24707 1851
24723 1851
24740 1853
24756 1854
24773 1853
24789 1854
24805 1853
24822 1863
24838 1855
24855 1858
24871 1864
24887 1857
24904 1858
24920 1873
24937 1861
24953 1862
24969 1863
24986 1868
25002 1867
25019 1865
25035 1869
25051 1870
25068 1872
25084 1876
25101 1874
25117 1876
25133 1875
25150 1872
25166 1878
25183 1879
25199 1881
25215 1879
25232 1882
25248 1881
25264 1880
25281 1882
25297 1881
25314 1885
25330 1885
25346 1889
25363 1885
25379 1886
25396 1890
25412 1886
25428 1885
25445 1885
25461 1887
25478 1883
25494 1886
25510 1883
25527 1878
25543 1878
25560 1878
25576 1879
25592 1879
25609 1881
25625 1877
25642 1877
25658 1875
25674 1873
25691 1878
25707 1871
25723 1870
25740 1870
25756 1868
25773 1868
25789 1866
25805 1864
25822 1855
25838 1862
25855 1860
25871 1849
25887 1858
25904 1856
25920 1865
25937 1858
25953 1859
25969 1852
25986 1851
26002 1854
26019 1863
26035 1854
26051 1853
26068 1853
26084 1854
26101 1853
26117 1850
26133 1852
26150 1853
26166 1853
26183 1850
26199 1850
26215 1854
26232 1853
26248 1853
26264 1853
26281 1858
26297 1859
26314 1854
26330 1858
26346 1858
26363 1860
26379 1862
26396 1860
26412 1865
26428 1864
26445 1864
26461 1866
26478 1867
26494 1866
26510 1870
26527 1869
26543 1870
26560 1874
26576 1873
26592 1874
26609 1875
26625 1877
26642 1877
26658 1880
26674 1880
26691 1880
26707 1885
26723 1884
26740 1884
26756 1884
26773 1886
26789 1886
26805 1885
26822 1862
26838 1889
26855 1887
26871 1886
26887 1884
26904 1880
26920 1869
26937 1886
26953 1887
26969 1891
26986 1885
27002 1885
27019 1882
27035 1887
27051 1883
27068 1885
27084 1880
27101 1880
27117 1882
27133 1880
27150 1878
27166 1875
27183 1877
27199 1873
27215 1875
27232 1873
27248 1874
27264 1871
27281 1869
27297 1866
27314 1867
27330 1865
27346 1878
27363 1863
27379 1861
27396 1876
27412 1861
27428 1860
27445 1858
27461 1859
27478 1857
27494 1864
27510 1855
27527 1856
27543 1857
27560 1854
27576 1855
27592 1856
27609 1852
27625 1855
27642 1854
27658 1857
27674 1852
27691 1856
27707 1850
27723 1854
27740 1852
27756 1856
27773 1856
27789 1859
27805 1856
27822 1862
27838 1857
27855 1880
27871 1859
27887 1861
27904 1860
27920 1861
27937 1864
27953 1863
27969 1865
27986 1866
28002 1868
28019 1866
28035 1884
28051 1869
28068 1873
28084 1868
28101 1873
28117 1873
28133 1874
28150 1877
28166 1866
28183 1876
28199 1878
28215 1874
28232 1882
28248 1880
28264 1879
28281 1880
28297 1882
28314 1882
28330 1883
28346 1885
28363 1886
28379 1887
28396 1883
28412 1883
28428 1884
28445 1885
28461 1885
28478 1863
28494 1888
28510 1885
28527 1882
28543 1880
28560 1883
28576 1885
28592 1881
28609 1882
28625 1883
28642 1881
28658 1877
28674 1878
28691 1878
28707 1876
28723 1876
28740 1874
28756 1874
28773 1872
28789 1871
28805 1868
28822 1868
28838 1868
28855 1842
28871 1867
28887 1866
28904 1864
28920 1862
28937 1859
28953 1862
28969 1861
28986 1865
29002 1858
29019 1860
29035 1886
29051 1860
29068 1856
29084 1859
29101 1857
29117 1858
29133 1854
29150 1858
29166 1857
29183 1856
29199 1858
29215 1859
29232 1856
29248 1852
29264 1857
29281 1857
29297 1859
29314 1858
29330 1860
29346 1858
29363 1861
29379 1861
29396 1862
29412 1862
29428 1864
29445 1865
29461 1867
29478 1868
29494 1867
29510 1868
29527 1875
29543 1870
29560 1870
29576 1872
29592 1873
29609 1874
29625 1875
29642 1876
29658 1878
29674 1877
29691 1882
29707 1879
29723 1884
29740 1883
29756 1882
29773 1886
29789 1885
29805 1885
29822 1887
29838 1885
29855 1898
29871 1888
29887 1885
29904 1883
29920 1883
29937 1885
29953 1888
29969 1887
29986 1888
30002 1887
30019 1886
30035 1845
30051 1883
30068 1882
30084 1886
30101 1883
30117 1881
30133 1886
30150 1881
30166 1885
30183 1882
30199 1877
30215 1875
30232 1872
30248 1872
30264 1872
30281 1871
30297 1872
30314 1873
30330 1868
30346 1870
30363 1868
30379 1865
30396 1862
30412 1862
30428 1863
30445 1860
30461 1859
30478 1868
30494 1860
30510 1854
30527 1856
30543 1854
30560 1852
30576 1855
30592 1851
30609 1851
30625 1852
30642 1851
30658 1851
30674 1851
30691 1852
30707 1850
30723 1865
30740 1849
30756 1849
30773 1850
30789 1851
30805 1853
30822 1852
30838 1852
30855 1852
30871 1851
30887 1855
30904 1854
30920 1853
30937 1853
30953 1855
30969 1857
30986 1858
31002 1860
31019 1858
31035 1871
31051 1863
31068 1861
31084 1863
31101 1865
31117 1864
31133 1864
31150 1867
31166 1862
31183 1868
31199 1867
31215 1868
31232 1868
31248 1864
31264 1867
31281 1870
31297 1872
31314 1873
31330 1867
31346 1868
31363 1873
31379 1872
31396 1877
31412 1874
31428 1877
31445 1875
31461 1874
31478 1884
31494 1875
31510 1874
31527 1873
31543 1874
31560 1875
31576 1876
31592 1873
31609 1873
31625 1873
31642 1870
31658 1873
31674 1872
31691 1871
31707 1871
31723 1859
31740 1868
31756 1865
31773 1863
31789 1863
31805 1868
31822 1865
31838 1862
31855 1861
31871 1863
31887 1862
31904 1860
31920 1855
31937 1857
31953 1856
31969 1859
31986 1858
32002 1858
32019 1857
32035 1859
32051 1853
32068 1854
32084 1854
32101 1855
32117 1861
32133 1853
32150 1855
32166 1874
32183 1852
32199 1852
32215 1854
32232 1852
32248 1852
32264 1854
32281 1854
32297 1851
32314 1851
32330 1856
32346 1853
32363 1857
32379 1858
32396 1855
32412 1857
32428 1858
32445 1857
32461 1859
32478 1847
32494 1863
32510 1861
32527 1864
32543 1862
32560 1864
32576 1865
32592 1865
32609 1862
32625 1863
32642 1868
32658 1869
32674 1871
32691 1870
32707 1879
32723 1894
32740 1874
32756 1872
32773 1879
32789 1875
32805 1876
32822 1877
32838 1878
32855 1877
32871 1875
32887 1877
32904 1877
32920 1875
32937 1878
32953 1879
32969 1877
32986 1881
33002 1882
33019 1878
33035 1877
33051 1876
33068 1878
33084 1879
33101 1880
33117 1878
33133 1875
33150 1876
33166 1881
33183 1877
33199 1878
33215 1875
33232 1874
33248 1876
33264 1873
33281 1879
33297 1870
33314 1872
33330 1870
33346 1871
33363 1868
33379 1868
33396 1865
33412 1867
33428 1866
33445 1867
33461 1867
33478 1864
33494 1865
33510 1863
33527 1862
33543 1862
33560 1863
33576 1860
33592 1860
33609 1861
33625 1861
33642 1858
33658 1860
33674 1861
33691 1859
33707 1858
33723 1864
33740 1859
33756 1861
33773 1863
33789 1860
33805 1858
33822 1871
33838 1861
33855 1859
33871 1862
33887 1862
33904 1863
33920 1861
33937 1860
33953 1863
33969 1860
33986 1862
34002 1866
34019 1866
34035 1868
34051 1865
34068 1870
34084 1868
34101 1868
34117 1873
34133 1870
34150 1871
34166 1871
34183 1872
34199 1872
34215 1869
34232 1872
34248 1874
34264 1871
34281 1875
34297 1874
34314 1877
34330 1877
34346 1877
34363 1878
34379 1877
34396 1855
34412 1885
34428 1880
34445 1878
34461 1877
34478 1872
34494 1879
34510 1879
34527 1880
34543 1879
34560 1879
34576 1879
34592 1879
34609 1878
34625 1883
34642 1874
34658 1878
34674 1878
34691 1876
34707 1877
34723 1877
34740 1874
34756 1876
34773 1874
34789 1875
34805 1872
34822 1865
34838 1873
34855 1873
34871 1871
34887 1871
34904 1869
34920 1870
34937 1870
34953 1868
34969 1869
34986 1867
35002 1867
35019 1861
35035 1865
35051 1866
35068 1864
35084 1863
35101 1862
35117 1862
35133 1861
35150 1861
35166 1864
35183 1861
35199 1863
35215 1862
35232 1861
35248 1861
35264 1858
35281 1859
35297 1860
35314 1859
35330 1861
35346 1855
35363 1860
35379 1861
35396 1871
35412 1865
35428 1861
35445 1863
35461 1863
35478 1865
35494 1867
35510 1865
35527 1867
35543 1862
35560 1865
35576 1867
35592 1869
35609 1870
35625 1868
35642 1870
35658 1873
35674 1873
35691 1872
35707 1872
35723 1872
35740 1877
35756 1876
35773 1877
35789 1878
35805 1871
35822 1873
35838 1878
35855 1880
35871 1863
35887 1880
35904 1879
35920 1881
35937 1878
35953 1878
35969 1891
35986 1881
36002 1882
36019 1884
36035 1876
36051 1880
36068 1879
36084 1879
36101 1881
36117 1878
36133 1880
36150 1879
36166 1882
36183 1877
36199 1877
36215 1874
36232 1876
36248 1875
36264 1875
36281 1875
36297 1874
36314 1872
36330 1870
36346 1877
36363 1871
36379 1870
36396 1868
36412 1866
36428 1869
36445 1892
36461 1869
36478 1866
36494 1865
36510 1862
36527 1863
36543 1867
36560 1862
36576 1861
36592 1864
36609 1860
36625 1860
36642 1858
36658 1858
36674 1856
36691 1859
36707 1858
36723 1857
36740 1857
36756 1855
36773 1856
36789 1856
36805 1856
36822 1855
36838 1858
36855 1859
36871 1872
36887 1857
36904 1858
36920 1857
36937 1857
36953 1859
36969 1861
36986 1858
37002 1858
37019 1860
37035 1863
37051 1864
37068 1862
37084 1867
37101 1863
37117 1863
37133 1869
37150 1865
37166 1867
37183 1867
37199 1867
37215 1870
37232 1871
37248 1871
37264 1872
37281 1871
37297 1876
37314 1873
37330 1874
37346 1877
37363 1872
37379 1875
37396 1886
37412 1880
37428 1877
37445 1849
37461 1879
37478 1877
37494 1876
37510 1877
37527 1881
37543 1878
37560 1880
37576 1877
37592 1877
37609 1882
37625 1877
37642 1877
37658 1878
37674 1878
37691 1875
37707 1876
37723 1875
37740 1877
37756 1876
37773 1875
37789 1875
37805 1873
37822 1881
37838 1874
37855 1871
37871 1867
37887 1871
37904 1870
37920 1866
37937 1871
37953 1868
37969 1871
37986 1869
38002 1868
38019 1869
38035 1868
38051 1864
38068 1863
38084 1864
38101 1863
38117 1861
38133 1863
38150 1863
38166 1863
38183 1861
38199 1858
38215 1859
38232 1860
38248 1859
38264 1859
38281 1858
38297 1855
38314 1858
38330 1856
38346 1849
38363 1858
38379 1858
38396 1845
38412 1859
38428 1859
38445 1862
38461 1858
38478 1857
38494 1859
38510 1857
38527 1858
38543 1857
38560 1860
38576 1860
38592 1861
38609 1862
38625 1862
38642 1862
38658 1863
38674 1862
38691 1863
38707 1865
38723 1866
38740 1870
38756 1864
38773 1869
38789 1872
38805 1871
38822 1854
38838 1871
38855 1873
38871 1868
38887 1872
38904 1873
38920 1872
38937 1876
38953 1876
38969 1876
38986 1874
39002 1877
39019 1875
39035 1875
39051 1878
39068 1879
39084 1879
39101 1877
39117 1881
39133 1879
39150 1878
39166 1876
39183 1878
39199 1878
39215 1877
39232 1877
39248 1876
39264 1876
39281 1875
39297 1874
39314 1876
39330 1874
39346 1887
39363 1873
39379 1872
39396 1884
39412 1871
39428 1869
39445 1890
39461 1867
39478 1868
39494 1868
39510 1866
39527 1857
39543 1868
39560 1866
39576 1863
39592 1861
39609 1865
39625 1863
39642 1863
39658 1860
39674 1858
39691 1861
39707 1860
39723 1858
39740 1857
39756 1858
39773 1856
39789 1855
39805 1858
39822 1868
39838 1853
39855 1853
39871 1867
39887 1855
39904 1856
39920 1852
39937 1854
39953 1852
39969 1855
39986 1853
40002 1854
40019 1855
40035 1856
40051 1856
40068 1859
40084 1852
40101 1858
40117 1862
40133 1858
40150 1860
40166 1861
40183 1862
40199 1862
40215 1864
40232 1807
40248 1863
40264 1865
40281 1864
40297 1866
40314 1870
40330 1870
40346 1872
40363 1873
40379 1871
40396 1880
40412 1875
40428 1877
40445 1878
40461 1878
40478 1881
40494 1887
40510 1879
40527 1884
40543 1884
40560 1883
40576 1882
40592 1885
40609 1883
40625 1881
40642 1883
40658 1882
40674 1882
40691 1884
40707 1886
40723 1896
40740 1885
40756 1887
40773 1886
40789 1886
40805 1884
40822 1884
40838 1882
40855 1849
40871 1883
40887 1880
40904 1879
40920 1881
40937 1880
40953 1875
40969 1877
40986 1877
41002 1877
41019 1876
41035 1886
41051 1876
41068 1876
41084 1875
41101 1874
41117 1872
41133 1871
41150 1872
41166 1853
41183 1870
41199 1869
41215 1874
41232 1869
41248 1870
41264 1868
41281 1869
41297 1869
41314 1865
41330 1865
41346 1868
41363 1865
41379 1866
41396 1867
41412 1867
41428 1867
41445 1867
41461 1867
41478 1871
41494 1866
41510 1865
41527 1870
41543 1867
41560 1865
41576 1870
41592 1866
41609 1870
41625 1868
41642 1868
41658 1868
41674 1868
41691 1870
41707 1872
41723 1876
41740 1872
41756 1875
41773 1876
41789 1873
41805 1874
41822 1877
41838 1875
41855 1886
41871 1879
41887 1882
41904 1881
41920 1880
41937 1879
41953 1880
41969 1878
41986 1878
42002 1882
42019 1877
42035 1874
42051 1882
42068 1879
42084 1884
42101 1882
42117 1883
42133 1880
42150 1883
42166 1886
42183 1883
42199 1882
42215 1880
42232 1882
42248 1881
42264 1883
42281 1879
42297 1883
42314 1883
42330 1876
42346 1880
42363 1880
42379 1879
42396 1882
42412 1875
42428 1877
42445 1880
42461 1874
42478 1880
42494 1875
42510 1874
42527 1871
42543 1871
42560 1872
42576 1872
42592 1870
42609 1871
42625 1870
42642 1868
42658 1868
42674 1867
42691 1866
42707 1866
42723 1873
42740 1865
42756 1868
42773 1865
42789 1865
42805 1865
42822 1863
42838 1862
42855 1863
42871 1863
42887 1862
42904 1861
42920 1865
42937 1862
42953 1863
42969 1861
42986 1863
43002 1861
43019 1862
43035 1866
43051 1858
43068 1863
43084 1862
43101 1861
43117 1861
43133 1864
43150 1863
43166 1871
43183 1867
43199 1863
43215 1868
43232 1870
43248 1867
43264 1867
43281 1866
43297 1865
43314 1868
43330 1862
43346 1868
43363 1867
43379 1871
43396 1870
43412 1873
43428 1872
43445 1871
43461 1870
43478 1884
43494 1873
43510 1874
43527 1872
43543 1875
43560 1875
43576 1874
43592 1877
43609 1874
43625 1875
43642 1877
43658 1874
43674 1877
43691 1876
43707 1876
43723 1871
43740 1877
43756 1879
43773 1877
43789 1877
43805 1873
43822 1873
43838 1875
43855 1881
43871 1875
43887 1875
43904 1879
43920 1875
43937 1873
43953 1871
43969 1871
43986 1875
44002 1869
44019 1871
44035 1866
44051 1872
44068 1869
44084 1874
44101 1870
44117 1867
44133 1870
44150 1869
44166 1855
44183 1865
44199 1865
44215 1866
44232 1864
44248 1867
44264 1864
44281 1864
44297 1862
44314 1860
44330 1862
44346 1862
44363 1861
44379 1862
44396 1856
44412 1861
44428 1857
44445 1861
44461 1862
44478 1845
44494 1853
44510 1863
44527 1859
44543 1860
44560 1861
44576 1860
44592 1863
44609 1863
44625 1863
44642 1858
44658 1863
44674 1862
44691 1861
44707 1860
44723 1878
44740 1866
44756 1860
44773 1866
44789 1864
44805 1867
44822 1867
44838 1868
44855 1861
44871 1861
44887 1868
44904 1868
44920 1869
44937 1869
44953 1871
44969 1870
44986 1869
45002 1871
45019 1870
45035 1871
45051 1871
45068 1872
45084 1872
45101 1876
45117 1874
45133 1874
45150 1877
45166 1882
45183 1875
45199 1880
45215 1876
45232 1875
45248 1876
45264 1875
45281 1875
45297 1875
45314 1874
45330 1874
45346 1881
45363 1873
45379 1874
45396 1877
45412 1873
45428 1871
45445 1878
45461 1872
45478 1872
45494 1865
45510 1869
45527 1869
45543 1881
45560 1870
45576 1869
45592 1868
45609 1867
45625 1866
45642 1862
45658 1864
45674 1865
45691 1863
45707 1864
45723 1864
45740 1863
45756 1865
45773 1862
45789 1862
45805 1862
45822 1858
45838 1863
45855 1862
45871 1876
45887 1860
45904 1860
45920 1871
45937 1859
45953 1861
45969 1860
45986 1858
46002 1857
46019 1861
46035 1857
46051 1860
46068 1856
46084 1864
46101 1862
46117 1857
46133 1861
46150 1862
46166 1863
46183 1861
46199 1867
46215 1862
46232 1864
46248 1865
46264 1866
46281 1862
46297 1869
46314 1868
46330 1870
46346 1858
46363 1867
46379 1861
46396 1846
46412 1871
46428 1870
46445 1872
46461 1874
46478 1872
46494 1862
46510 1874
46527 1875
46543 1879
46560 1877
46576 1874
46592 1878
46609 1877
46625 1878
46642 1874
46658 1878
46674 1877
46691 1877
46707 1878
46723 1877
46740 1880
46756 1880
46773 1878
46789 1887
46805 1881
46822 1884
46838 1879
46855 1881
46871 1877
46887 1881
46904 1877
46920 1862
46937 1879
46953 1877
46969 1878
46986 1875
47002 1877
47019 1877
47035 1873
47051 1875
47068 1874
47084 1874
47101 1875
47117 1863
47133 1874
47150 1870
47166 1869
47183 1871
47199 1877
47215 1863
47232 1868
47248 1866
47264 1864
47281 1864
47297 1864
47314 1863
47330 1859
47346 1855
47363 1863
47379 1859
47396 1870
47412 1860
47428 1860
47445 1834
47461 1862
47478 1860
47494 1862
47510 1862
47527 1860
47543 1858
47560 1859
47576 1860
47592 1861
47609 1862
47625 1863
47642 1860
47658 1860
47674 1858
47691 1861
47707 1861
47723 1861
47740 1861
47756 1864
47773 1866
47789 1862
47805 1866
47822 1864
47838 1865
47855 1866
47871 1870
47887 1868
47904 1866
47920 1878
47937 1869
47953 1869
47969 1870
47986 1872
48002 1868
48019 1871
48035 1872
48051 1870
48068 1873
48084 1869
48101 1873
48117 1885
48133 1878
48150 1878
48166 1875
48183 1875
48199 1877
48215 1878
48232 1877
48248 1881
48264 1878
48281 1878
48297 1878
48314 1879
48330 1878
48346 1900
48363 1877
48379 1880
48396 1880
48412 1883
48428 1879
48445 1912
48461 1881
48478 1878
48494 1879
48510 1879
48527 1878
48543 1879
48560 1879
48576 1880
48592 1877
48609 1876
48625 1875
48642 1874
48658 1874
48674 1869
48691 1872
48707 1872
48723 1873
48740 1872
48756 1870
48773 1871
48789 1870
48805 1869
48822 1869
48838 1865
48855 1867
48871 1861
48887 1865
48904 1863
48920 1856
48937 1866
48953 1862
48969 1867
48986 1861
49002 1859
49019 1862
49035 1857
49051 1860
49068 1860
49084 1862
49101 1862
49117 1859
49133 1858
49150 1861
49166 1862
49183 1859
49199 1860
49215 1861
49232 1861
49248 1864
49264 1863
49281 1862
49297 1862
49314 1865
49330 1863
49346 1860
49363 1865
49379 1866
49396 1859
49412 1865
49428 1869
49445 1858
49461 1871
49478 1871
49494 1871
49510 1871
49527 1873
49543 1876
49560 1877
49576 1875
49592 1877
49609 1874
49625 1877
49642 1877
49658 1879
49674 1878
49691 1878
49707 1879
49723 1880
49740 1879
49756 1879
49773 1882
49789 1881
49805 1881
49822 1883
49838 1884
49855 1884
49871 1879
49887 1881
49904 1882
49920 1891
49937 1882
49953 1881
49969 1880
49986 1882
50002 1884
50019 1879
50035 1883
50051 1880
50068 1881
50084 1877
50101 1879
50117 1873
50133 1878
50150 1877
50166 1876
50183 1874
50199 1874
50215 1871
50232 1878
50248 1872
50264 1872
50281 1868
50297 1868
50314 1868
50330 1867
50346 1852
50363 1862
50379 1862
50396 1864
50412 1863
50428 1860
50445 1854
50461 1859
50478 1859
50494 1856
50510 1856
50527 1862
50543 1857
50560 1855
50576 1857
50592 1854
50609 1857
50625 1854
50642 1855
50658 1853
50674 1857
50691 1854
50707 1854
50723 1854
50740 1853
50756 1854
50773 1854
50789 1855
50805 1856
50822 1855
50838 1861
50855 1856
50871 1861
50887 1858
50904 1859
50920 1857
50937 1859
50953 1859
50969 1860
50986 1861
51002 1864
51019 1858
51035 1862
51051 1862
51068 1867
51084 1863
51101 1869
51117 1869
51133 1864
51150 1867
51166 1866
51183 1865
51199 1872
51215 1866
51232 1870
51248 1870
51264 1870
51281 1869
51297 1871
51314 1868
51330 1872
51346 1901
51363 1872
51379 1870
51396 1872
51412 1870
51428 1870
51445 1879
51461 1872
51478 1871
51494 1872
51510 1871
51527 1871
51543 1872
51560 1874
51576 1870
51592 1869
51609 1867
51625 1868
51642 1868
51658 1869
51674 1867
51691 1871
51707 1864
51723 1863
51740 1865
51756 1863
51773 1865
51789 1867
51805 1863
51822 1864
51838 1862
51855 1864
51871 1858
51887 1861
51904 1862
51920 1866
51937 1861
51953 1858
51969 1862
51986 1858
52002 1856
52019 1860
52035 1853
52051 1857
52068 1854
52084 1856
52101 1854
52117 1857
52133 1856
52150 1852
52166 1856
52183 1854
52199 1857
52215 1856
52232 1858
52248 1858
52264 1857
52281 1855
52297 1856
52314 1862
52330 1858
52346 1872
52363 1855
52379 1858
52396 1864
52412 1860
52428 1860
52445 1855
52461 1865
52478 1863
52494 1864
52510 1865
52527 1871
52543 1866
52560 1866
52576 1867
52592 1864
52609 1868
52625 1868
52642 1869
52658 1871
52674 1871
52691 1871
52707 1870
52723 1882
52740 1872
52756 1874
52773 1871
52789 1874
52805 1874
52822 1876
52838 1876
52855 1875
52871 1877
52887 1876
52904 1874
52920 1879
52937 1877
52953 1879
52969 1875
52986 1876
53002 1877
53019 1876
53035 1880
53051 1874
53068 1875
53084 1872
53101 1875
53117 1876
53133 1873
53150 1875
53166 1857
53183 1872
53199 1878
53215 1877
53232 1872
53248 1872
53264 1870
53281 1872
53297 1872
53314 1872
53330 1871
53346 1929
53363 1869
53379 1866
53396 1867
53412 1866
53428 1867
53445 1866
53461 1867
53478 1869
53494 1863
53510 1865
53527 1867
53543 1862
53560 1864
53576 1864
53592 1861
53609 1865
53625 1861
53642 1860
53658 1864
53674 1862
53691 1863
53707 1865
53723 1862
53740 1863
53756 1862
53773 1862
53789 1862
53805 1862
53822 1861
53838 1861
53855 1855
53871 1863
53887 1864
53904 1864
53920 1866
53937 1864
53953 1868
53969 1865
53986 1867
54002 1867
54019 1866
54035 1860
54051 1868
54068 1869
54084 1868
54101 1866
54117 1865
54133 1870
54150 1873
54166 1870
54183 1873
54199 1870
54215 1866
54232 1873
54248 1875
54264 1874
54281 1872
54297 1875
54314 1874
54330 1874
54346 1781
54363 1874
54379 1879
54396 1880
54412 1875
54428 1876
54445 1876
54461 1876
54478 1889
54494 1878
54510 1873
54527 1875
54543 1874
54560 1876
54576 1875
54592 1875
54609 1874
54625 1877
54642 1873
54658 1874
54674 1876
54691 1872
54707 1873
54723 1882
54740 1872
54756 1873
54773 1872
54789 1870
54805 1872
54822 1870
54838 1873
54855 1878
54871 1871
54887 1870
54904 1873
54920 1871
54937 1869
54953 1868
54969 1868
54986 1864
55002 1860
55019 1869
55035 1886
55051 1865
55068 1867
55084 1862
55101 1864
55117 1866
55133 1865
55150 1862
55166 1874
55183 1861
55199 1866
55215 1863
55232 1861
55248 1863
55264 1863
55281 1863
55297 1861
55314 1863
55330 1861
55346 1905
55363 1864
55379 1865
55396 1864
55412 1863
55428 1864
55445 1865
55461 1862
55478 1854
55494 1865
55510 1867
55527 1867
55543 1868
55560 1869
55576 1868
55592 1869
55609 1871
55625 1872
55642 1871
55658 1873
55674 1872
55691 1872
55707 1871
55723 1863
55740 1872
55756 1873
55773 1878
55789 1876
55805 1876
55822 1877
55838 1877
55855 1876
55871 1877
55887 1875
55904 1878
55920 1876
55937 1878
55953 1879
55969 1881
55986 1878
56002 1879
56019 1877
56035 1852
56051 1876
56068 1878
56084 1880
56101 1878
56117 1875
56133 1876
56150 1877
56166 1865
56183 1872
56199 1876
56215 1871
56232 1875
56248 1873
56264 1873
56281 1871
56297 1873
56314 1871
56330 1870
56346 1897
56363 1869
56379 1866
56396 1869
56412 1866
56428 1867
56445 1866
56461 1866
56478 1870
56494 1864
56510 1863
56527 1868
56543 1864
56560 1863
56576 1863
56592 1862
56609 1863
56625 1861
56642 1858
56658 1859
56674 1860
56691 1861
56707 1859
56723 1869
56740 1858
56756 1853
56773 1857
56789 1858
56805 1858
56822 1860
56838 1858
56855 1857
56871 1858
56887 1858
56904 1855
56920 1857
56937 1860
56953 1860
56969 1861
56986 1860
57002 1859
57019 1864
57035 1873
57051 1859
57068 1862
57084 1862
57101 1862
57117 1869
57133 1866
57150 1865
57166 1873
57183 1869
57199 1869
57215 1873
57232 1871
57248 1871
57264 1870
57281 1874
57297 1872
57314 1873
57330 1874
57346 1828
57363 1877
57379 1874
57396 1874
57412 1875
57428 1877
57445 1876
57461 1877
57478 1881
57494 1879
57510 1881
57527 1878
57543 1878
57560 1880
57576 1877
57592 1877
57609 1877
57625 1878
57642 1878
57658 1879
57674 1876
57691 1875
57707 1875
57723 1874
57740 1874
57756 1874
57773 1884
57789 1874
57805 1873
57822 1878
57838 1875
57855 1873
57871 1873
57887 1875
57904 1870
57920 1870
57937 1867
57953 1868
57969 1868
57986 1867
58002 1868
58019 1866
58035 1867
58051 1864
58068 1865
58084 1856
58101 1863
58117 1863
58133 1868
58150 1866
58166 1861
58183 1867
58199 1861
58215 1861
58232 1863
58248 1862
58264 1860
58281 1860
58297 1857
58314 1859
58330 1857
58346 1857
58363 1861
58379 1857
58396 1854
58412 1856
58428 1858
58445 1855
58461 1857
58478 1856
58494 1862
58510 1859
58527 1858
58543 1863
58560 1859
58576 1861
58592 1862
58609 1862
58625 1861
58642 1864
58658 1864
58674 1864
58691 1864
58707 1864
58723 1865
58740 1866
58756 1865
58773 1867
58789 1869
58805 1869
58822 1870
58838 1870
58855 1872
58871 1866
58887 1874
58904 1874
58920 1852
58937 1874
58953 1875
58969 1881
58986 1876
59002 1875
59019 1878
59035 1876
59051 1877
59068 1869
59084 1874
59101 1875
59117 1880
59133 1876
59150 1877
59166 1876
59183 1877
59199 1877
59215 1878
59232 1877
59248 1877
59264 1876
59281 1876
59297 1875
59314 1877
59330 1874
59346 1865
59363 1871
59379 1872
59396 1869
59412 1871
59428 1869
59445 1865
59461 1868
59478 1869
59494 1867
59510 1861
59527 1866
59543 1865
59560 1865
59576 1872
59592 1862
59609 1863
59625 1860
59642 1863
59658 1864
59674 1859
59691 1859
59707 1858
59723 1859
59740 1859
59756 1856
59773 1854
59789 1858
59805 1855
59822 1856
59838 1854
59855 1857
59871 1859
59887 1853
59904 1854
59920 1865
59937 1857
59953 1854
59969 1853
59986 1855
60002 1858
60019 1857
60035 1857
60051 1856
60068 1860
60084 1857
60101 1858
60117 1860
60133 1859
60150 1862
60166 1862
60183 1863
60199 1863
60215 1866
60232 1865
60248 1867
60264 1868
60281 1867
60297 1871
60314 1870
60330 1873
60346 1877
60363 1872
60379 1874
60396 1875
60412 1872
60428 1874
60445 1879
60461 1876
60478 1879
60494 1880
60510 1880
60527 1882
60543 1884
60560 1884
60576 1883
60592 1881
60609 1882
60625 1884
60642 1883
60658 1884
60674 1882
60691 1884
60707 1882
60723 1883
60740 1882
60756 1882
60773 1883
60789 1882
60805 1881
60822 1884
60838 1881
60855 1883
60871 1874
60887 1883
60904 1877
60920 1883
60937 1877
60953 1877
60969 1850
60986 1879
61002 1879
61019 1875
61035 1876
61051 1873
61068 1875
61084 1874
61101 1877
61117 1874
61133 1871
61150 1870
61166 1873
61183 1872
61199 1870
61215 1870
61232 1871
61248 1867
61264 1868
61281 1870
61297 1867
61314 1867
61330 1866
61346 1868
61363 1866
61379 1867
61396 1882
61412 1865
61428 1866
61445 1866
61461 1866
61478 1865
61494 1869
61510 1867
61527 1868
61543 1868
61560 1867
61576 1868
61592 1870
61609 1874
61625 1868
61642 1865
61658 1871
61674 1870
61691 1872
61707 1876
61723 1869
61740 1869
61756 1870
61773 1874
61789 1877
61805 1874
61822 1873
61838 1877
61855 1876
61871 1886
61887 1876
61904 1879
61920 1877
61937 1875
61953 1882
61969 1921
61986 1879
62002 1883
62019 1881
62035 1881
62051 1882
62068 1882
62084 1883
62101 1879
62117 1881
62133 1882
62150 1880
62166 1882
62183 1881
62199 1878
62215 1883
62232 1884
62248 1882
62264 1881
62281 1882
62297 1882
62314 1880
62330 1881
62346 1876
62363 1880
62379 1878
62396 1865
62412 1877
62428 1876
62445 1872
62461 1877
62478 1874
62494 1876
62510 1871
62527 1875
62543 1873
62560 1872
62576 1870
62592 1873
62609 1869
62625 1871
62642 1870
62658 1867
62674 1868
62691 1865
62707 1865
62723 1866
62740 1865
62756 1865
62773 1865
62789 1863
62805 1851
62822 1864
62838 1862
62855 1862
62871 1865
62887 1863
62904 1871
62920 1860
62937 1862
62953 1860
62969 1831
62986 1863
63002 1861
63019 1861
63035 1861
63051 1863
63068 1861
63084 1862
63101 1860
63117 1859
63133 1861
63150 1864
63166 1864
63183 1866
63199 1862
63215 1865
63232 1865
63248 1867
63264 1867
63281 1869
63297 1869
63314 1870
63330 1871
63346 1873
63363 1870
63379 1868
63396 1883
63412 1868
63428 1870
63445 1873
63461 1873
63478 1872
63494 1878
63510 1875
63527 1872
63543 1870
63560 1872
63576 1876
63592 1877
63609 1875
63625 1882
63642 1875
63658 1878
63674 1874
63691 1878
63707 1870
63723 1876
63740 1878
63756 1875
63773 1874
63789 1875
63805 1875
63822 1877
63838 1876
63855 1877
63871 1865
63887 1874
63904 1874
63920 1883
63937 1873
63953 1871
63969 1881
63986 1872
64002 1873
64019 1871
64035 1871
64051 1871
64068 1872
64084 1870
64101 1868
64117 1870
64133 1866
64150 1866
64166 1865
64183 1862
64199 1865
64215 1866
64232 1860
64248 1866
64264 1864
64281 1866
64297 1863
64314 1862
64330 1864
64346 1861
64363 1862
64379 1863
64396 1858
64412 1863
64428 1862
64445 1865
64461 1858
64478 1861
64494 1858
64510 1860
64527 1861
64543 1863
64560 1863
64576 1860
64592 1862
64609 1863
64625 1861
64642 1859
64658 1862
64674 1865
64691 1864
64707 1864
64723 1864
64740 1862
64756 1866
64773 1864
64789 1866
64805 1866
64822 1867
64838 1867
64855 1868
64871 1869
64887 1867
64904 1868
64920 1876
64937 1869
64953 1871
64969 1869
64986 1868
65002 1870
65019 1872
65035 1874
65051 1843
65068 1872
65084 1875
65101 1880
65117 1873
65133 1874
65150 1872
65166 1874
65183 1871
65199 1875
65215 1877
65232 1876
65248 1875
65264 1872
65281 1874
65297 1875
65314 1872
65330 1875
65346 1875
65363 1876
65379 1875
65396 1875
65412 1874
65428 1874
65445 1883
65461 1872
65478 1873
65494 1872
65510 1868
65527 1873
65543 1868
65560 1869
65576 1870
65592 1868
65609 1869
65625 1868
65642 1874
65658 1866
65674 1866
65691 1866
65707 1865
65723 1868
65740 1861
65756 1865
65773 1859
65789 1863
65805 1861
65822 1863
65838 1858
65855 1860
65871 1861
65887 1861
65904 1871
65920 1867
65937 1860
65953 1864
65969 1861
65986 1861
66002 1858
66019 1861
66035 1859
66051 1860
66068 1860
66084 1863
66101 1861
66117 1860
66133 1861
66150 1858
66166 1852
66183 1863
66199 1864
66215 1863
66232 1866
66248 1865
66264 1865
66281 1866
66297 1867
66314 1866
66330 1871
66346 1845
66363 1870
66379 1866
66396 1868
66412 1872
66428 1870
66445 1874
66461 1872
66478 1869
66494 1872
66510 1875
66527 1873
66543 1878
66560 1874
66576 1872
66592 1875
66609 1877
66625 1879
66642 1875
66658 1879
66674 1878
66691 1879
66707 1880
66723 1872
66740 1878
66756 1878
66773 1880
66789 1878
66805 1879
66822 1878
66838 1879
66855 1880
66871 1880
66887 1880
66904 1877
66920 1880
66937 1879
66953 1877
66969 1880
66986 1879
67002 1879
67019 1876
67035 1888
67051 1874
67068 1877
67084 1872
67101 1873
67117 1873
67133 1866
67150 1869
67166 1892
67183 1866
