2 1743
55 1671
71 1603
88 1547
104 1492
120 1428
137 1372
153 1319
170 1300
186 1215
202 1170
219 1124
235 1089
252 1050
268 1024
284 991
301 967
317 943
333 928
350 917
366 905
383 904
399 903
415 905
432 912
448 921
466 939
482 956
499 978
515 1004
531 1029
548 1063
564 1098
581 1137
597 1177
613 1222
630 1265
646 1310
662 1360
679 1407
695 1462
712 1514
728 1568
744 1620
761 1675
777 1729
794 1783
810 1849
826 1890
843 1940
859 1998
876 2044
892 2094
908 2140
925 2187
941 2228
958 2275
974 2308
990 2346
1007 2382
1023 2413
1040 2440
1056 2463
1072 2488
1089 2505
1105 2523
1121 2539
1138 2546
1154 2556
1171 2555
1187 2556
1203 2551
1220 2547
1236 2535
1253 2528
1269 2512
1285 2486
1302 2471
1318 2449
1335 2429
1351 2395
1367 2362
1384 2313
1400 2298
1417 2266
1433 2223
1451 2183
1468 2143
1484 2105
1500 2057
1517 2015
1533 1969
1549 1927
1566 1882
1582 1842
1599 1798
1615 1754
1631 1715
1648 1672
1664 1630
1681 1589
1697 1555
1713 1521
1730 1484
1746 1453
1763 1420
1779 1391
1795 1366
1812 1340
1828 1319
1845 1300
1861 1283
1877 1268
1894 1255
1910 1244
1927 1239
1943 1236
1959 1243
1976 1235
1992 1237
2008 1242
2025 1254
2041 1263
2058 1281
2074 1294
2090 1311
2107 1330
2123 1351
2140 1376
2156 1400
2172 1427
2189 1450
2205 1483
2222 1517
2238 1550
2254 1582
2271 1616
2287 1650
2304 1685
2320 1720
2336 1757
2353 1789
2369 1828
2386 1851
2402 1897
2418 1930
2435 1961
2452 1999
2469 2029
2485 2059
2501 2085
2518 2112
2534 2143
2551 2165
2567 2186
2583 2210
2600 2226
2616 2247
2633 2263
2649 2275
2665 2286
2682 2301
2698 2302
2715 2306
2731 2310
2747 2311
2764 2310
2780 2306
2796 2306
2813 2293
2829 2283
2846 2275
2862 2261
2878 2248
2895 2232
2911 2216
2928 2198
2944 2172
2960 2166
2977 2131
2993 2107
3010 2076
3026 2057
3042 2028
3059 1996
3075 1975
3092 1946
3108 1916
3124 1889
3141 1865
3157 1834
3174 1805
3190 1780
3206 1756
3223 1727
3239 1696
3255 1673
3272 1652
3288 1633
3305 1607
3321 1587
3337 1570
3354 1552
3370 1533
3387 1520
3403 1507
3419 1497
3436 1486
3455 1473
3471 1474
3488 1462
3504 1462
3520 1459
3537 1461
3553 1461
3570 1466
3586 1470
3602 1478
3619 1487
3635 1498
3652 1506
3668 1520
3684 1527
3701 1550
3717 1568
3734 1595
3750 1599
3766 1624
3783 1641
3799 1662
3815 1681
3832 1707
3848 1727
3865 1749
3881 1773
3897 1795
3914 1821
3930 1842
3947 1866
3963 1888
3979 1909
3996 1931
4012 1951
4029 1973
4045 1993
4061 2013
4078 2028
4094 2047
4111 2076
4127 2078
4143 2092
4160 2111
4176 2118
4193 2129
4209 2135
4225 2144
4242 2154
4258 2153
4274 2160
4291 2162
4307 2165
4324 2163
4340 2165
4356 2160
4373 2152
4389 2150
4406 2140
4422 2129
4438 2124
4456 2109
4472 2102
4489 2089
4505 2077
4522 2061
4538 2047
4554 2028
4571 2015
4587 1997
4603 1980
4620 1959
4636 1947
4653 1924
4669 1908
4685 1920
4702 1870
4718 1851
4735 1834
4751 1815
4767 1798
4784 1792
4800 1763
4817 1748
4833 1733
4849 1716
4866 1703
4882 1691
4899 1678
4915 1664
4931 1650
4948 1643
4964 1634
4981 1625
4997 1618
5013 1612
5030 1609
5046 1605
5062 1600
5079 1601
5095 1599
5112 1605
5128 1598
5144 1605
5161 1610
5177 1613
5194 1619
5210 1622
5226 1638
5243 1644
5259 1658
5276 1660
5292 1672
5308 1684
5325 1696
5341 1709
5358 1726
5374 1738
5390 1752
5407 1764
5423 1779
5440 1795
5461 1810
5477 1829
5494 1842
5510 1857
5527 1874
5543 1888
5559 1895
5576 1916
5592 1931
5609 1949
5625 1952
5641 1967
5658 1976
5674 1987
5691 1997
5707 2006
5723 2016
5740 2026
5756 2031
5772 2038
5789 2040
5805 2045
5822 2050
5838 2052
5854 2053
5871 2056
5887 2054
5904 2053
5920 2049
5936 2048
5953 2044
5969 2041
5986 2017
6002 2031
6018 2019
6035 2014
6051 2008
6068 1997
6084 1988
6100 1980
6117 1970
6133 1956
6150 1950
6166 1929
6182 1925
6199 1917
6215 1902
6231 1892
6248 1878
6264 1867
6281 1854
6297 1844
6313 1827
6330 1820
6346 1807
6363 1796
6379 1788
6395 1777
6412 1767
6428 1753
6445 1747
6462 1739
6479 1731
6495 1723
6511 1718
6528 1712
6544 1707
6560 1701
6577 1698
6593 1693
6610 1669
6626 1689
6642 1686
6659 1695
6675 1686
6692 1690
6708 1691
6724 1697
6741 1697
6757 1703
6774 1703
6790 1707
6806 1720
6823 1722
6839 1726
6856 1741
6872 1742
6888 1750
6905 1757
6921 1769
6938 1776
6954 1784
6970 1794
6987 1804
7003 1814
7019 1822
7036 1834
7052 1844
7069 1852
7085 1863
7101 1872
7118 1884
7134 1892
7151 1901
7167 1905
7183 1918
7200 1925
7216 1932
7233 1940
7249 1951
7265 1952
7282 1956
7298 1965
7315 1965
7331 1970
7347 1976
7364 1979
7380 1982
7397 1982
7413 1983
7429 1985
7446 1986
7462 1984
7479 1984
7495 1982
7511 2009
7528 1980
7544 1977
7561 1973
7577 1968
7593 1964
7610 1956
7626 1949
7643 1944
7659 1940
7675 1932
7692 1933
7708 1921
7724 1910
7741 1910
7757 1901
7774 1893
7790 1884
7806 1876
7823 1855
7839 1858
7856 1851
7872 1841
7888 1836
7905 1829
7921 1823
7938 1813
7954 1807
7970 1801
7987 1792
8003 1788
8020 1781
8036 1777
8052 1774
8069 1767
8085 1764
8102 1760
8118 1757
8134 1763
8151 1751
8167 1747
8183 1745
8200 1747
8216 1744
8233 1744
8249 1747
8265 1737
8282 1750
8298 1748
8315 1753
8331 1757
8347 1757
8364 1758
8380 1766
8397 1768
8413 1774
8429 1777
8446 1783
8462 1787
8479 1795
8495 1800
8511 1807
8528 1809
8544 1819
8561 1825
8577 1830
8593 1838
8610 1845
8626 1849
8643 1855
8659 1863
8675 1870
8692 1881
8708 1880
8725 1889
8741 1888
8757 1897
8774 1908
8790 1909
8807 1915
8823 1923
8839 1923
8856 1926
8872 1926
8889 1933
8905 1935
8921 1933
8938 1938
8954 1941
8970 1943
8987 1943
9003 1944
9020 1945
9036 1945
9052 1943
9069 1944
9085 1941
9102 1940
9118 1936
9134 1944
9151 1933
9167 1930
9184 1931
9200 1924
9216 1919
9233 1916
9249 1911
9266 1928
9282 1902
9298 1904
9315 1894
9331 1891
9348 1883
9364 1881
9380 1871
9397 1870
9413 1863
9429 1861
9446 1862
9462 1849
9479 1847
9495 1839
9512 1855
9528 1827
9544 1823
9561 1822
9577 1818
9594 1817
9610 1812
9626 1805
9643 1803
9659 1800
9675 1798
9692 1794
9708 1796
9725 1794
9741 1790
9757 1794
9774 1791
9790 1790
9807 1789
9823 1789
9839 1792
9856 1791
9872 1797
9889 1793
9905 1795
9921 1795
9938 1798
9954 1803
9971 1801
9987 1805
10003 1805
10020 1811
10036 1816
10053 1818
10069 1824
10085 1827
10102 1834
10118 1832
10134 1841
10151 1842
10167 1847
10184 1854
10200 1856
10216 1859
10233 1866
10249 1867
10266 1874
10282 1873
10298 1879
10315 1877
10331 1887
10348 1890
10364 1894
10380 1895
10397 1898
10413 1901
10430 1905
10446 1906
10462 1908
10479 1911
10495 1911
10512 1914
10528 1913
10544 1914
10561 1916
10577 1917
10594 1916
10610 1913
10626 1914
10643 1912
10659 1912
10676 1910
10692 1912
10708 1911
10725 1914
10741 1905
10758 1904
10774 1904
10790 1899
10807 1898
10823 1908
10839 1892
10856 1891
10872 1890
10889 1884
10905 1881
10921 1877
10938 1875
10954 1871
10971 1870
10987 1863
11003 1823
11020 1857
11036 1858
11053 1851
11069 1851
11085 1847
11102 1845
11118 1842
11135 1842
11151 1837
11167 1833
11184 1830
11200 1830
11217 1827
11233 1825
11249 1822
11266 1825
11282 1820
11298 1819
11315 1822
11331 1819
11348 1815
11364 1823
11380 1822
11397 1818
11413 1816
11430 1819
11446 1820
11462 1817
11479 1821
11495 1820
11512 1836
11528 1824
11544 1827
11561 1826
11577 1829
11594 1835
11610 1833
11626 1835
11643 1839
11659 1839
11676 1843
11692 1845
11708 1846
11725 1851
11741 1855
11758 1856
11774 1861
11790 1862
11807 1866
11823 1861
11839 1870
11856 1872
11872 1876
11889 1875
11905 1882
11921 1882
11938 1884
11954 1888
11971 1887
11987 1890
12003 1890
12020 1892
12036 1895
12053 1897
12069 1897
12085 1950
12102 1900
12118 1899
12135 1901
12151 1901
12167 1902
12184 1900
12200 1899
12217 1902
12233 1901
12249 1902
12266 1901
12282 1903
12298 1899
12315 1897
12331 1896
12348 1892
12364 1894
12380 1889
12397 1892
12413 1892
12430 1889
12446 1885
12462 1882
12479 1880
12495 1880
12512 1877
12528 1874
12544 1872
12561 1872
12577 1865
12594 1861
12610 1870
12626 1860
12643 1860
12659 1870
12676 1854
12692 1850
12708 1838
12725 1850
12741 1848
12758 1848
12774 1844
12790 1845
12807 1839
12823 1838
12839 1837
12856 1839
12872 1831
12889 1836
12905 1834
12921 1832
12938 1832
12954 1831
12971 1831
12987 1830
13003 1833
13020 1830
13036 1830
13053 1829
13069 1832
13085 1820
13102 1831
13118 1830
13135 1839
13151 1835
13167 1837
13184 1838
13200 1840
13217 1840
13233 1843
13249 1844
13266 1845
13282 1846
13298 1849
13315 1848
13331 1850
13348 1851
13364 1854
13380 1856
13397 1859
13413 1860
13430 1861
13446 1863
13462 1865
13479 1868
13495 1867
13512 1868
13528 1871
13544 1870
13561 1873
13577 1873
13594 1874
13610 1869
13626 1877
13643 1876
13659 1875
13676 1880
13692 1878
13708 1880
13725 1875
13741 1878
13758 1880
13774 1878
13790 1879
13807 1883
13823 1879
13839 1877
13856 1875
13872 1876
13889 1878
13905 1876
13921 1874
13938 1873
13954 1871
13971 1873
13987 1869
14003 1867
14020 1867
14036 1866
14053 1863
14069 1862
14085 1863
14102 1862
14118 1860
14135 1850
14151 1857
14167 1857
14184 1854
14200 1850
14217 1852
14233 1851
14249 1847
14266 1847
14282 1845
14298 1848
14315 1846
14331 1841
14348 1840
14364 1839
14380 1839
14397 1838
14413 1840
14430 1836
14446 1836
14462 1836
14479 1831
14495 1838
14512 1839
14528 1834
14544 1836
14561 1833
14577 1837
14594 1838
14610 1835
14626 1836
14643 1843
14659 1842
14676 1836
14692 1838
14708 1832
14725 1840
14741 1841
14758 1840
14774 1842
14790 1840
14807 1852
14823 1848
14839 1855
14856 1848
14872 1854
14889 1857
14905 1853
14921 1855
14938 1856
14954 1856
14971 1859
14987 1862
15003 1858
15020 1861
15036 1862
15053 1863
15069 1866
15085 1880
15102 1866
15118 1869
15135 1875
15151 1871
15167 1871
15184 1868
15200 1875
15217 1868
15233 1876
15249 1874
15266 1875
15282 1875
15298 1876
15315 1878
15331 1878
15348 1875
15364 1875
15380 1871
15397 1875
15413 1878
15430 1876
15446 1874
15462 1874
15479 1875
15495 1873
15512 1873
15528 1872
15544 1876
15561 1870
15577 1869
15594 1869
15610 1868
15626 1866
15643 1867
15659 1857
15676 1867
15692 1864
15708 1875
15725 1862
15741 1864
15758 1861
15774 1860
15790 1859
15807 1858
15823 1858
15839 1855
15856 1857
15872 1855
15889 1855
15905 1853
15921 1854
15938 1855
15954 1851
15971 1846
15987 1849
16003 1848
16020 1849
16036 1850
16053 1850
16069 1851
16085 1835
16102 1848
16118 1849
16135 1849
16151 1849
16167 1850
16184 1845
16200 1849
16217 1850
16233 1851
16249 1850
16266 1854
16282 1850
16298 1852
16315 1851
16331 1852
16348 1853
16364 1853
16380 1852
16397 1855
16413 1858
16430 1859
16446 1857
16462 1858
16479 1861
16495 1859
16512 1863
16528 1858
16544 1864
16561 1865
16577 1865
16594 1868
16610 1865
16626 1869
16643 1869
16659 1876
16676 1869
16692 1871
16708 1871
16725 1868
16741 1873
16758 1873
16774 1874
16790 1875
16807 1876
16823 1873
16839 1877
16856 1873
16872 1877
16889 1874
16905 1874
16921 1874
16938 1876
16954 1875
16971 1874
16987 1876
17003 1874
17020 1875
17036 1874
17053 1872
17069 1872
17085 1881
17102 1876
17118 1871
17135 1879
17151 1870
17167 1870
17184 1874
17200 1873
17217 1868
17233 1866
17249 1869
17266 1868
17282 1871
17298 1864
17315 1865
17331 1861
17348 1863
17364 1862
17380 1860
17397 1861
17413 1861
17430 1860
17446 1861
17462 1859
17479 1857
17495 1860
17512 1857
17528 1857
17544 1857
17561 1849
17577 1855
17594 1854
17610 1855
17626 1857
17643 1855
17659 1848
17676 1852
17692 1851
17708 1854
17725 1851
17741 1856
17758 1852
17774 1860
17790 1854
17807 1854
17823 1854
17839 1852
17856 1852
17872 1815
17889 1857
17905 1858
17921 1859
17938 1859
17954 1856
17971 1859
17987 1857
18003 1858
18020 1860
18036 1862
18053 1860
18069 1864
18085 1866
18102 1867
18118 1866
18135 1863
18151 1865
18167 1869
18184 1873
18200 1872
18217 1869
18233 1870
18249 1869
18266 1870
18282 1872
18298 1873
18315 1866
18331 1877
18348 1874
18364 1874
18380 1875
18397 1874
18413 1875
18430 1873
18446 1871
18462 1874
18479 1875
18495 1876
18512 1877
18528 1872
18544 1876
18561 1877
18577 1874
18594 1875
18610 1876
18626 1873
18643 1874
18659 1872
18676 1872
18692 1875
18708 1872
18725 1870
18741 1868
18758 1872
18774 1871
18790 1869
18807 1870
18823 1869
18839 1869
18856 1866
18872 1871
18889 1862
18905 1865
18921 1867
18938 1864
18954 1864
18971 1863
18987 1861
19003 1895
19020 1858
19036 1858
19053 1855
19069 1858
19085 1856
19102 1857
19118 1857
19135 1859
19151 1855
19167 1855
19184 1854
19200 1856
19217 1853
19233 1856
19249 1852
19266 1853
19282 1851
19298 1852
19315 1851
19331 1852
19348 1850
19364 1851
19380 1852
19397 1850
19413 1851
19430 1855
19446 1852
19462 1855
19479 1853
19495 1853
19512 1850
19528 1856
19544 1857
19561 1857
19577 1857
19594 1857
19610 1858
19626 1858
19643 1860
19659 1860
19676 1861
19692 1875
19708 1861
19725 1863
19741 1862
19758 1862
19774 1866
19790 1866
19807 1867
19823 1864
19839 1867
19856 1868
19872 1868
19889 1868
19905 1866
19921 1871
19938 1870
19954 1872
19971 1872
19987 1871
20003 1862
20020 1870
20036 1874
20053 1870
20069 1871
20085 1872
20102 1875
20118 1872
20135 1861
20151 1872
20167 1874
20184 1872
20200 1870
20217 1873
20233 1872
20249 1873
20266 1866
20282 1873
20298 1872
20315 1870
20331 1871
20348 1872
20364 1870
20380 1866
20397 1869
20413 1867
20430 1866
20446 1870
20462 1869
20479 1867
20495 1866
20512 1864
20528 1864
20544 1865
20561 1865
20577 1862
20594 1861
20610 1866
20626 1861
20643 1861
20659 1862
20676 1859
20692 1838
20708 1856
20725 1857
20741 1857
20758 1858
20774 1857
20790 1857
20807 1856
20823 1891
20839 1856
20856 1855
20872 1854
20889 1859
20905 1851
20921 1856
20938 1855
20954 1852
20971 1856
20987 1854
21003 1846
21020 1851
21036 1853
21053 1852
21069 1853
21085 1853
21102 1855
21118 1857
21135 1876
21151 1856
21167 1856
21184 1859
21200 1857
21217 1866
21233 1861
21249 1858
21266 1860
21282 1860
21298 1859
21315 1862
21331 1863
21348 1860
21364 1860
21380 1863
21397 1864
21413 1863
21430 1863
21446 1865
21462 1866
21479 1870
21495 1868
21512 1867
21528 1867
21544 1870
21561 1869
21577 1870
21594 1872
21610 1871
21626 1871
21643 1868
21659 1872
21676 1871
21692 1878
21708 1873
21725 1870
21741 1873
21758 1870
21774 1873
21790 1870
21807 1871
21823 1848
21839 1871
21856 1870
21872 1867
21889 1871
21905 1871
21921 1867
21938 1868
21954 1868
21971 1867
21987 1868
22003 1874
22020 1868
22036 1860
22053 1863
22069 1861
22085 1862
22102 1860
22118 1863
22135 1836
22151 1860
22167 1860
22184 1864
22200 1858
22217 1856
22233 1857
22249 1858
22266 1854
22282 1854
22298 1856
22315 1854
22331 1854
22348 1851
22364 1851
22380 1850
22397 1849
22413 1850
22430 1850
22446 1850
22462 1854
22479 1851
22495 1852
22512 1853
22528 1852
22544 1852
22561 1853
22577 1852
22594 1853
22610 1854
22626 1851
22643 1855
22659 1855
22676 1856
22692 1857
22708 1854
22725 1857
22741 1855
22758 1855
22774 1856
22790 1858
22807 1861
22823 1874
22839 1862
22856 1864
22872 1870
22889 1865
22905 1867
22921 1866
22938 1867
22954 1866
22971 1861
22987 1870
23003 1865
23020 1870
23036 1869
23053 1873
23069 1873
23085 1873
23102 1874
23118 1874
23135 1880
23151 1875
23167 1877
23184 1872
23200 1878
23217 1877
23233 1879
23249 1883
23266 1877
23282 1880
23298 1879
23315 1881
23331 1879
23348 1880
23364 1878
23380 1877
23397 1878
23413 1876
23430 1881
23446 1878
23462 1876
23479 1876
23495 1879
23512 1876
23528 1876
23544 1873
23561 1875
23577 1873
23594 1875
23610 1874
23626 1874
23643 1870
23659 1876
23676 1872
23692 1874
23708 1871
23725 1870
23741 1871
23758 1872
23774 1869
23790 1871
23807 1871
23823 1863
23839 1869
23856 1869
23872 1865
23889 1871
23905 1869
23921 1869
23938 1867
23954 1868
23971 1868
23987 1868
24003 1869
24020 1866
24036 1868
24053 1862
24069 1868
24085 1864
24102 1864
24118 1866
24135 1873
24151 1869
24167 1867
24184 1868
24200 1866
24217 1869
24233 1869
24249 1869
24266 1869
24282 1873
24298 1869
24315 1869
24331 1870
24348 1871
24364 1869
24380 1873
24397 1868
24413 1870
24430 1873
24446 1873
24462 1874
24479 1872
24495 1872
24512 1875
24528 1876
24544 1875
24561 1875
24577 1877
24594 1877
24610 1893
24626 1883
24643 1878
24659 1889
24676 1878
24692 1878
24708 1879
24725 1880
24741 1880
24758 1882
24774 1878
24790 1882
24807 1877
24823 1877
24839 1879
24856 1876
24872 1879
24889 1878
24905 1878
24921 1877
24938 1879
24954 1877
24971 1875
24987 1874
25003 1877
25020 1877
25036 1876
25053 1875
25069 1876
25085 1874
25102 1873
25118 1871
25135 1872
25151 1872
25167 1873
25184 1887
25200 1871
25217 1871
25233 1870
25249 1870
25266 1870
25282 1875
25298 1860
25315 1868
25331 1866
25348 1867
25364 1868
25380 1873
25397 1866
25413 1867
25430 1864
25446 1865
25462 1866
25479 1866
25495 1869
25512 1866
25528 1864
25544 1862
25561 1865
25577 1866
25594 1863
25610 1857
25626 1866
25643 1864
25659 1863
25676 1864
25692 1863
25708 1863
25725 1861
25741 1863
25758 1864
25774 1863
25790 1862
25807 1865
25823 1864
25839 1866
25856 1867
25872 1865
25889 1866
25905 1866
25921 1865
25938 1868
25954 1868
25971 1870
25987 1869
26003 1867
26020 1870
26036 1869
26053 1867
26069 1869
26085 1870
26102 1869
26118 1870
26135 1869
26151 1872
26167 1872
26184 1863
26200 1872
26217 1872
26233 1873
26249 1872
26266 1871
26282 1868
26298 1873
26315 1866
26331 1874
26348 1873
26364 1872
26380 1871
26397 1873
26413 1871
26430 1872
26446 1871
26462 1872
26479 1872
26495 1873
26512 1872
26528 1873
26544 1870
26561 1873
26577 1871
26594 1873
26610 1869
26626 1872
26643 1870
26659 1863
26676 1871
26692 1868
26708 1872
26725 1868
26741 1867
26758 1866
26774 1868
26790 1866
26807 1870
26823 1865
26839 1867
26856 1868
26872 1867
26889 1866
26905 1864
26921 1865
26938 1865
26954 1865
26971 1865
26987 1869
27003 1864
27020 1864
27036 1864
27053 1862
27069 1863
27085 1863
27102 1863
27118 1862
27135 1859
27151 1863
27167 1863
27184 1865
27200 1864
27217 1864
27233 1858
27249 1860
27266 1864
27282 1861
27298 1865
27315 1864
27331 1864
27348 1866
27364 1864
27380 1860
27397 1862
27413 1863
27430 1864
27446 1865
27462 1863
27479 1863
27495 1868
27512 1867
27528 1865
27544 1868
27561 1872
27577 1867
27594 1867
27610 1867
27626 1868
27643 1870
27659 1868
27676 1871
27692 1869
27708 1868
27725 1871
27741 1868
27758 1869
27774 1872
27790 1870
27807 1869
27823 1872
27839 1870
27856 1874
27872 1871
27889 1873
27905 1874
27921 1872
27938 1871
27954 1872
27971 1872
27987 1869
28003 1870
28020 1872
28036 1874
28053 1872
28069 1869
28085 1863
28102 1868
28118 1867
28135 1870
28151 1869
28167 1868
28184 1867
28200 1867
28217 1866
28233 1872
28249 1866
28266 1866
28282 1862
28298 1865
28315 1863
28331 1865
28348 1862
28364 1864
28380 1867
28397 1866
28413 1860
28430 1864
28446 1860
28462 1861
28479 1864
28495 1860
28512 1863
28528 1863
28544 1864
28561 1862
28577 1862
28594 1864
28610 1871
28626 1858
28643 1864
28659 1862
28676 1861
28692 1864
28708 1858
28725 1861
28741 1868
28758 1871
28774 1864
28790 1862
28807 1870
28823 1864
28839 1867
28856 1868
28872 1865
28889 1866
28905 1863
28921 1866
28938 1866
28954 1865
28971 1868
28987 1866
29003 1868
29020 1869
29036 1869
29053 1868
29069 1870
29085 1870
29102 1869
29118 1869
29135 1871
29151 1871
29167 1871
29184 1875
29200 1873
29217 1872
29233 1875
29249 1872
29266 1876
29282 1878
29298 1872
29315 1875
29331 1874
29348 1876
29364 1875
29380 1877
29397 1877
29413 1878
29430 1875
29446 1876
29462 1874
29479 1877
29495 1878
29512 1875
29528 1876
29544 1873
29561 1878
29577 1876
29594 1875
29610 1877
29626 1876
29643 1875
29659 1877
29676 1880
29692 1872
29708 1878
29725 1873
29741 1871
29758 1870
29774 1870
29790 1869
29807 1867
29823 1868
29839 1870
29856 1866
29872 1868
29889 1869
29905 1867
29921 1865
29938 1876
29954 1864
29971 1862
29987 1868
30003 1865
30020 1864
30036 1867
30053 1861
30069 1872
30085 1862
30102 1864
30118 1863
30135 1862
30151 1862
30167 1861
30184 1863
30200 1863
30217 1865
30233 1865
30249 1867
30266 1867
30282 1862
30298 1867
30315 1860
30331 1866
30348 1864
30364 1862
30380 1863
30397 1863
30413 1862
30430 1863
30446 1864
30462 1864
30479 1864
30495 1863
30512 1865
30528 1865
30544 1868
30561 1867
30577 1867
30594 1871
30610 1868
30626 1867
30643 1869
30659 1868
30676 1869
30692 1875
30708 1872
30725 1870
30741 1869
30758 1871
30774 1871
30790 1875
30807 1875
30823 1881
30839 1874
30856 1875
30872 1876
30889 1874
30905 1872
30921 1876
30938 1879
30954 1877
30971 1877
30987 1875
31003 1882
31020 1878
31036 1876
31053 1879
31069 1878
31085 1875
31102 1876
31118 1878
31135 1876
31151 1875
31167 1876
31184 1873
31200 1867
31217 1878
31233 1875
31249 1870
31266 1874
31282 1875
31298 1877
31315 1876
31331 1871
31348 1873
31364 1871
31380 1871
31397 1873
31413 1871
31430 1870
31446 1869
31462 1867
31479 1867
31495 1868
31512 1869
31528 1866
31544 1867
31561 1867
31577 1866
31594 1865
31610 1864
31626 1864
31643 1866
31659 1864
31676 1864
31692 1875
31708 1864
31725 1867
31741 1862
31758 1862
31774 1864
31790 1863
31807 1863
31823 1851
31839 1866
31856 1865
31872 1867
31889 1862
31905 1868
31921 1866
31938 1864
31954 1866
31971 1867
31987 1869
32003 1866
32020 1867
32036 1868
32053 1866
32069 1864
32085 1867
32102 1870
32118 1870
32135 1855
32151 1871
32167 1874
32184 1874
32200 1874
32217 1874
32233 1875
32249 1872
32266 1876
32282 1870
32298 1874
32315 1876
32331 1876
32348 1876
32364 1878
32380 1878
32397 1883
32413 1873
32430 1878
32446 1877
32462 1879
32479 1877
32495 1881
32512 1880
32528 1879
32544 1881
32561 1879
32577 1879
32594 1880
32610 1880
32626 1880
32643 1879
32659 1879
32676 1881
32692 1854
32708 1878
32725 1877
32741 1878
32758 1875
32774 1877
32790 1874
32807 1872
32823 1881
32839 1873
32856 1872
32872 1872
32889 1868
32905 1870
32921 1868
32938 1872
32954 1867
32971 1867
32987 1865
33003 1864
33020 1865
33036 1867
33053 1867
33069 1862
33085 1861
33102 1859
33118 1860
33135 1877
33151 1858
33167 1852
33184 1858
33200 1858
33217 1860
33233 1861
33249 1857
33266 1854
33282 1859
33298 1857
33315 1856
33331 1858
33348 1856
33364 1857
33380 1857
33397 1853
33413 1857
33430 1855
33446 1855
33462 1855
33479 1856
33495 1866
33512 1854
33528 1859
33544 1858
33561 1861
33577 1860
33594 1860
33610 1858
