1.93 0.24 1892.68 26.01
19.53 6.39 1826.65 26.28
35.96 6.30 1761.15 27.52
52.37 6.41 1696.12 26.51
68.84 6.33 1632.96 27.01
85.12 6.45 1569.43 26.09
101.59 6.38 1509.12 21.71
118.06 6.29 1448.71 27.60
134.40 6.42 1388.37 26.69
151.03 7.03 1329.09 28.01
167.28 6.97 1273.31 27.37
183.71 6.91 1221.15 28.07
200.25 6.98 1167.06 27.01
216.56 6.94 1116.96 27.20
233.00 6.86 1067.34 26.96
249.31 6.97 1022.21 26.86
265.75 6.91 979.00 26.97
282.31 6.97 936.34 25.90
298.56 6.93 896.31 25.53
315.03 6.86 859.71 25.72
331.37 6.96 823.81 27.01
347.78 6.90 793.62 25.83
364.34 6.97 762.96 27.67
380.62 6.92 736.81 24.11
397.03 6.86 712.65 24.79
413.43 6.95 691.12 24.09
429.84 6.90 673.12 24.38
446.34 6.98 657.03 23.00
462.56 6.93 642.50 23.86
479.03 6.87 632.40 23.53
495.46 6.94 623.50 21.62
511.90 6.89 618.15 24.55
528.40 6.96 617.15 22.14
544.71 6.91 615.68 21.87
561.12 6.85 619.87 20.68
577.59 6.93 624.15 20.61
594.00 6.87 632.65 21.64
610.65 7.02 642.21 18.99
626.96 6.99 653.40 20.00
643.43 6.90 668.12 19.70
659.90 6.96 683.43 19.80
676.31 6.93 703.09 20.16
692.65 6.85 722.87 19.54
709.06 6.97 744.71 21.03
725.56 6.88 771.46 20.37
741.96 6.95 796.81 20.59
758.50 6.94 827.62 21.95
775.09 6.87 854.03 20.09
791.46 7.00 885.18 19.61
807.90 6.92 916.34 22.77
824.40 6.98 952.31 19.38
840.71 6.93 985.25 26.62
857.15 6.86 1025.62 21.73
873.46 6.97 1063.25 19.81
889.96 6.90 1098.78 17.14
906.40 6.99 1141.59 20.41
922.68 6.93 1182.03 20.39
939.21 6.83 1223.37 19.74
955.50 6.95 1266.03 20.14
972.03 6.87 1308.40 20.23
988.53 6.94 1350.93 21.84
1004.75 6.90 1394.62 20.39
1021.31 6.80 1438.50 20.73
1037.59 6.92 1482.25 19.43
1054.06 6.86 1525.06 19.33
1070.53 6.94 1569.43 19.91
1087.00 6.95 1614.06 19.78
1103.78 6.88 1658.03 19.27
1120.06 7.02 1701.53 20.46
1136.65 6.97 1744.31 20.82
1153.15 7.18 1787.06 20.38
1169.50 7.15 1827.90 20.92
1186.00 7.06 1868.06 19.49
1202.34 7.18 1909.75 20.13
1218.71 7.09 1948.71 20.03
1235.18 7.18 1987.56 20.03
1251.50 7.15 2024.65 19.71
1268.09 7.13 2059.40 24.30
1284.56 7.20 2096.78 20.19
1300.87 7.13 2130.56 19.02
1317.46 7.18 2164.93 19.92
1333.78 7.17 2197.93 19.39
1350.21 7.11 2226.59 18.74
1366.59 7.19 2256.03 18.52
1382.93 7.14 2282.06 18.87
1399.46 7.18 2308.75 18.39
1415.75 7.18 2333.59 17.54
1432.31 7.14 2357.28 18.55
1448.75 7.18 2378.43 17.75
1465.06 7.14 2399.34 17.44
1481.59 7.02 2418.06 17.13
1498.15 7.12 2434.78 17.47
1514.46 7.12 2449.71 16.94
1530.96 7.15 2460.53 21.30
1547.43 7.11 2475.87 17.11
1563.90 6.99 2485.87 16.23
1580.28 7.10 2494.37 16.43
1596.84 7.10 2501.06 15.65
1613.31 7.16 2506.93 17.09
1629.62 7.13 2510.96 16.11
1646.28 7.03 2512.03 16.13
1662.81 7.08 2514.00 17.02
1679.06 7.03 2513.43 14.48
1695.59 7.11 2510.37 17.33
1711.93 7.07 2505.37 14.90
1728.40 7.01 2501.53 14.57
1744.81 7.07 2494.43 14.64
1761.18 7.01 2485.65 15.27
1777.65 7.08 2476.18 14.01
1793.96 7.06 2465.34 15.26
1810.53 6.98 2455.37 18.24
1826.90 7.04 2441.59 14.58
1843.28 6.98 2425.43 14.36
1859.75 7.04 2410.96 13.53
1876.09 7.01 2394.31 13.97
1892.59 6.94 2378.12 16.98
1908.93 7.03 2358.34 13.59
1925.46 6.91 2339.31 13.54
1942.12 6.78 2318.84 14.09
1958.46 6.90 2296.62 15.08
1974.90 6.83 2276.68 14.24
1991.43 6.88 2255.34 18.58
2007.71 6.82 2231.31 14.18
2024.18 6.75 2206.43 14.44
2040.65 6.81 2182.50 14.33
2056.93 6.79 2157.93 13.85
2073.50 6.88 2132.65 13.95
2089.81 6.86 2107.96 13.61
2106.34 6.77 2082.43 14.03
2122.68 6.84 2056.28 13.88
2139.06 6.85 2032.03 13.75
2155.84 7.86 2005.87 16.33
2172.15 7.83 1980.06 14.69
2188.68 7.91 1952.81 14.69
2205.03 7.81 1928.65 14.78
2221.40 7.80 1902.84 14.49
2237.87 7.83 1877.96 12.41
2254.18 7.81 1853.18 14.83
2270.71 7.91 1829.75 14.59
2287.06 7.82 1804.62 14.00
2303.37 7.80 1781.43 14.71
2319.93 7.83 1760.50 18.90
2336.25 7.81 1736.43 13.83
2352.65 7.78 1713.90 13.36
2369.12 7.81 1690.90 13.88
2385.37 7.80 1671.00 13.54
2401.87 7.86 1651.31 13.60
2418.18 7.80 1628.46 15.66
2434.65 7.76 1612.59 13.04
2451.09 7.84 1594.62 12.59
2467.37 7.81 1578.03 12.53
2483.96 7.85 1561.18 12.31
2500.34 7.79 1546.09 11.97
2516.68 7.77 1531.53 12.41
2533.15 7.81 1517.87 11.82
2549.65 7.84 1504.40 14.55
2566.25 7.87 1493.93 10.80
2582.56 7.81 1482.68 12.45
2598.93 7.86 1472.65 11.94
2615.40 7.86 1464.53 11.11
2631.71 7.85 1457.46 11.09
2648.31 7.90 1449.40 11.31
2664.87 7.90 1444.56 10.52
2681.21 7.93 1438.59 12.84
2697.68 7.90 1436.03 10.96
2714.06 7.88 1432.18 10.60
2730.56 7.92 1429.71 10.68
2746.96 7.85 1428.59 10.49
2763.25 7.87 1429.09 10.79
2779.81 7.88 1428.96 9.98
2796.12 7.88 1431.46 9.54
2812.53 7.79 1433.37 8.99
2829.09 7.81 1437.53 10.24
2845.37 7.81 1441.46 10.16
2861.84 7.87 1446.31 10.34
2878.18 7.80 1452.78 9.58
2894.56 7.78 1461.28 12.89
2911.09 7.85 1467.50 9.79
2927.40 7.82 1476.93 9.61
2943.93 7.87 1484.78 9.89
2960.31 7.82 1493.87 9.38
2976.78 7.75 1504.00 9.22
2993.31 7.77 1515.46 8.78
3009.68 7.74 1526.56 10.36
3026.15 7.82 1538.96 9.31
3042.53 7.74 1551.50 10.67
3058.90 7.72 1564.15 9.39
3075.40 7.78 1577.28 9.87
3091.84 7.77 1591.28 10.33
3108.28 7.85 1605.40 9.92
3124.62 7.78 1621.40 11.99
3141.00 7.79 1636.25 11.75
3157.50 7.96 1649.78 10.07
3173.90 7.95 1665.18 10.18
3190.37 8.01 1681.40 10.93
3206.75 7.93 1695.75 10.14
3223.09 8.08 1711.96 10.25
3239.53 7.95 1727.56 10.57
3255.87 7.93 1743.62 10.55
3272.37 8.01 1759.43 11.11
3288.78 7.94 1776.21 11.97
3305.09 7.93 1790.46 10.25
3321.75 7.99 1806.34 10.44
3338.06 7.95 1822.09 9.46
3354.59 8.04 1836.62 10.07
3370.93 7.99 1851.78 10.36
3387.28 7.96 1867.12 10.23
3403.71 8.00 1881.18 10.99
3420.06 7.95 1897.40 10.35
3436.56 8.04 1909.28 10.76
3452.90 7.97 1922.96 10.52
3469.25 7.95 1936.03 10.37
3485.71 8.02 1949.21 11.07
3502.09 7.95 1961.87 10.12
3518.56 8.05 1974.18 10.13
3535.00 7.94 1985.34 10.04
3551.34 7.92 1996.50 9.65
3567.78 8.01 2008.09 11.12
3584.21 7.97 2018.46 11.09
3600.71 8.11 2027.06 10.01
3617.09 8.01 2036.00 9.83
3633.46 8.01 2044.40 9.23
3649.96 8.08 2051.90 9.97
3666.37 8.03 2060.00 9.18
3682.68 8.17 2067.06 9.26
3699.25 8.01 2073.46 9.65
3715.56 7.98 2078.12 9.53
3731.96 8.04 2083.31 8.40
3748.50 7.98 2087.71 10.49
3764.78 7.97 2092.43 10.42
3781.15 8.01 2095.12 10.04
3797.59 7.98 2097.68 8.93
3814.21 8.02 2100.59 9.14
3830.62 7.96 2101.03 9.72
3846.93 7.94 2100.00 15.11
3863.37 7.97 2102.46 8.63
3879.78 7.95 2101.96 9.67
3896.18 8.03 2100.56 11.39
3912.59 7.96 2099.96 9.52
3928.93 7.93 2098.28 10.37
3945.37 7.97 2095.43 9.98
3961.84 7.95 2093.21 9.51
3978.34 8.03 2089.18 9.69
3994.81 7.95 2085.71 10.57
4011.12 7.90 2081.78 9.67
4027.59 7.96 2076.96 9.56
4044.15 7.90 2070.34 11.52
4060.40 7.99 2066.78 10.90
4076.90 7.94 2059.53 10.22
4093.31 7.91 2053.43 10.61
4109.71 7.96 2046.75 10.29
4126.18 7.90 2038.21 10.27
4142.40 8.06 2032.12 10.63
4159.18 8.21 2025.06 10.22
4175.53 8.18 2015.75 10.88
4191.90 8.26 2009.34 10.70
4208.53 8.11 1999.93 10.60
4224.75 8.26 1990.31 13.28
4241.09 8.19 1983.00 9.94
4257.65 8.14 1973.87 14.39
4273.96 8.21 1964.59 10.84
4290.43 8.12 1955.40 11.19
4306.75 8.27 1945.93 12.42
4323.18 8.21 1936.31 12.04
4339.65 8.14 1926.84 11.21
4355.93 8.24 1918.25 11.14
4372.43 8.13 1910.31 15.75
4388.78 8.29 1898.00 13.71
4405.12 8.21 1890.21 11.48
4421.65 8.14 1881.37 11.77
4437.90 8.25 1872.50 11.46
4454.34 8.18 1863.06 11.04
4470.78 8.29 1855.06 11.05
4487.37 8.18 1844.21 10.75
4503.81 8.11 1836.90 11.30
4520.06 8.23 1827.65 11.22
4536.59 8.14 1820.18 10.99
4553.06 8.08 1812.12 10.37
4569.40 8.18 1802.65 10.82
4585.96 8.09 1796.03 11.98
4602.25 8.23 1789.12 10.19
4618.65 8.19 1781.78 10.61
4635.12 8.15 1775.46 10.06
4651.46 8.29 1771.65 16.17
4668.06 8.15 1762.28 9.88
4684.28 8.30 1756.15 10.59
4700.71 8.18 1750.06 10.17
4717.34 8.09 1748.03 16.05
4733.62 8.17 1740.96 11.75
4750.15 8.12 1735.59 10.35
4766.53 8.22 1731.18 9.41
4782.84 8.16 1727.00 9.16
4799.37 8.09 1723.96 10.62
4815.65 8.18 1719.78 9.44
4832.31 8.06 1716.81 9.46
4848.71 8.18 1715.68 9.84
4865.00 8.11 1712.37 10.48
4881.53 8.05 1711.50 9.83
4897.78 8.14 1709.15 10.23
4914.28 8.15 1707.62 10.39
4930.81 8.20 1708.06 10.17
4947.06 8.14 1705.87 13.91
4963.53 8.07 1707.28 8.22
4979.87 8.16 1706.62 8.85
4996.31 8.14 1706.75 9.64
5012.81 8.05 1707.78 11.26
5029.06 8.15 1709.34 8.23
5045.56 8.06 1710.84 8.50
5061.93 8.15 1712.56 8.78
5078.37 8.18 1715.50 8.81
5095.03 8.16 1717.87 9.06
5111.34 8.25 1723.03 15.35
5127.81 8.17 1722.71 9.02
5144.25 8.50 1726.06 9.91
5160.50 8.40 1729.62 8.74
5177.06 8.51 1733.96 9.11
5193.34 8.45 1735.59 9.66
5209.84 8.32 1741.28 8.31
5226.25 8.49 1745.78 7.56
5242.53 8.39 1750.43 7.90
5259.06 8.48 1754.21 8.77
5275.43 8.45 1759.71 8.89
5291.84 8.32 1764.96 10.20
5308.34 8.50 1770.75 13.12
5324.59 8.40 1773.96 9.40
5341.12 8.50 1780.12 8.41
5357.43 8.46 1786.37 9.50
5373.81 8.39 1792.03 9.08
5390.34 8.50 1797.00 10.26
5406.56 8.41 1802.37 8.19
5423.09 8.52 1808.71 8.99
5439.40 8.47 1814.43 11.27
5455.81 8.39 1819.59 8.06
5472.31 8.48 1826.37 8.75
5488.62 8.42 1831.37 8.72
5505.15 8.51 1836.93 8.54
5521.46 8.47 1842.34 8.21
5537.90 8.37 1848.71 9.11
5554.43 8.45 1853.75 8.80
5570.78 8.39 1859.43 8.89
5587.21 8.35 1864.71 8.80
5603.87 8.63 1869.59 8.85
5620.12 8.55 1875.90 9.50
5636.62 8.63 1879.53 9.29
5653.00 8.62 1881.93 19.89
5669.37 8.51 1890.43 8.97
5685.87 8.68 1894.81 8.86
5702.18 8.58 1900.53 9.02
5718.62 8.63 1902.84 9.04
5735.03 8.61 1907.96 8.93
5751.46 8.47 1911.21 9.57
5767.96 8.66 1917.09 11.75
5784.25 8.57 1920.03 8.45
5800.65 8.63 1922.06 11.00
5817.03 8.61 1925.46 8.87
5833.46 8.51 1929.46 8.96
5849.93 8.63 1932.53 7.85
5866.25 8.56 1935.09 9.15
5882.68 8.63 1936.59 9.93
5899.03 8.63 1940.56 10.12
5915.46 8.51 1941.71 9.34
5931.93 8.62 1944.15 8.43
5948.21 8.57 1944.81 9.74
5964.68 8.64 1947.37 8.78
5981.06 8.63 1945.81 13.79
5997.40 8.53 1949.03 8.73
6013.90 8.60 1950.15 8.94
6030.21 8.57 1952.25 9.70
6046.81 8.49 1951.03 8.39
6063.21 8.62 1951.50 9.33
6079.78 8.71 1950.65 9.15
6096.28 8.78 1950.21 8.85
6112.59 8.73 1950.00 10.25
6129.06 8.70 1950.75 10.85
6145.46 9.00 1948.90 12.48
6161.81 8.92 1951.28 18.22
6178.31 9.01 1946.21 8.94
6194.56 8.95 1945.00 9.82
6211.18 8.98 1943.00 9.02
6227.62 8.98 1942.62 9.67
6243.93 8.91 1940.18 11.48
6260.43 8.99 1937.68 10.58
6276.75 8.93 1935.62 8.71
6293.25 8.99 1933.81 8.49
6309.65 8.98 1931.96 8.20
6326.00 8.93 1929.12 9.31
6342.43 8.99 1925.31 9.52
6358.78 8.96 1923.31 8.42
6375.21 8.86 1920.09 9.94
6391.62 8.97 1917.59 8.68
6407.93 8.93 1914.46 8.60
6424.40 8.99 1911.78 8.30
6440.75 8.97 1907.37 10.73
6457.12 8.90 1904.84 8.86
6473.59 8.96 1902.40 8.81
6490.00 8.90 1898.21 8.51
6506.50 9.00 1894.96 8.59
6522.81 8.97 1891.40 8.12
6539.31 8.91 1886.34 13.94
6555.78 8.97 1883.43 12.25
6572.09 8.92 1881.78 8.61
6588.68 9.03 1879.12 12.74
6605.03 9.04 1875.25 8.31
6621.40 8.99 1874.25 14.26
6637.90 9.07 1868.15 8.83
6654.31 9.10 1865.71 9.59
6670.78 9.16 1861.31 8.09
6687.12 9.16 1860.37 13.44
6703.68 9.07 1854.00 9.20
6720.28 9.09 1851.96 9.55
6736.59 9.05 1848.59 8.52
6753.21 9.13 1847.12 9.52
6769.59 9.15 1841.06 9.39
6786.00 9.07 1840.31 8.87
6802.37 9.12 1837.56 8.61
6818.68 9.10 1834.90 9.90
6835.18 8.99 1832.93 8.64
6851.59 9.13 1830.50 8.03
6868.00 9.07 1828.06 8.10
6884.40 9.11 1825.34 9.86
6900.68 9.11 1823.68 9.25
6917.31 9.10 1821.87 8.26
6933.71 9.17 1821.15 11.24
6950.06 9.09 1818.68 8.94
6966.46 9.20 1816.84 10.20
6982.84 9.18 1815.15 8.91
6999.25 9.08 1815.59 10.01
7015.71 9.17 1811.90 9.04
7032.06 9.09 1811.15 8.72
7048.53 9.19 1811.34 8.97
7064.84 9.17 1809.31 10.28
7081.34 9.12 1809.18 8.39
7098.00 9.38 1809.84 10.41
7114.40 9.37 1809.21 10.15
7130.78 9.41 1807.53 9.55
7147.25 9.77 1809.87 11.53
7163.71 9.78 1807.46 10.45
7180.09 9.72 1807.28 10.56
7196.46 9.87 1808.84 10.15
7212.93 9.73 1809.03 9.94
7229.28 9.77 1808.68 10.99
7245.75 9.81 1810.25 10.18
7262.18 9.72 1810.21 8.75
7278.56 9.86 1811.50 9.11
7295.03 9.75 1812.37 9.87
7311.46 9.82 1812.93 9.84
7327.90 9.86 1815.25 10.36
7344.25 9.76 1815.56 9.40
7360.56 9.77 1816.93 9.15
7377.09 9.83 1818.00 11.50
7393.43 9.79 1819.37 10.06
7409.84 9.86 1820.15 10.79
7426.15 9.77 1822.65 9.83
7442.53 9.78 1824.09 9.66
7459.06 9.81 1824.62 10.01
7475.37 9.73 1828.53 10.45
7491.87 9.86 1828.84 9.32
7508.18 9.77 1830.34 10.28
7524.53 9.78 1832.40 9.85
7541.37 9.81 1834.25 10.24
7557.65 9.74 1837.09 10.39
7574.12 9.86 1839.84 9.74
7590.59 9.84 1840.43 9.66
7606.84 9.81 1842.75 10.68
7623.37 9.90 1845.56 10.14
7639.68 9.84 1847.34 9.34
7656.21 10.02 1848.78 11.12
7672.59 9.87 1851.46 10.82
7688.84 9.88 1853.68 9.26
7705.37 9.94 1856.09 10.49
7721.75 9.85 1857.90 10.16
7738.15 9.99 1858.62 10.85
7754.65 9.87 1860.78 13.17
7770.93 9.89 1863.06 10.57
7787.40 9.95 1864.65 9.38
7803.81 9.87 1867.06 9.19
7820.09 9.88 1872.21 14.26
7836.59 9.92 1871.75 11.04
7852.93 9.89 1872.59 8.97
7869.37 9.96 1875.18 10.07
7885.81 9.87 1876.81 8.44
7902.03 9.87 1877.12 12.16
7918.59 9.92 1879.46 9.77
7934.90 9.85 1882.18 8.66
7951.37 10.00 1883.09 9.12
7967.84 9.89 1884.15 9.14
7984.03 9.88 1885.65 9.02
8000.59 9.92 1887.00 9.16
8016.90 9.85 1887.03 9.27
8033.37 10.00 1890.34 9.56
8049.81 9.87 1890.90 9.88
8066.09 9.93 1891.03 9.29
8082.68 10.05 1892.78 9.85
8099.00 9.98 1894.53 10.38
8115.50 10.10 1894.31 9.85
8131.87 10.00 1893.75 9.21
8148.15 10.15 1894.96 8.74
8164.68 10.19 1895.06 8.09
8181.06 10.19 1895.75 9.47
8197.43 10.29 1896.65 8.58
8213.87 10.14 1896.56 8.71
8230.18 10.15 1896.28 8.92
8246.65 10.21 1898.03 8.99
8263.09 10.18 1897.31 8.82
8279.46 10.29 1897.21 8.71
8295.87 10.14 1895.46 10.64
8312.25 10.18 1896.84 9.07
8328.68 10.24 1896.68 10.22
8345.12 10.20 1895.34 9.30
8361.43 10.27 1896.00 9.59
8377.87 10.17 1895.31 8.20
8394.25 10.18 1894.09 10.10
8410.65 10.27 1894.12 9.53
8427.09 10.19 1894.56 9.48
8443.37 10.29 1892.81 9.07
8459.84 10.22 1891.43 10.12
8476.25 10.18 1891.50 9.26
8492.81 10.31 1891.06 8.51
8509.21 10.21 1890.18 8.84
8525.50 10.30 1889.03 8.83
8542.03 10.28 1887.93 8.96
8558.43 10.22 1887.37 9.01
8574.87 10.32 1885.62 8.92
8591.43 10.35 1884.18 7.91
8607.81 10.38 1882.87 9.05
8624.21 10.42 1883.43 8.86
8640.62 10.40 1882.28 8.89
8657.25 10.72 1881.93 22.25
8673.59 10.56 1880.31 9.85
8690.00 10.64 1878.21 9.58
8706.40 10.65 1877.03 10.58
8722.81 10.62 1875.25 9.35
8739.25 10.74 1875.15 9.01
8755.65 10.57 1873.25 9.88
8772.03 10.65 1870.25 10.35
8788.46 10.66 1870.28 8.88
8804.81 10.62 1869.53 8.88
8821.21 10.74 1868.09 8.63
8837.59 10.59 1866.15 8.22
8854.00 10.63 1864.84 7.84
8870.43 10.67 1864.59 8.39
8886.75 10.57 1864.37 10.33
8903.18 10.76 1861.34 8.35
8919.56 10.64 1860.65 8.76
8936.00 10.63 1860.06 8.36
8952.40 10.69 1855.50 12.35
8968.75 10.57 1857.56 8.35
8985.18 10.76 1856.21 8.81
9001.56 10.64 1856.18 8.55
9017.96 10.63 1855.46 8.16
9034.40 10.69 1854.00 8.47
9050.75 10.57 1852.40 9.11
9067.15 10.66 1852.46 9.26
9083.68 10.78 1850.65 8.13
9100.09 10.75 1850.12 8.69
9116.50 10.82 1848.93 9.84
9132.81 10.73 1847.90 8.11
9149.50 11.49 1847.71 8.97
9166.00 11.55 1847.53 8.45
9182.31 11.51 1849.65 14.58
9198.68 11.49 1847.68 9.71
9215.12 11.45 1846.03 8.31
9231.46 11.49 1846.96 7.76
9247.96 11.57 1846.00 9.31
9264.50 11.58 1844.15 8.53
9280.87 11.56 1845.09 8.09
9297.31 11.56 1845.37 7.92
9313.81 11.67 1844.81 8.25
9330.31 11.76 1845.15 7.67
9346.62 11.66 1844.71 8.19
9363.00 11.66 1844.68 8.88
9379.40 11.70 1844.87 10.01
9395.81 11.67 1845.12 8.75
9412.21 11.65 1843.46 10.00
9428.59 11.63 1844.37 8.81
9444.96 11.68 1845.78 8.34
9461.40 11.70 1845.34 7.85
9477.81 11.67 1845.50 7.49
9494.25 11.66 1846.50 8.95
9510.62 11.64 1847.28 11.29
9527.03 11.71 1846.71 8.21
9543.62 11.83 1847.00 8.59
9560.00 11.77 1845.90 9.54
9576.50 11.82 1847.78 8.28
9592.96 11.91 1846.34 13.59
9609.28 11.89 1849.87 8.26
9625.71 11.95 1850.18 10.28
9642.15 12.00 1849.15 10.52
9658.50 11.93 1850.46 11.48
9674.96 11.94 1851.34 9.42
9691.25 11.97 1851.93 8.15
9707.71 12.01 1853.56 8.98
9724.12 11.99 1853.84 8.28
9740.40 11.90 1854.31 7.86
9756.96 11.94 1855.34 8.16
9773.25 11.94 1858.18 12.14
9789.71 12.01 1855.25 10.57
9806.12 12.00 1857.93 8.78
9822.37 11.91 1857.59 8.53
9838.84 11.98 1859.84 9.62
9855.21 11.95 1860.59 8.86
9871.62 11.88 1860.53 8.22
9888.06 11.97 1859.84 9.19
9904.34 11.94 1862.09 8.01
9920.84 11.98 1862.37 8.64
9937.21 11.95 1863.50 9.73
9953.59 11.91 1863.93 8.72
9970.06 11.97 1864.43 8.91
9986.34 11.94 1864.62 9.13
10002.78 11.96 1867.25 8.11
10019.21 11.95 1868.09 9.40
10035.59 11.91 1866.81 8.56
10052.06 11.97 1868.50 8.74
10068.40 12.01 1868.90 9.34
10085.00 12.22 1866.93 16.73
10101.46 12.23 1870.93 9.16
10117.78 12.12 1871.81 8.72
10134.21 12.20 1871.65 8.55
10150.56 12.36 1871.65 8.62
10167.00 12.36 1872.84 8.33
10183.46 12.38 1873.81 9.20
10199.71 12.31 1872.81 8.16
10216.21 12.31 1874.00 8.64
10232.53 12.34 1874.25 8.68
10249.03 12.43 1874.21 9.95
10265.56 12.45 1876.50 9.32
10281.75 12.33 1875.12 8.37
10298.21 12.33 1875.81 8.13
10314.59 12.41 1877.21 9.32
10331.03 12.46 1876.21 9.09
10347.50 12.45 1876.81 8.93
10363.71 12.35 1876.78 8.88
10380.21 12.37 1877.34 8.71
10396.59 12.41 1876.53 9.43
10413.00 12.48 1876.90 10.44
10429.46 12.42 1876.50 9.01
10445.68 12.37 1876.59 8.53
10462.12 12.39 1877.25 9.27
10478.59 12.41 1876.37 8.23
10494.96 12.44 1876.65 8.05
10511.46 12.43 1875.50 9.70
10527.68 12.37 1877.21 9.23
10544.12 12.39 1876.37 9.40
10560.62 12.42 1878.28 9.53
10577.00 12.38 1876.68 8.19
10593.59 12.59 1879.46 13.84
10609.87 12.55 1876.28 8.04
10626.31 12.62 1875.62 9.15
10642.84 12.71 1876.84 8.70
10659.12 12.62 1875.28 8.77
10675.62 12.66 1875.46 9.74
10691.90 12.66 1875.34 7.98
10708.31 12.68 1875.65 11.54
10724.84 12.71 1874.46 7.86
10741.06 12.62 1872.62 9.31
10757.59 12.64 1872.43 11.02
10773.90 12.66 1871.84 11.66
10790.31 12.68 1873.09 10.25
10806.81 12.71 1871.87 9.39
10823.00 12.62 1872.12 7.98
10839.53 12.66 1871.84 8.59
10855.90 12.66 1871.87 9.39
10872.28 12.69 1870.40 7.54
10888.78 12.68 1869.46 7.40
10904.93 12.62 1870.12 7.77
10921.50 12.70 1870.03 8.11
10937.90 12.66 1870.90 8.82
10954.21 12.68 1868.46 8.72
10970.75 12.69 1868.50 8.43
10986.93 12.62 1868.03 8.17
11003.43 12.70 1867.06 8.18
11019.87 12.66 1867.90 9.78
11036.18 12.57 1866.81 8.59
11052.71 12.68 1865.90 8.39
11068.96 12.65 1865.53 7.49
11085.46 12.74 1865.15 9.04
11101.93 12.74 1865.15 8.34
11118.28 12.69 1864.53 7.81
11134.75 12.77 1864.81 10.95
11151.00 12.84 1864.37 7.89
11167.43 12.84 1861.18 9.63
11183.93 12.89 1862.28 8.06
11200.25 12.98 1863.56 9.72
11216.68 12.82 1862.87 8.34
11233.00 12.84 1861.93 8.55
11249.46 12.92 1861.68 9.33
11266.00 12.94 1860.43 8.50
11282.25 12.90 1861.43 8.74
11298.71 12.87 1860.81 8.02
11315.06 12.89 1860.06 9.05
11331.43 12.93 1860.34 8.78
11347.96 12.95 1860.31 11.59
11364.18 12.87 1859.62 9.94
11380.65 12.93 1858.90 9.61
11397.06 12.89 1859.84 8.91
11413.40 12.95 1858.43 9.43
11429.93 12.92 1859.40 9.27
11446.09 12.85 1859.75 9.12
11462.59 12.93 1858.53 9.20
11479.03 12.90 1857.34 9.73
11495.40 12.95 1858.50 8.65
11511.87 12.92 1858.34 8.31
11528.09 12.85 1858.21 9.45
11544.59 12.91 1860.68 11.07
11561.03 12.90 1859.40 11.16
11577.50 13.04 1858.78 9.14
11593.96 13.06 1856.75 10.64
11610.21 12.98 1858.84 8.53
11626.68 13.08 1859.00 8.48
11643.25 13.22 1857.75 8.27
11659.59 13.28 1859.28 11.17
11676.00 13.14 1859.78 9.66
11692.31 13.18 1859.93 9.16
11708.75 13.23 1860.43 10.49
11725.21 13.18 1860.21 11.41
11741.53 13.20 1859.68 8.67
11758.00 13.14 1860.50 8.58
11774.31 13.18 1859.96 9.35
11790.75 13.23 1860.40 7.63
11807.18 13.19 1861.71 11.77
11823.46 13.18 1862.03 11.67
11839.90 13.21 1861.00 8.30
11856.31 13.18 1859.81 9.60
11872.71 13.24 1861.65 10.70
11889.15 13.16 1861.87 10.53
11905.37 13.16 1861.87 8.64
11921.90 13.21 1862.46 8.78
11938.31 13.18 1862.00 8.58
11954.65 13.23 1862.78 8.18
11971.12 13.17 1862.90 9.25
11987.37 13.16 1863.56 9.05
12003.87 13.21 1862.81 8.97
12020.28 13.18 1864.25 8.85
12036.65 13.23 1863.81 12.00
12053.09 13.16 1864.34 8.18
12069.50 13.31 1864.50 8.60
12086.00 13.38 1863.75 8.89
12102.46 13.40 1865.78 8.84
12118.81 13.40 1864.53 8.63
12135.25 13.40 1864.78 8.67
12151.50 13.40 1865.87 8.11
12167.93 13.37 1866.93 8.73
12184.40 13.40 1866.65 8.28
12200.71 13.48 1866.25 7.48
12217.18 13.35 1867.37 7.90
12233.50 13.40 1866.46 8.35
12250.00 13.49 1867.09 10.05
12266.50 13.49 1867.34 9.15
12282.81 13.57 1866.56 9.30
12299.28 13.48 1868.03 8.47
12315.59 13.49 1868.28 10.91
12331.96 13.50 1867.81 9.10
12348.46 13.50 1869.06 8.12
12364.78 13.58 1869.50 9.23
12381.18 13.42 1868.21 9.60
12397.59 13.49 1868.18 11.93
12413.90 13.49 1870.87 11.38
12430.46 13.50 1869.71 7.63
12446.68 13.48 1870.65 10.83
12463.12 13.47 1871.46 10.80
12479.56 13.49 1870.65 8.21
12495.90 13.49 1869.65 9.41
12512.40 13.50 1870.93 8.36
12528.65 13.46 1870.12 8.49
12545.15 13.49 1869.78 10.23
12561.59 13.51 1869.53 10.90
12577.96 13.54 1870.96 8.78
12594.65 13.85 1869.21 10.92
12610.96 13.85 1870.78 8.68
12627.37 13.85 1870.93 8.53
12644.03 14.20 1870.93 8.94
12660.34 14.20 1869.53 12.60
12676.78 14.08 1870.31 7.64
12693.12 14.17 1871.09 8.13
12709.53 14.15 1870.37 9.70
12726.03 14.20 1869.50 11.44
12742.31 14.22 1870.65 9.95
12758.78 14.08 1870.43 8.46
12775.12 14.17 1870.46 8.34
12791.50 14.14 1868.78 10.90
12808.00 14.21 1870.25 8.63
12824.28 14.24 1870.56 8.73
12840.65 14.04 1870.62 8.94
12857.09 14.15 1869.87 8.95
12873.46 14.15 1871.65 9.40
12890.00 14.21 1869.68 9.63
12906.18 14.15 1869.68 9.47
12922.62 14.08 1871.18 9.72
12939.09 14.15 1870.90 9.73
12955.40 14.15 1869.78 9.02
12971.90 14.12 1869.34 8.64
12988.18 14.15 1870.53 9.16
13004.59 14.09 1869.53 8.73
13021.06 14.16 1870.43 12.37
13037.40 14.15 1868.46 17.31
13053.87 14.11 1869.15 8.87
13070.18 14.17 1869.15 9.29
13086.65 14.17 1867.59 9.93
13103.09 14.20 1868.50 8.78
13119.43 14.18 1867.90 8.09
13135.87 14.17 1868.21 8.42
13152.15 14.21 1867.81 8.22
13168.59 14.16 1867.59 8.06
13185.06 14.24 1867.31 8.65
13201.34 14.26 1867.75 10.12
13217.84 14.16 1866.75 8.55
13234.15 14.21 1868.93 10.43
13250.56 14.21 1867.12 8.39
13267.09 14.27 1867.00 9.39
13283.37 14.29 1867.21 9.46
13299.84 14.20 1866.93 9.67
13316.15 14.22 1863.93 10.50
13332.53 14.22 1865.90 8.61
13349.06 14.28 1865.78 8.95
13365.34 14.31 1865.40 10.22
13381.75 14.22 1865.34 8.84
13398.15 14.22 1865.28 8.37
13414.46 14.21 1863.28 10.49
13431.00 14.18 1865.34 8.23
13447.25 14.22 1863.25 9.89
13463.71 14.23 1864.59 9.81
13480.12 14.23 1864.15 8.87
13496.46 14.21 1864.25 8.12
13512.93 14.18 1863.84 8.30
13529.25 14.22 1864.71 8.74
13545.75 14.25 1865.62 8.80
13562.15 14.25 1865.53 8.01
13578.75 14.55 1865.15 8.88
13595.18 14.54 1866.53 11.42
13611.50 14.54 1865.03 9.05
13627.90 14.53 1863.71 8.31
13644.37 14.61 1862.87 8.95
13660.71 14.65 1867.00 16.53
13677.21 14.63 1864.03 8.43
13693.50 14.63 1864.12 8.50
13709.90 14.61 1864.93 7.43
13726.37 14.61 1864.28 8.68
13742.68 14.68 1863.81 7.87
13759.18 14.58 1864.96 9.09
13775.50 14.63 1864.00 8.36
13791.87 14.60 1865.12 9.10
13808.34 14.62 1864.46 8.18
13824.65 14.69 1861.46 15.45
13841.06 14.61 1864.09 8.35
13857.46 14.58 1863.68 8.57
13873.84 14.62 1863.37 7.57
13890.34 14.62 1864.37 8.88
13906.56 14.61 1864.68 7.82
13923.06 14.61 1863.71 8.42
13939.46 14.58 1863.40 9.51
13955.81 14.64 1864.09 8.14
13972.31 14.63 1865.21 9.10
13988.56 14.61 1866.00 8.71
14005.03 14.62 1864.71 8.11
14021.40 14.57 1864.90 8.47
14037.78 14.60 1865.84 17.83
14054.28 14.62 1864.40 7.93
14070.53 14.59 1866.71 15.27
14087.00 14.59 1865.34 9.34
14103.40 14.57 1865.09 8.02
14119.78 14.60 1865.59 8.95
14136.25 14.64 1866.87 9.01
14152.50 14.63 1865.31 7.93
14168.96 14.62 1865.53 8.29
14185.37 14.61 1866.18 8.15
14201.68 14.68 1866.65 8.88
14218.18 14.58 1866.96 8.04
14234.50 14.63 1866.84 10.17
14251.09 14.86 1866.25 9.45
14267.56 14.83 1865.21 9.46
14283.87 14.89 1866.28 9.08
14300.34 14.82 1865.93 7.75
14316.65 14.80 1867.59 8.63
14333.03 14.83 1865.56 9.31
14349.53 14.84 1866.56 8.87
14365.84 14.91 1867.40 8.79
14382.28 14.80 1867.00 8.73
14398.65 14.80 1867.90 11.21
14415.00 14.86 1867.18 10.03
14431.53 14.84 1867.62 8.35
14447.75 14.83 1870.15 9.41
14464.21 14.85 1866.62 10.31
14480.59 14.79 1868.09 8.48
14496.96 14.82 1868.18 9.32
14513.46 14.85 1869.00 13.24
14529.75 14.83 1868.15 8.67
14546.25 14.87 1866.81 11.94
14562.65 14.84 1868.34 9.39
14579.15 15.08 1867.15 9.58
14595.59 15.07 1867.00 11.02
14611.87 15.03 1867.71 8.28
14628.34 15.09 1867.84 8.31
14644.78 15.12 1867.53 10.92
14661.12 15.18 1866.84 13.07
14677.59 15.12 1868.25 8.69
14693.87 15.12 1868.25 8.63
14710.31 15.13 1867.81 11.04
14726.75 15.10 1867.56 8.52
14743.09 15.20 1868.50 8.70
14759.59 15.12 1867.87 9.45
14775.84 15.07 1870.28 11.66
14792.25 15.09 1867.00 12.21
14808.71 15.10 1869.40 9.33
14825.03 15.18 1867.96 7.94
14841.50 15.12 1868.56 8.58
14857.84 15.07 1868.21 7.66
14874.21 15.10 1870.00 8.27
14890.71 15.10 1868.75 7.86
14906.93 15.10 1868.71 7.78
14923.43 15.11 1868.75 8.43
14939.84 15.07 1869.31 8.60
14956.18 15.13 1868.21 8.55
14972.68 15.11 1870.34 13.57
14988.93 15.10 1868.78 8.51
15005.40 15.12 1869.09 8.24
15021.81 15.08 1869.43 9.86
15038.18 15.13 1866.62 8.37
15054.65 15.11 1870.03 12.56
15070.90 15.08 1867.34 9.14
15087.40 15.12 1869.40 10.08
15103.81 15.08 1868.03 8.84
15120.18 15.13 1868.96 10.79
15136.62 15.13 1868.12 8.34
15152.87 15.12 1868.09 8.02
15169.34 15.10 1867.90 8.25
15185.75 15.10 1867.81 8.00
15202.09 15.20 1867.90 8.56
15218.59 15.12 1867.78 9.32
15234.84 15.07 1868.68 9.41
15251.34 15.21 1867.90 8.14
15267.78 15.14 1869.25 9.91
15284.09 15.20 1867.46 8.52
15300.59 15.18 1867.87 7.66
15316.87 15.11 1867.40 9.40
15333.31 15.22 1868.96 9.70
15349.75 15.15 1867.78 8.50
15366.06 15.22 1867.78 8.74
15382.46 15.15 1867.81 9.21
15398.87 15.11 1867.12 8.95
15415.28 15.25 1867.03 8.45
15431.75 15.15 1866.75 8.30
15447.96 15.14 1866.93 10.54
15464.43 15.16 1867.96 8.07
15480.84 15.12 1866.46 7.89
15497.25 15.20 1867.09 9.46
15513.68 15.15 1864.21 17.73
15530.00 15.16 1866.90 8.63
15546.46 15.18 1868.96 11.33
15562.87 15.14 1866.96 8.47
15579.43 15.52 1866.53 9.75
15595.87 15.52 1869.68 15.73
15612.12 15.42 1866.96 8.48
15628.68 15.64 1866.75 9.01
15645.06 15.56 1868.00 11.78
15661.43 15.68 1866.81 8.64
15677.87 15.57 1865.12 9.03
15694.15 15.56 1867.15 9.13
15710.65 15.66 1868.15 9.50
15727.06 15.56 1867.43 8.92
15743.40 15.70 1866.87 8.85
15759.87 15.57 1867.25 9.43
15776.15 15.56 1866.90 8.81
15792.62 15.66 1866.37 8.76
15809.03 15.57 1866.87 10.26
15825.37 15.72 1867.00 9.69
15841.75 15.60 1866.06 9.27
15858.15 15.56 1868.34 12.60
15874.59 15.67 1866.37 8.75
15891.00 15.54 1864.93 9.86
15907.28 15.64 1865.78 11.66
15923.75 15.60 1866.87 8.98
15940.15 15.56 1865.71 9.09
15956.53 15.66 1865.40 10.75
15972.96 15.55 1866.96 10.11
15989.21 15.54 1867.03 9.65
16005.71 15.61 1865.90 9.84
16022.12 15.57 1864.87 11.32
16038.50 15.62 1866.40 9.76
16054.93 15.55 1866.43 9.12
16071.18 15.53 1865.40 9.89
16087.71 15.61 1865.21 10.59
16104.09 15.52 1866.68 9.27
16120.53 15.66 1867.46 8.73
16136.90 15.57 1865.75 10.65
16153.15 15.56 1866.78 9.44
16169.68 15.64 1866.71 8.13
16186.06 15.56 1866.00 10.18
16202.43 15.73 1866.75 8.33
16218.87 15.57 1865.96 8.86
16235.15 15.56 1864.46 8.74
16251.65 15.70 1865.84 9.06
16268.09 15.60 1867.46 10.85
16284.43 15.74 1866.53 9.95
16300.87 15.62 1866.90 8.31
16317.18 15.61 1865.96 8.57
16333.62 15.72 1866.68 9.97
16350.03 15.59 1866.62 8.40
16366.40 15.76 1866.81 8.32
16382.81 15.60 1867.43 9.23
16399.18 15.61 1866.31 8.40
16415.59 15.74 1866.71 8.70
16432.03 15.59 1867.75 8.72
16448.25 15.58 1867.28 8.64
16464.75 15.65 1866.56 9.42
16481.15 15.61 1865.96 9.76
16497.59 15.74 1865.90 9.69
16513.96 15.60 1866.71 8.48
16530.28 15.60 1867.06 8.46
16546.81 15.70 1867.93 8.03
16563.21 15.67 1867.59 7.78
16579.71 15.89 1865.96 12.56
16596.09 15.81 1867.15 8.87
16612.37 15.80 1868.25 8.66
16628.93 15.99 1867.18 9.02
16645.28 15.88 1866.68 10.15
16661.68 16.01 1868.25 11.69
16678.12 15.91 1866.90 9.16
16694.37 15.89 1869.18 9.20
16710.90 16.01 1866.28 11.54
16727.28 15.88 1867.18 8.45
16743.62 16.00 1867.21 8.24
16760.12 15.91 1867.40 8.73
16776.37 15.89 1866.46 9.09
16792.84 15.96 1867.53 9.60
