1.87 0.33 1894.03 27.62
19.43 6.40 1828.34 26.97
35.78 6.35 1763.81 27.34
52.28 6.42 1696.84 35.74
68.56 6.38 1632.90 29.53
85.18 6.27 1570.31 29.86
101.46 6.40 1507.00 29.96
117.87 6.33 1444.75 30.64
134.31 6.42 1384.31 31.73
150.65 6.37 1321.12 31.48
167.21 6.26 1262.15 32.15
183.53 6.39 1203.62 32.74
199.93 6.33 1145.50 33.23
216.43 6.41 1088.43 33.96
232.68 6.55 1032.87 34.91
249.25 6.44 979.12 35.43
265.68 6.55 926.53 35.83
281.96 6.51 875.43 38.60
298.50 6.57 824.81 36.90
314.78 6.54 775.78 37.70
331.28 6.45 730.62 36.41
347.75 6.55 687.46 39.46
364.03 6.50 641.09 36.80
380.59 6.56 601.21 37.12
396.81 6.53 564.31 36.90
413.25 6.47 527.90 34.30
429.62 6.56 496.40 32.05
446.00 6.50 468.59 29.13
462.65 6.55 448.37 24.99
478.87 6.52 430.65 19.85
495.40 6.44 420.37 17.67
511.75 6.54 412.68 12.54
528.00 6.49 409.00 9.42
544.65 6.55 406.21 10.35
561.37 6.60 407.56 7.81
577.75 6.52 410.50 5.44
594.15 6.65 413.96 5.12
610.37 6.60 417.81 13.02
627.12 6.65 421.90 6.07
643.43 6.58 425.31 8.25
659.75 6.52 429.71 9.39
676.43 6.64 438.53 3.89
692.65 6.59 445.18 3.79
709.28 6.51 451.78 7.06
725.59 6.60 459.65 4.85
741.90 6.53 468.15 5.75
758.50 6.62 477.00 7.22
774.68 6.58 487.21 5.57
791.43 6.46 495.75 9.42
807.84 6.55 508.31 5.75
824.00 6.52 521.15 6.92
840.65 6.60 532.56 6.58
856.90 6.53 548.28 6.89
873.50 6.45 562.59 8.77
889.81 6.56 578.03 8.71
906.12 6.48 595.31 9.73
922.78 6.56 613.84 10.08
938.96 6.52 634.78 10.82
955.43 6.41 655.18 11.39
971.93 6.52 677.28 12.69
988.12 6.47 702.65 12.75
1004.78 6.55 726.40 14.26
1021.03 6.50 753.43 13.66
1037.50 6.39 781.87 16.14
1053.96 6.52 810.56 15.14
1070.15 6.47 840.18 16.09
1087.00 6.56 872.46 16.36
1103.25 6.49 906.09 18.21
1119.65 6.41 937.78 16.88
1136.15 6.52 973.50 17.70
1152.59 6.52 1011.09 21.46
1169.18 6.41 1046.06 19.57
1185.46 6.53 1082.15 22.38
1201.87 6.47 1121.81 20.28
1218.43 6.54 1160.93 20.36
1234.87 7.69 1202.00 24.20
1251.46 7.57 1243.21 22.93
1267.81 7.51 1287.37 25.21
1284.09 7.64 1326.71 23.09
1300.68 7.53 1369.62 24.24
1316.93 7.68 1410.90 25.10
1333.59 7.56 1456.28 25.60
1349.90 7.51 1499.28 24.56
1366.21 7.63 1542.37 24.99
1382.93 7.56 1587.46 26.64
1399.15 7.69 1632.21 23.92
1415.71 7.58 1676.21 25.89
1432.09 7.51 1720.93 25.65
1448.43 7.64 1766.15 25.21
1464.96 7.55 1810.06 24.59
1481.15 7.51 1853.96 25.95
1497.84 7.54 1899.06 25.77
1514.25 7.47 1942.25 27.27
1530.56 7.61 1986.93 25.69
1547.09 7.52 2030.03 25.56
1563.37 7.50 2072.93 25.31
1579.90 7.62 2114.62 25.49
1596.31 7.50 2156.46 25.76
1612.71 7.60 2199.34 24.58
1629.25 7.52 2238.18 25.25
1645.50 7.46 2279.43 24.34
1661.96 7.59 2319.84 23.30
1678.53 7.46 2358.62 24.18
1694.84 7.61 2394.93 26.35
1711.34 7.52 2433.71 26.16
1727.65 7.43 2468.43 23.49
1744.09 7.55 2502.68 23.63
1760.56 7.45 2536.78 22.80
1776.78 7.61 2569.71 23.19
1793.46 7.48 2601.96 22.44
1809.81 7.40 2632.87 21.98
1826.15 7.53 2662.62 23.21
1842.68 7.42 2690.81 21.39
1859.03 7.53 2718.40 21.31
1875.53 7.47 2744.15 21.23
1891.87 7.35 2768.56 21.20
1908.43 7.47 2791.93 21.10
1924.93 7.36 2814.06 20.20
1941.15 7.34 2835.53 20.13
1957.65 7.46 2854.06 18.82
1974.21 7.29 2871.87 18.78
1990.56 7.45 2890.18 19.15
2007.06 7.36 2905.65 25.32
2023.43 7.28 2918.93 19.72
2039.90 7.42 2930.90 19.14
2056.25 7.29 2941.09 18.41
2072.65 7.42 2949.71 17.82
2089.21 7.31 2957.50 17.98
2105.53 7.26 2964.75 17.95
2121.96 7.40 2969.43 17.88
2138.34 7.26 2972.62 17.85
2154.68 7.40 2974.34 18.40
2171.12 7.34 2975.18 17.71
2187.50 7.25 2973.96 17.90
2203.96 7.37 2971.12 17.90
2220.43 7.24 2968.03 17.77
2236.81 7.55 2962.65 18.03
2253.18 7.51 2954.37 18.70
2269.56 7.41 2947.06 19.13
2285.93 7.54 2937.81 18.51
2302.46 7.41 2927.09 18.85
2319.00 7.60 2914.12 19.57
2335.34 7.56 2900.96 19.67
2351.75 7.47 2885.59 19.89
2368.15 7.61 2870.06 20.01
2384.62 7.50 2852.03 20.02
2401.03 7.63 2833.90 20.32
2417.37 7.58 2813.93 22.45
2433.81 7.50 2791.15 21.90
2450.15 7.60 2769.46 22.12
2466.62 7.50 2746.43 22.97
2483.00 7.64 2722.18 23.73
2499.65 7.55 2695.87 23.33
2516.03 7.48 2669.59 25.60
2532.43 7.59 2641.56 24.27
2548.84 7.51 2613.06 24.46
2565.28 7.48 2584.21 25.69
2581.68 7.57 2554.65 26.59
2598.03 7.49 2522.93 25.99
2614.56 7.57 2487.96 32.15
2630.87 7.51 2458.71 26.56
2647.34 7.45 2426.40 28.12
2663.75 7.55 2393.68 27.27
2680.15 7.47 2360.18 27.01
2696.59 7.57 2323.15 28.48
2712.87 7.52 2289.43 27.81
2729.37 7.47 2249.43 30.28
2745.81 7.54 2216.18 27.22
2762.15 7.43 2179.31 28.66
2778.59 7.57 2143.09 30.23
2795.18 7.56 2104.09 30.88
2811.62 7.53 2066.71 32.21
2828.00 7.64 2032.53 33.45
2844.46 7.51 1992.03 29.56
2860.90 7.63 1957.15 32.04
2877.28 7.52 1921.59 31.15
2893.65 7.50 1881.37 30.99
2910.12 7.58 1844.56 31.67
2926.50 7.47 1807.09 33.36
2942.93 7.63 1770.37 31.00
2959.37 7.50 1734.50 31.85
2975.75 7.48 1698.62 32.66
2992.15 7.58 1661.21 31.83
3008.50 7.46 1627.31 31.64
3024.96 7.45 1590.78 31.19
3041.40 7.52 1557.78 30.69
3057.71 7.47 1523.18 30.99
3074.18 7.57 1489.28 30.11
3090.68 7.47 1456.53 30.26
3107.12 7.46 1425.28 29.89
3123.53 7.56 1393.71 29.04
3139.90 7.48 1363.31 30.17
3156.34 7.61 1333.53 27.93
3172.68 7.49 1303.37 27.45
3189.12 7.49 1277.31 28.27
3205.87 7.60 1248.09 26.78
3222.18 7.87 1222.15 27.16
3238.62 7.85 1196.56 27.26
3255.03 7.86 1171.71 26.52
3271.40 7.85 1148.50 25.55
3287.84 7.98 1126.50 25.13
3304.18 7.87 1107.68 27.12
3320.65 7.83 1084.81 24.91
3337.03 7.89 1065.96 24.76
3353.37 7.85 1048.40 23.56
3369.78 8.01 1028.15 29.68
3386.18 7.89 1015.75 23.81
3402.62 7.85 1001.00 23.56
3419.06 7.93 986.68 23.09
3435.40 7.88 974.75 23.77
3451.78 8.01 964.46 22.45
3468.18 7.89 954.25 21.30
3484.59 7.86 946.06 20.48
3501.25 8.00 938.93 22.05
3517.59 7.94 932.78 20.78
3533.96 7.91 928.37 21.72
3550.43 7.94 926.53 19.43
3566.87 7.93 924.21 20.62
3583.28 8.01 921.78 20.52
3599.71 7.98 921.96 19.44
3616.18 7.91 924.59 20.06
3632.56 7.90 926.90 19.34
3648.93 7.92 930.06 18.87
3665.40 7.96 934.31 19.24
3681.71 7.96 942.93 19.30
3698.18 7.91 948.09 20.55
3714.53 7.91 957.40 19.49
3730.96 7.91 967.96 20.29
3747.40 7.97 978.37 19.92
3763.75 7.92 990.59 20.68
3780.25 7.91 1004.00 20.09
3796.71 7.94 1018.96 20.99
3813.15 7.92 1034.90 19.21
3829.50 8.05 1052.65 20.90
3846.03 7.92 1068.59 20.74
3862.40 7.90 1086.21 21.21
3878.81 7.92 1105.12 22.24
3895.28 7.90 1125.53 21.39
3911.78 8.00 1148.37 21.29
3928.12 7.88 1169.53 23.49
3944.62 7.88 1192.15 21.77
3960.96 7.91 1214.96 23.17
3977.31 7.91 1239.06 22.72
3993.75 7.87 1264.28 23.16
4010.12 7.88 1291.00 23.08
4026.68 7.84 1318.31 22.97
4043.09 7.92 1344.21 24.15
4059.46 7.89 1373.12 23.10
4075.90 7.86 1400.46 23.84
4092.31 7.88 1430.09 25.11
4108.75 7.86 1458.71 25.13
4125.12 7.93 1488.15 24.89
4141.46 7.89 1518.34 25.61
4157.96 7.87 1548.59 24.87
4174.28 7.87 1579.06 25.51
4190.81 7.90 1608.78 26.26
4207.21 7.94 1641.00 25.94
4223.62 8.06 1673.09 25.74
4240.09 8.19 1704.43 27.65
4256.37 8.07 1735.46 26.58
4272.84 8.04 1768.21 26.87
4289.18 8.14 1798.06 26.86
4305.59 8.07 1829.75 26.53
4322.03 8.05 1863.25 26.77
4338.34 8.09 1888.21 29.45
4354.78 8.06 1923.78 26.03
4371.21 8.16 1955.00 25.50
4387.56 8.09 1985.56 26.83
4404.06 8.06 2015.71 26.28
4420.37 8.11 2046.12 26.73
4436.71 8.09 2076.65 26.90
4453.12 8.20 2104.93 26.48
4469.53 8.08 2134.37 26.74
4485.96 8.04 2161.75 25.78
4502.40 8.16 2189.96 27.59
4518.78 8.11 2217.56 24.55
4535.18 8.22 2245.93 25.75
4551.78 8.16 2272.68 26.51
4568.21 8.18 2297.84 25.57
4584.59 8.23 2322.15 25.91
4600.90 8.16 2346.34 25.17
4617.62 8.27 2369.46 25.35
4633.93 8.11 2393.09 24.58
4650.46 8.13 2413.31 25.00
4666.81 8.17 2436.96 24.58
4683.15 8.13 2457.21 23.46
4699.62 8.27 2477.15 23.48
4715.90 8.13 2495.46 24.43
4732.37 8.09 2512.65 23.19
4748.84 8.15 2530.31 22.54
4765.12 8.13 2545.03 23.36
4781.68 8.14 2560.03 22.14
4798.03 8.19 2573.93 22.05
4814.37 8.14 2587.81 22.98
4830.84 8.26 2598.78 20.72
4847.18 8.18 2609.84 21.75
4863.71 8.14 2622.43 21.79
4880.06 8.19 2628.65 20.76
4896.40 8.15 2635.18 19.09
4912.84 8.29 2643.81 22.34
4929.21 8.16 2649.00 19.83
4945.75 8.15 2653.15 19.25
4962.12 8.19 2657.40 19.80
4978.43 8.16 2660.62 19.68
4994.90 8.30 2661.96 18.15
5011.21 8.16 2660.93 16.60
5027.78 8.18 2661.40 19.49
5044.12 8.24 2659.59 18.33
5060.50 8.17 2655.96 20.02
5076.93 8.30 2652.81 18.58
5093.21 8.16 2650.37 18.57
5109.78 8.18 2642.03 18.90
5126.09 8.22 2635.96 20.14
5142.46 8.16 2628.18 18.22
5158.93 8.33 2619.15 19.13
5175.28 8.17 2609.09 18.88
5191.75 8.17 2598.68 16.64
5208.31 8.25 2588.46 19.77
5224.65 8.63 2574.84 19.40
5241.09 8.60 2561.46 19.88
5257.50 8.47 2548.28 19.77
5273.90 8.58 2533.87 19.68
5290.25 8.60 2518.93 20.24
5306.62 8.62 2499.68 22.23
5323.09 8.60 2482.00 24.19
5339.46 8.50 2466.25 21.53
5355.84 8.62 2447.12 21.46
5372.40 8.67 2427.37 22.24
5388.68 8.69 2406.56 21.90
5405.21 8.67 2385.90 22.70
5421.56 8.56 2365.53 23.12
5437.90 8.71 2343.03 22.25
5454.34 8.68 2320.21 22.81
5470.62 8.53 2297.56 23.65
5487.21 8.67 2272.37 22.32
5503.53 8.62 2251.25 24.47
5519.90 8.70 2225.53 24.72
5536.34 8.69 2200.68 25.22
5552.75 8.58 2174.96 25.58
5569.28 8.74 2151.03 25.22
5585.59 8.65 2125.71 24.85
5601.90 8.71 2100.18 25.21
5618.43 8.75 2072.21 26.07
5634.78 8.58 2045.71 25.66
5651.34 8.75 2022.71 26.92
5667.65 8.65 1994.15 26.31
5683.93 8.72 1965.84 24.53
5700.37 8.72 1942.59 30.85
5716.78 8.58 1913.78 26.07
5733.37 8.72 1888.09 26.50
5749.71 8.62 1861.15 26.10
5765.96 8.70 1834.68 25.13
5782.53 8.74 1809.56 26.35
5798.84 8.61 1782.21 26.94
5815.34 8.78 1756.87 26.28
5831.68 8.71 1731.50 25.89
5848.18 8.78 1706.37 25.90
5864.71 8.79 1682.25 26.59
5881.00 8.66 1656.90 24.75
5897.53 8.83 1634.46 27.29
5914.03 8.85 1606.84 28.35
5930.37 8.74 1585.03 25.41
5946.93 8.88 1562.09 25.04
5963.28 8.77 1539.34 25.05
5979.59 8.89 1518.09 23.95
5996.03 8.85 1496.50 24.20
6012.37 8.74 1476.43 25.07
6028.90 8.88 1456.09 23.30
6045.28 8.81 1436.50 23.40
6061.56 8.89 1421.53 28.96
6078.03 8.85 1399.96 24.52
6094.37 8.74 1380.37 25.04
6110.87 8.89 1365.28 22.86
6127.28 8.81 1350.21 23.27
6143.62 8.89 1333.53 22.50
6160.03 8.88 1320.28 22.22
6176.40 8.75 1304.40 21.89
6193.00 8.96 1291.68 23.01
6209.40 8.86 1280.00 21.34
6225.87 9.53 1267.84 21.10
6242.28 9.52 1257.65 20.56
6258.65 9.51 1249.03 20.09
6275.15 9.53 1240.00 19.88
6291.40 9.47 1230.06 19.22
6307.78 9.49 1224.90 20.32
6324.25 9.52 1219.90 21.22
6340.59 9.39 1213.75 20.41
6357.12 9.56 1209.37 19.06
6373.43 9.49 1206.18 18.63
6389.75 9.53 1202.15 18.73
6406.28 9.54 1201.03 19.26
6422.62 9.41 1199.53 19.21
6438.96 9.58 1199.50 18.17
6455.40 9.51 1200.31 19.25
6471.71 9.53 1201.78 18.75
6488.25 9.52 1205.09 19.29
6504.59 9.46 1208.87 19.49
6521.03 9.60 1212.25 19.38
6537.40 9.52 1217.50 18.75
6554.12 9.77 1225.03 19.55
6570.53 9.76 1231.65 19.49
6586.90 9.64 1238.18 18.43
6603.37 9.83 1246.75 19.64
6620.12 9.88 1254.87 22.68
6636.56 9.88 1266.93 19.23
6652.96 9.91 1277.34 19.63
6669.37 9.80 1289.37 19.92
6685.81 9.96 1301.28 20.20
6702.09 9.88 1312.40 24.80
6718.56 9.88 1328.03 21.38
6735.03 9.89 1342.87 20.53
6751.34 9.78 1356.46 20.48
6767.71 9.90 1372.59 22.00
6784.21 9.98 1389.25 21.78
6800.62 9.88 1405.96 21.84
6817.15 10.04 1423.68 21.91
6833.43 9.97 1441.84 23.03
6849.90 10.07 1460.40 22.57
6866.25 9.99 1478.00 23.32
6882.65 9.89 1497.00 22.48
6899.21 10.10 1516.81 23.58
6915.50 10.05 1537.25 23.23
6931.96 10.11 1558.21 23.27
6948.31 10.03 1578.75 24.76
6964.68 9.91 1599.34 24.08
6981.21 10.13 1619.28 23.33
6997.43 10.00 1641.37 24.79
7014.03 10.11 1663.34 23.94
7030.34 10.06 1686.93 24.33
7046.65 9.95 1708.62 25.20
7063.18 10.14 1730.68 25.22
7079.46 10.00 1751.84 25.71
7095.90 10.05 1775.06 25.17
7112.34 10.06 1798.18 25.13
7128.65 9.95 1819.09 25.78
7145.18 10.13 1842.31 25.37
7161.43 10.03 1865.06 24.91
7177.90 10.03 1886.78 26.06
7194.43 10.08 1908.65 25.16
7210.96 10.03 1930.75 24.77
7227.46 10.33 1954.37 25.27
7243.71 10.25 1975.78 24.28
7260.12 10.23 1995.84 26.11
7276.68 10.28 2017.40 24.13
7292.90 10.23 2038.50 25.62
7309.46 10.33 2059.34 24.56
7325.71 10.25 2080.18 23.59
7342.06 10.26 2098.50 25.00
7358.62 10.32 2117.84 24.16
7375.12 10.41 2139.09 23.77
7391.65 10.53 2157.00 23.81
7407.93 10.43 2174.15 24.74
7424.28 10.43 2192.12 24.91
7440.78 10.54 2210.56 23.97
7457.03 10.40 2226.53 24.19
7473.62 10.54 2244.71 26.18
7489.96 10.44 2258.34 25.20
7506.28 10.48 2274.78 22.11
7522.78 10.55 2289.53 23.41
7539.06 10.41 2301.96 23.51
7555.53 10.48 2316.40 21.96
7572.00 10.52 2328.34 23.40
7588.31 10.39 2340.15 22.67
7604.93 10.66 2352.87 24.00
7621.15 10.54 2361.40 22.54
7637.59 10.53 2373.21 22.17
7654.09 10.57 2381.46 23.12
7670.37 10.43 2390.40 22.07
7686.87 10.61 2397.15 22.56
7703.12 10.55 2406.56 22.87
7719.59 10.53 2412.21 24.06
7736.21 10.56 2418.06 21.68
7752.50 10.43 2422.37 21.67
7769.03 10.59 2428.09 23.80
7785.28 10.56 2428.15 22.01
7801.68 10.58 2432.28 21.68
7818.21 10.62 2433.37 22.41
7834.46 10.52 2435.75 23.07
7851.00 10.62 2432.37 27.43
7867.31 10.57 2436.06 23.68
7883.68 10.57 2432.18 22.58
7900.34 10.71 2431.68 22.80
7916.56 10.64 2426.50 28.75
7933.06 10.70 2425.25 23.69
7949.40 10.64 2421.28 23.15
7965.87 10.64 2416.84 23.33
7982.34 10.76 2412.28 23.67
7998.65 10.65 2404.93 24.19
8015.06 10.66 2398.18 24.10
8031.46 10.68 2389.87 25.51
8047.78 10.53 2382.37 23.99
8064.34 10.76 2372.56 24.38
8080.65 10.65 2364.96 24.63
8097.00 10.64 2354.65 24.24
8113.46 10.68 2343.06 24.47
8129.78 10.53 2331.43 26.50
8146.34 10.72 2320.34 26.71
8162.65 10.67 2308.59 25.49
8179.09 10.65 2294.78 25.31
8195.71 10.84 2282.81 27.43
8212.06 10.69 2271.06 28.68
8228.75 11.75 2252.75 25.70
8245.06 11.83 2238.15 26.22
8261.43 11.68 2223.75 25.93
8277.96 11.85 2207.03 26.55
8294.21 11.79 2193.28 27.38
8310.71 11.75 2176.12 27.43
8327.00 11.83 2157.34 24.58
8343.37 11.69 2142.06 28.36
8359.96 11.92 2124.65 27.28
8376.25 11.82 2106.03 27.24
8392.71 11.80 2088.90 27.37
8409.03 11.86 2071.50 27.20
8425.40 11.72 2053.12 27.39
8441.90 11.96 2034.87 27.84
8458.21 11.85 2015.59 27.79
8474.65 11.77 1996.50 29.63
8491.06 11.87 1978.56 26.93
8507.40 11.76 1959.40 28.10
8523.93 11.96 1939.62 29.43
8540.28 11.87 1922.50 26.74
8556.65 11.78 1901.21 28.28
8573.03 11.89 1883.56 28.34
8589.40 11.76 1865.12 26.82
8606.00 11.91 1844.84 26.56
8622.34 11.95 1827.53 27.63
8638.75 11.85 1807.81 27.34
8655.15 11.97 1789.96 26.69
8671.56 11.85 1773.31 27.60
8688.00 11.91 1756.25 27.66
8704.28 11.96 1737.34 26.96
8720.71 11.84 1719.78 27.69
8737.18 11.97 1702.31 27.15
8753.56 11.87 1683.87 26.01
8770.03 11.91 1667.75 26.21
8786.31 11.98 1651.78 26.34
8802.65 11.85 1634.25 26.37
8819.18 12.03 1618.71 25.99
8835.53 11.94 1604.18 25.46
8852.00 11.94 1592.87 27.25
8868.34 12.00 1574.56 25.04
8884.71 11.87 1560.28 25.23
8901.40 12.20 1548.43 26.74
8917.65 12.11 1533.96 24.59
8934.06 12.03 1521.96 24.32
8950.50 12.14 1508.34 24.27
8966.90 12.02 1498.06 23.90
8983.37 12.25 1487.84 22.99
8999.68 12.12 1477.84 23.92
9016.09 12.03 1466.43 25.12
9032.50 12.18 1458.59 23.81
9048.87 12.05 1448.50 23.46
9065.31 12.11 1440.87 22.34
9081.68 12.12 1433.50 22.66
9098.03 12.03 1426.59 22.85
9114.46 12.17 1420.21 22.20
9130.87 12.05 1414.87 22.75
9147.34 12.11 1410.28 23.82
9163.65 12.16 1405.15 22.56
9180.06 12.04 1401.53 22.02
9196.56 12.22 1396.50 23.79
9213.03 12.35 1392.31 26.33
9229.46 12.41 1392.43 22.70
9245.78 12.46 1391.46 22.70
9262.12 12.30 1391.62 21.24
9278.59 12.35 1391.37 21.67
9294.87 12.39 1392.15 21.87
9311.37 12.35 1394.59 22.40
9327.71 12.46 1395.93 23.61
9344.09 12.34 1397.78 22.07
9360.59 12.41 1400.25 21.60
9376.90 12.42 1405.00 21.73
9393.34 12.39 1407.71 21.42
9409.75 12.49 1413.34 21.80
9426.12 12.38 1418.06 23.15
9442.53 12.45 1424.00 22.54
9458.87 12.45 1430.18 23.97
9475.31 12.40 1437.71 21.58
9491.81 12.39 1446.81 23.86
9508.18 12.46 1454.37 23.68
9524.59 12.48 1462.87 24.40
9540.93 12.48 1470.46 23.81
9557.34 12.42 1482.46 23.68
9573.71 12.41 1491.84 24.29
9590.15 12.42 1503.62 24.25
9606.81 12.65 1513.68 23.18
9623.15 12.70 1526.21 25.63
9639.53 12.57 1538.15 24.46
9655.96 12.61 1550.56 24.67
9672.34 12.58 1561.93 25.18
9688.81 12.65 1575.15 26.31
9705.12 12.71 1588.40 26.67
9721.53 12.57 1604.50 25.86
9738.00 12.61 1616.53 25.68
9754.31 12.58 1631.18 26.05
9770.81 12.62 1645.78 26.14
9787.09 12.71 1660.25 26.29
9803.50 12.61 1674.59 26.30
9819.93 12.63 1690.93 25.52
9836.31 12.68 1705.50 25.35
9852.71 12.62 1721.06 26.64
9869.12 12.73 1736.62 25.63
9885.50 12.61 1752.50 25.96
9902.00 12.68 1768.25 25.75
9918.28 12.72 1783.75 26.21
9934.75 12.70 1800.50 26.11
9951.12 12.63 1817.78 26.07
9967.71 12.70 1832.06 25.47
9984.09 12.77 1847.37 25.42
10000.43 12.77 1862.84 24.26
10016.87 12.70 1881.00 24.45
10033.21 12.71 1894.12 26.88
10049.62 12.69 1912.40 27.54
10066.09 12.77 1926.90 24.12
10082.43 12.77 1941.25 25.05
10098.84 12.71 1958.78 25.99
10115.21 12.71 1972.00 23.53
10131.59 12.68 1987.53 23.36
10148.28 12.84 2001.40 23.89
10164.53 12.87 2016.21 20.47
10180.96 12.73 2030.00 23.28
10197.46 12.81 2045.34 22.71
10213.96 13.19 2058.96 23.11
10230.40 13.22 2072.46 22.56
10246.71 13.31 2085.50 22.85
10263.12 13.17 2097.59 21.88
10279.53 13.16 2110.62 21.31
10295.87 13.26 2122.18 21.74
10312.31 13.19 2133.34 20.56
10328.68 13.32 2144.43 20.25
10345.09 13.21 2156.65 22.35
10361.56 13.26 2166.31 19.85
10377.93 13.33 2175.90 19.74
10394.34 13.27 2186.21 20.83
10410.71 13.27 2195.46 20.19
10427.15 13.27 2203.59 20.05
10443.50 13.30 2211.21 19.88
10459.90 13.36 2219.03 19.55
10476.28 13.24 2225.68 19.40
10492.75 13.28 2232.46 19.81
10509.12 13.30 2238.96 18.62
10525.53 13.31 2244.65 19.62
10541.93 13.38 2250.81 18.48
10558.28 13.27 2253.78 18.97
10574.65 13.25 2254.59 28.23
10591.12 13.30 2261.31 18.93
10607.59 13.36 2264.78 19.90
10623.96 13.46 2267.78 19.20
10640.34 13.32 2269.68 19.67
10656.71 13.30 2270.12 20.31
10673.18 13.35 2271.96 19.62
10689.56 13.34 2271.37 18.72
10705.90 13.46 2268.93 22.58
10722.34 13.32 2270.87 21.07
10738.71 13.30 2269.59 20.59
10755.15 13.37 2267.71 21.35
10771.53 13.33 2265.81 20.91
10787.90 13.47 2260.25 20.94
10804.28 13.36 2259.15 21.46
10820.68 13.34 2254.65 21.74
10837.18 13.47 2250.78 22.04
10853.53 13.37 2244.00 24.49
10869.87 13.36 2239.40 23.30
10886.34 13.37 2235.12 23.36
10902.75 13.37 2227.75 23.88
10919.15 13.52 2222.81 23.02
10935.50 13.38 2214.75 23.73
10951.90 13.39 2206.84 24.07
10968.37 13.41 2200.81 25.33
10984.71 13.43 2191.31 24.61
11001.18 13.54 2182.12 24.50
11017.53 13.40 2172.46 24.13
11033.81 13.35 2164.46 26.40
11050.34 13.44 2153.93 25.49
11066.68 13.41 2143.21 26.13
11083.12 13.50 2134.12 27.69
11099.46 13.39 2119.68 30.85
11115.81 13.35 2111.34 26.25
11132.34 13.44 2099.50 26.21
11148.68 13.41 2087.46 26.70
11165.09 13.56 2074.96 26.22
11181.50 13.41 2063.31 26.88
11197.87 13.38 2051.50 26.66
11214.56 14.10 2038.12 27.77
11230.87 14.05 2027.28 28.21
11247.25 14.07 2012.34 27.85
11263.65 14.06 2000.15 27.29
11280.00 13.99 1986.59 27.93
11296.46 14.18 1974.37 28.56
11312.81 14.03 1960.71 26.65
11329.18 14.08 1947.43 27.92
11345.59 14.07 1932.75 29.42
11362.00 14.05 1920.12 27.30
11378.46 14.19 1906.15 28.06
11394.81 14.08 1893.28 27.58
11411.21 14.11 1880.43 27.06
11427.62 14.10 1866.00 27.97
11443.93 14.09 1853.06 26.83
11460.43 14.22 1840.59 27.21
11476.78 14.09 1825.59 27.02
11493.37 14.20 1813.31 26.64
11509.75 14.23 1800.71 26.02
11526.06 14.17 1786.00 26.72
11542.56 14.30 1774.78 26.74
11558.87 14.18 1762.25 25.67
11575.28 14.18 1750.28 26.02
11591.75 14.23 1739.28 26.54
11608.21 14.27 1726.31 25.64
11624.68 14.35 1714.12 25.97
11641.03 14.29 1702.78 25.92
11657.40 14.28 1692.68 26.00
11673.93 14.36 1681.03 24.89
11690.21 14.27 1670.87 24.81
11706.65 14.36 1660.06 25.50
11723.03 14.29 1649.65 24.19
11739.34 14.23 1640.21 24.70
11755.90 14.38 1631.93 23.79
11772.21 14.27 1621.53 24.16
11788.62 14.37 1613.62 24.12
11804.96 14.33 1606.18 24.48
11821.28 14.23 1598.03 23.82
11837.87 14.46 1589.96 23.79
11854.15 14.29 1584.21 21.83
11870.62 14.36 1577.18 23.31
11887.00 14.35 1571.25 22.40
11903.31 14.25 1565.00 22.16
11919.84 14.49 1562.90 30.06
11936.12 14.30 1554.75 23.36
11952.62 14.36 1550.75 23.98
11969.00 14.35 1547.31 27.53
11985.25 14.29 1543.62 27.34
12001.84 14.49 1538.81 22.96
12018.12 14.30 1536.31 23.29
12034.50 14.34 1535.21 23.14
12050.96 14.38 1532.96 23.42
12067.25 14.29 1531.90 23.54
12083.78 14.35 1529.87 23.75
12100.09 14.32 1531.25 24.38
12116.46 14.32 1530.03 22.44
12132.96 14.38 1529.71 24.09
12149.25 14.29 1530.78 23.95
12165.71 14.39 1532.81 23.78
12182.09 14.32 1533.96 23.84
12198.56 14.37 1535.18 24.44
12215.15 14.62 1538.96 24.27
12231.43 14.52 1541.56 25.29
12247.90 14.72 1546.40 24.52
12264.21 14.55 1550.37 26.31
12280.56 14.46 1553.37 25.21
12297.06 14.69 1556.87 26.74
12313.37 14.51 1562.84 25.76
12329.81 14.69 1567.68 26.59
12346.18 14.58 1575.40 26.05
12362.68 14.67 1580.87 26.97
12379.21 14.87 1587.56 26.83
12395.50 14.70 1594.37 26.60
12411.93 14.83 1600.28 27.74
12428.34 14.75 1608.21 27.82
12444.59 14.70 1617.21 27.67
12461.15 14.87 1623.37 26.98
12477.46 14.71 1633.00 27.32
12493.87 14.71 1641.50 27.66
12510.34 14.81 1650.21 29.08
12526.62 14.72 1661.59 29.63
12543.15 14.88 1668.84 28.22
12559.46 14.75 1679.46 29.65
12575.81 14.71 1688.18 29.84
12592.34 14.81 1699.43 29.35
12608.65 14.74 1709.96 29.33
12625.09 14.87 1720.43 28.91
12641.50 14.77 1730.81 29.23
12657.81 14.71 1742.84 32.05
12674.37 14.84 1752.09 29.74
12690.65 14.74 1763.50 29.95
12707.06 14.88 1774.71 28.74
12723.46 14.76 1786.78 31.22
12739.81 14.71 1797.78 29.49
12756.34 14.85 1808.31 28.92
12772.65 14.74 1821.12 29.57
12789.00 14.88 1831.12 29.81
12805.40 14.80 1842.71 29.47
12821.78 14.75 1854.21 28.74
12838.43 15.02 1867.84 31.89
12854.71 14.85 1877.46 27.85
12871.15 14.98 1889.40 29.51
12887.56 14.91 1900.34 29.59
12903.87 14.81 1910.03 28.33
12920.37 15.03 1920.68 30.13
12936.68 14.86 1932.81 28.82
12953.12 14.86 1943.62 28.26
12969.56 14.91 1950.78 33.40
12985.81 14.85 1965.78 28.12
13002.34 15.00 1975.18 28.03
13018.68 14.86 1986.43 27.98
13035.00 14.84 1994.53 27.87
13051.53 14.94 2005.46 26.67
13067.81 14.85 2013.84 27.80
13084.25 14.93 2022.75 26.74
13100.65 14.88 2032.96 26.49
13117.00 14.84 2041.53 26.23
13133.53 14.94 2050.71 26.05
13149.81 14.85 2057.50 26.08
13166.18 14.97 2066.09 25.85
13182.65 14.88 2073.34 25.33
13199.00 14.84 2084.03 24.65
13215.56 14.97 2088.40 25.25
13231.87 14.99 2095.81 24.66
13248.21 14.99 2101.93 24.39
13264.65 15.02 2108.56 24.40
13281.03 14.96 2114.40 24.18
13297.46 15.05 2120.59 25.45
13313.81 14.98 2123.59 24.13
13330.18 15.00 2129.93 24.13
13346.59 14.94 2133.75 22.75
13363.00 15.01 2137.71 24.67
13379.50 15.09 2141.03 23.70
13395.81 15.04 2145.50 24.25
13412.21 15.04 2149.43 23.73
13428.62 14.98 2150.90 23.93
13444.90 15.03 2152.65 23.86
13461.43 15.09 2155.06 22.86
13477.78 15.05 2156.25 23.67
13494.15 15.02 2156.34 24.36
13510.59 15.01 2159.37 23.68
13526.90 15.03 2157.34 25.31
13543.40 15.08 2158.12 23.84
13559.75 15.06 2156.81 24.48
13576.09 15.02 2155.90 24.35
13592.59 15.01 2154.93 24.66
13608.93 15.06 2153.15 24.57
13625.37 15.11 2151.09 24.51
13641.78 15.09 2149.62 24.51
13658.12 15.05 2143.71 26.48
13674.62 15.04 2143.31 24.41
13690.93 15.06 2139.62 24.49
13707.34 15.12 2136.43 25.31
13723.75 15.08 2130.53 24.38
13740.09 15.02 2127.50 25.33
13756.59 15.05 2122.53 25.92
13772.93 15.06 2117.28 25.44
13789.25 15.07 2112.09 26.63
13805.65 15.00 2106.68 26.34
13822.06 15.06 2100.28 26.57
13838.56 15.14 2093.62 26.26
13854.87 15.09 2087.21 26.28
13871.31 15.12 2080.46 27.18
13887.68 15.03 2073.75 27.14
13904.03 15.04 2064.62 29.23
13920.53 15.17 2058.46 27.11
13936.84 15.10 2051.34 25.96
13953.28 15.09 2043.40 27.08
13969.68 15.03 2037.90 27.66
13985.96 15.08 2027.34 28.65
14002.53 15.17 2019.12 27.57
14018.84 15.10 2009.71 27.78
14035.18 15.10 2001.43 27.75
14051.65 15.06 1992.81 27.61
14067.96 15.08 1983.46 28.04
14084.46 15.13 1977.03 27.91
14100.81 15.12 1965.81 27.70
14117.18 15.10 1955.71 28.00
14133.65 15.06 1946.96 27.63
14149.96 15.08 1937.68 27.38
14166.40 15.17 1928.53 28.22
14182.81 15.12 1917.09 28.63
14199.15 15.08 1907.96 25.35
14215.68 15.09 1898.03 27.85
14232.00 15.11 1888.65 28.22
14248.40 15.17 1879.96 26.98
14264.78 15.15 1869.96 27.36
14281.15 15.08 1860.78 26.70
14297.59 15.17 1850.71 27.31
14313.93 15.10 1840.34 28.02
14330.34 15.15 1831.53 27.37
14346.75 15.18 1822.21 27.32
14363.12 15.13 1814.71 27.08
14379.62 15.21 1804.62 26.62
14395.93 15.16 1795.00 27.14
14412.37 15.20 1787.71 27.05
14428.78 15.22 1778.31 26.01
14445.03 15.15 1770.37 26.78
14461.59 15.24 1761.84 26.60
14477.90 15.17 1753.62 25.95
14494.31 15.16 1745.21 25.88
14510.71 15.13 1736.62 25.53
14527.03 15.15 1729.93 26.02
14543.56 15.23 1723.31 25.36
14559.87 15.19 1715.21 26.03
14576.25 15.17 1709.81 26.96
14592.71 15.13 1701.71 25.16
14609.03 15.15 1695.28 24.93
14625.53 15.26 1689.18 25.52
14641.87 15.19 1683.40 25.03
14658.21 15.15 1677.15 26.46
14674.71 15.13 1669.87 31.65
14691.03 15.15 1667.34 24.78
14707.50 15.27 1662.59 24.78
14723.84 15.17 1654.00 30.27
14740.21 15.15 1653.75 24.54
14756.68 15.15 1649.71 24.33
14773.03 15.15 1646.15 24.43
14789.40 15.23 1643.78 24.60
14805.78 15.22 1640.18 24.65
14822.18 15.18 1637.34 24.34
14838.62 15.21 1634.25 25.28
14854.96 15.19 1633.28 24.10
14871.40 15.23 1632.15 25.30
14887.78 15.22 1629.15 26.14
14904.12 15.14 1629.03 24.55
14920.59 15.24 1629.15 26.03
14936.93 15.20 1627.46 24.82
14953.37 15.19 1627.53 25.27
14969.75 15.10 1628.56 25.64
14986.06 15.18 1628.18 26.06
15002.59 15.24 1629.68 24.96
15018.93 15.20 1630.43 24.96
15035.28 15.20 1632.31 25.81
15051.71 15.13 1634.71 26.41
15068.06 15.18 1636.03 26.30
15084.56 15.23 1636.93 24.65
15100.90 15.21 1640.93 26.88
15117.28 15.20 1642.71 24.72
15133.71 15.13 1646.81 26.30
15150.06 15.18 1650.43 25.99
15166.50 15.27 1654.46 29.60
15182.90 15.21 1659.00 26.89
15199.25 15.17 1662.87 27.07
15215.71 15.13 1667.71 26.55
15232.06 15.18 1672.84 26.98
15248.46 15.25 1677.28 26.97
15264.84 15.21 1684.09 28.15
15281.25 15.17 1688.90 26.83
15297.62 15.21 1693.93 28.64
15314.00 15.17 1700.78 27.81
15330.43 15.26 1707.15 27.31
15346.78 15.22 1713.12 27.37
15363.15 15.15 1718.87 26.64
15379.62 15.21 1727.00 28.30
15395.96 15.19 1732.00 28.11
15412.43 15.26 1739.75 29.95
15428.78 15.22 1747.68 27.56
15445.06 15.18 1755.03 28.23
15461.59 15.24 1761.56 27.90
15477.93 15.20 1769.21 28.24
15494.37 15.23 1777.78 28.91
15510.71 15.13 1785.87 27.64
15527.06 15.18 1792.87 28.87
15543.56 15.23 1800.62 28.49
15559.90 15.21 1808.53 29.09
15576.31 15.24 1816.53 29.00
15592.71 15.13 1824.71 28.09
15609.06 15.18 1832.34 27.96
15625.53 15.26 1841.06 28.51
15641.90 15.21 1849.56 28.19
15658.25 15.17 1856.71 27.99
15674.71 15.13 1865.93 29.49
15691.06 15.18 1874.00 27.95
15707.50 15.27 1880.71 27.65
15723.87 15.20 1889.56 32.03
15740.25 15.17 1896.90 28.20
15756.68 15.15 1905.18 27.35
15773.06 15.18 1913.43 27.35
15789.43 15.26 1919.62 27.05
15805.78 15.22 1926.71 26.30
15822.21 15.21 1934.96 27.01
15838.62 15.21 1944.18 25.94
15854.96 15.19 1949.37 25.74
15871.43 15.26 1956.40 27.68
15887.81 15.25 1964.12 26.61
15904.12 15.14 1969.43 26.33
15920.59 15.24 1976.68 26.92
15936.93 15.20 1984.12 26.05
15953.40 15.23 1990.00 25.11
15969.75 15.10 1995.71 25.84
15986.06 15.18 2001.37 25.17
16002.59 15.24 2007.09 25.39
16018.93 15.20 2012.62 25.34
16035.31 15.24 2018.00 25.40
16051.71 15.13 2021.31 25.71
16068.06 15.18 2027.18 26.89
16084.56 15.23 2033.00 24.86
16100.90 15.21 2036.59 24.04
16117.28 15.20 2041.78 24.27
16133.71 15.13 2044.65 24.59
16150.06 15.18 2048.43 24.48
16166.50 15.27 2051.50 24.71
16182.90 15.21 2055.03 24.00
16199.25 15.17 2058.15 24.80
16215.71 15.13 2059.84 24.41
16232.06 15.18 2064.43 25.28
16248.46 15.25 2065.90 25.58
16264.84 15.21 2066.34 24.28
16281.25 15.17 2067.96 24.79
16297.62 15.21 2069.31 24.11
16314.00 15.17 2070.84 24.10
16330.43 15.26 2073.37 25.31
16346.81 15.25 2071.50 24.40
16363.15 15.15 2071.93 24.32
16379.62 15.21 2071.28 23.99
16395.96 15.19 2073.59 26.87
16412.43 15.26 2071.15 24.41
16428.78 15.22 2070.71 24.69
16445.06 15.18 2069.62 24.45
16461.59 15.24 2065.37 27.60
16477.93 15.20 2066.71 25.51
16494.37 15.23 2062.93 25.55
16510.71 15.13 2062.84 24.91
16527.06 15.18 2060.43 25.16
16543.56 15.23 2056.46 24.57
16559.90 15.21 2053.93 27.36
16576.31 15.24 2050.71 26.52
16592.71 15.13 2047.59 25.83
16609.06 15.18 2044.78 26.39
16625.53 15.26 2040.59 25.90
16641.90 15.21 2036.31 25.45
16658.25 15.17 2032.37 25.92
16674.71 15.13 2029.34 25.72
16691.06 15.18 2022.59 25.76
16707.50 15.27 2018.15 26.13
16723.87 15.20 2015.25 25.91
16740.25 15.17 2007.90 26.10
16756.68 15.15 2003.03 25.43
16773.06 15.18 1997.50 26.96
16789.43 15.26 1991.93 25.77
