1.87 0.33 1855.71 35.15
19.28 6.42 1770.06 34.02
35.71 6.53 1683.25 33.16
52.28 6.42 1598.87 32.80
68.50 6.58 1515.09 32.19
85.06 6.47 1433.90 34.11
101.34 6.42 1355.93 36.21
117.90 6.64 1274.06 29.99
134.65 6.86 1199.75 31.52
150.87 6.83 1127.40 29.43
167.43 6.92 1056.68 28.24
183.78 6.85 991.75 26.40
200.09 6.96 928.62 23.44
216.71 6.85 870.43 24.48
232.93 6.82 815.59 22.06
249.46 6.92 766.84 19.19
265.87 6.83 719.65 20.21
282.15 6.95 678.78 17.39
298.78 6.84 641.37 17.40
315.03 6.81 610.75 15.09
331.59 6.95 583.00 14.75
348.00 6.86 563.34 13.48
364.25 6.82 548.75 11.85
381.00 6.86 538.18 12.03
397.34 6.89 534.65 11.89
413.87 6.96 535.62 12.09
430.28 6.89 542.15 13.02
446.46 6.86 551.43 12.73
463.18 6.89 566.15 13.11
479.40 6.87 584.37 15.72
495.90 6.92 610.90 15.60
512.31 6.86 638.12 16.79
528.56 6.84 671.18 19.47
545.21 6.89 709.37 20.43
561.53 6.84 750.71 22.24
577.93 6.91 794.65 23.04
594.40 6.83 844.09 24.42
610.62 6.82 896.68 26.11
627.25 6.89 953.78 27.13
643.56 6.83 1014.12 27.57
659.96 6.90 1077.18 28.98
676.46 6.81 1144.46 29.40
692.75 6.78 1212.37 30.16
709.34 6.86 1283.53 31.03
725.65 6.80 1356.90 34.20
742.06 6.87 1433.46 32.70
758.53 6.79 1508.12 32.63
774.81 6.76 1583.56 36.63
791.37 6.82 1661.25 33.55
807.65 6.78 1742.87 32.50
824.03 6.71 1822.12 34.03
840.59 6.78 1901.90 32.76
857.03 6.75 1982.40 31.84
873.65 6.79 2061.28 31.87
889.90 6.78 2138.31 30.78
906.25 6.71 2215.34 31.34
922.84 6.75 2289.18 29.81
939.21 6.71 2362.75 28.98
955.65 6.76 2433.93 27.96
972.00 6.73 2502.46 28.78
988.43 6.65 2569.65 26.81
1004.96 6.71 2632.43 24.56
1021.25 6.69 2692.56 23.57
1037.68 6.75 2749.68 22.09
1054.09 6.70 2802.25 21.28
1070.59 6.65 2852.31 19.34
1087.15 6.71 2896.62 18.94
1103.43 6.76 2941.40 17.49
1119.87 6.83 2978.56 16.10
1136.40 6.96 3011.59 14.60
1152.81 6.91 3040.18 14.09
1169.43 6.92 3064.87 11.89
1185.65 6.94 3084.84 11.52
1202.25 7.00 3100.21 10.42
1218.62 6.93 3109.03 12.11
1234.93 6.88 3115.84 10.53
1251.46 6.91 3116.81 10.65
1267.93 6.92 3111.65 11.19
1284.46 6.96 3105.03 16.97
1300.78 6.90 3090.12 14.48
1317.12 6.86 3069.53 22.48
1333.62 6.92 3049.25 15.99
1350.06 6.90 3022.46 17.06
1366.50 6.98 2990.25 18.68
1382.81 6.88 2955.75 20.19
1399.21 6.88 2915.18 21.71
1415.71 6.91 2872.09 23.32
1432.12 6.91 2825.50 24.22
1448.56 6.98 2773.96 24.72
1465.12 6.90 2719.21 26.43
1481.53 6.88 2661.65 26.69
1497.96 6.92 2601.12 28.01
1514.34 6.92 2538.93 29.42
1530.78 6.96 2474.00 29.21
1547.18 6.84 2405.87 29.37
1563.56 6.86 2339.21 31.50
1580.00 6.91 2266.03 30.93
1596.59 6.92 2193.15 31.86
1613.00 6.80 2120.09 31.56
1629.46 6.83 2046.71 32.46
1645.84 6.86 1971.28 32.21
1662.50 6.90 1896.12 33.15
1678.87 6.86 1819.12 31.10
1695.21 6.81 1745.84 32.41
1711.65 6.83 1669.40 30.61
1728.34 6.80 1597.18 29.88
1744.81 6.82 1525.65 27.59
1761.18 6.81 1455.56 27.99
1777.50 6.72 1386.06 29.51
1793.96 6.78 1320.96 26.15
1810.62 6.69 1255.90 25.02
1826.96 6.77 1195.15 24.28
1843.31 6.72 1134.90 24.13
1859.68 6.66 1079.21 21.83
1876.09 6.75 1024.90 28.22
1892.62 6.70 978.34 19.97
1908.96 6.78 930.84 18.61
1925.50 6.66 888.37 16.85
1942.00 6.59 850.28 16.48
1958.34 6.68 815.28 14.35
1974.81 6.66 784.46 12.59
1991.34 6.67 758.46 11.25
2007.84 6.56 737.21 10.81
2024.28 6.52 719.56 9.90
2040.65 6.58 707.06 9.84
2057.12 6.59 697.12 10.31
2073.50 6.49 697.68 18.08
2089.87 6.56 696.31 10.74
2106.43 6.57 701.28 8.83
2122.71 6.68 710.40 10.14
2139.34 7.14 724.12 10.71
2155.71 7.06 743.12 12.62
2172.03 6.95 765.31 14.56
2188.56 7.07 790.40 16.70
2204.87 7.00 821.50 16.00
2221.50 7.09 856.46 18.31
2237.81 7.00 893.65 20.05
2254.12 6.93 937.12 21.80
2270.68 7.04 982.09 21.40
2287.03 6.94 1030.78 22.37
2303.43 7.03 1082.87 22.79
2319.87 6.97 1136.87 24.22
2336.21 6.91 1194.34 25.15
2352.81 6.98 1250.25 30.16
2369.06 6.93 1315.34 27.11
2385.53 6.85 1382.09 27.50
2401.93 6.94 1445.15 28.00
2418.37 6.88 1513.40 29.49
2434.84 6.99 1580.65 28.80
2451.21 6.95 1647.18 36.74
2467.53 6.87 1721.50 28.41
2484.03 6.95 1790.75 29.35
2500.37 6.88 1861.37 28.51
2516.90 7.02 1932.50 27.94
2533.25 6.94 2001.59 28.49
2549.62 6.82 2071.18 27.27
2566.06 6.93 2138.65 27.04
2582.40 6.88 2206.93 26.46
2598.93 6.99 2271.65 26.23
2615.34 6.90 2337.15 26.22
2631.65 6.82 2398.59 23.87
2648.18 6.95 2458.53 23.24
2664.46 6.87 2515.18 23.23
2681.15 6.92 2570.46 21.86
2697.46 6.87 2623.34 20.41
2713.81 6.79 2671.62 19.38
2730.31 6.91 2718.62 18.94
2746.65 6.83 2760.81 16.85
2763.03 6.92 2799.28 15.88
2779.50 6.86 2835.34 14.97
2795.84 6.77 2866.18 13.95
2812.40 6.88 2894.93 12.32
2828.68 6.83 2917.06 11.73
2845.06 6.74 2938.46 10.22
2861.53 6.82 2953.90 10.61
2878.06 6.76 2964.28 11.31
2894.56 6.87 2971.53 10.18
2910.90 6.84 2973.81 11.25
2927.31 6.75 2973.21 12.43
2943.87 6.82 2968.53 10.52
2960.21 6.75 2958.25 10.47
2976.81 6.86 2943.15 13.63
2993.15 6.83 2924.46 15.81
3009.75 6.81 2905.31 14.07
3026.18 6.90 2878.78 14.85
3042.50 6.82 2848.40 17.47
3059.03 6.92 2817.81 18.08
3075.40 6.90 2779.93 18.17
3091.75 6.80 2736.12 24.53
3108.37 7.06 2694.65 22.70
3124.65 7.00 2648.15 23.48
3141.25 7.20 2599.62 23.84
3157.75 7.18 2547.43 26.63
3174.12 7.08 2492.90 24.86
3190.56 7.19 2436.15 27.17
3207.09 7.18 2376.71 27.55
3223.59 7.20 2315.03 27.75
3240.03 7.21 2253.21 28.22
3256.31 7.13 2190.12 28.56
3272.84 7.19 2126.00 29.65
3289.25 7.15 2060.53 30.17
3305.75 7.18 1993.93 29.04
3322.12 7.14 1926.50 28.49
3338.43 7.10 1860.62 28.39
3354.96 7.17 1794.65 28.65
3371.28 7.13 1727.93 27.85
3387.78 7.18 1661.84 29.05
3404.15 7.15 1598.43 27.66
3420.59 7.05 1536.56 26.58
3437.09 7.12 1474.53 26.22
3453.50 7.08 1414.62 25.49
3469.87 7.15 1356.78 24.40
3486.37 7.06 1300.40 23.46
3502.65 6.97 1247.78 23.56
3519.15 7.05 1195.56 22.22
3535.53 7.05 1147.87 20.02
3551.96 7.07 1100.93 21.52
3568.43 7.00 1058.96 18.28
3584.81 6.96 1020.12 16.68
3601.31 7.01 983.71 15.86
3617.68 7.01 949.65 15.60
3634.03 6.92 923.03 14.16
3650.46 7.00 897.96 12.51
3666.87 6.94 875.71 11.35
3683.37 7.00 857.18 11.46
3699.75 7.00 844.84 9.88
3716.09 6.92 834.18 8.91
3732.53 6.98 829.00 10.37
3749.09 6.89 826.81 12.01
3765.50 6.98 829.59 9.63
3781.96 6.94 836.68 11.31
3798.18 6.90 844.93 10.65
3814.71 6.96 860.71 14.19
3831.12 6.91 876.59 14.16
3847.53 6.94 898.40 14.02
3863.96 6.93 924.25 14.92
3880.28 6.88 953.40 15.60
3896.81 6.96 984.34 16.48
3913.18 6.91 1020.06 18.52
3929.56 6.96 1058.71 19.82
3946.03 6.93 1100.34 20.37
3962.31 6.87 1144.03 21.86
3978.84 6.93 1192.21 20.50
3995.25 6.97 1241.68 23.22
4011.65 7.01 1293.59 24.54
4028.09 6.96 1345.90 24.52
4044.43 6.92 1402.09 25.51
4060.87 6.95 1457.96 26.76
4077.25 6.97 1518.28 25.88
4093.59 6.87 1579.43 26.82
4110.06 6.98 1639.12 32.20
4126.46 6.96 1701.46 27.40
4143.09 7.80 1762.34 30.62
4159.43 7.76 1828.06 30.16
4175.81 7.69 1889.15 29.91
4192.34 7.78 1951.81 30.36
4208.68 7.74 2012.46 29.77
4225.28 7.76 2075.28 29.65
4241.62 7.74 2134.12 30.38
4257.90 7.68 2195.09 27.78
4274.43 7.75 2250.90 23.18
4290.81 7.69 2307.75 26.66
4307.21 7.60 2362.40 25.36
4323.65 7.74 2414.59 23.58
4339.96 7.67 2465.15 23.35
4356.56 7.72 2513.37 22.50
4372.87 7.66 2556.71 21.66
4389.37 7.56 2599.34 20.76
4405.81 7.69 2639.65 18.53
4422.21 7.63 2676.34 17.91
4438.62 7.72 2709.18 17.00
4455.09 7.71 2739.75 15.18
4471.50 7.61 2766.43 14.56
4488.00 7.70 2788.96 12.95
4504.34 7.65 2808.21 11.56
4520.71 7.73 2825.43 11.35
4537.12 7.69 2836.84 10.31
4553.59 7.56 2844.25 9.44
4570.00 7.68 2849.78 8.74
4586.34 7.65 2850.18 9.07
4602.78 7.72 2848.31 9.72
4619.28 7.63 2842.06 10.42
4635.68 7.54 2832.21 10.95
4652.21 7.68 2817.75 10.81
4668.53 7.61 2800.56 11.69
4685.15 7.65 2778.21 12.83
4701.56 7.61 2754.65 15.05
4718.00 7.53 2726.59 16.04
4734.43 7.64 2696.90 18.84
4750.75 7.57 2661.59 16.60
4767.18 7.51 2625.65 18.38
4783.59 7.62 2585.12 19.57
4799.93 7.56 2544.96 19.73
4816.40 7.68 2498.09 21.07
4832.68 7.60 2451.75 22.13
4849.15 7.48 2402.71 23.54
4865.62 7.60 2351.06 23.15
4882.00 7.54 2298.18 23.08
4898.40 7.66 2247.37 22.02
4914.81 7.60 2188.71 23.86
4931.25 7.48 2131.31 26.39
4947.68 7.62 2074.06 24.64
4964.06 7.54 2014.78 25.81
4980.53 7.68 1957.28 25.94
4997.03 7.68 1897.18 25.62
5013.43 7.54 1838.78 25.70
5029.90 7.71 1778.65 27.86
5046.15 7.62 1722.06 25.20
5062.62 7.74 1664.37 25.88
5079.00 7.69 1609.15 25.06
5095.34 7.58 1551.90 24.66
5111.81 7.73 1499.06 24.70
5128.15 7.66 1446.81 24.42
5144.62 7.89 1395.18 22.44
5161.06 7.87 1347.09 22.28
5177.43 7.92 1299.28 20.32
5193.84 7.88 1255.15 19.76
5210.18 7.84 1213.25 19.38
5226.68 7.92 1172.40 18.38
5243.06 7.86 1137.78 19.52
5259.40 7.80 1103.12 15.48
5275.87 7.88 1072.71 14.38
5292.40 7.92 1044.68 14.48
5308.87 7.95 1019.78 12.94
5325.28 7.93 999.21 11.92
5341.62 7.85 981.31 10.55
5358.06 7.94 966.81 10.41
5374.46 7.90 956.34 11.17
5390.90 7.95 949.12 9.51
5407.31 7.90 944.90 10.36
5423.87 7.88 946.31 11.02
5440.28 7.98 948.50 11.90
5456.87 8.09 954.34 12.36
5473.34 8.13 961.68 14.97
5489.87 8.03 978.78 13.36
5506.21 7.97 995.71 15.07
5522.65 8.08 1016.68 16.01
5538.96 8.06 1040.00 17.36
5555.53 8.01 1068.12 17.60
5572.00 7.95 1096.28 18.90
5588.50 7.97 1130.12 20.37
5604.93 8.08 1164.31 22.33
5621.31 8.04 1202.59 23.43
5637.68 8.08 1245.37 25.30
5654.15 8.03 1286.46 23.79
5670.53 7.98 1329.59 26.26
5687.06 8.08 1378.40 24.86
5703.34 8.02 1426.31 25.80
5719.71 7.95 1476.87 26.39
5736.21 8.04 1525.31 34.15
5752.56 7.98 1580.71 27.12
5769.00 8.07 1634.37 27.51
5785.34 8.04 1689.15 27.40
5801.71 7.93 1744.84 27.17
5818.18 8.08 1797.84 27.77
5834.53 8.02 1854.65 27.83
5851.03 8.06 1911.00 27.73
5867.34 8.01 1965.62 27.04
5883.68 7.93 2020.71 27.05
5900.18 8.08 2072.90 27.73
5916.56 8.02 2127.34 25.74
5933.03 8.05 2178.40 20.63
5949.37 8.01 2230.34 25.66
5965.71 7.94 2278.78 24.20
5982.25 8.09 2326.40 24.33
5998.56 8.05 2372.65 23.36
6015.06 8.07 2414.03 22.43
6031.43 8.04 2455.46 21.42
6047.78 7.97 2495.34 21.37
6064.25 8.09 2532.62 19.41
6080.56 8.05 2566.65 18.22
6097.00 8.13 2596.43 17.47
6113.37 8.07 2624.65 15.97
6129.78 7.97 2651.81 14.46
6146.25 8.09 2673.62 14.05
6162.59 8.19 2691.37 16.02
6178.96 8.13 2708.84 12.82
6195.46 8.12 2722.62 11.85
6211.84 8.16 2732.31 9.60
6228.28 8.12 2737.56 10.46
6244.71 8.23 2740.12 12.01
6261.03 8.13 2740.78 9.96
6277.59 8.14 2736.68 10.06
6293.87 8.22 2729.62 10.19
6310.31 8.13 2719.43 11.33
6326.68 8.28 2705.15 12.33
6343.00 8.15 2688.59 13.55
6359.71 8.17 2669.09 13.94
6376.06 8.25 2646.37 14.88
6392.65 8.20 2620.81 16.78
6409.09 8.33 2591.40 17.77
6425.43 8.25 2560.59 19.66
6441.90 8.27 2526.46 19.00
6458.25 8.36 2490.81 20.06
6474.68 8.26 2453.15 20.95
6491.15 8.35 2411.46 22.30
6507.50 8.28 2368.37 22.74
6523.90 8.26 2324.18 23.64
6540.31 8.35 2279.28 23.54
6556.71 8.29 2230.28 26.16
6573.18 8.35 2182.87 25.84
6589.56 8.29 2132.15 25.26
6605.96 8.28 2083.25 26.42
6622.59 8.36 2030.40 26.88
6638.93 8.34 1976.96 28.41
6655.53 8.32 1925.06 26.09
6671.87 8.37 1872.50 27.91
6688.34 8.33 1819.81 26.99
6704.78 8.41 1767.78 26.47
6721.25 8.38 1716.59 26.25
6737.71 8.35 1668.12 30.64
6754.06 8.40 1615.53 26.07
6770.46 8.36 1566.93 25.58
6786.84 8.47 1519.81 24.45
6803.18 8.37 1474.65 22.45
6819.62 8.40 1429.31 23.53
6836.00 8.47 1386.03 23.61
6852.43 8.34 1346.15 20.42
6868.87 8.41 1307.53 20.59
6885.21 8.36 1271.21 20.37
6901.65 8.39 1239.90 23.40
6918.25 8.50 1206.28 16.82
6934.59 8.39 1177.28 16.55
6951.03 8.46 1150.59 15.55
6967.40 8.42 1127.40 14.08
6983.93 8.51 1104.62 21.35
7000.56 8.69 1090.06 13.14
7016.93 8.60 1075.93 10.98
7033.34 8.70 1063.65 9.81
7049.75 8.67 1055.12 9.95
7066.06 8.61 1050.87 10.88
7082.56 8.69 1048.56 11.25
7098.84 8.69 1047.59 11.02
7115.28 8.60 1052.96 10.40
7131.68 8.67 1060.06 10.09
7148.03 8.60 1071.31 11.02
7164.50 8.67 1085.78 13.96
7180.81 8.66 1100.15 12.70
7197.34 8.74 1120.31 14.41
7213.71 8.64 1140.87 15.94
7230.06 8.64 1166.90 15.84
7246.50 8.68 1193.68 16.97
7262.81 8.67 1224.03 18.19
7279.34 8.63 1257.09 19.09
7295.71 8.70 1292.68 22.62
7312.06 8.64 1327.75 21.34
7328.46 8.72 1365.06 22.97
7344.87 8.69 1409.31 23.63
7361.34 8.68 1449.03 23.17
7377.68 8.75 1493.90 23.83
7394.06 8.65 1537.68 25.42
7410.62 8.79 1584.18 27.08
7427.00 8.76 1632.81 26.21
7443.37 8.74 1679.65 26.03
7459.81 8.82 1727.90 27.15
7476.18 8.73 1776.12 27.42
7492.62 8.83 1826.00 27.21
7509.03 8.79 1876.15 26.23
7525.40 8.77 1924.25 26.74
7541.81 8.82 1973.87 26.47
7558.18 8.77 2021.40 25.14
7574.65 8.82 2069.68 27.97
7591.06 8.78 2115.93 25.93
7607.40 8.76 2161.78 26.32
7623.81 8.81 2206.37 25.25
7640.18 8.82 2248.53 24.31
7656.65 8.85 2290.15 23.07
7673.09 8.76 2331.28 23.13
7689.40 8.77 2366.37 23.48
7705.90 8.83 2405.37 20.33
7722.25 8.83 2438.84 20.30
7738.68 8.74 2468.87 20.13
7755.09 8.76 2499.75 17.36
7771.40 8.77 2525.90 16.19
7787.87 8.84 2549.53 16.06
7804.25 8.83 2571.87 14.70
7820.65 8.79 2591.03 14.03
7837.00 8.85 2605.87 13.04
7853.46 8.72 2619.50 12.10
7869.93 8.80 2630.00 11.46
7886.34 8.80 2638.50 12.32
7902.65 8.77 2641.56 11.28
7919.09 8.82 2643.71 10.96
7935.50 8.74 2640.75 13.22
7951.93 8.81 2636.62 11.88
7968.34 8.79 2629.46 11.71
7984.71 8.85 2620.34 14.91
8001.12 8.88 2607.00 13.12
8017.56 8.80 2590.78 14.49
8033.96 8.87 2571.56 14.68
8050.28 8.80 2550.53 15.15
8066.68 8.87 2526.18 17.84
8083.12 8.88 2500.71 18.20
8099.46 8.86 2472.90 18.01
8115.93 8.90 2440.56 19.43
8132.28 8.80 2407.96 20.00
8148.65 8.85 2374.15 20.32
8165.12 8.88 2337.28 22.90
8181.46 8.86 2298.78 22.26
8198.03 9.04 2258.71 24.90
8214.43 8.93 2216.50 24.67
8230.78 8.95 2174.78 25.11
8247.25 8.98 2131.25 26.11
8263.62 9.01 2085.84 25.55
8280.12 9.09 2040.53 26.17
8296.50 9.03 1993.93 27.21
8312.84 8.98 1949.65 25.23
8329.31 9.05 1902.37 27.20
8345.71 9.04 1855.71 26.91
8362.12 9.15 1808.78 27.54
8378.50 9.06 1764.06 25.99
8394.87 8.99 1718.56 26.76
8411.50 9.20 1673.68 26.39
8427.84 9.15 1629.31 25.55
8444.25 9.20 1587.28 24.64
8460.68 9.25 1543.43 25.04
8477.06 9.15 1504.34 23.06
8493.50 9.24 1465.96 21.29
8509.81 9.20 1428.40 21.41
8526.18 9.22 1391.15 21.76
8542.68 9.26 1356.90 22.18
8559.00 9.18 1326.43 19.56
8575.50 9.24 1298.59 18.14
8591.78 9.17 1271.28 16.86
8608.18 9.19 1244.90 18.51
8624.68 9.27 1222.96 15.41
8641.03 9.24 1204.25 14.25
8657.43 9.30 1186.40 11.83
8673.87 9.19 1171.75 10.57
8690.15 9.18 1161.18 10.79
8706.68 9.25 1150.28 9.06
8723.06 9.27 1144.37 8.56
8739.50 9.31 1139.87 8.98
8755.90 9.20 1139.34 7.78
8772.18 9.19 1141.71 8.11
8788.68 9.28 1146.34 8.12
8805.00 9.23 1153.96 8.22
8821.43 9.32 1163.81 10.04
8837.81 9.26 1177.09 10.21
8854.18 9.17 1191.78 11.61
8870.68 9.27 1211.03 12.25
8887.03 9.22 1229.84 14.14
8903.40 9.22 1251.87 16.75
8919.84 9.26 1279.25 16.32
8936.18 9.17 1305.87 17.09
8952.65 9.25 1335.15 18.16
8969.03 9.22 1366.78 19.02
8985.37 9.26 1399.84 22.01
9001.84 9.30 1435.21 21.39
9018.21 9.19 1471.18 21.86
9034.68 9.28 1509.53 22.63
9051.00 9.24 1546.59 27.25
9067.34 9.24 1588.90 23.69
9083.81 9.31 1628.25 24.44
9100.15 9.27 1671.81 24.32
9116.65 9.31 1714.15 24.78
9133.00 9.24 1759.53 25.53
9149.31 9.25 1799.68 25.39
9165.78 9.28 1845.12 25.50
9182.15 9.27 1888.53 25.10
9198.59 9.33 1930.18 28.60
9214.96 9.22 1977.06 24.57
9231.28 9.24 2017.00 26.06
9247.81 9.31 2059.59 25.08
9264.09 9.28 2101.56 22.45
9280.56 9.32 2141.68 24.21
9296.93 9.28 2180.43 23.39
9313.31 9.27 2218.84 22.04
9329.78 9.33 2255.53 21.24
9346.18 9.32 2289.62 21.22
9362.62 9.41 2323.71 21.26
9378.96 9.33 2358.18 24.59
9395.34 9.26 2382.84 17.94
9411.81 9.37 2411.03 17.40
9428.21 9.36 2437.40 16.66
9444.65 9.45 2460.00 15.69
9461.06 9.43 2480.46 14.21
9477.40 9.32 2498.59 14.00
9493.87 9.43 2513.93 12.30
9510.18 9.38 2527.87 13.74
9526.62 9.46 2538.93 12.28
9543.03 9.45 2547.37 11.81
9559.37 9.37 2553.65 9.96
9575.87 9.43 2555.71 11.99
9592.18 9.38 2556.18 10.55
9608.68 9.49 2554.00 10.90
9625.12 9.49 2550.46 11.69
9641.40 9.43 2542.28 12.21
9657.90 9.53 2532.28 12.14
9674.28 9.41 2520.03 12.86
9690.75 9.47 2504.78 13.65
9707.18 9.50 2488.56 15.43
9723.46 9.47 2467.40 15.48
9739.93 9.55 2447.09 16.79
9756.28 9.41 2422.78 18.28
9772.71 9.46 2396.34 18.40
9789.09 9.51 2368.06 19.22
9805.43 9.45 2337.78 20.19
9821.87 9.58 2306.25 21.03
9838.21 9.48 2273.87 22.05
9854.81 9.44 2239.06 22.03
9871.21 9.52 2204.03 22.86
9887.59 9.47 2167.43 24.30
9904.00 9.51 2128.00 23.44
9920.37 9.50 2088.43 24.29
9936.75 9.40 2047.93 24.58
9953.18 9.51 2008.68 24.32
9969.59 9.49 1968.12 25.06
9986.00 9.55 1928.06 25.99
10002.40 9.58 1885.12 26.00
10018.78 9.44 1845.78 25.69
10035.25 9.57 1801.93 24.89
10051.56 9.53 1762.03 25.17
10068.00 9.55 1721.40 26.39
10084.40 9.58 1683.37 24.75
10100.71 9.52 1642.37 24.51
10117.21 9.60 1606.00 22.25
10133.53 9.50 1570.75 22.18
10149.96 9.52 1532.18 23.76
10166.40 9.58 1500.56 22.52
10182.71 9.52 1467.62 22.37
10199.15 9.59 1437.46 19.28
10215.50 9.49 1406.75 21.36
10231.93 9.51 1380.15 18.43
10248.37 9.59 1351.03 24.49
10264.65 9.52 1331.15 17.28
10281.28 9.73 1309.93 15.17
10297.65 9.72 1290.34 15.20
10314.06 9.67 1272.68 16.95
10330.50 9.76 1257.31 14.17
10346.90 9.74 1246.59 11.62
10363.28 9.79 1235.71 12.02
10379.65 9.76 1229.40 10.53
10396.03 9.65 1224.68 10.23
10412.46 9.76 1222.87 14.08
10428.90 9.76 1221.75 9.65
10445.25 9.74 1225.06 10.76
10461.71 9.83 1228.71 9.53
10478.09 9.74 1236.93 10.29
10494.46 9.76 1246.96 11.71
10510.87 9.81 1259.03 15.76
10527.21 9.76 1273.25 12.61
10543.65 9.81 1290.28 13.86
10560.06 9.78 1307.75 14.86
10576.46 9.76 1329.62 16.18
10592.81 9.76 1353.21 17.25
10609.25 9.77 1378.81 19.30
10625.68 9.83 1404.59 19.32
10642.06 9.83 1431.81 19.42
10658.40 9.81 1462.00 19.85
10674.87 9.79 1493.18 20.13
10691.28 9.78 1525.84 21.41
10707.71 9.84 1561.84 23.21
10724.03 9.83 1594.78 22.42
10740.43 9.82 1631.90 22.61
10756.87 9.79 1667.21 22.86
10773.25 9.77 1705.65 22.46
10789.62 9.83 1743.81 22.56
10806.03 9.83 1782.87 22.94
10822.40 9.87 1821.87 23.71
10838.78 9.85 1859.90 23.18
10855.21 9.79 1899.50 22.57
10871.62 9.84 1936.59 22.98
10888.06 9.84 1975.28 23.92
10904.37 9.80 2013.68 21.95
10920.81 9.87 2051.81 22.88
10937.21 9.79 2090.81 24.16
10953.56 9.81 2124.28 22.98
10970.06 9.86 2157.34 20.82
10986.34 9.83 2190.12 20.80
11002.78 9.88 2222.15 19.58
11019.21 9.81 2252.43 18.44
11035.59 9.84 2283.12 16.89
11052.00 9.87 2308.93 17.19
11068.31 9.81 2334.56 16.18
11084.78 9.88 2357.56 15.73
11101.15 9.88 2379.46 13.86
11117.56 9.87 2400.56 13.23
11134.00 9.87 2417.65 12.87
11150.31 9.81 2432.62 11.14
11166.78 9.88 2447.25 10.17
11183.12 9.85 2457.56 9.44
11199.53 9.90 2466.96 9.12
11215.96 9.86 2473.59 9.08
11232.28 9.80 2476.43 7.92
11248.71 9.85 2479.81 8.93
11265.09 9.87 2479.56 9.11
11281.53 9.90 2476.43 7.84
11297.87 9.87 2472.15 9.35
11314.25 9.82 2464.50 11.40
11330.71 9.92 2454.40 10.70
11347.21 9.97 2443.06 12.02
11363.65 10.07 2430.40 16.62
11380.00 10.01 2413.28 12.92
11396.40 9.95 2394.75 14.82
11412.78 9.99 2373.59 17.02
11429.18 9.96 2355.15 16.25
11445.62 10.06 2331.71 21.00
11462.12 10.16 2302.50 21.49
11478.46 10.05 2277.68 19.37
11494.87 10.11 2248.31 20.47
11511.28 10.13 2217.15 20.20
11527.56 10.06 2187.12 21.11
11544.09 10.18 2156.56 21.74
11560.40 10.06 2120.59 23.93
11576.87 10.11 2088.43 22.60
11593.28 10.13 2051.81 23.44
11609.71 10.18 2017.43 23.17
11626.25 10.31 1981.62 23.03
11642.53 10.22 1944.90 23.82
11658.93 10.27 1908.43 24.25
11675.53 10.31 1872.12 24.96
11691.87 10.26 1836.18 26.37
11708.37 10.36 1798.46 24.50
11724.62 10.31 1761.75 25.51
11741.09 10.35 1727.03 24.25
11757.50 10.29 1692.37 23.66
11773.84 10.26 1657.87 22.73
11790.31 10.39 1625.15 23.39
11806.62 10.31 1593.46 22.15
11823.03 10.36 1561.40 21.31
11839.43 10.37 1531.71 20.46
11855.81 10.27 1503.43 21.26
11872.21 10.32 1477.31 19.08
11888.62 10.31 1451.53 18.58
11904.93 10.26 1427.84 17.34
11921.43 10.37 1404.31 18.15
11937.81 10.27 1385.75 16.09
11954.15 10.29 1367.40 14.66
11970.68 10.40 1351.65 13.75
11987.00 10.37 1336.21 13.20
12003.46 10.45 1322.84 12.72
12019.84 10.33 1312.43 13.76
12036.21 10.36 1304.50 10.47
12052.65 10.42 1298.68 10.74
12069.00 10.37 1294.87 9.15
12085.46 10.45 1294.78 9.96
12101.78 10.41 1295.31 9.20
12118.18 10.39 1295.37 15.45
12134.65 10.42 1301.00 13.17
12150.96 10.36 1310.40 10.17
12167.43 10.42 1319.15 11.83
12183.75 10.38 1331.40 11.84
12200.15 10.42 1344.15 12.99
12216.59 10.38 1361.78 14.42
12232.93 10.35 1378.06 13.76
12249.40 10.43 1396.53 15.53
12265.71 10.40 1417.65 16.25
12282.12 10.38 1439.43 17.35
12298.53 10.40 1463.59 18.22
12314.90 10.37 1488.53 19.05
12331.34 10.43 1516.18 19.52
12347.75 10.43 1544.31 20.15
12364.12 10.46 1571.25 28.18
12380.53 10.46 1605.50 22.23
12396.93 10.40 1635.71 21.87
12413.31 10.45 1668.59 22.54
12429.71 10.43 1701.40 22.53
12446.12 10.47 1735.21 23.70
12462.56 10.50 1770.53 29.88
12478.93 10.43 1803.43 25.02
12495.31 10.47 1836.71 23.48
12511.71 10.49 1872.31 23.72
12528.09 10.49 1903.81 19.19
12544.53 10.52 1941.84 23.12
12560.90 10.47 1974.28 22.74
12577.28 10.43 2008.25 22.22
12593.71 10.49 2040.25 21.89
12610.06 10.46 2072.68 22.44
12626.56 10.56 2103.96 22.17
12642.87 10.52 2134.71 21.03
12659.25 10.52 2162.93 20.59
12675.71 10.50 2190.40 19.19
12692.09 10.49 2217.00 19.61
12708.56 10.55 2243.00 17.56
12724.87 10.55 2266.93 18.38
12741.28 10.55 2288.90 16.38
12757.68 10.48 2309.06 15.46
12774.06 10.48 2328.21 14.12
12790.50 10.59 2344.46 13.61
12806.87 10.55 2360.12 13.02
12823.25 10.59 2373.53 10.90
12839.62 10.56 2385.18 10.29
12856.03 10.49 2395.18 9.07
12872.46 10.58 2400.62 9.85
12888.87 10.55 2406.46 9.36
12905.18 10.52 2410.03 8.20
12921.62 10.56 2411.37 9.78
12938.03 10.49 2409.96 8.27
12954.40 10.56 2406.68 9.29
12970.87 10.59 2401.93 8.17
12987.18 10.58 2395.71 9.41
13003.62 10.61 2386.68 10.92
13020.03 10.52 2374.21 9.90
13036.37 10.53 2361.78 11.26
13052.81 10.58 2349.96 21.38
13069.15 10.53 2330.12 13.85
13085.62 10.61 2313.21 13.98
13101.96 10.60 2293.28 15.54
13118.34 10.55 2272.06 18.54
13134.81 10.58 2249.71 18.75
13151.12 10.53 2224.03 18.03
13167.59 10.58 2197.81 20.02
13183.93 10.57 2171.46 19.43
13200.31 10.58 2143.18 19.31
13216.78 10.58 2113.81 20.53
13233.09 10.52 2084.71 21.43
13249.56 10.60 2054.12 21.63
13265.90 10.59 2023.50 21.09
13282.31 10.58 1992.12 21.52
13298.71 10.60 1958.59 22.16
13315.06 10.53 1928.50 24.09
13331.53 10.62 1893.84 21.99
13347.93 10.62 1861.78 22.38
13364.31 10.66 1831.21 25.23
13380.71 10.66 1796.50 23.62
13397.06 10.53 1765.78 21.83
13413.50 10.64 1733.90 22.65
13429.90 10.62 1703.12 21.35
13446.43 10.90 1672.43 21.26
13462.90 10.98 1644.06 25.52
13479.25 10.88 1615.06 22.72
13495.62 10.90 1588.78 19.99
13512.06 10.97 1561.06 25.25
13528.40 10.92 1538.68 16.39
13544.87 11.00 1513.03 17.92
13561.21 10.92 1493.78 18.67
13577.59 10.86 1470.93 15.73
13594.06 10.97 1451.46 15.16
13610.40 10.94 1434.31 14.03
13626.90 11.04 1418.43 12.71
13643.21 10.99 1402.81 13.59
13659.59 10.99 1393.03 10.53
13676.09 11.02 1381.81 10.81
13692.43 10.97 1374.40 8.96
13708.90 11.03 1366.25 10.67
13725.18 11.01 1362.06 8.40
13741.59 10.98 1359.31 7.83
13758.06 11.00 1359.28 7.79
13774.40 10.96 1360.28 7.55
13790.84 11.07 1364.15 7.94
13807.18 11.01 1367.93 9.82
13823.56 11.03 1375.56 9.17
13840.00 11.08 1383.37 9.47
13856.34 10.94 1393.87 10.55
13872.81 11.07 1407.31 11.80
13889.18 11.01 1421.37 12.40
13905.50 10.96 1436.46 10.32
13921.96 11.04 1453.84 14.22
13938.34 10.94 1474.28 15.21
13954.71 10.99 1494.09 16.28
13971.31 11.22 1515.84 16.49
13987.62 11.19 1537.50 18.65
14004.09 11.26 1563.09 18.25
14020.46 11.15 1590.09 19.00
14036.84 11.16 1613.68 22.57
14053.28 11.24 1641.65 23.95
14069.62 11.19 1671.18 20.79
14086.09 11.26 1699.62 21.68
14102.40 11.23 1728.40 20.75
14118.81 11.19 1759.81 22.44
14135.25 11.19 1786.53 25.34
14151.59 11.18 1819.46 22.04
14168.06 11.24 1850.25 21.17
14184.37 11.20 1880.81 23.02
14200.75 11.19 1910.68 22.66
14217.21 11.19 1941.78 20.33
14233.56 11.17 1971.68 22.11
14250.03 11.25 2001.68 22.04
14266.34 11.22 2029.84 20.84
14282.75 11.19 2058.09 20.91
14299.15 11.22 2086.46 20.14
14315.50 11.16 2111.81 20.70
14332.00 11.27 2137.78 18.66
14348.34 11.22 2162.18 18.88
14364.71 11.23 2187.78 20.60
14381.12 11.24 2207.09 15.77
14397.53 11.19 2228.37 15.53
14413.90 11.21 2247.03 14.92
14430.37 11.34 2265.40 14.55
14446.75 11.35 2282.90 13.54
14463.18 11.36 2294.50 15.92
14479.53 11.27 2308.68 11.36
14495.96 11.37 2320.46 11.47
14512.34 11.36 2328.96 10.09
14528.71 11.37 2337.78 9.59
14545.15 11.38 2343.81 8.84
14561.50 11.31 2345.50 12.37
14577.93 11.34 2349.06 7.92
14594.31 11.31 2351.18 8.61
14610.68 11.36 2348.90 8.26
14627.15 11.38 2345.21 9.29
14643.43 11.32 2340.81 9.27
14659.87 11.40 2333.65 9.73
14676.28 11.31 2326.06 10.31
14692.68 11.36 2313.56 11.37
14709.12 11.36 2303.84 11.56
14725.43 11.37 2288.00 13.66
14741.87 11.40 2273.21 14.86
14758.25 11.29 2257.12 15.00
14774.65 11.36 2238.62 15.26
14791.06 11.40 2219.56 16.97
14807.40 11.34 2199.46 17.57
14823.84 11.45 2176.81 17.78
14840.18 11.36 2153.59 19.15
14856.59 11.31 2129.93 19.64
14873.03 11.39 2104.40 20.22
14889.40 11.34 2079.12 20.82
14905.75 11.35 2052.53 19.95
14922.18 11.36 2026.68 21.84
14938.56 11.28 1997.50 21.50
14954.96 11.37 1968.71 21.18
14971.40 11.39 1940.53 21.59
14987.75 11.42 1911.40 22.08
15004.21 11.48 1882.21 21.76
15020.56 11.32 1853.34 21.48
15036.96 11.39 1825.50 21.12
15053.37 11.41 1797.50 20.36
15069.75 11.42 1767.59 21.15
15086.18 11.43 1740.53 20.97
15102.50 11.40 1713.25 19.69
15118.93 11.42 1685.93 19.79
15135.37 11.41 1662.84 19.28
15151.71 11.41 1636.31 18.16
15168.15 11.41 1612.12 17.84
15184.50 11.40 1590.09 16.71
15200.90 11.45 1566.84 16.37
15217.34 11.41 1547.59 15.94
15233.68 11.41 1527.12 14.64
15250.12 11.42 1509.68 15.08
15266.43 11.39 1492.75 14.00
15282.90 11.45 1479.43 12.16
15299.28 11.43 1464.18 10.52
15315.62 11.36 1452.75 9.53
15332.09 11.44 1443.78 9.60
15348.43 11.39 1433.37 8.49
15364.84 11.46 1424.43 12.23
15381.25 11.46 1422.81 10.34
15397.62 11.36 1418.18 6.81
15414.03 11.44 1415.71 7.00
15430.46 11.52 1417.40 11.90
15446.84 11.53 1416.40 8.68
15463.31 11.59 1421.31 10.33
15479.65 11.48 1426.12 8.01
15496.06 11.55 1432.50 8.00
15512.43 11.54 1442.09 13.88
15528.81 11.55 1449.43 9.68
15545.25 11.56 1462.37 12.45
15561.62 11.52 1475.59 12.26
15578.03 11.52 1490.25 13.43
15594.43 11.54 1504.68 14.53
15610.75 11.48 1522.53 15.39
15627.25 11.56 1541.93 15.59
15643.56 11.52 1560.96 17.24
15659.96 11.58 1581.93 17.18
15676.40 11.53 1603.43 17.63
15692.75 11.48 1626.09 20.31
15709.21 11.54 1650.43 18.31
15725.53 11.54 1674.93 18.68
15741.96 11.58 1700.71 22.34
15758.37 11.52 1726.31 20.50
15774.71 11.47 1752.62 20.85
15791.15 11.57 1779.56 20.62
15807.53 11.54 1804.75 20.70
15823.93 11.62 1833.68 20.63
15840.31 11.59 1862.90 27.18
15856.68 11.48 1887.59 20.79
15873.12 11.57 1913.43 20.41
15889.53 11.54 1940.81 20.21
15905.84 11.53 1967.68 18.54
15922.31 11.59 1992.87 19.35
15938.68 11.48 2019.03 18.93
15955.06 11.55 2043.68 17.05
15971.46 11.52 2068.28 18.84
15987.84 11.60 2091.87 16.63
16004.28 11.61 2114.15 17.19
16020.65 11.48 2136.06 16.09
16037.06 11.57 2155.87 15.66
16053.43 11.54 2176.06 14.99
16069.81 11.53 2193.78 14.70
16086.28 11.61 2212.03 15.79
16102.56 11.52 2225.00 12.24
16119.03 11.60 2239.12 12.46
16135.43 11.54 2252.78 11.43
16151.78 11.53 2260.90 10.85
16168.25 11.59 2272.25 8.86
16184.56 11.52 2280.59 7.78
16201.00 11.63 2286.81 8.00
16217.40 11.53 2291.31 7.08
16233.75 11.52 2295.00 6.52
16250.21 11.60 2296.25 6.44
16266.53 11.54 2295.68 9.24
16283.00 11.63 2293.40 7.88
16299.34 11.56 2291.28 7.95
16315.71 11.53 2286.40 8.94
16332.18 11.62 2280.15 10.13
16348.53 11.54 2271.65 10.53
16364.93 11.64 2262.00 12.21
16381.31 11.59 2249.96 12.55
16397.71 11.53 2238.78 12.87
16414.12 11.62 2225.25 12.94
16430.56 11.73 2207.09 19.08
16446.96 11.80 2193.59 15.47
16463.40 11.80 2174.59 17.01
16479.78 11.76 2157.06 15.52
16496.18 11.81 2136.75 17.81
16512.53 11.75 2115.12 20.40
16528.93 11.81 2095.03 16.53
16545.37 11.82 2072.40 19.58
16561.71 11.73 2047.43 20.29
16578.15 11.78 2024.37 21.50
16594.53 11.75 2000.00 21.58
16610.90 11.81 1976.59 19.86
16627.37 11.82 1951.00 21.64
16643.65 11.73 1925.90 22.99
16660.09 11.84 1899.46 20.83
16676.50 11.74 1873.90 20.28
16692.90 11.81 1848.03 21.36
16709.34 11.80 1824.31 21.35
16725.62 11.75 1797.75 20.82
16742.09 11.84 1773.78 21.45
16758.46 11.73 1748.12 19.69
16774.87 11.80 1725.18 20.18
16791.28 11.83 1700.78 18.66
