2 158
55 155
72 158
88 159
104 164
121 170
137 176
154 180
170 181
186 187
203 159
219 195
236 192
252 273
268 202
285 210
301 288
318 215
334 218
350 222
367 224
383 229
400 237
416 237
432 240
449 248
465 249
483 254
499 249
515 260
532 266
548 267
565 271
581 276
597 282
614 285
630 287
647 287
663 292
679 296
696 299
712 302
729 309
745 310
761 319
778 300
794 317
811 327
827 301
843 335
860 327
876 305
892 343
909 345
925 350
942 354
958 361
974 357
991 364
1007 366
1024 367
1040 375
1056 377
1073 378
1089 385
1106 388
1122 394
1138 398
1155 398
1171 402
1188 407
1204 404
1220 410
1237 411
1253 371
1270 416
1286 422
1302 409
1319 430
1335 434
1351 439
1368 440
1384 444
1401 444
1417 454
1433 453
1450 460
1466 461
1490 465
1506 474
1522 466
1539 475
1555 472
1572 478
1588 481
1604 483
1621 487
1637 495
1653 494
1670 503
1686 501
1703 553
1719 508
1735 513
1752 493
1768 517
1785 516
1801 548
1817 529
1834 528
1850 532
1867 533
1883 538
1899 544
1916 544
1932 546
1949 546
1965 555
1981 557
1998 557
2014 561
2031 563
2047 559
2063 568
2080 570
2096 576
2112 571
2129 581
2145 584
2162 587
2178 644
2194 593
2211 596
2227 600
2244 602
2260 603
2276 608
2293 613
2309 678
2326 616
2342 626
2358 621
2375 623
2391 622
2408 637
2424 635
2440 634
2457 637
2474 639
2491 655
2508 645
2524 646
2540 655
2557 651
2573 655
2590 655
2606 664
2622 664
2639 667
2655 669
2672 669
2688 678
2704 672
2721 679
2737 679
2754 675
2770 685
2786 688
2803 690
2819 697
2836 698
2852 694
2868 701
2885 702
2901 701
2918 716
2934 701
2950 712
2967 717
2983 696
2999 722
3016 723
3032 706
3049 736
3065 735
3081 734
3098 738
3114 740
3131 745
3147 744
3163 748
3180 752
3196 749
3213 752
3229 757
3245 759
3262 757
3278 761
3295 766
3311 771
3327 771
3344 773
3360 832
3377 776
3393 783
3409 786
3426 786
3442 787
3458 797
3476 791
3492 797
3509 795
3525 799
3542 829
3558 802
3574 805
3591 809
3607 813
3624 813
3640 815
3656 816
3673 826
3689 824
3706 825
3722 825
3738 827
3755 846
3771 833
3787 837
3804 840
3820 837
3837 841
3853 846
3869 843
3886 816
3902 851
3919 853
3935 853
3951 858
3968 856
3984 861
4001 863
4017 865
4033 868
4050 869
4066 871
4083 874
4099 879
4115 881
4132 881
4148 881
4165 884
4181 878
4197 895
4214 890
4230 891
4246 893
4263 896
4279 897
4296 898
4312 901
4328 900
4345 910
4361 910
4378 916
4394 915
4410 916
4427 919
4443 920
4460 919
4478 922
4495 923
4511 930
4528 931
4544 929
4560 937
4577 936
4593 952
4610 940
4626 942
4642 941
4659 948
4675 944
4692 950
4708 953
4724 950
4741 953
4757 961
4774 963
4790 960
4806 962
4823 963
4839 965
4855 973
4872 971
4888 975
4905 975
4921 979
4937 966
4954 980
4970 981
4987 986
5003 986
5019 982
5036 986
5052 991
5069 994
5085 995
5101 1000
5118 1002
5134 1000
5151 1004
5167 1003
5183 1006
5200 1010
5216 1010
5233 1011
5249 1065
5265 1015
5282 1018
5298 1022
5314 1025
5331 1023
5347 1029
5364 1028
5380 1056
5396 1031
5413 1031
5429 1035
5446 1037
5462 1036
5480 1042
5496 1040
5512 1045
5529 1042
5545 1048
5562 1055
5578 1053
5594 1056
5611 1055
5627 1053
5643 1058
5660 1058
5676 1069
5693 1064
5709 1067
5725 1069
5742 1070
5758 1068
5775 1078
5791 1074
5807 1104
5824 1073
5840 1075
5857 1085
5873 1082
5889 1085
5906 1087
5922 1089
5939 1095
5955 1093
5971 1095
5988 1082
6004 1103
6021 1097
6037 1100
6053 1104
6070 1104
6086 1105
6102 1107
6119 1135
6135 1109
6152 1112
6168 1117
6184 1113
6201 1118
6217 1120
6234 1123
6250 1188
6266 1123
6283 1124
6299 1126
6316 1133
6332 1130
6348 1134
6365 1135
6381 1140
6398 1138
6414 1141
6430 1147
6447 1136
6463 1146
6484 1141
6501 1154
6517 1153
6533 1156
6550 1153
6566 1157
6583 1160
6599 1164
6615 1159
6632 1165
6648 1167
6665 1165
6681 1169
6697 1170
6714 1171
6730 1185
6747 1177
6763 1180
6779 1175
6796 1181
6812 1179
6829 1185
6845 1186
6861 1191
6878 1185
6894 1191
6911 1199
6927 1198
6943 1196
6960 1177
6976 1198
6992 1200
7009 1261
7025 1207
7042 1208
7058 1272
7074 1210
7091 1212
7107 1216
7124 1218
7140 1220
7156 1225
7173 1222
7189 1228
7206 1228
7222 1225
7238 1224
7255 1233
7271 1237
7288 1238
7304 1238
7320 1241
7337 1242
7353 1243
7370 1246
7386 1247
7402 1249
7419 1253
7435 1257
7451 1256
7468 1260
7485 1254
7502 1262
7518 1267
7535 1253
7551 1270
7567 1274
7584 1271
7600 1276
7617 1281
7633 1281
7649 1285
7666 1280
7682 1283
7699 1286
7715 1295
7731 1293
7748 1299
7764 1299
7781 1299
7797 1308
7813 1310
7830 1312
7846 1317
7862 1319
7879 1318
7895 1319
7912 1324
7928 1287
7944 1328
7961 1334
7977 1319
7994 1338
8010 1338
8026 1350
8043 1349
8059 1352
8076 1356
8092 1361
8108 1365
8125 1369
8141 1376
8158 1377
8174 1381
8190 1385
8207 1390
8223 1394
8240 1398
8256 1404
8272 1409
8289 1416
8305 1418
8321 1427
8338 1433
8354 1439
8371 1450
8387 1454
8403 1462
8420 1474
8436 1481
8453 1514
8469 1498
8486 1506
8503 1413
8519 1529
8535 1540
8552 1551
8568 1566
8585 1582
8601 1592
8617 1610
8634 1621
8650 1637
8667 1654
8683 1665
8699 1684
8716 1697
8732 1711
8749 1730
8765 1745
8781 1762
8798 1777
8814 1793
8831 1805
8847 1822
8863 1838
8880 1854
8896 1869
8913 1878
8929 1895
8945 1904
8962 1920
8978 1922
8994 1940
9011 1949
9027 1918
9044 1964
9060 1972
9076 1980
9093 1984
9109 1993
9126 1991
9142 1995
9158 1999
9175 2002
9191 1999
9208 1999
9224 1998
9240 1992
9257 1990
9273 1983
9290 1977
9306 1972
9322 1964
9339 1952
9355 1947
9372 1937
9388 1922
9404 1910
9421 1906
9437 1892
9453 1873
9470 1865
9486 1851
9503 1870
9519 1820
9536 1803
9552 1765
9568 1777
9585 1763
9601 1749
9617 1733
9634 1717
9650 1703
9667 1687
9683 1669
9699 1661
9716 1650
9732 1632
9749 1625
9765 1611
9781 1599
9798 1590
9814 1579
9831 1564
9847 1554
9863 1554
9880 1547
9896 1532
9913 1536
9929 1532
9945 1529
9962 1528
9978 1506
9995 1523
10011 1527
10027 1551
10044 1533
10060 1532
10076 1543
10093 1545
10109 1548
10126 1555
10142 1558
10158 1569
10175 1572
10191 1581
10208 1594
10224 1605
10240 1609
10257 1631
10273 1633
10290 1643
10306 1658
10322 1662
10339 1675
10355 1686
10372 1705
10388 1713
10404 1719
10421 1730
10437 1743
10454 1763
10470 1775
10486 1785
10503 1838
10519 1807
10536 1817
10552 1794
10568 1849
10585 1841
10601 1861
10618 1867
10634 1877
10650 1882
10667 1891
10683 1898
10700 1906
10716 1911
10732 1917
10749 1923
10765 1924
10781 1929
10798 1931
10814 1936
10831 1933
10847 1935
10863 1934
10880 1934
10896 1930
10913 1928
10929 1923
10945 1910
10962 1915
10978 1906
10995 1904
11011 1895
11027 1903
11044 1879
11060 1885
11077 1833
11093 1857
11109 1848
11126 1842
11142 1829
11159 1816
11175 1803
11191 1794
11208 1783
11224 1770
11240 1761
11257 1745
11273 1741
11290 1723
11306 1716
11322 1703
11339 1693
11355 1681
11372 1673
11388 1665
11404 1658
11421 1644
11437 1639
11454 1630
11470 1625
11486 1617
11503 1664
11519 1595
11536 1592
11552 1564
11568 1584
11585 1586
11601 1580
11618 1575
11634 1577
11650 1578
11667 1576
11683 1577
11700 1576
11716 1577
11732 1582
11749 1587
11765 1589
11781 1595
11798 1597
11814 1604
11831 1600
11847 1617
11863 1620
11880 1625
11896 1639
11913 1644
11929 1643
11945 1660
11962 1668
11978 1677
11995 1687
12011 1693
12027 1703
12044 1712
12060 1722
12077 1733
12093 1744
12109 1730
12126 1758
12142 1770
12159 1781
12175 1792
12191 1784
12208 1807
12224 1816
12240 1822
12257 1832
12273 1841
12290 1846
12306 1852
12322 1861
12339 1869
12355 1871
12372 1878
12388 1878
12404 1886
12421 1888
12437 1892
12454 1894
12470 1895
12486 1896
12503 1969
12519 1900
12536 1900
12552 1906
12568 1896
12585 1897
12601 1889
12618 1888
12634 1883
12650 1878
12667 1875
12683 1867
12700 1868
12716 1859
12732 1850
12749 1846
12765 1838
12781 1811
12798 1820
12814 1817
12831 1806
12847 1800
12863 1788
12880 1779
12896 1771
12913 1765
12929 1754
12945 1744
12962 1736
12978 1726
12995 1717
13011 1706
13027 1698
13044 1692
13060 1682
13077 1682
13093 1671
13109 1665
13126 1658
13142 1649
13159 1644
13175 1637
13191 1633
13208 1626
13224 1648
13240 1621
13257 1619
13273 1613
13290 1614
13306 1611
13322 1614
13339 1613
13355 1608
13372 1611
13388 1618
13404 1622
13421 1619
13437 1620
13454 1628
13470 1629
13486 1632
13503 1629
13519 1638
13536 1623
13552 1652
13568 1658
13585 1663
13601 1671
13618 1676
13634 1683
13650 1688
13667 1699
13683 1705
13700 1706
13716 1715
13732 1728
13749 1736
13765 1746
13781 1753
13798 1758
13814 1764
13831 1778
13847 1784
13863 1786
13880 1795
13896 1803
13913 1810
13929 1818
13945 1822
13962 1823
13978 1829
13995 1837
14011 1845
14027 1848
14044 1851
14060 1852
14077 1856
14093 1897
14109 1862
14126 1865
14142 1869
14159 1865
14175 1880
14191 1870
14208 1873
14224 1894
14240 1870
14257 1868
14273 1864
14290 1859
14306 1858
14322 1854
14339 1852
14355 1844
14372 1840
14388 1833
14404 1856
14421 1826
14437 1824
14454 1816
14470 1808
14486 1801
14503 1800
14519 1791
14536 1776
14552 1774
14568 1767
14585 1761
14601 1748
14618 1744
14634 1736
14650 1732
14667 1720
14683 1708
14700 1711
14716 1702
14732 1691
14749 1685
14765 1683
14781 1692
14798 1675
14814 1664
14831 1652
14847 1660
14863 1647
14880 1652
14896 1645
14913 1640
14929 1638
14945 1640
14962 1648
14978 1636
14995 1637
15011 1636
15027 1635
15044 1635
15060 1635
15077 1639
15093 1664
15109 1646
15126 1651
15142 1648
15159 1653
15175 1650
15191 1659
15208 1666
15224 1663
15240 1672
15257 1680
15273 1687
15290 1693
15306 1698
15322 1704
15339 1711
15355 1716
15372 1726
15388 1726
15404 1743
15421 1740
15437 1752
15454 1729
15470 1766
15486 1770
15503 1802
15519 1780
15536 1789
15552 1793
15568 1800
15585 1806
15601 1806
15618 1816
15634 1821
15650 1828
15667 1825
15683 1797
15700 1833
15716 1838
15732 1846
15749 1842
15765 1845
15781 1852
15798 1850
15814 1851
15831 1854
15847 1852
15863 1851
15880 1856
15896 1848
15913 1848
15929 1851
15945 1840
15962 1845
15978 1841
15995 1834
16011 1828
16027 1826
16044 1825
16060 1818
16077 1816
16093 1812
16109 1806
16126 1806
16142 1802
16159 1819
16175 1784
16191 1782
16208 1708
16224 1769
16240 1758
16257 1722
16273 1751
16290 1744
16306 1735
16322 1731
16339 1726
16355 1718
16372 1715
16388 1708
16404 1701
16421 1698
16437 1695
16454 1692
16470 1690
16486 1682
16503 1676
16519 1673
16536 1688
16552 1666
16568 1662
16585 1664
16601 1660
16618 1659
16634 1657
16650 1656
16667 1656
16683 1655
16700 1659
16716 1657
16732 1655
16749 1657
16765 1659
16781 1663
16798 1665
16814 1669
16831 1667
16847 1674
16863 1673
16880 1677
16896 1681
16913 1687
16929 1700
16945 1690
16962 1701
16978 1704
16995 1709
17011 1713
17027 1698
17044 1726
17060 1729
17077 1747
17093 1737
17109 1741
17126 1775
17142 1756
17159 1758
17175 1766
17191 1769
17208 1773
17224 1781
17240 1785
17257 1785
17273 1793
17290 1795
17306 1801
17322 1806
17339 1808
17355 1811
17372 1803
17388 1814
17404 1814
17421 1816
17437 1816
17454 1823
17470 1823
17486 1824
17503 1822
17519 1826
17536 1829
17552 1813
17568 1826
17585 1826
17601 1834
17618 1822
17634 1818
17650 1817
17667 1815
17683 1811
17700 1809
17716 1804
17732 1796
17749 1797
17765 1791
17781 1790
17798 1786
17814 1783
17831 1775
17847 1773
17863 1766
17880 1762
17896 1755
17913 1752
17929 1744
17945 1739
17962 1736
17978 1731
17995 1718
18011 1720
18027 1719
18044 1708
18060 1706
18077 1698
18093 1693
18109 1695
18126 1678
18142 1686
18159 1679
18175 1676
18191 1676
18208 1676
18224 1674
18240 1668
18257 1665
18273 1665
18290 1661
18306 1664
18322 1660
18339 1658
18355 1665
18372 1659
18388 1661
18404 1663
18421 1662
18437 1665
18454 1674
18470 1671
18486 1672
18503 1675
18519 1673
18536 1671
18552 1650
18568 1682
18585 1690
18601 1692
18618 1700
18634 1698
18650 1705
18667 1710
18683 1714
18700 1721
18716 1721
18732 1727
18749 1730
18765 1739
18781 1743
18798 1748
18814 1750
18831 1754
18847 1758
18863 1761
18880 1768
18896 1772
18913 1778
18929 1781
18945 1786
18962 1794
18978 1793
18995 1799
19011 1799
19027 1828
19044 1808
19060 1807
19077 1758
19093 1811
19109 1815
19126 1809
19142 1815
19159 1821
19175 1823
19191 1814
19208 1822
19224 1816
19240 1819
19257 1821
19273 1829
19290 1818
19306 1820
19322 1815
19339 1808
19355 1811
19372 1807
19388 1802
19404 1802
19421 1795
19437 1793
19454 1789
19470 1789
19486 1785
19503 1785
19519 1782
19536 1774
19552 1773
19568 1766
19585 1758
19601 1753
19618 1752
19634 1749
19650 1746
19667 1738
19683 1732
19700 1728
19716 1724
19732 1722
19749 1717
19765 1713
19781 1709
19798 1710
19814 1703
19831 1698
19847 1700
19863 1697
19880 1694
19896 1695
19913 1687
19929 1684
19945 1684
19962 1700
19978 1684
19995 1681
20011 1684
20027 1681
20044 1684
20060 1680
20077 1683
20093 1644
20109 1685
20126 1687
20142 1691
20159 1688
20175 1691
20191 1694
20208 1696
20224 1698
20240 1700
20257 1714
20273 1704
20290 1709
20306 1713
20322 1714
20339 1719
20355 1724
20372 1730
20388 1727
20404 1683
20421 1735
20437 1739
20454 1753
20470 1746
20486 1755
20503 1755
20519 1749
20536 1793
20552 1768
20568 1775
20585 1793
20601 1780
20618 1785
20634 1786
20650 1794
20667 1792
20683 1792
20700 1799
20716 1802
20732 1802
20749 1802
20765 1807
20781 1712
20798 1808
20814 1813
20831 1807
20847 1816
20863 1810
20880 1816
20896 1801
20913 1814
20929 1815
20945 1812
20962 1765
20978 1811
20995 1809
21011 1808
21027 1804
21044 1801
21060 1801
21077 1796
21093 1803
21109 1802
21126 1790
21142 1787
21159 1785
21175 1786
21191 1776
21208 1773
21224 1764
21240 1769
21257 1767
21273 1761
21290 1757
21306 1752
21322 1747
21339 1743
21355 1738
21372 1733
21388 1731
21404 1792
21421 1729
21437 1721
21454 1719
21470 1718
21486 1713
21503 1712
21519 1709
21536 1597
21552 1706
21568 1703
21585 1700
21601 1699
21618 1695
21634 1696
21650 1695
21667 1694
21683 1690
21700 1691
21716 1700
21732 1692
21749 1692
21765 1693
21781 1698
21798 1697
21814 1700
21831 1701
21847 1703
21863 1705
21880 1704
21896 1709
21913 1711
21929 1711
21945 1714
21962 1761
21978 1720
21995 1726
22011 1730
22027 1729
22044 1731
22060 1733
22077 1738
22093 1766
22109 1744
22126 1744
22142 1757
22159 1754
22175 1760
22191 1761
22208 1757
22224 1767
22240 1772
22257 1775
22273 1770
22290 1777
22306 1785
22322 1788
22339 1790
22355 1790
22372 1792
22388 1796
22404 1809
22421 1797
22437 1798
22454 1799
22470 1792
22486 1795
22503 1798
22519 1799
22536 1810
22552 1804
22568 1801
22585 1794
22601 1800
22618 1796
22634 1800
22650 1801
22667 1799
22683 1792
22700 1802
22716 1785
22732 1786
22749 1785
22765 1777
22781 1872
22798 1770
22814 1763
22831 1762
22847 1771
22863 1764
22880 1754
22896 1756
22913 1744
22929 1737
22945 1754
22962 1704
22978 1738
22995 1738
23011 1730
23027 1729
23044 1729
23060 1724
23077 1722
23093 1720
23109 1717
23126 1712
23142 1712
23159 1710
23175 1707
23191 1704
23208 1705
23224 1707
23240 1699
23257 1701
23273 1704
23290 1700
23306 1697
23322 1698
23339 1697
23355 1701
23372 1700
23388 1699
23404 1697
23421 1701
23437 1700
23454 1700
23470 1724
23486 1710
23503 1706
23519 1712
23536 1762
23552 1713
23568 1715
23585 1716
23601 1719
23618 1725
23634 1724
23650 1722
23667 1732
23683 1737
23700 1737
23716 1742
23732 1742
23749 1746
23765 1747
23781 1777
23798 1750
23814 1758
23831 1764
23847 1764
23863 1767
23880 1770
23896 1773
23913 1775
23929 1774
23945 1780
23962 1823
23978 1785
23995 1788
24011 1790
24027 1790
24044 1789
24060 1791
24077 1796
24093 1791
24109 1790
24126 1795
24142 1792
24159 1796
24175 1795
24191 1794
24208 1795
24224 1791
24240 1791
24257 1795
24273 1787
24290 1767
24306 1788
24322 1787
24339 1767
24355 1786
24372 1783
24388 1783
24404 1771
24421 1774
24437 1770
24454 1767
24470 1765
24486 1760
24503 1760
24519 1765
24536 1756
24552 1756
24568 1744
24585 1747
24601 1742
24618 1745
24634 1726
24650 1739
24667 1736
24683 1731
24700 1733
24716 1724
24732 1723
24749 1711
24765 1718
24781 1715
24798 1716
24814 1715
24831 1716
24847 1714
24863 1712
24880 1710
24896 1709
24913 1710
24929 1709
24945 1705
24962 1704
24978 1703
24995 1702
25011 1708
25027 1607
25044 1704
25060 1705
25077 1703
25093 1705
25109 1713
25126 1730
25142 1709
25159 1711
25175 1712
25191 1715
25208 1721
25224 1724
25240 1723
25257 1722
25273 1724
25290 1726
25306 1730
25322 1732
25339 1734
25355 1734
25372 1745
25388 1753
25404 1746
25421 1745
25437 1748
25454 1754
25470 1751
25486 1757
25503 1768
25519 1761
25536 1763
25552 1741
25568 1766
25585 1767
25601 1768
25618 1772
25634 1776
25650 1800
25667 1781
25683 1779
25700 1786
25716 1785
25732 1786
25749 1785
25765 1783
25781 1789
25798 1778
25814 1785
25831 1785
25847 1786
25863 1784
25880 1780
25896 1783
25913 1784
25929 1780
25945 1780
25962 1783
25978 1779
25995 1781
26011 1778
26027 1786
26044 1773
26060 1770
26077 1744
26093 1765
26109 1761
26126 1738
26142 1758
26159 1755
26175 1755
26191 1751
26208 1749
26224 1746
26240 1749
26257 1755
26273 1747
26290 1738
26306 1737
26322 1743
26339 1731
26355 1741
26372 1729
26388 1725
26404 1723
26421 1719
26437 1719
26454 1721
26470 1717
26486 1713
26503 1693
26519 1717
26536 1718
26552 1709
26568 1714
26585 1709
26601 1711
26618 1710
26634 1713
26650 1689
26667 1711
26683 1715
26700 1709
26716 1715
26732 1712
26749 1714
26765 1715
26781 1715
26798 1722
26814 1719
26831 1721
26847 1724
26863 1725
26880 1728
26896 1730
26913 1734
26929 1733
26945 1735
26962 1738
26978 1739
26995 1739
27011 1743
27027 1843
27044 1750
27060 1754
27077 1710
27093 1757
27109 1758
27126 1791
27142 1771
27159 1766
27175 1767
27191 1772
27208 1774
27224 1772
27240 1777
27257 1777
27273 1779
27290 1784
27306 1786
27322 1783
27339 1784
27355 1785
27372 1785
27388 1788
27404 1790
27421 1789
27437 1788
27454 1788
27470 1790
27486 1790
27503 1777
27519 1787
27536 1788
27552 1797
27568 1784
27585 1789
27601 1785
27618 1783
27634 1783
27650 1793
27667 1780
27683 1777
27700 1776
27716 1776
27732 1772
27749 1772
27765 1768
27781 1764
27798 1763
27814 1755
27831 1761
27847 1758
27863 1757
27880 1756
27896 1752
27913 1752
27929 1747
27945 1746
27962 1746
27978 1748
27995 1744
28011 1742
28027 1737
28044 1734
28060 1738
28077 1731
28093 1732
28109 1730
28126 1731
28142 1726
28159 1698
28175 1726
28191 1727
28208 1727
28224 1726
28240 1730
28257 1728
28273 1729
28290 1726
28306 1725
28322 1720
28339 1722
28355 1723
28372 1725
28388 1728
28404 1729
28421 1724
28437 1725
28454 1727
28470 1712
28486 1734
28503 1734
28519 1735
28536 1736
28552 1739
28568 1739
28585 1741
28601 1743
28618 1752
28634 1748
28650 1748
28667 1750
28683 1750
28700 1751
28716 1754
28732 1755
28749 1756
28765 1755
28781 1819
28798 1765
28814 1765
28831 1770
28847 1768
28863 1769
28880 1770
28896 1767
28913 1775
28929 1770
28945 1774
28962 1774
28978 1774
28995 1772
29011 1773
29027 1775
29044 1780
29060 1776
29077 1776
29093 1808
29109 1777
29126 1779
29142 1781
29159 1773
29175 1773
29191 1775
29208 1774
29224 1775
29240 1773
29257 1766
29273 1768
29290 1767
29306 1767
29322 1764
29339 1765
29355 1764
29372 1760
29388 1763
29404 1839
29421 1760
29437 1750
29454 1755
29470 1742
29486 1746
29503 1747
29519 1743
29536 1781
29552 1744
29568 1743
29585 1739
29601 1738
29618 1736
29634 1732
29650 1718
29667 1732
29683 1730
29700 1725
29716 1725
29732 1729
29749 1722
29765 1723
29781 1663
29798 1719
29814 1720
29831 1719
29847 1720
29863 1721
29880 1719
29896 1719
29913 1719
29929 1723
29945 1720
29962 1713
29978 1720
29995 1720
30011 1724
30027 1721
30044 1725
30060 1722
30077 1721
30093 1743
30109 1723
30126 1729
30142 1724
30159 1727
30175 1730
30191 1733
30208 1733
30224 1739
30240 1732
30257 1737
30273 1743
30290 1741
30306 1742
30322 1748
30339 1747
30355 1748
30372 1751
30388 1750
30404 1754
30421 1755
30437 1758
30454 1762
30470 1758
30486 1759
30503 1763
30519 1762
30536 1734
30552 1766
30568 1767
30585 1767
30601 1766
30618 1764
30634 1769
30650 1795
30667 1768
30683 1771
30700 1772
30716 1772
30732 1771
30749 1772
30765 1769
30781 1781
30798 1772
30814 1773
30831 1767
30847 1765
30863 1764
30880 1767
30896 1767
30913 1765
30929 1761
30945 1760
30962 1770
30978 1758
30995 1760
31011 1751
31027 1755
31044 1753
31060 1752
31077 1751
31093 1738
31109 1744
31126 1745
31142 1747
31159 1742
31175 1740
31191 1736
31208 1732
31224 1729
31240 1737
31257 1734
31273 1737
31290 1732
31306 1729
31322 1730
31339 1728
31355 1724
31372 1726
31388 1730
31404 1705
31421 1722
31437 1723
31454 1714
31470 1720
31486 1718
31503 1720
31519 1719
31536 1719
31552 1726
31568 1723
31585 1724
31601 1721
31618 1724
31634 1722
31650 1713
31667 1727
31683 1725
31700 1722
31716 1723
31732 1726
31749 1729
31765 1730
31781 1695
31798 1728
31814 1731
31831 1730
31847 1737
31863 1733
31880 1736
31896 1740
31913 1743
31929 1749
31945 1744
31962 1736
31978 1745
31995 1746
32011 1753
32027 1750
32044 1751
32060 1752
32077 1754
32093 1734
32109 1759
32126 1757
32142 1758
32159 1762
32175 1763
32191 1761
32208 1766
32224 1769
32240 1769
32257 1768
32273 1770
32290 1765
32306 1768
32322 1768
32339 1773
32355 1767
32372 1766
32388 1769
32404 1704
32421 1773
32437 1768
32454 1772
32470 1766
32486 1767
32503 1768
32519 1766
32536 1768
32552 1768
32568 1761
32585 1764
32601 1749
32618 1761
32634 1767
32650 1742
32667 1759
32683 1759
32700 1764
32716 1759
32732 1758
32749 1758
32765 1754
32781 1756
32798 1752
32814 1748
32831 1768
32847 1745
32863 1747
32880 1726
32896 1744
32913 1744
32929 1740
32945 1742
32962 1744
32978 1740
32995 1739
33011 1734
33027 1744
33044 1736
33060 1738
33077 1732
33093 1734
33109 1732
33126 1726
33142 1730
33159 1729
33175 1733
33191 1726
33208 1731
33224 1728
33240 1731
33257 1731
33273 1730
33290 1727
33306 1728
33322 1735
33339 1733
33355 1781
33372 1727
33388 1729
33404 1742
33421 1732
33437 1735
33454 1732
33470 1732
33486 1732
33503 1737
33519 1737
33536 1741
33552 1742
33568 1742
33585 1744
33601 1742
33618 1745
