2 195
55 188
71 190
88 193
104 191
121 194
137 204
153 207
170 213
186 214
203 216
219 223
235 224
252 232
268 230
284 234
301 238
317 234
334 245
350 246
366 248
383 250
399 258
416 266
432 267
448 270
465 273
481 278
498 283
514 284
530 289
552 294
569 299
585 300
602 304
618 307
634 309
651 309
667 317
684 315
700 320
716 329
733 331
749 335
766 336
782 343
798 346
815 346
831 343
848 351
864 357
880 359
897 266
913 364
929 368
946 360
962 377
979 373
995 440
1011 385
1028 391
1044 397
1061 397
1077 398
1093 408
1110 407
1126 411
1143 415
1159 416
1175 419
1192 422
1208 425
1225 427
1241 429
1257 433
1274 443
1290 438
1307 442
1323 444
1339 453
1356 451
1372 452
1388 459
1405 459
1421 449
1438 470
1454 473
1470 468
1487 475
1503 480
1520 483
1536 488
1552 487
1569 490
1585 492
1602 497
1618 499
1634 501
1651 506
1667 507
1684 514
1700 516
1716 512
1733 520
1749 518
1766 522
1782 529
1798 532
1815 535
1831 532
1848 537
1864 546
1880 548
1897 617
1913 552
1929 553
1946 530
1962 558
1979 562
1995 542
2011 569
2028 571
2044 578
2061 577
2077 579
2093 582
2110 587
2126 588
2143 589
2159 596
2175 598
2192 599
2208 601
2225 609
2241 609
2257 609
2274 612
2290 614
2307 614
2323 618
2339 626
2356 627
2372 629
2388 629
2405 631
2421 660
2438 640
2454 647
2470 626
2487 644
2503 647
2520 651
2536 655
2552 656
2569 655
2585 660
2602 661
2618 667
2634 668
2651 672
2667 675
2684 675
2700 680
2716 681
2733 684
2749 688
2766 690
2782 693
2798 682
2815 695
2831 702
2848 701
2864 704
2880 706
2897 706
2913 710
2929 708
2946 715
2962 717
2979 716
2995 719
3011 727
3028 725
3044 732
3061 735
3077 734
3093 733
3110 723
3126 743
3143 745
3159 746
3175 747
3192 752
3208 755
3225 758
3241 750
3257 762
3274 766
3290 764
3307 768
3323 770
3339 776
3356 774
3372 779
3388 788
3405 773
3421 789
3438 788
3454 788
3470 790
3487 793
3503 797
3520 803
3536 803
3552 795
3569 805
3585 809
3602 815
3618 810
3634 803
3651 817
3667 819
3684 822
3700 821
3716 825
3733 827
3749 831
3766 822
3782 834
3798 838
3815 838
3831 840
3848 840
3864 846
3880 847
3897 853
3913 852
3929 833
3946 858
3962 857
3979 863
3995 865
4011 865
4028 866
4044 872
4061 871
4077 875
4093 877
4110 888
4126 877
4143 883
4159 883
4175 886
4192 889
4208 890
4225 892
4241 869
4257 898
4274 899
4290 903
4307 902
4323 901
4339 908
4356 910
4372 907
4388 915
4405 915
4421 917
4438 921
4454 923
4470 925
4487 927
4503 927
4520 926
4536 933
4552 923
4569 938
4585 941
4602 936
4618 940
4634 944
4651 947
4667 949
4684 952
4700 952
4716 961
4733 958
4749 959
4766 962
4782 966
4798 941
4815 971
4831 972
4848 975
4864 973
4880 976
4897 977
4913 979
4929 970
4946 982
4962 986
4979 987
4995 989
5011 991
5028 996
5044 998
5061 1003
5077 1002
5093 997
5110 1006
5126 1012
5143 1012
5159 1012
5175 1012
5192 1015
5208 1017
5225 1022
5241 1023
5257 1022
5274 1023
5290 1022
5307 1031
5323 1031
5339 1032
5356 1037
5372 1050
5388 1048
5405 1046
5421 1045
5438 1048
5454 1059
5470 1051
5487 1055
5503 1051
5520 1057
5536 1060
5552 1047
5569 1067
5585 1067
5602 1071
5618 1068
5634 1071
5651 1075
5667 1077
5684 1080
5700 1079
5716 1086
5733 1088
5749 1089
5766 1101
5782 1094
5798 1151
5815 1100
5831 1102
5848 1098
5864 1108
5880 1107
5897 1112
5913 1118
5929 1111
5946 1120
5962 1121
5979 1122
5995 1135
6011 1129
6028 1131
6044 1136
6061 1139
6077 1144
6093 1141
6110 1149
6126 1148
6143 1155
6159 1153
6175 1156
6192 1165
6208 1164
6225 1161
6241 1201
6257 1177
6274 1176
6290 1181
6307 1186
6323 1188
6339 1194
6356 1198
6372 1213
6388 1208
6405 1209
6421 1252
6438 1220
6454 1225
6470 1230
6487 1234
6503 1244
6520 1244
6536 1254
6552 1258
6569 1264
6585 1271
6602 1275
6618 1284
6634 1293
6651 1299
6667 1311
6684 1324
6700 1334
6716 1346
6733 1358
6749 1372
6766 1381
6782 1404
6798 1416
6815 1435
6831 1449
6848 1467
6864 1487
6880 1510
6897 1573
6913 1552
6929 1571
6946 1628
6962 1616
6979 1644
6995 1667
7011 1694
7028 1713
7044 1742
7061 1766
7077 1787
7093 1813
7110 1836
7126 1862
7143 1870
7159 1907
7175 1933
7192 1947
7208 1970
7225 1988
7241 1998
7257 2025
7274 2042
7290 2055
7307 2070
7323 2083
7339 2092
7356 2112
7372 2124
7388 2120
7405 2127
7421 2133
7438 2135
7454 2134
7470 2209
7487 2133
7503 2132
7520 2128
7536 2119
7552 2110
7569 2107
7585 2092
7602 2084
7618 2066
7634 2055
7651 2043
7667 2025
7684 2007
7700 1991
7716 1969
7733 1950
7749 1936
7766 1908
7782 1886
7798 1865
7815 1846
7831 1819
7848 1795
7864 1775
7880 1749
7897 1697
7913 1706
7929 1679
7946 1673
7962 1636
7979 1616
7995 1590
8011 1572
8028 1556
8044 1540
8061 1517
8077 1501
8093 1488
8110 1473
8126 1458
8143 1440
8159 1437
8175 1422
8192 1419
8208 1412
8225 1405
8241 1401
8257 1399
8274 1400
8290 1395
8307 1400
8323 1404
8339 1410
8356 1417
8372 1425
8388 1428
8405 1439
8421 1434
8438 1461
8454 1472
8470 1478
8487 1503
8503 1516
8520 1518
8536 1544
8552 1562
8569 1577
8585 1599
8602 1615
8618 1632
8634 1650
8651 1672
8667 1693
8684 1715
8700 1736
8716 1756
8733 1776
8749 1796
8766 1822
8782 1839
8798 1855
8815 1872
8831 1887
8848 1910
8864 1925
8880 1945
8897 2006
8913 1970
8929 1985
8946 1968
8962 2008
8979 2022
8995 2027
9011 2040
9028 2049
9044 2051
9061 2063
9077 2064
9093 2063
9110 2071
9126 2071
9143 2067
9159 2068
9175 2063
9192 2057
9208 2054
9225 2043
9241 2038
9257 2031
9274 2021
9290 2009
9307 1997
9323 1980
9339 1972
9356 1956
9372 1940
9388 1925
9405 1910
9421 1866
9438 1867
9454 1856
9470 1824
9487 1820
9503 1806
9520 1780
9536 1761
9552 1740
9569 1719
9585 1703
9602 1684
9618 1661
9634 1646
9651 1629
9667 1609
9684 1596
9700 1578
9716 1563
9733 1550
9749 1535
9766 1523
9782 1514
9798 1503
9815 1490
9831 1487
9848 1478
9864 1472
9880 1466
9897 1389
9913 1457
9929 1454
9946 1419
9962 1451
9979 1452
9995 1464
10011 1458
10028 1465
10044 1474
10061 1474
10077 1486
10093 1496
10110 1504
10126 1514
10143 1522
10159 1536
10175 1551
10192 1562
10208 1575
10225 1589
10241 1606
10257 1620
10274 1637
10290 1655
10307 1669
10323 1683
10339 1703
10356 1720
10372 1732
10388 1754
10405 1773
10421 1850
10438 1806
10454 1824
10470 1780
10487 1855
10503 1872
10520 1914
10536 1900
10552 1917
10569 1928
10585 1936
10602 1950
10618 1968
10634 1970
10651 1980
10667 1989
10684 1996
10700 2003
10716 2009
10733 2013
10749 2017
10766 2020
10782 2024
10798 2021
10815 2017
10831 2013
10848 2014
10864 2009
10880 2007
10897 2022
10913 1991
10929 1984
10946 2036
10962 1966
10979 1956
10995 1944
11011 1931
11028 1920
11044 1903
11061 1894
11077 1880
11093 1862
11110 1848
11126 1834
11143 1820
11159 1799
11175 1783
11192 1782
11208 1751
11225 1738
11241 1726
11257 1700
11274 1690
11290 1679
11307 1659
11323 1647
11339 1630
11356 1614
11372 1595
11388 1593
11405 1578
11421 1556
11438 1555
11454 1546
11470 1599
11487 1531
11503 1523
11520 1465
11536 1512
11552 1506
11569 1503
11585 1498
11602 1497
11618 1498
11634 1496
11651 1495
11667 1500
11684 1512
11700 1507
11716 1512
11733 1516
11749 1525
11766 1529
11782 1538
11798 1522
11815 1557
11831 1566
11848 1578
11864 1591
11880 1599
11897 1613
11913 1626
11929 1643
11946 1655
11962 1668
11979 1682
11995 1696
12011 1713
12028 1726
12044 1744
12061 1755
12077 1771
12093 1780
12110 1817
12126 1817
12143 1829
12159 1848
12175 1859
12192 1874
12208 1884
12225 1894
12241 1867
12257 1913
12274 1926
12290 1937
12307 1942
12323 1946
12339 1958
12356 1967
12372 1970
12388 1973
12405 1980
12421 1977
12438 1985
12454 1983
12470 1985
12487 1978
12503 1981
12520 1973
12536 1974
12552 1911
12569 1963
12585 1957
12602 1947
12618 1943
12634 1932
12651 1923
12667 1912
12684 1902
12700 1892
12716 1895
12733 1874
12749 1857
12766 1844
12782 1823
12798 1842
12815 1806
12831 1785
12848 1775
12864 1760
12880 1737
12897 1733
12913 1716
12929 1633
12946 1690
12962 1674
12979 1663
12995 1651
13011 1638
13028 1624
13044 1616
13061 1603
13077 1595
13093 1585
13110 1530
13126 1566
13143 1568
13159 1551
13175 1547
13192 1542
13208 1538
13225 1533
13241 1540
13257 1526
13274 1530
13290 1526
13307 1530
13323 1527
13339 1530
13356 1534
13372 1526
13388 1542
13405 1546
13421 1553
13438 1561
13454 1568
13470 1574
13487 1581
13503 1591
13520 1603
13536 1613
13552 1665
13569 1636
13585 1645
13602 1662
13618 1670
13634 1684
13651 1695
13667 1708
13684 1721
13700 1732
13716 1749
13733 1762
13749 1773
13766 1786
13782 1800
13798 1837
13815 1822
13831 1836
13848 1848
13864 1858
13880 1870
13897 1881
13913 1887
13929 1847
13946 1903
13962 1915
13979 1922
13995 1925
14011 1933
14028 1937
14044 1941
14061 1946
14077 1948
14093 1948
14110 1997
14126 1954
14143 1951
14159 1957
14175 1947
14192 1944
14208 1945
14225 1938
14241 1960
14257 1924
14274 1921
14290 1920
14307 1909
14323 1900
14339 1887
14356 1880
14372 1870
14388 1863
14405 1855
14421 1842
14438 1828
14454 1819
14470 1808
14487 1796
14503 1784
14520 1770
14536 1760
14552 1772
14569 1735
14585 1725
14602 1708
14618 1699
14634 1688
14651 1681
14667 1665
14684 1655
14700 1643
14716 1637
14733 1628
14749 1617
14766 1610
14782 1602
14798 1592
14815 1594
14831 1584
14848 1574
14864 1573
14880 1561
14897 1567
14913 1569
14929 1684
14946 1563
14962 1562
14979 1558
14995 1565
15011 1566
15028 1567
15044 1570
15061 1575
15077 1584
15093 1585
15110 1556
15126 1602
15143 1607
15159 1609
15175 1617
15192 1632
15208 1638
15225 1650
15241 1667
15257 1671
15274 1686
15290 1697
15307 1703
15323 1714
15339 1724
15356 1737
15372 1745
15388 1820
15405 1772
15421 1782
15438 1796
15454 1803
15470 1816
15487 1828
15503 1836
15520 1843
15536 1856
15552 1865
15569 1874
15585 1883
15602 1889
15618 1897
15634 1906
15651 1910
15667 1915
15684 1920
15700 1924
15716 1930
15733 1929
15749 1937
15766 1933
15782 1935
15798 1932
15815 1937
15831 1935
15848 1930
15864 1927
15880 1924
15897 1936
15913 1918
15929 1910
15946 1902
15962 1899
15979 1896
15995 1922
16011 1877
16028 1868
16044 1858
16061 1844
16077 1841
16093 1834
16110 1821
16126 1810
16143 1800
16159 1793
16175 1779
16192 1767
16208 1754
16225 1747
16241 1737
16257 1725
16274 1712
16290 1702
16307 1698
16323 1677
16339 1670
16356 1662
16372 1657
16388 1643
16405 1644
16421 1609
16438 1624
16454 1613
16470 1601
16487 1601
16503 1596
16520 1587
16536 1588
16552 1585
16569 1583
16585 1583
16602 1579
16618 1574
16634 1578
16651 1578
16667 1574
16684 1579
16700 1582
16716 1583
16733 1587
16749 1596
16766 1598
16782 1603
16798 1612
16815 1620
