2 1783
55 1752
71 1714
87 1658
104 1618
120 1575
136 1535
153 1497
169 1469
185 1419
202 1381
218 1347
234 1313
251 1279
267 1243
283 1213
300 1185
316 1155
333 1127
350 1103
366 1080
382 1054
399 1029
415 1012
431 991
448 979
464 961
480 948
497 936
513 925
529 919
546 912
562 905
578 895
595 991
611 898
627 901
644 906
660 909
676 915
693 926
709 938
725 947
742 962
758 976
774 992
791 1011
807 1035
823 1051
840 1076
856 1100
872 1124
889 1156
905 1179
921 1205
938 1238
954 1268
970 1299
987 1336
1003 1370
1019 1400
1036 1440
1052 1481
1068 1514
1085 1553
1101 1590
1117 1628
1134 1668
1150 1716
1166 1742
1183 1786
1199 1822
1215 1864
1232 1901
1248 1979
1264 1978
1281 2019
1297 2060
1313 2096
1331 2139
1347 2171
1364 2213
1380 2246
1396 2284
1413 2314
1429 2326
1445 2385
1462 2412
1478 2444
1494 2473
1511 2503
1527 2528
1543 2554
1560 2612
1576 2601
1592 2625
1609 2647
1625 2667
1641 2682
1658 2700
1674 2710
1690 2744
1707 2738
1723 2748
1739 2753
1756 2765
1772 2768
1788 2769
1805 2771
1821 2807
1837 2773
1854 2770
1870 2769
1886 2759
1903 2753
1919 2744
1935 2732
1952 2720
1968 2708
1984 2691
2001 2675
2017 2657
2033 2633
2050 2616
2066 2593
2082 2571
2099 2546
2115 2520
2131 2495
2148 2469
2164 2441
2180 2411
2197 2383
2213 2347
2229 2312
2246 2281
2262 2251
2278 2213
2295 2181
2311 2145
2327 2105
2345 2070
2361 2032
2377 1963
2394 1960
2410 1921
2426 1888
2443 1848
2459 1806
2475 1776
2492 1742
2508 1693
2524 1670
2541 1633
2557 1597
2573 1567
2590 1533
2606 1496
2622 1465
2639 1520
2655 1402
2671 1372
2688 1344
2704 1313
2720 1289
2737 1261
2753 1233
2769 1221
2786 1193
2802 1173
2818 1154
2835 1135
2851 1118
2867 1104
2884 1086
2900 1072
2916 1065
2933 1054
2949 1053
2965 1032
2982 1035
2998 1028
3014 1026
3031 1027
3047 1027
3063 1030
3080 1031
3096 1036
3112 1043
3129 1050
3145 1055
3161 1069
3178 1084
3194 1096
3210 1115
3227 1129
3243 1144
3259 1175
3276 1186
3292 1203
3308 1228
3325 1265
3341 1274
3358 1300
3374 1335
3390 1358
3407 1384
3423 1411
3439 1445
3456 1470
3472 1505
3488 1534
3505 1567
3521 1601
3537 1635
3554 1665
3570 1699
3586 1751
3603 1770
3619 1819
3635 1838
3652 1873
3668 1901
3684 1940
3701 1974
3717 2006
3733 2047
3750 2072
3766 2106
3782 2143
3799 2172
3815 2198
3831 2233
3848 2258
3864 2291
3880 2319
3897 2356
3913 2372
3929 2398
3946 2426
3962 2446
3978 2469
3995 2490
4011 2509
4027 2605
4044 2546
4060 2561
4076 2577
4093 2592
4109 2604
4125 2614
4142 2624
4158 2633
4174 2637
4191 2643
4207 2648
4223 2648
4240 2653
4256 2652
4272 2655
4289 2652
4305 2647
4321 2644
4339 2634
4355 2624
4372 2617
4388 2607
4404 2570
4421 2579
4437 2565
4453 2548
4470 2531
4486 2513
4502 2494
4519 2476
4535 2419
4551 2428
4568 2406
4584 2378
4600 2357
4617 2330
4633 2304
4649 2279
4666 2244
4682 2221
4698 2195
4715 2162
4731 2130
4747 2098
4764 2066
4780 2036
4796 2005
4813 1974
4829 1941
4845 1909
4862 1879
4878 1842
4894 1816
4911 1782
4927 1749
4943 1719
4960 1689
4976 1638
4992 1625
5009 1597
5025 1569
5041 1541
5058 1517
5074 1485
5090 1458
5107 1431
5123 1409
5139 1385
5156 1365
5172 1340
5188 1317
5205 1298
5221 1279
5237 1263
5254 1243
5270 1229
5286 1214
5303 1200
5319 1189
5336 1182
5353 1133
5369 1161
5385 1155
5402 1147
5418 1144
5434 1140
5451 1136
5467 1142
5483 1145
5500 1143
5516 1144
5532 1150
5549 1154
5565 1163
5581 1171
5598 1179
5614 1191
5630 1204
5647 1212
5663 1235
5679 1247
5696 1263
5712 1281
5728 1300
5745 1319
5761 1340
5777 1360
5794 1404
5810 1406
5826 1432
5843 1405
5859 1478
5875 1507
5892 1546
5908 1560
5924 1587
5941 1615
5957 1643
5973 1670
5990 1700
6006 1732
6022 1762
6039 1787
6055 1823
6071 1850
6088 1880
6104 1912
6120 1939
6137 1971
6153 2000
6169 1988
6186 2054
6202 2084
6218 2106
6235 2139
6251 2168
6267 2194
6284 2217
6300 2242
6316 2266
6334 2293
6350 2312
6366 2338
6383 2361
6399 2377
6415 2397
6432 2413
6448 2431
6464 2440
6481 2462
6497 2479
6513 2489
6530 2501
6546 2515
6562 2520
6579 2530
6595 2576
6611 2540
6628 2546
6644 2546
6660 2550
6677 2553
6693 2550
6709 2553
6726 2549
6742 2545
6758 2540
6775 2533
6791 2528
6807 2517
6824 2508
6840 2499
6856 2484
6873 2480
6889 2457
6905 2439
6922 2427
6938 2410
6954 2390
6971 2410
6987 2359
7003 2334
7020 2277
7036 2290
7052 2264
7069 2226
7085 2221
7101 2192
7118 2167
7134 2139
7150 2117
7167 2089
7183 2063
7199 2035
7216 2008
7232 1983
7248 1952
7265 1922
7281 1899
7297 1871
7314 1841
7331 1811
7348 1785
7364 1760
7380 1729
7397 1702
7413 1678
7429 1649
7446 1684
7462 1601
7478 1574
7495 1562
7511 1527
7527 1506
7544 1492
7560 1461
7576 1440
7593 1423
7609 1398
7625 1384
7642 1364
7658 1349
7674 1333
7691 1317
7707 1306
7723 1292
7740 1279
7756 1271
7772 1265
7789 1255
7805 1249
7821 1231
7838 1238
7854 1233
7870 1266
7887 1231
7903 1230
7919 1276
7936 1234
7952 1235
7968 1241
7985 1247
8001 1252
8017 1259
8034 1269
8050 1276
8066 1288
8083 1299
8099 1306
8115 1324
8132 1343
8148 1361
8164 1370
8181 1389
8197 1412
8213 1429
8230 1454
8246 1472
8262 1491
8279 1510
8295 1548
8311 1558
8328 1581
8345 1581
8361 1630
8378 1654
8394 1673
8410 1703
8427 1727
8443 1755
8459 1783
8476 1813
8492 1831
8508 1861
8525 1886
8541 1919
8557 1936
8574 1963
8590 1990
8606 2014
8623 2040
8639 2064
8655 2089
8672 2114
8688 2133
8704 2159
8721 2145
8737 2202
8753 2223
8770 2242
8786 2267
8802 2281
8819 2279
8835 2316
8851 2333
8868 2352
8884 2362
8900 2374
8917 2394
8933 2402
8949 2414
8966 2423
8982 2428
8998 2439
9015 2443
9031 2451
9047 2455
9064 2458
9080 2462
9096 2462
9113 2464
9129 2463
9145 2564
9162 2457
9178 2454
9194 2513
9211 2445
9227 2437
9243 2429
9260 2423
9276 2413
9292 2402
9309 2391
9325 2375
9341 2361
9358 2349
9374 2335
9390 2319
9407 2302
9423 2286
9439 2265
9456 2250
9472 2230
9488 2209
9505 2185
9521 2159
9537 2148
9554 2122
9570 2092
9586 2075
9603 2054
9619 2013
9635 2011
9652 1984
9668 1966
9684 1932
9701 1911
9717 1890
9733 1863
9750 1842
9766 1818
9782 1792
9799 1769
9815 1744
9831 1724
9848 1698
9864 1676
9880 1655
9897 1631
9913 1611
9929 1591
9946 1576
9962 1553
9978 1534
9995 1516
10011 1493
10027 1478
10044 1462
10060 1445
10076 1433
10093 1419
10109 1404
10125 1391
10142 1380
10158 1368
10174 1360
10191 1351
10207 1345
10223 1334
10240 1335
10256 1324
10272 1321
10289 1317
10305 1319
10321 1314
10339 1315
10355 1318
10372 1320
10388 1320
10404 1355
10421 1331
10437 1337
10453 1344
10470 1352
10486 1360
10502 1370
10519 1379
10535 1400
10551 1402
10568 1414
10584 1427
10600 1442
10617 1459
10633 1470
10649 1491
10666 1509
10682 1525
10698 1549
10715 1564
10731 1578
10747 1602
10764 1624
10780 1640
10796 1662
10813 1686
10829 1705
10845 1776
10862 1751
10878 1773
10894 1797
10911 1817
10927 1840
10943 1861
10960 1883
10976 1897
10992 1930
11009 1950
11025 1961
11041 1997
11058 2013
11074 2037
11090 2059
11107 2079
11123 2099
11139 2113
11156 2139
11172 2157
11188 2177
11205 2192
11221 2211
11237 2227
11254 2240
11270 2250
11286 2270
11303 2284
11319 2294
11336 2310
11353 2323
11369 2334
11385 2347
11402 2345
11418 2355
11434 2356
11451 2366
11467 2376
11483 2376
11500 2377
11516 2383
11532 2382
11549 2382
11565 2384
11581 2382
11598 2379
11614 2374
11630 2368
11647 2361
11663 2344
11679 2350
11696 2349
11712 2340
11728 2328
11745 2317
11761 2308
11777 2292
11794 2251
11810 2271
11826 2255
11843 2239
11859 2228
11875 2210
11892 2195
11908 2181
11924 2180
11941 2141
11957 2128
11973 2105
11990 2086
12006 2073
12022 2048
12039 2028
12055 2007
12071 1989
12088 1964
12104 1946
12120 1925
12137 1897
12153 1880
12169 1875
12186 1841
12202 1823
12218 1794
12235 1784
12251 1758
12267 1741
12284 1721
12300 1711
12316 1679
12334 1658
12350 1639
12366 1623
12383 1607
12399 1590
12415 1577
12432 1550
12448 1543
12464 1528
12481 1517
12497 1500
12513 1485
12530 1474
12546 1463
12562 1454
12579 1445
12595 1438
12611 1491
12628 1421
12644 1414
12660 1407
12677 1407
12693 1396
12709 1394
12726 1395
12742 1375
12758 1396
12775 1396
12791 1383
12807 1396
12824 1399
12840 1409
12856 1408
12873 1409
12889 1418
12905 1425
12922 1435
12938 1445
12954 1450
12971 1461
12987 1471
13003 1480
13020 1494
13036 1507
13052 1543
13069 1537
13085 1547
13101 1560
13118 1579
13134 1598
13150 1611
13167 1629
13183 1648
13199 1663
13216 1682
13232 1702
13248 1784
13265 1738
13281 1758
13297 1773
13314 1793
13331 1818
13348 1836
13364 1857
13380 1877
13397 1892
13413 1909
13429 1883
13446 1952
13462 1973
13478 1992
13495 2006
13511 2024
13527 2044
13544 2059
13560 2054
13576 2095
13593 2111
13609 2126
13625 2145
13642 2159
13658 2173
13674 2185
13691 2168
13707 2208
13723 2224
13740 2231
13756 2242
13772 2251
13789 2260
13805 2277
13821 2279
13838 2285
13854 2293
13870 2296
13887 2304
13903 2307
13919 2307
13936 2310
13952 2313
13968 2314
13985 2314
14001 2315
14017 2309
14034 2310
14050 2308
14066 2303
14083 2299
14099 2291
14115 2283
14132 2280
14148 2268
14164 2262
14181 2252
14197 2233
14213 2230
14230 2245
14246 2211
14262 2199
14279 2193
14295 2174
14311 2158
14328 2141
14345 2128
14361 2113
14378 2121
14394 2082
14410 2067
14427 2049
14443 2030
14459 2012
14476 1993
14492 1976
14508 1869
14525 1945
14541 1915
14557 1913
14574 1882
14590 1873
14606 1856
14623 1834
14639 1812
14655 1802
14672 1783
14688 1844
14704 1752
14721 1731
14737 1715
14753 1701
14770 1682
14786 1668
14802 1650
14819 1637
14835 1621
14851 1608
14868 1571
14884 1582
14900 1569
14917 1549
14933 1543
14949 1534
14966 1526
14982 1513
14998 1508
15015 1500
15031 1492
15047 1489
15064 1474
15080 1475
15096 1468
15113 1465
15129 1462
15145 1426
15162 1458
15178 1458
15194 1409
15211 1455
15227 1458
15243 1410
15260 1462
15276 1467
15292 1467
15309 1473
15325 1483
15341 1484
15358 1495
15374 1501
15390 1511
15407 1519
15423 1527
15439 1538
15456 1548
15472 1560
15488 1571
15505 1586
15521 1590
15537 1606
15554 1623
15570 1645
15586 1650
15603 1668
15619 1698
15635 1695
15652 1713
15668 1737
15684 1744
15701 1762
15717 1780
15733 1793
15750 1813
15766 1827
15782 1842
15799 1862
15815 1878
15831 1894
15848 1911
15864 1925
15880 1940
15897 1960
15913 1977
15929 1991
15946 2003
15962 2024
15978 2038
15995 2073
16011 2070
16027 2080
16044 2097
16060 2105
16076 2124
16093 2132
16109 2129
16125 2156
16142 2168
16158 2177
16174 2187
16191 2196
16207 2204
16223 2201
16240 2219
16256 2225
16272 2231
16289 2235
16305 2240
16321 2243
16339 2248
16355 2252
16372 2259
16388 2251
16404 2253
16421 2283
16437 2250
16453 2252
16470 2222
16486 2245
16502 2243
16519 2286
16535 2229
16551 2227
16568 2226
16584 2209
16600 2206
16617 2201
16633 2188
16649 2179
16666 2168
16682 2161
16698 2149
16715 2141
16731 2128
16747 2110
16764 2099
16780 2090
16796 2075
16813 2061
16829 2046
16845 2136
16862 2019
16878 2002
16894 2010
16911 1974
16927 1957
16943 1944
16960 1925
16976 1906
16992 1904
17009 1883
17025 1865
17041 1853
17058 1833
17074 1818
17090 1807
17107 1789
17123 1772
17139 1756
17156 1746
17172 1730
17188 1717
17205 1703
17221 1681
17237 1681
17254 1660
17270 1672
17286 1638
17303 1629
17319 1646
17336 1605
17353 1592
17369 1549
17385 1579
17402 1567
17418 1567
17434 1549
17451 1545
17467 1538
17483 1539
17500 1532
17516 1528
17532 1524
17549 1517
17565 1517
17581 1515
17598 1516
17614 1515
17630 1515
17647 1514
17663 1520
17679 1520
17696 1521
17712 1525
17728 1528
17745 1511
17761 1541
17777 1543
17794 1551
17810 1560
17826 1572
17843 1574
17859 1581
17875 1581
17892 1602
17908 1614
17924 1620
17941 1632
17957 1645
17973 1653
17990 1664
18006 1679
18022 1691
18039 1704
18055 1716
18071 1729
18088 1742
18104 1758
18120 1773
18137 1785
18153 1801
18169 1788
18186 1828
18202 1845
18218 1868
18235 1873
18251 1886
18267 1901
18284 1915
18300 1929
18316 1944
18334 1956
18350 1967
18366 1984
18383 1998
18399 2012
18415 2022
18432 2040
18448 2050
18464 2058
18481 2072
18497 2081
18513 2097
18530 2104
18546 2112
18562 2119
18579 2134
18595 2161
18611 2146
18628 2157
18644 2207
18660 2168
18677 2176
18693 2180
18709 2183
18726 2188
18742 2193
18758 2193
18775 2196
18791 2198
18807 2204
18824 2203
18840 2200
18856 2199
18873 2197
18889 2199
18905 2197
18922 2193
18938 2187
18954 2184
18971 2181
18987 2173
19003 2167
19020 2162
19036 2155
19052 2135
19069 2140
19085 2131
19101 2125
19118 2113
19134 2105
19150 2092
19167 2086
19183 2076
19199 2063
19216 2052
19232 2041
19248 2064
19265 2018
19281 2004
19297 1991
19314 1979
19331 1965
19348 1953
19364 1938
19380 1925
19397 1911
19413 1900
19429 1881
19446 1869
19462 1859
19478 1843
19495 1835
19511 1818
19527 1805
19544 1792
19560 1798
19576 1765
19593 1747
19609 1746
19625 1738
19642 1717
19658 1706
19674 1696
19691 1706
19707 1674
19723 1662
19740 1658
19756 1644
19772 1636
19789 1626
19805 1621
19821 1608
19838 1604
19854 1595
19870 1591
19887 1586
19903 1582
19919 1576
19936 1573
19952 1574
19968 1569
19985 1565
20001 1573
20017 1564
20034 1561
20050 1556
20066 1563
20083 1563
20099 1563
20115 1570
20132 1567
20148 1568
20164 1573
20181 1579
20197 1580
20213 1586
20230 1589
20246 1597
20262 1607
20279 1616
20295 1619
20311 1632
20328 1646
20345 1647
20361 1658
20378 1628
20394 1677
20410 1684
20427 1695
20443 1707
20459 1719
20476 1727
20492 1741
20508 1697
20525 1763
20541 1777
20557 1793
20574 1803
20590 1816
20606 1829
20623 1842
20639 1851
20655 1868
20672 1883
20688 1890
20704 1902
20721 1908
20737 1929
20753 1941
20770 1954
20786 1965
20802 1981
20819 1992
20835 1995
20851 2008
20868 2024
20884 2030
20900 2040
20917 2052
20933 2063
20949 2041
20966 2082
20982 2089
20998 2098
21015 2102
21031 2112
21047 2118
21064 2122
21080 2133
21096 2137
21113 2140
21129 2144
21145 2168
21162 2150
21178 2156
21194 2140
21211 2157
21227 2157
21243 2160
21260 2159
21276 2162
21292 2160
21309 2156
21325 2236
21341 2156
21358 2152
21374 2149
21390 2141
21407 2139
21423 2140
21439 2128
21456 2101
21472 2122
21488 2110
21505 2106
21521 2093
21537 2087
21554 2085
21570 2073
21586 2072
21603 2053
21619 2046
21635 2033
21652 2023
21668 2014
21684 2004
21701 1994
21717 1984
21733 1970
21750 1960
21766 1951
21782 1935
21799 1928
21815 1910
21831 1900
21848 1889
21864 1877
21880 1863
21897 1840
21913 1844
21929 1831
21946 1818
21962 1807
21978 1792
21995 1784
22011 1774
22027 1727
22044 1754
22060 1742
22076 1731
22093 1725
22109 1707
22125 1704
22142 1693
22158 1691
22174 1676
22191 1669
22207 1662
22223 1656
22240 1643
22256 1640
22272 1649
22289 1627
22305 1625
22321 1618
22339 1612
22355 1613
22372 1609
22388 1602
22404 1657
22421 1603
22437 1602
22453 1612
22470 1599
22486 1597
22502 1601
22519 1598
22535 1603
22551 1601
22568 1606
22584 1606
22600 1613
22617 1616
22633 1619
22649 1626
22666 1628
22682 1635
22698 1641
22715 1667
22731 1653
22747 1659
22764 1671
22780 1674
22796 1681
22813 1686
22829 1699
22845 1767
22862 1723
22878 1729
22894 1737
22911 1751
22927 1759
22943 1768
22960 1788
22976 1774
22992 1800
23009 1814
23025 1822
23041 1832
23058 1853
23074 1854
23090 1868
23107 1878
23123 1888
23139 1898
23156 1910
23172 1918
23188 1931
23205 1939
23221 1964
23237 1963
23254 1966
23270 1988
23286 1990
23303 2002
23319 2009
23336 2018
23353 2023
23369 2028
23385 2043
23402 2050
23418 2059
23434 2065
23451 2071
23467 2079
23483 2083
23500 2089
23516 2092
23532 2121
23549 2103
23565 2102
23581 2110
23598 2111
23614 2115
23630 2119
23647 2110
23663 2098
23679 2120
23696 2117
23712 2085
23728 2117
23745 2117
23761 2116
23777 2117
23794 2104
23810 2108
23826 2106
23843 2100
23859 2097
23875 2096
23892 2084
23908 2082
23924 2079
23941 2069
23957 2060
23973 2059
23990 2056
24006 2044
24022 2033
24039 2034
24055 2017
24071 2012
24088 2003
24104 1993
24120 1985
24137 1973
24153 1969
24169 2008
24186 1948
24202 1937
24218 1921
24235 1915
24251 1907
24267 1896
24284 1884
24300 1875
24316 1865
24334 1848
24350 1844
24366 1831
24383 1825
24399 1814
24415 1804
24432 1787
24448 1786
24464 1774
24481 1768
24497 1763
24513 1742
24530 1742
24546 1731
24562 1725
24579 1718
24595 1662
24611 1703
24628 1697
24644 1643
24660 1681
24677 1678
24693 1674
24709 1665
24726 1662
24742 1655
24758 1653
24775 1649
24791 1646
24807 1643
24824 1638
24840 1640
24856 1631
24873 1637
24889 1638
24905 1635
24922 1640
24938 1636
24954 1637
24971 1631
24987 1644
25003 1641
25020 1661
25036 1648
25052 1649
25069 1672
25085 1658
25101 1665
25118 1663
25134 1672
25150 1676
25167 1686
25183 1689
25199 1698
25216 1707
25232 1708
25248 1720
25265 1739
25281 1735
25297 1740
25314 1749
25331 1759
25348 1765
25364 1774
25380 1786
25397 1791
25413 1803
25429 1813
25446 1807
25462 1829
25478 1843
25495 1828
25511 1858
25527 1870
25544 1880
25560 1885
25576 1899
25593 1916
25609 1914
25625 1917
25642 1934
25658 1941
25674 1951
25691 1957
25707 1968
25723 1978
25740 1987
25756 1991
25772 1998
25789 2008
25805 2016
25821 2026
25838 2030
25854 2035
25870 2025
25887 2041
25903 2051
25919 2007
25936 2060
25952 2065
25968 2062
25985 2065
26001 2075
26017 2075
26034 2079
26050 2083
26066 2082
26083 2082
26099 2085
26115 2085
26132 2085
26148 2086
26164 2088
26181 2077
26197 2081
26213 2078
26230 2078
26246 2079
26262 2071
26279 2075
26295 2060
26311 2061
26328 2058
26345 2058
26361 2048
26378 2041
26394 2101
26410 2033
26427 2023
26443 2019
26459 2013
26476 2007
26492 2000
26508 1989
26525 1978
26541 1975
26557 1966
26574 1956
26590 1953
26606 1945
26623 1937
26639 1928
26655 1918
26672 1909
26688 1913
26704 1894
26721 1890
26737 1873
26753 1865
26770 1836
26786 1849
26802 1839
26819 1795
26835 1828
26851 1816
26868 1804
26884 1796
26900 1792
26917 1781
26933 1772
26949 1768
26966 1757
26982 1756
26998 1747
27015 1738
27031 1732
27047 1728
27064 1720
27080 1714
27096 1710
27113 1704
27129 1699
27145 1688
27162 1692
27178 1688
27194 1645
27211 1678
27227 1678
27243 1676
27260 1672
27276 1669
27292 1670
27309 1668
27325 1669
27341 1662
27358 1669
27374 1670
27390 1668
27407 1672
27423 1671
27439 1673
27456 1676
27472 1678
27488 1681
27505 1684
27521 1685
27537 1693
27554 1694
27570 1769
27586 1704
27603 1705
27619 1734
27635 1717
27652 1723
27668 1750
27684 1737
27701 1748
27717 1753
27733 1750
27750 1763
27766 1773
27782 1780
27799 1786
27815 1793
27831 1803
27848 1803
27864 1814
27880 1825
27897 1831
27913 1840
27929 1847
27946 1859
27962 1866
27978 1871
27995 1882
28011 1888
28027 1893
28044 1908
28060 1910
28076 1907
28093 1928
28109 1936
28125 1947
28142 1955
28158 1957
28174 1967
28191 1973
28207 1979
28223 1985
28240 1994
28256 1997
28272 1998
28289 2007
28305 2013
28321 2007
28339 2021
28355 2026
28372 2033
28388 2034
28404 2064
28421 2035
28437 2042
28453 2035
28470 2049
28486 2054
28502 2053
28519 2054
28535 2055
28551 2054
28568 2056
28584 2053
28600 2056
28617 2054
28633 2053
28649 2050
28666 2050
28682 2048
28698 2045
28715 2040
28731 2036
28747 2038
28764 2029
28780 2030
28796 2019
28813 2019
28829 2016
28845 1976
28862 2006
28878 2000
28894 2004
28911 1989
28927 1983
28943 1978
28960 1970
28976 1944
28992 1957
29009 1949
29025 1939
29041 1936
29058 1928
29074 1919
29090 1914
29107 1904
29123 1896
29139 1892
29156 1883
29172 1874
29188 1876
29205 1859
29221 1810
29237 1848
29254 1836
29270 1831
29286 1825
29303 1816
29319 1809
29336 1802
29353 1794
29369 1788
29385 1780
29402 1772
29418 1769
29434 1764
29451 1758
29467 1754
29483 1752
29500 1744
29516 1738
29532 1747
29549 1728
29565 1725
29581 1719
29598 1717
29614 1717
29630 1711
29647 1712
29663 1696
29679 1703
29696 1701
29712 1700
29728 1698
29745 1694
29761 1700
29777 1697
29794 1715
29810 1701
29826 1700
29843 1696
29859 1700
29875 1705
29892 1702
29908 1708
29924 1724
29941 1710
29957 1714
29973 1720
29990 1720
30006 1727
30022 1731
30039 1734
30055 1738
30071 1745
30088 1744
30104 1754
30120 1761
30137 1761
30153 1769
30169 1781
30186 1783
30202 1789
30218 1792
30235 1816
30251 1808
30267 1812
30284 1821
30300 1815
30316 1834
30334 1840
30350 1867
30366 1858
30383 1861
30399 1870
30415 1875
30432 1882
30448 1890
30464 1895
30481 1965
30497 1909
30513 1917
30530 1922
30546 1927
30562 1929
30579 1942
30595 1945
30611 1919
30628 1961
30644 1964
30660 1965
30677 1974
30693 1978
30709 1986
30726 1989
30742 1977
30758 1998
30775 2001
30791 2002
30807 2012
30824 2009
30840 2004
30856 2015
30873 2016
30889 2024
30905 2020
30922 2026
30938 2024
30954 2023
30971 2028
30987 2026
31003 2025
31020 2025
31036 2026
31052 2019
31069 2019
31085 2020
31101 2019
31118 2017
31134 2015
31150 2008
31167 2009
31183 2009
31199 2004
31216 2000
31232 1999
31248 1999
31265 1987
31281 1985
31297 1973
31314 1978
31331 1974
31348 1972
31364 1960
31380 1957
31397 1950
31413 1945
31429 1930
31446 1934
31462 1929
31478 1919
31495 1916
31511 1910
31527 1901
31544 1895
31560 1949
31576 1883
31593 1876
31609 1871
31625 1855
31642 1860
31658 1852
31674 1845
31691 1836
31707 1837
31723 1825
31740 1824
31756 1815
31772 1810
31789 1805
31805 1798
31821 1796
31838 1788
31854 1772
31870 1775
31887 1773
31903 1765
31919 1764
31936 1760
31952 1755
31968 1752
31985 1747
32001 1773
32017 1742
32034 1743
32050 1729
32066 1734
32083 1732
32099 1730
32115 1729
32132 1729
32148 1725
32164 1726
32181 1725
32197 1724
32213 1718
32230 1723
32246 1724
32262 1722
32279 1727
32295 1729
32311 1728
32328 1730
32345 1734
32361 1734
32378 1709
32394 1741
32410 1742
32427 1746
32443 1748
32459 1753
32476 1755
32492 1757
32508 1756
32525 1767
32541 1774
32557 1783
32574 1784
32590 1787
32606 1792
32623 1795
32639 1805
32655 1812
32672 1815
32688 1815
32704 1820
32721 1827
32737 1834
32753 1847
32770 1848
32786 1856
32802 1861
32819 1868
32835 1876
32851 1878
32868 1886
32884 1946
32900 1897
32917 1900
32933 1869
32949 1912
32966 1918
32982 1938
32998 1932
33015 1939
33031 1943
33047 1946
33064 1951
33080 1952
33096 1960
33113 1962
33129 1959
33145 1968
33162 1975
33178 1981
33194 2004
33211 1987
33227 1993
33243 1999
33260 1995
33276 1999
33292 2000
33309 2001
33325 2001
33341 2005
33358 2007
33374 2006
33390 2012
33407 2010
33423 2006
33439 2011
33456 2009
33472 2008
33488 2005
33505 2007
33521 2005
33537 2004
33554 2001
33570 2038
33586 1995
33603 1997
33619 2001
33635 1986
33652 1985
33668 1998
33684 1976
33701 1974
33717 1971
33733 1966
33750 1961
33766 1965
33782 1955
33799 1947
33815 1945
33831 1941
33848 1935
33864 1929
33880 1925
33897 1914
33913 1912
33929 1910
33946 1901
33962 1901
33978 1891
33995 1847
34011 1881
34027 1872
34044 1826
34060 1860
34076 1858
34093 1854
34109 1844
34125 1841
34142 1841
34158 1834
34174 1823
34191 1822
34207 1813
34223 1807
34240 1806
34256 1801
34272 1794
34289 1791
34305 1783
34321 1786
34339 1781
34355 1776
34372 1769
34388 1765
34404 1764
34421 1762
34437 1757
34453 1758
34470 1760
34486 1749
34502 1747
34519 1757
34535 1743
34551 1745
34568 1750
34584 1743
34600 1743
34617 1747
34633 1741
34649 1743
34666 1745
34682 1739
34698 1742
34715 1741
34731 1742
34747 1746
34764 1747
34780 1747
34796 1753
34813 1756
34829 1755
34845 1763
34862 1770
34878 1763
34894 1775
34911 1773
34927 1776
34943 1766
34960 1784
34976 1786
34992 1787
35009 1796
35025 1798
35041 1804
35058 1811
35074 1813
35090 1815
35107 1821
35123 1824
35139 1827
35156 1838
35172 1841
35188 1848
35205 1855
35221 1859
35237 1864
35254 1869
35270 1794
35286 1880
35303 1885
35319 1844
35336 1895
35353 1902
35369 1875
35385 1912
35402 1915
35418 1918
35434 1924
35451 1928
35467 1930
35483 1939
35500 1944
35516 1942
35532 1951
35549 1955
35565 1967
35581 1950
35598 1966
35614 1966
35630 1972
35647 1974
35663 1977
35679 1980
35696 1972
35712 1985
35728 1983
35745 1998
35761 1984
35777 1988
35794 2011
35810 1989
35826 1989
35843 1990
35859 1990
35875 1990
35892 1992
35908 1991
35924 1987
35941 1987
35957 1987
35973 1986
35990 1982
36006 1979
36022 1980
36039 1977
36055 1977
36071 1971
36088 1974
36104 1974
36120 1964
36137 1960
36153 1954
36169 2019
36186 1947
36202 1944
36218 1950
36235 1937
36251 1936
36267 1932
36284 1928
36300 1919
36316 1918
36334 1912
36350 1906
36366 1899
36383 1896
36399 1890
36415 1887
36432 1883
36448 1877
36464 1867
36481 1865
36497 1861
36513 1858
36530 1849
36546 1845
36562 1840
36579 1835
36595 1860
36611 1825
36628 1820
36644 1790
36660 1813
36677 1808
36693 1852
36709 1798
36726 1799
36742 1787
36758 1786
36775 1785
36791 1782
36807 1779
36824 1773
36840 1773
36856 1771
36873 1722
36889 1766
36905 1767
36922 1766
36938 1760
36954 1757
36971 1761
36987 1757
37003 1736
37020 1758
37036 1755
37052 1752
37069 1756
37085 1755
37101 1754
37118 1754
37134 1757
37150 1755
37167 1762
37183 1759
37199 1760
37216 1762
37232 1765
37248 1768
37265 1769
37281 1770
37297 1773
37314 1780
37331 1781
37348 1781
37364 1786
37380 1791
37397 1794
37413 1800
37429 1829
37446 1804
37462 1809
37478 1802
37495 1827
37511 1822
37527 1825
37544 1831
37560 1736
37576 1839
37593 1847
37609 1854
37625 1858
37642 1862
37658 1867
37674 1869
37691 1870
37707 1870
37723 1885
37740 1888
37756 1893
37772 1897
37789 1902
37805 1910
37821 1913
37838 1915
37854 1920
37870 1920
37887 1922
37903 1932
37919 1938
37936 1937
37952 1944
37968 1946
37985 1949
38001 1911
38017 1957
38034 1959
38050 1961
38066 1964
38083 1963
38099 1969
38115 1973
38132 1972
38148 1974
38164 1973
38181 1978
38197 1978
38213 1978
38230 1979
38246 1989
38262 1977
38279 1988
38295 1978
38311 1976
38328 1978
38345 1978
38361 1979
38378 1994
38394 1975
38410 1970
38427 1971
38443 1967
38459 1965
38476 1968
38492 1962
38508 1956
38525 1956
38541 1956
38557 1950
38574 1946
38590 1939
38606 1953
38623 1937
38639 1933
38655 1928
38672 1927
38688 1928
38704 1919
38721 1918
38737 1912
38753 1906
38770 1900
38786 1894
38802 1894
38819 1906
38835 1885
38851 1883
38868 1871
38884 1872
38900 1866
38917 1862
38933 1857
38949 1890
38966 1845
38982 1841
38998 1843
39015 1836
39031 1831
39047 1828
39064 1823
39080 1822
39096 1820
39113 1812
39129 1811
39145 1800
39162 1803
39178 1798
39194 1789
39211 1793
39227 1788
39243 1787
39260 1784
39276 1782
39292 1783
39309 1773
39325 1743
39341 1775
39358 1771
39374 1773
39390 1768
39407 1775
39423 1769
39439 1767
39456 1869
39472 1767
39488 1766
39505 1775
39521 1765
39537 1766
39554 1768
39570 1769
39586 1768
39603 1770
39619 1774
39635 1774
39652 1776
39668 1778
39684 1776
39701 1787
39717 1784
39733 1783
39750 1789
39766 1796
39782 1792
39799 1797
39815 1800
39831 1802
39848 1806
39864 1810
39880 1814
39897 1798
39913 1812
39929 1823
39946 1828
39962 1832
39978 1837
39995 1836
40011 1845
40027 1867
40044 1854
40060 1854
40076 1858
40093 1863
40109 1866
40125 1874
40142 1880
40158 1886
40174 1886
40191 1889
40207 1895
40223 1899
40240 1904
40256 1906
40272 1915
40289 1913
40305 1925
40321 1915
40339 1925
40355 1926
40372 1931
40388 1932
40404 1939
40421 1939
40437 1941
40453 1945
40470 1950
40486 1950
40502 1954
40519 1956
40535 1956
40551 1959
40568 1961
40584 1970
40600 1972
40617 1951
40633 1966
40649 1968
40666 1964
40682 1964
40698 1969
40715 1997
40731 1967
40747 1970
40764 1969
40780 1964
40796 1967
40813 1967
40829 1951
40845 1937
40862 1963
40878 1955
40894 1960
40911 1959
40927 1953
40943 1950
40960 1952
40976 1924
40992 1946
41009 1962
41025 1939
41041 1931
41058 1934
41074 1929
41090 1926
41107 1921
41123 1920
41139 1917
41156 1913
41172 1913
41188 1908
41205 1902
41221 1853
41237 1892
41254 1887
41270 1888
41286 1885
41303 1880
41319 1874
41336 1869
41353 1865
41369 1863
41385 1855
41402 1852
41418 1855
41434 1847
41451 1842
41467 1838
41483 1834
41500 1830
41516 1828
41532 1796
41549 1820
41565 1823
41581 1818
41598 1810
41614 1809
41630 1808
41647 1803
41663 1803
41679 1798
41696 1794
41712 1789
41728 1790
41745 1791
41761 1789
41777 1789
41794 1782
41810 1785
41826 1779
41843 1781
41859 1780
41875 1779
41892 1779
41908 1752
41924 1779
41941 1786
41957 1804
41973 1777
41990 1784
42006 1786
42022 1781
42039 1779
42055 1785
42071 1786
42088 1788
42104 1788
42120 1787
42137 1788
42153 1792
42169 1771
42186 1793
42202 1795
42218 1797
42235 1802
42251 1809
42267 1812
42284 1810
42300 1817
42316 1821
42334 1819
42350 1823
42366 1831
42383 1831
42399 1835
42415 1843
42432 1843
42448 1841
42464 1848
42481 1854
42497 1858
42513 1858
42530 1862
42546 1868
42562 1869
42579 1874
42595 1870
42611 1881
42628 1883
42644 1916
42660 1890
42677 1895
42693 1920
42709 1901
42726 1903
42742 1911
42758 1913
42775 1915
42791 1921
42807 1921
42824 1923
42840 1929
42856 1926
42873 1929
42889 1932
42905 1932
42922 1936
42938 1939
42954 1940
42971 1940
42987 1942
43003 1948
43020 1995
43036 1951
43052 1950
43069 1933
43085 1949
43101 1951
43118 1950
43134 1951
43150 1951
43167 1949
43183 1949
43199 1945
43216 1948
43232 1947
43248 1947
43265 1947
43281 1944
43297 1942
43314 1944
43331 1940
43348 1946
43364 1937
43380 1935
43397 1937
43413 1933
43429 1931
43446 1929
43462 1927
43478 1921
43495 1908
43511 1917
43527 1913
43544 1894
43560 1907
43576 1902
43593 1906
43609 1900
43625 1896
43642 1895
43658 1892
43674 1881
43691 1881
43707 1882
43723 1877
43740 1890
43756 1871
43772 1863
43789 1863
43805 1857
43821 1856
43838 1853
43854 1851
43870 1855
43887 1842
43903 1841
43919 1856
43936 1834
43952 1836
43968 1824
43985 1826
44001 1824
44017 1823
44034 1815
44050 1816
44066 1814
44083 1807
44099 1808
44115 1813
44132 1805
44148 1805
44164 1805
44181 1802
44197 1801
44213 1798
44230 1796
44246 1796
44262 1795
44279 1795
44295 1777
44311 1791
44328 1793
44345 1791
44361 1794
44378 1796
44394 1780
44410 1794
44427 1796
44443 1781
44459 1796
44476 1795
44492 1796
44508 1798
44525 1798
44541 1801
44557 1802
44574 1802
44590 1807
44606 1804
44623 1804
44639 1812
44655 1811
44672 1814
44688 1819
44704 1821
44721 1821
44737 1824
44753 1826
44770 1858
44786 1827
44802 1835
44819 1814
44835 1842
44851 1845
44868 1866
44884 1850
44900 1851
44917 1855
44933 1862
44949 1861
44966 1866
44982 1867
44998 1869
45015 1872
45031 1875
45047 1881
45064 1882
45080 1881
45096 1898
45113 1894
45129 1893
45145 1897
45162 1904
45178 1905
45194 1920
45211 1910
45227 1910
45243 1931
45260 1916
45276 1919
45292 1921
45309 1920
45325 1924
45341 1927
45358 1927
45374 1931
45390 1930
45407 1932
45423 1934
45439 1932
45456 1936
45472 1931
45488 1935
45505 1937
45521 1935
45537 1937
45554 1939
45570 1943
45586 1944
45603 1939
45619 1932
45635 1936
45652 1938
45668 1939
45684 1936
45701 1936
45717 1932
45733 1935
45750 1930
45766 1922
45782 1930
45799 1929
45815 1925
45831 1928
45848 1913
45864 1922
45880 1928
45897 1918
45913 1915
45929 1912
45946 1912
45962 1910
45978 1860
45995 1903
46011 1899
46027 1902
46044 1896
46060 1892
46076 1886
46093 1885
46109 1882
46125 1879
46142 1881
46158 1878
46174 1872
46191 1869
46207 1865
46223 1867
46240 1862
46256 1857
46272 1815
46289 1855
46305 1850
46321 1849
46339 1844
46355 1844
46372 1841
46388 1836
46404 1845
46421 1847
46437 1830
46453 1827
46470 1827
46486 1822
46502 1824
46519 1822
46535 1816
46551 1819
46568 1818
46584 1864
46600 1814
46617 1816
46633 1812
46649 1810
46666 1810
46682 1805
46698 1810
46715 1761
46731 1811
46747 1808
46764 1813
46780 1805
46796 1804
46813 1809
46829 1819
46845 1800
46862 1810
46878 1807
46894 1811
46911 1808
46927 1811
46943 1814
46960 1811
46976 1782
46992 1816
47009 1815
47025 1818
47041 1820
47058 1821
47074 1820
47090 1825
47107 1829
47123 1828
47139 1824
47156 1832
47172 1831
47188 1837
47205 1838
47221 1876
47237 1844
47254 1844
47270 1847
47286 1854
47303 1855
47319 1856
47336 1857
47353 1864
47369 1867
47385 1867
47402 1870
47418 1871
47434 1875
47451 1876
47467 1881
47483 1877
47500 1883
47516 1886
47532 1880
47549 1880
47565 1893
47581 1895
47598 1893
47614 1893
47630 1898
47647 1896
47663 1932
47679 1907
47696 1909
47712 1909
47728 1908
47745 1908
47761 1918
47777 1915
47794 1813
47810 1918
47826 1918
47843 1920
47859 1919
47875 1920
47892 1921
47908 1923
47924 1928
47941 1921
47957 1924
47973 1919
47990 1922
48006 1926
48022 1921
48039 1924
48055 1923
48071 1924
48088 1923
48104 1924
48120 1923
48137 1919
48153 1918
48169 1904
48186 1917
48202 1917
48218 1914
48235 1914
48251 1913
48267 1912
48284 1910
48300 1904
48316 1907
48334 1906
48350 1905
48366 1900
48383 1901
48399 1898
48415 1899
48432 1893
48448 1888
48464 1889
48481 1838
48497 1884
48513 1884
48530 1881
48546 1875
48562 1875
48579 1873
48595 1870
48611 1868
48628 1869
48644 1868
48660 1864
48677 1870
48693 1863
48709 1858
48726 1864
48742 1860
48758 1851
48775 1848
48791 1846
48807 1842
48824 1845
48840 1845
48856 1840
48873 1840
48889 1834
48905 1833
48922 1808
48938 1829
48954 1829
48971 1829
48987 1827
49003 1824
49020 1828
49036 1823
49052 1792
49069 1821
49085 1821
49101 1818
49118 1827
49134 1820
49150 1817
49167 1827
49183 1822
49199 1816
49216 1818
49232 1815
49248 1819
49265 1817
49281 1818
49297 1821
49314 1816
49331 1818
49348 1815
49364 1821
49380 1821
49397 1822
49413 1827
49429 1851
49446 1823
49462 1834
49478 1830
49495 1831
49511 1835
49527 1834
49544 1834
49560 1876
49576 1838
49593 1839
49609 1841
49625 1844
49642 1844
49658 1847
49674 1852
49691 1852
49707 1853
49723 1856
49740 1852
49756 1862
49772 1866
49789 1866
49805 1866
49821 1872
49838 1870
49854 1875
49870 1914
49887 1876
49903 1879
49919 1875
49936 1882
49952 1884
49968 1886
49985 1891
50001 1869
50017 1894
50034 1893
50050 1898
50066 1902
50083 1900
50099 1897
50115 1899
50132 1903
50148 1907
50164 1907
50181 1909
50197 1909
50213 1911
50230 1913
50246 1922
50262 1912
50279 1914
50295 1912
50311 1911
50328 1913
50345 1915
50361 1917
50378 1894
50394 1917
50410 1917
50427 1915
50443 1913
50459 1919
50476 1911
50492 1918
50508 1911
50525 1938
50541 1917
50557 1913
50574 1909
50590 1913
50606 1908
50623 1906
50639 1910
50655 1908
50672 1906
50688 1902
50704 1903
50721 1901
50737 1899
50753 1899
50770 1898
50786 1895
50802 1892
50819 1895
50835 1900
50851 1885
50868 1888
50884 1882
50900 1882
50917 1880
50933 1874
50949 1876
50966 1874
50982 1875
50998 1875
51015 1869
51031 1866
51047 1863
51064 1862
51080 1860
51096 1858
51113 1859
51129 1855
51145 1853
51162 1853
51178 1851
51194 1829
51211 1845
51227 1846
51243 1814
51260 1840
51276 1840
51292 1840
51309 1838
51325 1835
51341 1836
51358 1833
51374 1836
51390 1831
51407 1830
51423 1829
51439 1828
51456 1826
51472 1826
51488 1826
51505 1827
51521 1827
51537 1825
51554 1827
51570 1821
51586 1824
51603 1821
51619 1783
51635 1825
51652 1824
51668 1826
51684 1824
51701 1827
51717 1823
51733 1825
51750 1823
51766 1825
51782 1822
51799 1829
51815 1827
51831 1830
51848 1831
51864 1835
51880 1835
51897 1835
51913 1831
51929 1837
51946 1840
51962 1844
51978 1844
51995 1814
52011 1846
52027 1845
52044 1875
52060 1852
52076 1852
52093 1853
52109 1856
52125 1856
52142 1859
52158 1860
52174 1863
52191 1862
52207 1866
52223 1870
52240 1871
52256 1873
52272 1874
52289 1878
52305 1877
52321 1870
52339 1882
52355 1883
52372 1883
52388 1890
52404 1889
52421 1893
52437 1893
52453 1892
52470 1796
52486 1893
52502 1899
52519 1872
52535 1901
52551 1904
52568 1900
52584 1905
52600 1904
52617 1904
52633 1907
52649 1909
52666 1906
52682 1910
52698 1912
52715 1912
52731 1909
52747 1915
52764 1912
52780 1910
52796 1912
52813 1913
52829 1912
52845 1914
52862 1918
52878 1901
52894 1894
52911 1914
52927 1911
52943 1886
52960 1914
52976 1909
52992 1915
53009 1911
53025 1903
53041 1906
53058 1911
53074 1906
53090 1903
53107 1913
53123 1905
53139 1885
53156 1905
53172 1901
53188 1900
53205 1895
53221 1893
53237 1895
53254 1893
53270 1886
53286 1889
53303 1889
53319 1886
53336 1888
53353 1883
53369 1923
53385 1881
53402 1877
53418 1873
53434 1874
53451 1869
53467 1871
53483 1868
53500 1867
53516 1863
53532 1862
53549 1865
53565 1863
53581 1858
53598 1858
53614 1859
53630 1855
53647 1852
53663 1851
53679 1850
53696 1849
53712 1846
53728 1845
53745 1897
53761 1842
53777 1841
53794 1835
53810 1839
53826 1838
53843 1855
53859 1838
53875 1834
53892 1832
53908 1834
53924 1831
53941 1839
53957 1831
53973 1834
53990 1830
54006 1832
54022 1832
54039 1829
54055 1825
54071 1830
54088 1829
54104 1833
54120 1834
54137 1830
54153 1834
54169 1813
54186 1827
54202 1831
54218 1792
54235 1832
54251 1836
54267 1835
54284 1833
54300 1836
54316 1839
54334 1837
54350 1840
54366 1834
54383 1840
54399 1842
54415 1845
54432 1848
54448 1848
54464 1859
54481 1845
54497 1854
54513 1853
54530 1850
54546 1857
54562 1856
54579 1857
54595 1857
54611 1860
54628 1862
54644 1877
54660 1865
54677 1869
54693 1873
54709 1873
54726 1873
54742 1880
54758 1877
54775 1881
54791 1879
54807 1879
54824 1884
54840 1887
54856 1886
54873 1885
54889 1888
54905 1889
54922 1896
54938 1893
54954 1893
54971 1897
54987 1896
55003 1896
55020 1907
55036 1899
55052 1904
55069 1897
55085 1904
55101 1901
55118 1903
55134 1901
55150 1904
55167 1897
55183 1906
55199 1908
55216 1906
55232 1909
55248 1907
55265 1907
55281 1908
55297 1908
55314 1907
55331 1907
55348 1907
55364 1907
55380 1905
55397 1908
55413 1908
55429 1905
55446 1904
55462 1905
55478 1904
55495 1850
55511 1897
55527 1900
55544 1876
55560 1898
55576 1897
55593 1891
55609 1893
55625 1894
55642 1889
55658 1893
55674 1889
55691 1880
55707 1886
55723 1884
55740 1887
55756 1883
55772 1880
55789 1880
55805 1879
55821 1877
55838 1879
55854 1875
55870 1837
55887 1874
55903 1877
55919 1872
55936 1869
55952 1865
55968 1865
55985 1868
56001 1844
56017 1858
56034 1861
56050 1859
56066 1854
56083 1852
56099 1854
56115 1851
56132 1848
56148 1850
56164 1847
56181 1848
56197 1843
56213 1845
56230 1844
56246 1846
56262 1841
56279 1840
56295 1835
56311 1836
56328 1836
56345 1840
56361 1835
56378 1858
56394 1833
56410 1833
56427 1838
56443 1834
56459 1832
56476 1833
56492 1836
56508 1834
56525 1834
56541 1831
56557 1831
56574 1831
56590 1831
56606 1831
56623 1833
56639 1837
56655 1834
56672 1834
56688 1844
56704 1836
56721 1836
56737 1837
56753 1838
56770 1837
56786 1843
56802 1844
56819 1838
56835 1843
56851 1843
56868 1844
56884 1846
56900 1844
56917 1848
56933 1851
56949 1794
56966 1848
56982 1853
56998 1861
57015 1862
57031 1857
57047 1862
57064 1860
57080 1860
57096 1866
57113 1865
57129 1867
57145 1869
57162 1872
57178 1871
57194 1829
57211 1875
57227 1878
57243 1882
57260 1866
57276 1879
57292 1880
57309 1882
57325 1886
57341 1884
57358 1889
57374 1887
57390 1891
57407 1891
57423 1892
57439 1894
57456 1893
57472 1896
57488 1898
57505 1899
57521 1895
57537 1900
57554 1900
57570 1901
57586 1901
57603 1903
57619 1906
57635 1913
57652 1907
57668 1907
57684 1905
57701 1903
57717 1907
57733 1907
57750 1905
57766 1898
57782 1906
57799 1907
57815 1905
57831 1906
57848 1907
57864 1904
57880 1905
57897 1937
57913 1905
57929 1906
57946 1901
57962 1901
57978 1901
57995 1897
58011 1900
58027 1788
58044 1896
58060 1897
58076 1893
58093 1895
58109 1891
58125 1891
58142 1891
58158 1890
58174 1889
58191 1881
58207 1886
58223 1884
58240 1881
58256 1883
58272 1840
58289 1870
58305 1875
58321 1875
58339 1874
58355 1874
58372 1873
58388 1868
58404 1868
58421 1867
58437 1865
58453 1869
58470 1863
58486 1859
58502 1860
58519 1855
58535 1857
58551 1855
58568 1854
58584 1852
58600 1853
58617 1852
58633 1849
58649 1850
58666 1849
58682 1846
58698 1844
58715 1792
58731 1840
58747 1845
58764 1833
58780 1839
58796 1840
58813 1838
58829 1837
58845 1834
58862 1837
58878 1834
58894 1833
58911 1834
58927 1835
58943 1836
58960 1832
58976 1843
58992 1837
59009 1835
59025 1841
59041 1835
59058 1834
59074 1838
59090 1838
59107 1837
59123 1836
59139 1840
59156 1841
59172 1838
59188 1841
59205 1842
59221 1866
59237 1841
59254 1842
59270 1843
59286 1844
59303 1850
59319 1840
59336 1858
59353 1851
59369 1849
59385 1853
59402 1867
59418 1855
59434 1857
59451 1869
59467 1859
59483 1860
59500 1861
59516 1861
59532 1864
59549 1862
59565 1866
59581 1966
59598 1867
59614 1871
59630 1918
59647 1871
59663 1878
59679 1875
59696 1873
59712 1878
59728 1892
59745 1881
59761 1880
59777 1879
59794 1881
59810 1889
59826 1888
59843 1885
59859 1892
59875 1890
59892 1888
59908 1894
59924 1894
59941 1892
59957 1897
59973 1893
59990 1894
60006 1878
60022 1889
60039 1893
60055 1863
60071 1899
60088 1898
60104 1901
60120 1898
60137 1900
60153 1898
60169 2003
60186 1901
60202 1900
60218 1918
60235 1898
60251 1893
60267 1905
60284 1897
60300 1899
60316 1904
60334 1900
60350 1900
60366 1900
60383 1895
60399 1898
60415 1900
60432 1890
60448 1896
60464 1892
60481 1894
60497 1893
60513 1891
60530 1893
60546 1892
60562 1892
60579 1891
60595 1893
60611 1885
60628 1884
60644 1861
60660 1885
60677 1882
60693 1850
60709 1880
60726 1877
60742 1880
60758 1878
60775 1879
60791 1871
60807 1877
60824 1874
60840 1871
60856 1873
60873 1870
60889 1868
60905 1869
60922 1868
60938 1865
60954 1863
60971 1865
60987 1865
61003 1860
61020 1857
61036 1856
61052 1847
61069 1833
61085 1856
61101 1858
61118 1855
61134 1852
61150 1852
61167 1844
61183 1851
61199 1850
61216 1847
61232 1847
61248 1848
61265 1838
61281 1845
61297 1846
61314 1847
61331 1843
61348 1844
61364 1857
61380 1841
61397 1842
61413 1843
61429 1843
61446 1845
61462 1844
61478 1849
61495 1810
61511 1842
61527 1843
61544 1905
61560 1843
61576 1844
61593 1825
61609 1842
61625 1843
61642 1846
61658 1847
61674 1846
61691 1844
61707 1841
61723 1846
61740 1850
61756 1851
61772 1852
61789 1851
61805 1852
61821 1853
61838 1854
61854 1856
61870 1869
61887 1858
61903 1859
61919 1739
61936 1861
61952 1863
61968 1828
61985 1863
62001 1865
62017 1864
62034 1871
62050 1868
62066 1866
62083 1867
62099 1870
62115 1871
62132 1872
62148 1874
62164 1871
62181 1874
62197 1877
62213 1879
62230 1879
62246 1887
62262 1878
62279 1880
62295 1881
62311 1884
62328 1884
62345 1883
62361 1876
62378 1885
62394 1886
62410 1886
62427 1887
62443 1889
62459 1888
62476 1893
62492 1890
62508 1893
62525 1924
62541 1893
62557 1896
62574 1897
62590 1894
62606 1893
62623 1893
62639 1896
62655 1892
62672 1892
62688 1894
62704 1894
62721 1890
62737 1890
62753 1891
62770 1893
62786 1891
62802 1890
62819 1889
62835 1891
62851 1890
62868 1881
62884 1889
62900 1904
62917 1888
62933 1888
62949 1833
62966 1886
62982 1882
62998 1923
63015 1882
63031 1877
63047 1880
63064 1880
63080 1880
63096 1880
63113 1878
63129 1877
63145 1876
63162 1872
63178 1873
63194 1917
63211 1871
63227 1870
63243 1843
63260 1869
63276 1876
63292 1886
63309 1865
63325 1867
63341 1861
63358 1860
63374 1862
63390 1859
63407 1859
63423 1860
63439 1860
63456 1857
63472 1855
63488 1853
63505 1851
63521 1855
63537 1852
63554 1849
63570 1854
63586 1850
63603 1850
63619 1834
63635 1849
63652 1849
63668 1810
63684 1849
63701 1850
63717 1844
63733 1846
63750 1847
63766 1842
63782 1846
63799 1849
63815 1841
63831 1846
63848 1845
63864 1842
63880 1845
63897 1845
63913 1846
63929 1843
63946 1849
63962 1843
63978 1847
63995 1854
64011 1848
64027 1847
64044 1880
64060 1847
64076 1849
64093 1850
64109 1853
64125 1849
64142 1853
64158 1848
64174 1851
64191 1854
64207 1854
64223 1852
64240 1857
64256 1858
64272 1854
64289 1859
64305 1860
64321 1862
64339 1860
64355 1864
64372 1865
64388 1863
64404 1869
64421 1864
64437 1867
64453 1871
64470 1885
64486 1870
64502 1873
64519 1856
64535 1870
64551 1871
64568 1864
64584 1875
64600 1876
64617 1876
64633 1874
64649 1880
64666 1871
64682 1882
64698 1877
64715 1884
64731 1882
64747 1882
64764 1887
64780 1885
64796 1887
64813 1884
64829 1887
64845 1947
64862 1887
64878 1888
64894 1886
64911 1889
64927 1891
64943 1889
64960 1890
64976 1887
64992 1891
65009 1890
65025 1891
65041 1887
65058 1893
65074 1895
65090 1892
65107 1890
65123 1890
65139 1901
65156 1889
65172 1889
65188 1891
65205 1888
65221 1879
65237 1889
65254 1888
65270 1888
65286 1886
65303 1885
65319 1880
65336 1887
65353 1885
65369 1886
65385 1884
65402 1881
65418 1881
65434 1882
65451 1878
65467 1882
65483 1878
65500 1877
65516 1879
65532 1956
65549 1874
65565 1877
65581 1873
65598 1873
65614 1872
65630 1871
65647 1868
65663 1840
65679 1868
65696 1865
65712 1867
65728 1867
65745 1863
65761 1863
65777 1864
65794 1855
65810 1863
65826 1863
65843 1858
65859 1860
65875 1860
65892 1856
65908 1857
65924 1858
65941 1855
65957 1855
65973 1861
65990 1852
66006 1857
66022 1853
66039 1853
66055 1853
66071 1853
66088 1849
66104 1852
66120 1847
66137 1855
66153 1851
66169 1937
66186 1848
66202 1849
66218 1849
66235 1848
66251 1852
66267 1845
66284 1849
66300 1855
66316 1848
66334 1846
66350 1810
66366 1848
66383 1850
66399 1852
66415 1849
66432 1855
66448 1853
66464 1853
66481 1871
66497 1852
66513 1853
66530 1855
66546 1856
66562 1857
66579 1856
66595 1857
66611 1853
66628 1860
66644 1857
66660 1864
66677 1862
66693 1861
66709 1864
66726 1865
66742 1865
66758 1867
66775 1868
66791 1869
66807 1868
66824 1869
66840 1869
66856 1872
66873 1873
66889 1874
66905 1874
66922 1872
66938 1871
66954 1875
66971 1877
66987 1878
67004 1880
67020 1877
67036 1881
67053 1895
67069 1880
67086 1880
67102 1880
67119 1881
67135 1886
67151 1882
67168 1897
67184 1886
67201 1885
67217 1892
67234 1888
67250 1888
67266 1886
67283 1890
67299 1903
67316 1886
67333 1889
67350 1886
67366 1887
67383 1886
67399 1890
67415 1887
67432 1888
67448 1881
67465 1887
67481 1788
67498 1886
67514 1883
67530 1885
67547 1885
67563 1884
67580 1887
67596 1885
67613 1884
67629 1886
67645 1884
67662 1884
67678 1880
67695 1881
67711 1883
67728 1880
67744 1878
67760 1878
67777 1876
67793 1845
67810 1877
67826 1876
67843 1875
67859 1877
67875 1874
67892 1871
67908 1872
67925 1869
67941 1869
67958 1871
67974 1919
67990 1868
68007 1863
68023 1867
68040 1865
68056 1864
68073 1864
68089 1864
68105 1860
68122 1860
68138 1862
68155 1858
68171 1859
68188 1870
68204 1859
68220 1853
68237 1849
68253 1858
68270 1853
68286 1855
68303 1856
68319 1853
68337 1855
68353 1855
68369 1853
68386 1852
68402 1823
68419 1852
68435 1856
68452 1848
68468 1849
68484 1850
68501 1854
68517 1850
68534 1851
68550 1850
68567 1849
68583 1849
68599 1852
68616 1850
68632 1849
68649 1851
68665 1848
68682 1853
68698 1858
68714 1851
68731 1853
68747 1854
68764 1853
68780 1825
68797 1854
68813 1851
68829 1846
68846 1857
68862 1855
68879 1863
68895 1856
68912 1858
68928 1857
68944 1859
68961 1861
68977 1864
68994 1861
69010 1864
69027 1864
69043 1856
69059 1863
69076 1866
69092 1865
69109 1870
69125 1867
69142 1858
69158 1868
69174 1868
69191 1872
69207 1869
69224 1872
69240 1871
69257 1871
69273 1873
69289 1871
69306 1874
69322 1875
69340 1872
69356 1873
69373 1878
69389 1876
69406 1877
69422 1878
69438 1877
69455 1883
69471 1881
69488 1880
69504 1883
69521 1882
69537 1882
69553 1882
69570 1888
69586 1882
69603 1886
69619 1988
69636 1885
69652 1885
69668 1857
69685 1888
69701 1886
69718 1877
69734 1890
69751 1889
69767 1885
69783 1883
69800 1887
69816 1885
69833 1889
69849 1885
69866 1893
69882 1885
69898 1887
69915 1882
69931 1887
69948 1884
69964 1884
69981 1884
69997 1884
70013 1885
70030 1884
70046 1884
70063 1880
70079 1882
70096 1885
70112 1883
70128 1883
70145 1886
70161 1880
70178 1879
70194 1978
70211 1880
70227 1875
70243 1845
70260 1878
70276 1875
70293 1875
70309 1873
70326 1874
70343 1923
70360 1873
70376 1871
70392 1884
70409 1873
70425 1869
70442 1869
70458 1866
70475 1866
70491 1863
70507 1865
70524 1865
70540 1867
70557 1864
70573 1863
70590 1867
70606 1856
70622 1862
70639 1861
70655 1860
70672 1859
70688 1854
70705 1857
70721 1856
70737 1855
70754 1855
70770 1851
70787 1851
70803 1848
70820 1860
70836 1852
70852 1855
70869 1835
70885 1852
70902 1847
70918 1871
70935 1851
70951 1850
70967 1835
70984 1851
71000 1839
71017 1850
71033 1850
71050 1850
71066 1852
71082 1851
71099 1847
71115 1848
71132 1851
71148 1848
71165 1844
71181 1850
71197 1850
71214 1851
71230 1851
71247 1857
71263 1848
71280 1852
71296 1858
71312 1854
71330 1855
71346 1855
71363 1857
71379 1857
71396 1858
71412 1856
71429 1858
71445 1859
71461 1860
71478 1862
71494 1814
71511 1862
71527 1865
71544 1832
71560 1858
71576 1868
71593 1897
71609 1868
71626 1862
71642 1876
71659 1871
71675 1869
71691 1878
71708 1869
71724 1869
71741 1873
71757 1875
71774 1875
71790 1875
71806 1879
71823 1879
71839 1877
71856 1880
71872 1879
71889 1882
71905 1882
71921 1882
71938 1882
71954 1884
71971 1882
71987 1885
72004 1888
72020 1880
72036 1887
72053 1885
72069 1833
72086 1886
72102 1886
72119 1888
72135 1888
72151 1888
72168 1904
72184 1889
72201 1890
72217 1892
72234 1889
72250 1898
72266 1891
72283 1889
72299 1888
72316 1890
72333 1888
72350 1883
72366 1884
72383 1885
72399 1885
72415 1888
72432 1879
72448 1882
72465 1888
72481 1882
72498 1882
72514 1886
72530 1882
72547 1890
72563 1880
72580 1881
72596 1881
72613 1883
72629 1877
72645 1880
72662 1879
72678 1875
72695 1875
72711 1875
72728 1876
72744 1909
72760 1871
72777 1875
72793 1821
72810 1872
72826 1872
72843 1877
72859 1869
72875 1888
72892 1866
72908 1870
72925 1866
72941 1867
72958 1867
72974 1865
72990 1864
73007 1863
73023 1865
73040 1863
73056 1861
73073 1863
73089 1860
73105 1860
73122 1860
73138 1865
73155 1852
73171 1860
73188 1859
73204 1861
73220 1854
73237 1859
73253 1859
73270 1853
73286 1857
73303 1855
73319 1874
73336 1854
73353 1855
73369 1881
73386 1859
73402 1857
73419 1891
73435 1854
73451 1858
73468 1829
73484 1857
73501 1853
73517 1872
73534 1856
73550 1854
73566 1857
73583 1854
73599 1858
73616 1849
73632 1855
73649 1855
73665 1861
73681 1861
73698 1857
73714 1859
73731 1858
73747 1854
73764 1859
73780 1860
73796 1856
73813 1863
73829 1862
73846 1857
73862 1865
73879 1864
73895 1863
73911 1866
73928 1891
73944 1864
73961 1861
73977 1865
73994 1866
74010 1868
74026 1863
74043 1867
74059 1863
74076 1868
74092 1869
74109 1871
74125 1871
74141 1876
74158 1871
74174 1873
74191 1874
74207 1872
74224 1876
74240 1875
74256 1876
74273 1901
74289 1877
74306 1875
74322 1880
74340 1876
74356 1879
74373 1881
74389 1879
74405 1877
74422 1877
74438 1878
74455 1866
74471 1878
74488 1880
74504 1875
74520 1882
74537 1882
74553 1882
74570 1880
74586 1883
74603 1881
74619 1883
74635 1882
74652 1884
74668 1881
74685 1883
74701 1884
74718 1882
74734 1884
74750 1885
74767 1896
74783 1885
74800 1883
74816 1887
74833 1881
74849 1884
74865 1882
74882 1879
74898 1884
74915 1881
74931 1888
74948 1885
74964 1882
74980 1878
74997 1879
75013 1883
75030 1879
75046 1879
75063 1878
75079 1878
75095 1877
75112 1877
75128 1877
75145 1880
75161 1874
75178 1874
75194 1958
75210 1872
75227 1872
75243 1869
75260 1873
75276 1875
75293 1875
75309 1871
75325 1861
75342 1869
75358 1870
75375 1868
75391 1868
75408 1870
75424 1867
75441 1867
75457 1868
75473 1867
75490 1866
75506 1820
75523 1865
75539 1864
75556 1864
75572 1861
75588 1866
75605 1867
75621 1864
75638 1856
75654 1859
75671 1861
75687 1856
75703 1859
75720 1862
75736 1858
75753 1862
75769 1857
75786 1859
75802 1857
75818 1838
75835 1856
75851 1856
75868 1860
75884 1855
75901 1856
75917 1848
75933 1859
75950 1865
75966 1855
75983 1854
75999 1867
76016 1857
76032 1855
76048 1858
76065 1857
76081 1858
76098 1857
76114 1861
76131 1858
76147 1867
76163 1858
76180 1859
76196 1854
76213 1863
76229 1860
76246 1858
76262 1864
76278 1859
76295 1863
76311 1860
76328 1864
76345 1864
76362 1867
76378 1862
76395 1865
76411 1864
76427 1874
76444 1865
76460 1865
76477 1870
76493 1865
76510 1867
76526 1867
76542 1858
76559 1844
76575 1870
76592 1868
76608 1868
76625 1871
76641 1870
76657 1869
76674 1872
76690 1870
76707 1871
76723 1870
76740 1874
76756 1871
76772 1873
76789 1866
76805 1873
76822 1875
76838 1875
76855 1874
76871 1838
76887 1874
76904 1878
76920 1879
76937 1878
76953 1878
76970 1877
76986 1876
77002 1878
77019 1877
77035 1878
77052 1887
77068 1879
77085 1870
77101 1878
77117 1881
77134 1876
77150 1877
77167 1879
77183 1879
77200 1890
77216 1880
77232 1878
77249 1882
77265 1880
77282 1877
77298 1862
77315 1879
77332 1878
77349 1878
77365 1879
77381 1878
77398 1877
77414 1880
77431 1875
77447 1876
77464 1877
77480 1877
77496 1873
77513 1876
77529 1870
77546 1877
77562 1875
77579 1872
77595 1874
77611 1875
77628 1829
77644 1879
77661 1876
77677 1863
77694 1876
77710 1870
77726 1875
77743 1873
77759 1871
77776 1874
77792 1872
77809 1871
77825 1873
77841 1871
77858 1870
77874 1878
77891 1870
77907 1872
77924 1872
77940 1868
77956 1871
77973 1868
77989 1868
78006 1870
78022 1866
78039 1871
78055 1868
78071 1869
78088 1865
78104 1867
78121 1864
78137 1878
78154 1866
78170 1865
78186 1865
78203 1864
78219 1831
78236 1864
78252 1862
78269 1841
78285 1864
78301 1862
78318 1885
78335 1864
78352 1862
78368 1881
78385 1861
78401 1863
78417 1864
78434 1859
78450 1864
78467 1861
78483 1862
78500 1859
78516 1862
78532 1865
78549 1866
78565 1862
78582 1862
78598 1865
78615 1863
78631 1862
78647 1862
78664 1861
78680 1864
78697 1868
78713 1864
78730 1864
78746 1866
78762 1859
78779 1858
78795 1864
78812 1864
78828 1864
78845 1866
78861 1866
78877 1864
78894 1826
78910 1862
78927 1864
78943 1860
78960 1867
78976 1865
78992 1868
79009 1866
79025 1865
79042 1861
79058 1867
79075 1868
79091 1867
79107 1864
79124 1865
79140 1866
79157 1872
79173 1870
79190 1864
79206 1870
79222 1871
79239 1873
79255 1871
79272 1873
79288 1869
79305 1873
79321 1873
79339 1872
79355 1871
79371 1867
79388 1875
79404 1875
79421 1873
79437 1868
79454 1874
79470 1872
79486 1875
79503 1873
79519 1866
79536 1875
79552 1875
79569 1859
79585 1873
79601 1877
79618 1955
79634 1877
79651 1876
79667 1901
79684 1876
79700 1877
79716 1880
79733 1869
79749 1872
79766 1874
79782 1882
79799 1875
79815 1873
79831 1874
79848 1873
79864 1882
79881 1877
79897 1873
79914 1872
79930 1874
79946 1872
79963 1873
79979 1874
79996 1875
80012 1870
80029 1871
80045 1875
80061 1872
80078 1857
80094 1871
80111 1873
80127 1872
80144 1854
80160 1871
80176 1874
80193 1901
80209 1871
80226 1870
80242 1895
80259 1869
80275 1870
80291 1870
80308 1868
80324 1869
80341 1872
80358 1870
80374 1871
80391 1870
80407 1870
80423 1870
80440 1870
80456 1869
80473 1868
80489 1874
80506 1872
80522 1858
80538 1868
80555 1864
80571 1864
80588 1868
80604 1867
80621 1869
80637 1868
80653 1870
80670 1868
80686 1866
80703 1867
80719 1905
80736 1869
80752 1868
80768 1888
80785 1867
80801 1871
80818 1827
80834 1868
80851 1868
80867 1863
80883 1865
80900 1872
80916 1868
80933 1865
80949 1869
80966 1866
80982 1870
80998 1872
81015 1871
81031 1866
81048 1868
81064 1870
81081 1871
81097 1872
81113 1868
81130 1870
81146 1870
81163 1868
81179 1870
81196 1867
81212 1866
81228 1868
81245 1869
81261 1873
81278 1871
81294 1862
81311 1884
81327 1875
81345 1870
81361 1870
81378 1871
81394 1907
81410 1867
81427 1869
81443 1846
81460 1871
81476 1871
81493 1882
81509 1870
81525 1871
81542 1867
81558 1872
81575 1873
81591 1876
81608 1876
81624 1871
81640 1872
81657 1871
81673 1878
81690 1873
81706 1873
81723 1872
81739 1876
81755 1871
81772 1872
81788 1874
81805 1871
81821 1873
81838 1873
81854 1871
81870 1872
81887 1882
81903 1872
81920 1868
81936 1880
81953 1872
81969 1854
81985 1872
82002 1874
82018 1891
82035 1870
82051 1876
82068 1869
82084 1876
82100 1874
82117 1870
82133 1871
82150 1872
82166 1874
82183 1871
82199 1870
82215 1873
82232 1872
82248 1870
82265 1882
82281 1871
82298 1867
82314 1870
82331 1868
82348 1870
82364 1867
82381 1872
82397 1871
82414 1875
82430 1871
82446 1869
82463 1869
82479 1869
82496 1868
82512 1871
82529 1871
82545 1872
82561 1865
82578 1865
82594 1872
82611 1875
82627 1866
82644 1871
82660 1867
82676 1867
82693 1868
82709 1867
82726 1867
82742 1871
82759 1865
82775 1867
82791 1869
82808 1867
82824 1844
82841 1867
82857 1867
82874 1870
82890 1868
82906 1868
82923 1873
82939 1870
82956 1865
82972 1869
82989 1866
83005 1874
83021 1864
83038 1863
83054 1865
83071 1863
83087 1863
83104 1865
83120 1866
83136 1867
83153 1866
83169 1862
83186 1865
83202 1866
83219 1860
83235 1865
83251 1863
83268 1869
83284 1865
83301 1864
83317 1865
83335 1865
83351 1865
83368 1862
83384 1863
83400 1862
83417 1861
83433 1863
83450 1864
83466 1864
83483 1865
83499 1863
83515 1866
83532 1828
83548 1865
83565 1864
83581 1864
83598 1865
83614 1866
83630 1865
83647 1866
83663 1865
83680 1865
83696 1866
83713 1868
83729 1862
83745 1865
83762 1869
83778 1881
83795 1867
83811 1866
83828 1863
83844 1890
83860 1867
83877 1870
83893 1873
83910 1868
83926 1870
83943 1869
83959 1871
83975 1877
83992 1871
84008 1870
84025 1870
84041 1871
84058 1870
84074 1871
84090 1870
84107 1869
84123 1871
84140 1867
84156 1876
84173 1871
84189 1871
84205 1874
84222 1869
84238 1876
84255 1871
84271 1860
84288 1873
84304 1870
84320 1874
84338 1874
84354 1875
84371 1873
84387 1873
84404 1871
84420 1874
84437 1874
84453 1856
84469 1873
84486 1874
84502 1880
84519 1891
84535 1872
84552 1876
84568 1876
84584 1847
84601 1873
84617 1875
84634 1871
84650 1874
84667 1872
84683 1871
84699 1872
84716 1876
84732 1874
84749 1874
84765 1861
84782 1877
84798 1870
84814 1875
84831 1873
84847 1873
84864 1872
84880 1872
84897 1858
84913 1872
84929 1870
84946 1867
84962 1871
84979 1870
84995 1870
85012 1872
85028 1868
85044 1870
85061 1869
85077 1871
85094 1865
85110 1874
85127 1869
85143 1836
85159 1868
85176 1868
85192 1867
85209 1870
85225 1866
85242 1868
85258 1868
85274 1865
85291 1866
85307 1867
85324 1872
85341 1866
85358 1867
85374 1866
85391 1863
85407 1868
85423 1868
85440 1862
85456 1866
85473 1867
85489 1864
85506 1840
85522 1866
85538 1865
85555 1863
85571 1864
85588 1864
85604 1867
85621 1861
85637 1902
85653 1863
85670 1864
85686 1865
85703 1866
85719 1867
85736 1864
85752 1855
85768 1868
85785 1870
85801 1865
85818 1882
85834 1865
85851 1867
85867 1868
85883 1867
85900 1866
85916 1864
85933 1864
85949 1866
85966 1865
85982 1862
85998 1864
86015 1868
86031 1866
86048 1866
86064 1869
86081 1870
86097 1867
86113 1869
86130 1865
86146 1870
86163 1868
86179 1858
86196 1874
86212 1868
86228 1870
86245 1898
86261 1867
86278 1868
86294 1873
86311 1870
86327 1870
86345 1868
86361 1872
86378 1870
86394 1876
86410 1868
86427 1873
86443 1873
86460 1873
86476 1872
86493 1874
86509 1873
86525 1872
86542 1872
86558 1876
86575 1871
86591 1876
86608 1874
86624 1851
86640 1873
86657 1873
86673 1880
86690 1878
86706 1877
86723 1877
86739 1879
86755 1879
86772 1878
86788 1875
86805 1878
86821 1880
86838 1879
86854 1882
86870 1872
86887 1875
86903 1878
86920 1876
86936 1877
86953 1876
86969 1877
86985 1876
87002 1875
87018 1877
87035 1878
87051 1877
87068 1879
87084 1876
87100 1876
87117 1874
87133 1876
87150 1877
87166 1870
87183 1874
87199 1874
87215 1874
87232 1875
87248 1875
87265 1872
87281 1873
87298 1874
87314 1866
87331 1873
87348 1871
87364 1882
87381 1873
87397 1877
87414 1871
87430 1870
87446 1871
87463 1868
87479 1869
87496 1867
87512 1868
87529 1868
87545 1869
87561 1866
87578 1871
87594 1877
87611 1866
87627 1866
87644 1836
87660 1860
87676 1864
87693 1904
87709 1864
87726 1851
87742 1862
87759 1863
87775 1863
87791 1860
87808 1861
87824 1861
87841 1854
87857 1863
87874 1867
87890 1856
87906 1863
87923 1859
87939 1866
87956 1860
87972 1860
87989 1862
88005 1861
88021 1861
88038 1861
88054 1859
88071 1859
88087 1859
88104 1856
88120 1858
88136 1859
88153 1859
88169 1866
88186 1861
88202 1860
88219 1846
88235 1866
88251 1862
88268 1868
88284 1861
88301 1861
88317 1856
88335 1863
88351 1859
88368 1866
88384 1862
88400 1860
88417 1850
88433 1862
88450 1862
88466 1860
88483 1863
88499 1864
88515 1866
88532 1862
88548 1863
88565 1865
88581 1867
88598 1866
88614 1867
88630 1866
88647 1864
88663 1866
88680 1871
88696 1866
88713 1871
88729 1865
88745 1869
88762 1869
88778 1880
88795 1871
88811 1871
88828 1869
88844 1842
88860 1873
88877 1869
88893 1846
88910 1874
88926 1874
88943 1960
88959 1875
88975 1877
88992 1870
89008 1875
89025 1875
89041 1876
89058 1876
89074 1877
89090 1875
89107 1875
89123 1878
89140 1872
89156 1876
89173 1875
89189 1877
89205 1879
89222 1882
89238 1876
89255 1881
89271 1879
89288 1875
89304 1881
89320 1875
89338 1879
89354 1876
89371 1877
89387 1880
89404 1877
89420 1879
89437 1878
89453 1880
89469 1881
89486 1875
89502 1880
89519 1983
89535 1879
89552 1877
89568 1846
89584 1879
89601 1876
89617 1877
89634 1875
89650 1878
89667 1872
89683 1873
89699 1874
89716 1872
89732 1874
89749 1877
89765 1876
89782 1874
89798 1874
89814 1874
89831 1874
89847 1875
89864 1876
89880 1864
89897 1874
89913 1872
89929 1872
89946 1870
89962 1869
89979 1871
89995 1869
90012 1869
90028 1865
90044 1874
90061 1869
90077 1866
90094 1868
90110 1869
90127 1867
90143 1827
90159 1862
90176 1866
90192 1864
90209 1865
90225 1866
90242 1863
90258 1864
90274 1864
90291 1862
90307 1861
90324 1861
90341 1860
90358 1861
90374 1862
90391 1868
90407 1861
90423 1861
90440 1860
90456 1861
90473 1858
90489 1861
90506 1859
90522 1927
90538 1860
90555 1861
90571 1857
90588 1861
90604 1860
90621 1855
90637 1859
90653 1847
90670 1870
90686 1858
90703 1861
90719 1861
90736 1860
90752 1859
90768 1858
90785 1857
90801 1862
90818 1859
90834 1837
90851 1860
90867 1858
90883 1856
90900 1859
90916 1863
90933 1859
90949 1862
90966 1858
90982 1863
90998 1860
91015 1858
91031 1862
91048 1862
91064 1858
91081 1863
91097 1865
91113 1864
91130 1861
91146 1865
91163 1865
91179 1865
91196 1866
91212 1867
91228 1869
91245 1851
91261 1868
91278 1869
91294 1861
91311 1868
91327 1869
91345 1868
91361 1873
91378 1868
91394 1874
91410 1871
91427 1852
91443 1874
91460 1873
91476 1870
91493 1875
91509 1877
91525 1875
91542 1875
91558 1865
91575 1870
91591 1875
91608 1876
91624 1878
91640 1876
91657 1875
91673 1879
91690 1874
91706 1878
91723 1879
91739 1858
91755 1879
91772 1879
91788 1874
91805 1884
91821 1876
91838 1880
91854 1879
91870 1869
91887 1878
91903 1881
91920 1877
91936 1877
91953 1879
91969 1879
91985 1881
92002 1879
92018 1880
92035 1878
92051 1875
92068 1878
92084 1876
92100 1880
92117 1878
92133 1879
92150 1880
92166 1877
92183 1880
92199 1875
92215 1876
92232 1876
92248 1872
92265 1876
92281 1879
92298 1848
92314 1863
92331 1877
92348 1881
92364 1873
92381 1874
92397 1872
92414 1873
92430 1872
92446 1872
92463 1872
92479 1864
92496 1873
92512 1871
92529 1864
92545 1869
92561 1870
92578 1868
92594 1868
92611 1951
92627 1874
92644 1867
92660 1872
92676 1869
92693 1866
92709 1866
92726 1869
92742 1865
92759 1868
92775 1867
92791 1827
92808 1868
92824 1866
92841 1861
92857 1865
92874 1861
92890 1865
92906 1860
92923 1906
92939 1856
92956 1865
92972 1867
92989 1866
93005 1862
93021 1876
93038 1867
93054 1865
93071 1865
93087 1865
93104 1863
93120 1863
93136 1868
93153 1865
93169 1860
93186 1863
93202 1863
93219 1865
93235 1863
93251 1867
93268 1867
93284 1868
93301 1865
93317 1865
93335 1862
93351 1868
93368 1868
93384 1865
93400 1865
93417 1865
93433 1866
93450 1864
93466 1866
93483 1864
93499 1868
93515 1869
93532 1918
93548 1868
93565 1874
93581 1870
93598 1869
93614 1870
93630 1869
93647 1868
93663 1869
93680 1868
93696 1870
93713 1871
93729 1872
93745 1871
93762 1871
93778 1870
93795 1871
93811 1869
93828 1872
93844 1847
93860 1872
93877 1872
93893 1867
93910 1884
93926 1873
93943 1871
93959 1874
93975 1871
93992 1873
94008 1875
94025 1886
94041 1879
94058 1875
94074 1875
94090 1869
94107 1873
94123 1870
94140 1877
94156 1877
94173 1863
94189 1875
94205 1876
94222 1871
94238 1874
94255 1877
94271 1872
94288 1869
94304 1874
94320 1876
94338 1877
94354 1875
94371 1876
94387 1875
94404 1875
94420 1873
94437 1874
94453 1853
94469 1873
94486 1879
94502 1876
94519 1874
94535 1874
94552 1873
94568 1874
94584 1891
94601 1874
94617 1878
94634 1879
94650 1876
94667 1872
94683 1871
94699 1874
94716 1873
94732 1870
94749 1872
94765 1872
94782 1876
94798 1872
94814 1868
94831 1874
94847 1871
94864 1875
94880 1868
94897 1933
94913 1871
94929 1869
94946 1873
94962 1873
94979 1870
94995 1870
95012 1868
95028 1870
95044 1868
95061 1867
95077 1865
95094 1867
95110 1869
95127 1868
95143 1843
95159 1876
95176 1868
95192 1868
95209 1870
95225 1865
95242 1865
95258 1867
95274 1867
95291 1862
95307 1866
95324 1864
95341 1867
95358 1867
95374 1867
95391 1865
95407 1864
95423 1867
95440 1869
95456 1865
95473 1863
95489 1863
95506 1863
95522 1865
95538 1867
95555 1864
95571 1865
95588 1866
95604 1864
95621 1871
95637 1862
95653 1865
95670 1843
95686 1868
95703 1867
95719 1847
95736 1866
95752 1868
95768 1917
95785 1868
95801 1865
95818 1864
95834 1869
95851 1868
95867 1866
95883 1867
95900 1866
95916 1871
95933 1867
95949 1868
95966 1867
95982 1872
95998 1867
96015 1868
96031 1868
96048 1870
96064 1861
96081 1871
96097 1873
96113 1873
96130 1883
96146 1872
96163 1870
96179 1870
96196 1870
96212 1871
96228 1871
96245 1873
96261 1873
96278 1870
96294 1872
96311 1870
96327 1873
96345 1873
96361 1867
96378 1874
96394 1864
96410 1872
96427 1866
96443 1851
96460 1875
96476 1871
96493 1914
96509 1874
96525 1874
96542 1922
96558 1873
96575 1871
96591 1874
96608 1870
96624 1869
96640 1869
96657 1872
96673 1871
96690 1873
96706 1873
96723 1872
96739 1874
96755 1871
96772 1871
96788 1869
96805 1873
96821 1867
96838 1870
96854 1872
96870 1871
96887 1870
96903 1867
96920 1871
96936 1871
96953 1871
96969 1862
96985 1871
97002 1871
97018 1853
97035 1868
97051 1871
97068 1885
97084 1869
97100 1870
97117 1873
97133 1871
97150 1869
97166 1868
97183 1871
97199 1869
97215 1865
97232 1869
97248 1867
97265 1868
97281 1869
97298 1867
97314 1870
97331 1866
97348 1868
97364 1865
97381 1871
97397 1868
97414 1869
97430 1871
97446 1866
97463 1867
97479 1871
97496 1868
97512 1867
97529 1870
97545 1867
97561 1866
97578 1867
97594 1874
97611 1870
97627 1869
97644 1935
97660 1870
97676 1865
97693 1841
97709 1871
97726 1870
97742 1876
97759 1870
97775 1872
97791 1872
97808 1870
97824 1870
97841 1868
97857 1881
97874 1877
97890 1866
97906 1873
97923 1874
97939 1864
97956 1870
97972 1870
97989 1873
98005 1870
98021 1870
98038 1874
98054 1871
98071 1873
98087 1871
98104 1873
98120 1871
98136 1875
98153 1873
98169 1870
98186 1873
98202 1872
98219 1885
98235 1870
98251 1871
98268 1867
98284 1876
98301 1876
98317 1888
98335 1870
98351 1874
98368 1847
98384 1869
98400 1875
98417 1862
98433 1872
98450 1872
98466 1878
98483 1874
98499 1873
98515 1869
98532 1872
98548 1870
98565 1872
98581 1869
98598 1873
98614 1873
98630 1870
98647 1871
98663 1872
98680 1872
98696 1871
98713 1873
98729 1872
98745 1872
98762 1871
98778 1869
98795 1871
98811 1867
98828 1870
98844 1859
98860 1870
98877 1870
98893 1900
98910 1866
98926 1869
98943 1823
98959 1875
98975 1867
98992 1882
99008 1870
99025 1868
99041 1860
99058 1869
99074 1863
99090 1867
99107 1866
99123 1869
99140 1866
99156 1866
99173 1882
99189 1863
99205 1866
99222 1865
99238 1867
99255 1868
99271 1871
99288 1857
99304 1870
99320 1866
99338 1869
99354 1869
99371 1869
99387 1870
99404 1865
99420 1894
99437 1865
99453 1866
99469 1868
99486 1866
99502 1867
99519 1867
99535 1856
99552 1863
99568 1867
99584 1866
99601 1877
99617 1865
99634 1863
99650 1866
99667 1865
99683 1868
99699 1868
99716 1866
99732 1893
99749 1865
99765 1866
99782 1868
99798 1865
99814 1865
99831 1857
99847 1871
99864 1870
99880 1866
99897 1864
99913 1867
99929 1863
99946 1868
99962 1868
99979 1868
99995 1873
100012 1868
100028 1864
100044 1863
100061 1867
100077 1868
100094 1869
100110 1868
100127 1866
100143 1902
100159 1869
100176 1868
100192 1868
100209 1872
100225 1867
100242 1873
100258 1868
100274 1870
100291 1879
100307 1869
100324 1892
100341 1870
100358 1870
100374 1866
100391 1871
100407 1864
100423 1872
100440 1871
100456 1874
100473 1876
100489 1868
100506 1849
100522 1870
100538 1876
100555 1869
100571 1872
100588 1872
100604 1871
100621 1870
100637 1866
100653 1877
100670 1874
100687 1877
100703 1875
100719 1875
100735 1877
100752 1877
100768 1878
100784 1877
100801 1879
100817 1867
100833 1877
100849 1878
100866 1871
100882 1878
100898 1876
100915 1876
100931 1876
100947 1872
100963 1878
100980 1879
100996 1875
101012 1875
101029 1877
101045 1878
101061 1876
101077 1879
101094 1876
101110 1878
101126 1877
101143 1922
101159 1876
101175 1877
101191 1883
101208 1871
101224 1875
101240 1878
101257 1879
101273 1843
101289 1877
101305 1874
101322 1874
101339 1871
101355 1874
101372 1876
101388 1872
101404 1870
101421 1870
101437 1872
101453 1872
101469 1870
101486 1871
101502 1869
101518 1872
101535 1872
101551 1874
101567 1868
101583 1934
101600 1866
101616 1869
101632 1865
101649 1873
101665 1868
101681 1867
101697 1869
101714 1818
101730 1864
101746 1868
101763 1867
101779 1868
101795 1866
101811 1865
101828 1865
101844 1932
101860 1866
101877 1861
101893 1868
101909 1868
101925 1865
101942 1866
101958 1863
101974 1847
101991 1864
102007 1863
102023 1869
102039 1849
102056 1861
102072 1861
102088 1862
102105 1859
102121 1863
102137 1865
102153 1861
102170 1862
102186 1860
102202 1861
102219 1804
102235 1861
102251 1863
102267 1866
102284 1861
102300 1864
102316 1861
102334 1861
102350 1891
102366 1861
102383 1862
102399 1861
102415 1863
102431 1864
102448 1860
102464 1863
102480 1835
102497 1864
102513 1866
102529 1865
102545 1863
102562 1866
102578 1862
102594 1863
102611 1932
102627 1869
102643 1862
102659 1863
102676 1866
102692 1863
102708 1860
102725 1864
102741 1886
102757 1870
102773 1870
102790 1873
102806 1868
102822 1870
102839 1859
102855 1870
102871 1867
102887 1868
102904 1869
102920 1872
102936 1865
102953 1871
102969 1867
102985 1869
103001 1868
103018 1872
103034 1870
103050 1871
103067 1871
103083 1870
103099 1869
103115 1873
103132 1872
103148 1870
103164 1868
103181 1872
103197 1868
103213 1869
103229 1873
103246 1899
103262 1869
103278 1871
103295 1869
103311 1870
103327 1873
103345 1874
103361 1873
103377 1870
103393 1875
103410 1875
103426 1870
103442 1872
103459 1874
103475 1884
103491 1874
103507 1875
103524 1875
103540 1873
103556 1871
103573 1877
103589 1874
103605 1871
103621 1875
103638 1878
103654 1872
103670 1872
103687 1887
103703 1873
103719 1874
103735 1870
103752 1873
103768 1875
103784 1871
103801 1873
103817 1866
103833 1873
103849 1871
103866 1872
103882 1871
103898 1872
103915 1873
103931 1873
103947 1882
103963 1871
103980 1872
103996 1873
104012 1871
104029 1871
104045 1869
104061 1867
104077 1869
104094 1867
104110 1871
104126 1872
104143 1845
104159 1871
104175 1869
104191 1872
104208 1867
104224 1873
104240 1868
104257 1872
104273 1870
104289 1870
104305 1866
104322 1869
104339 1871
104355 1870
104372 1867
104388 1871
104404 1868
104421 1868
104437 1870
104453 1867
104469 1867
104486 1867
104502 1867
104518 1885
104535 1859
104551 1866
104567 1877
104583 1868
104600 1868
104616 1856
104632 1865
104649 1867
104665 1866
104681 1864
104697 1867
104714 1865
104730 1866
104746 1865
104763 1866
104779 1865
104795 1865
104811 1865
104828 1864
104844 1857
104860 1866
104877 1866
104893 1875
104909 1866
104925 1865
104942 1846
104958 1868
104974 1865
104991 1868
105007 1868
105023 1866
105039 1865
105056 1869
105072 1868
105088 1866
105105 1866
105121 1869
105137 1874
105153 1856
105170 1866
105186 1868
105202 1862
105219 1829
105235 1869
105251 1866
105267 1838
105284 1866
105300 1868
105316 1869
105334 1870
105350 1867
105366 1868
105383 1865
105399 1869
105415 1872
105431 1869
105448 1855
105464 1866
105480 1870
105497 1869
105513 1868
105529 1869
105545 1876
105562 1870
105578 1874
105594 1868
105611 1869
105627 1867
105643 1855
105659 1868
105676 1870
105692 1873
105708 1872
105725 1870
105741 1868
105757 1871
105773 1865
105790 1875
105806 1873
105822 1871
105839 1868
105855 1870
105871 1874
105887 1871
105904 1872
105920 1869
105936 1870
105953 1871
105969 1861
105985 1872
106001 1868
106018 1844
106034 1872
106050 1870
106067 1884
106083 1871
106099 1872
106115 1871
106132 1870
106148 1871
106164 1871
106181 1872
106197 1877
106213 1871
106229 1877
106246 1871
106262 1869
106278 1872
106295 1871
106311 1872
106327 1872
106344 1871
106361 1871
106377 1867
106393 1889
106410 1871
106426 1871
106442 1841
106458 1870
106475 1871
106491 1870
106507 1872
106524 1871
106540 1872
106556 1866
106572 1873
106589 1870
106605 1869
106621 1872
106638 1871
106654 1871
106670 1870
106686 1870
106703 1869
106719 1868
106735 1871
106752 1871
106768 1891
106784 1869
106800 1873
106817 1878
106833 1875
106849 1872
106866 1868
106882 1871
106898 1872
106914 1872
106931 1873
106947 1869
106963 1865
106980 1868
106996 1877
107012 1868
107028 1870
107045 1872
107061 1869
107077 1871
107094 1864
107110 1870
107126 1867
107142 1928
107159 1871
107175 1876
107191 1870
107208 1867
107224 1869
107240 1867
107256 1866
107273 1868
107289 1871
107305 1867
107322 1868
107339 1866
107355 1866
107372 1867
107388 1867
107404 1868
107420 1866
107437 1866
107453 1868
107469 1868
107486 1864
107502 1864
107518 1848
107534 1863
107551 1865
107567 1897
107583 1866
107600 1866
107616 1859
107632 1865
107648 1866
107665 1863
107681 1865
107697 1867
107714 1864
107730 1863
107746 1862
107762 1865
107779 1863
107795 1863
107811 1863
107828 1863
107844 1861
107860 1868
107876 1864
107893 1836
107909 1863
107925 1865
107942 1849
107958 1864
107974 1863
107990 1866
108007 1879
108023 1862
108039 1868
108056 1864
108072 1864
108088 1867
108104 1865
108121 1865
108137 1865
108153 1860
108170 1861
108186 1870
108202 1865
108218 1892
108235 1866
108251 1863
108267 1862
108284 1864
108300 1866
108316 1867
108334 1868
108350 1867
108366 1864
108382 1865
108399 1868
108415 1868
108431 1865
108448 1867
108464 1867
108480 1866
108496 1865
108513 1867
108529 1863
108545 1767
108562 1868
108578 1864
108594 1946
108610 1868
108627 1868
108643 1867
108659 1869
108676 1871
108692 1868
108708 1869
108724 1869
108741 1869
108757 1869
108773 1871
108790 1873
108806 1872
108822 1880
108838 1868
108855 1871
108871 1871
108887 1875
108904 1872
108920 1845
108936 1873
108952 1872
108969 1881
108985 1873
109001 1875
109018 1878
109034 1870
109050 1875
109066 1875
109083 1874
109099 1874
109115 1877
109132 1872
109148 1876
109164 1874
109180 1868
109197 1873
109213 1872
109229 1876
109246 1874
109262 1875
109278 1875
109294 1872
109311 1875
109327 1870
109344 1873
109361 1873
109377 1871
109393 1926
109409 1873
109426 1873
109442 1852
109458 1865
109475 1874
109491 1866
109507 1872
109523 1874
109540 1872
109556 1870
109572 1875
109589 1871
109605 1871
109621 1872
109637 1871
109654 1870
109670 1872
109686 1870
109703 1843
109719 1869
109735 1870
109751 1873
109768 1868
109784 1868
109800 1870
109817 1869
109833 1880
109849 1868
109865 1871
109882 1877
109898 1870
109914 1871
109931 1867
109947 1868
109963 1840
109979 1868
109996 1870
110012 1867
110028 1863
110045 1867
110061 1867
110077 1868
110093 1866
110110 1867
110126 1865
110142 1826
110159 1865
110175 1865
110191 1862
110207 1867
110224 1872
110240 1867
110256 1867
110273 1844
110289 1866
110305 1863
110321 1862
110339 1865
110355 1863
110371 1865
110388 1867
110404 1867
110420 1864
110437 1868
110453 1865
110469 1863
110485 1861
110502 1874
110518 1865
110534 1866
110551 1864
110567 1865
110583 1839
110599 1862
110616 1863
110632 1854
110648 1866
110665 1866
110681 1866
110697 1867
110713 1875
110730 1865
110746 1864
110762 1865
110779 1860
110795 1865
110811 1865
110827 1860
110844 1830
110860 1863
110876 1860
110893 1864
110909 1860
110925 1865
110941 1864
110958 1863
110974 1892
110990 1864
111007 1863
111023 1871
111039 1865
111055 1870
111072 1864
111088 1866
111104 1864
111121 1866
111137 1863
111153 1864
111169 1868
111186 1866
111202 1866
111218 1886
111235 1865
111251 1869
111267 1867
111283 1866
111300 1860
111316 1868
111333 1867
111350 1901
111366 1868
111382 1870
111399 1864
111415 1864
111431 1867
111447 1870
111464 1869
111480 1856
111496 1885
111513 1872
111529 1869
111545 1870
111561 1870
111578 1868
111594 1871
111610 1855
111627 1872
111643 1870
111659 1869
111675 1871
111692 1870
111708 1869
111724 1863
111741 1869
111757 1871
111773 1874
111789 1872
111806 1859
111822 1875
111838 1874
111855 1872
111871 1865
111887 1875
111903 1875
111920 1889
111936 1869
111952 1874
111969 1873
111985 1872
112001 1873
112017 1872
112034 1871
112050 1874
112066 1873
112083 1872
112099 1874
112115 1873
112131 1875
112148 1875
112164 1875
112180 1872
112197 1871
112213 1873
112229 1874
112245 1827
112262 1874
112278 1873
112294 1868
112311 1872
112327 1871
112344 1872
112361 1871
112377 1869
112393 1870
112409 1869
112426 1872
112442 1871
112458 1872
112475 1870
112491 1868
112507 1874
112523 1872
112540 1875
112556 1871
112572 1871
112589 1869
112605 1871
112621 1871
112637 1868
112654 1871
112670 1870
112686 1868
112703 1869
112719 1867
112735 1870
112751 1867
112768 1868
112784 1864
112800 1869
112817 1881
112833 1865
112849 1871
112865 1867
112882 1870
112898 1869
112914 1869
112931 1871
112947 1873
112963 1871
112979 1870
112996 1870
113012 1866
113028 1868
113045 1872
113061 1868
113077 1869
113093 1867
113110 1869
113126 1865
113142 1819
113159 1869
113175 1867
113191 1872
113207 1865
113224 1869
113240 1870
113256 1867
113273 1867
113289 1869
113305 1870
113321 1865
113339 1868
113355 1865
113371 1867
113388 1865
113404 1871
113420 1867
113437 1869
113453 1870
113469 1872
113485 1871
113502 1882
113518 1849
113534 1870
113551 1869
113567 1867
113583 1866
113599 1871
113616 1871
113632 1861
113648 1870
113665 1872
113681 1875
113697 1872
113713 1871
113730 1871
113746 1872
113762 1872
113779 1867
113795 1873
113811 1872
113827 1869
113844 1865
113860 1872
113876 1870
113893 1838
113909 1868
113925 1873
113941 1887
113958 1869
113974 1871
113990 1871
114007 1873
114023 1872
114039 1869
114055 1871
114072 1870
114088 1872
114104 1870
114121 1872
114137 1871
114153 1870
114169 1869
114186 1870
114202 1870
114218 1903
114235 1871
114251 1871
114267 1822
114283 1872
114300 1870
114316 1872
114333 1872
114350 1870
114366 1871
114382 1868
114398 1870
114415 1872
114431 1876
114447 1872
114464 1879
114480 1869
114496 1870
114512 1870
114529 1868
114545 1871
114561 1869
114578 1869
114594 1867
114610 1874
114626 1871
114643 1860
114659 1869
114675 1870
114692 1867
114708 1870
114724 1872
114740 1872
114757 1871
114773 1872
114789 1871
114806 1873
114822 1875
114838 1870
114854 1876
114871 1870
114887 1871
114903 1868
114920 1869
114936 1871
114952 1868
114968 1839
114985 1869
115001 1869
115017 1872
115034 1869
115050 1868
115066 1872
115082 1866
115099 1870
115115 1872
115131 1869
115148 1868
115164 1874
115180 1868
115196 1871
115213 1870
115229 1869
115245 1871
115262 1870
115278 1871
115294 1870
115310 1869
115327 1874
115344 1876
115360 1871
115377 1865
115393 1898
115409 1867
115426 1868
115442 1859
115458 1872
115474 1869
115491 1868
115507 1870
115523 1871
115540 1871
115556 1869
115572 1871
115588 1868
115605 1857
115621 1871
115637 1871
115654 1869
115670 1875
115686 1869
115702 1870
115719 1859
115735 1869
115751 1869
115768 1907
115784 1867
115800 1869
115816 1842
115833 1862
115849 1872
115865 1872
115882 1869
115898 1865
115914 1866
115930 1869
115947 1865
115963 1871
115979 1870
115996 1868
116012 1871
116028 1870
116044 1870
116061 1873
116077 1870
116093 1870
116110 1868
116126 1870
116142 1950
116158 1869
116175 1870
116191 1870
116207 1869
116224 1869
116240 1875
116256 1890
116272 1859
116289 1873
116305 1863
116321 1875
116339 1871
116355 1870
116371 1869
116388 1888
116404 1869
116420 1870
116436 1869
116453 1870
116469 1870
116485 1870
116502 1868
116518 1851
116534 1872
116550 1869
116567 1864
116583 1871
116599 1867
116616 1871
116632 1867
116648 1872
116664 1867
116681 1864
116697 1866
116713 1866
116730 1866
116746 1867
116762 1863
116778 1868
116795 1865
116811 1867
116827 1868
116844 1858
116860 1862
116876 1867
116892 1841
116909 1864
116925 1866
116941 1884
116958 1863
116974 1867
116990 1871
117006 1867
117023 1864
117039 1859
117055 1861
117072 1866
117088 1867
117104 1865
117120 1862
117137 1865
117153 1867
117169 1869
117186 1866
117202 1865
117218 1970
117234 1867
117251 1863
117267 1860
117283 1868
117300 1868
117316 1863
117333 1867
117350 1866
117366 1867
117382 1867
117398 1885
117415 1871
117431 1875
117447 1869
117464 1869
117480 1868
117496 1869
117512 1870
117529 1841
117545 1868
117561 1874
117578 1865
117594 1870
117610 1869
117626 1872
117643 1873
117659 1892
117675 1870
117692 1871
117708 1871
117724 1870
117740 1873
117757 1872
117773 1874
117789 1859
117806 1873
117822 1864
117838 1874
117854 1876
117871 1879
117887 1876
117903 1875
117920 1872
117936 1876
117952 1876
117968 1872
117985 1876
118001 1874
118017 1875
118034 1876
118050 1862
118066 1875
118082 1874
118099 1877
118115 1874
118131 1877
118148 1876
118164 1878
118180 1878
118196 1873
118213 1875
118229 1874
118245 1827
118262 1868
118278 1873
118294 1877
118310 1874
118327 1870
118344 1872
118360 1871
118377 1880
118393 1873
118409 1870
118425 1871
118442 1874
118458 1875
118474 1872
118491 1872
118507 1873
118523 1872
118539 1871
118556 1874
118572 1867
118588 1870
118605 1871
118621 1872
118637 1876
118653 1866
118670 1871
118686 1871
118702 1869
118719 1873
118735 1869
118751 1868
118767 1868
118784 1867
118800 1871
118816 1850
118833 1869
118849 1867
118865 1868
118881 1870
118898 1871
118914 1867
118930 1858
118947 1864
118963 1868
118979 1865
118995 1863
119012 1865
119028 1871
119044 1863
119061 1865
119077 1866
119093 1865
119109 1865
119126 1864
119142 1818
119158 1867
119175 1868
119191 1865
119207 1868
119223 1864
119240 1862
119256 1864
119272 1927
119289 1863
119305 1863
119321 1865
119339 1863
119355 1863
119371 1866
119387 1868
119404 1865
119420 1866
119436 1867
119453 1865
119469 1866
119485 1863
119501 1867
119518 1865
119534 1861
119550 1862
119567 1865
119583 1823
119599 1865
119615 1864
119632 1867
119648 1862
119664 1867
119681 1866
119697 1864
119713 1899
119729 1865
119746 1866
119762 1862
119778 1868
119795 1872
119811 1863
119827 1868
119843 1832
119860 1866
119876 1869
119892 1870
119909 1867
119925 1867
119941 1866
119957 1865
119974 1889
119990 1865
120006 1867
120023 1870
120039 1869
120055 1870
120071 1869
120088 1868
120104 1870
120120 1869
120137 1873
120153 1868
120169 1869
120185 1857
120202 1872
120218 1873
120234 1872
120251 1870
120267 1869
120283 1870
120299 1872
120316 1869
120333 1871
120349 1870
120366 1893
120382 1933
120398 1954
120415 1979
120431 1994
120447 2003
120463 2015
120480 2013
120496 2029
120512 2035
120529 2037
120545 2046
120561 2048
120577 2052
120594 2055
120610 2037
120626 2058
120643 2057
120659 2058
120675 2059
120691 2059
120708 2055
120724 2059
120740 2005
120757 2057
120773 2063
120789 2056
120805 2054
120822 2051
120838 2064
120854 2046
120871 2051
120887 2041
120903 2040
120919 2035
120936 2037
120952 2030
120968 2031
120985 2027
121001 2018
121017 2024
121033 2020
121050 2019
121066 2016
121082 2014
121099 2012
121115 2007
121131 2004
121147 2006
121164 2006
121180 2004
121196 2003
121213 2001
121229 1995
121245 1963
121261 1994
121278 1994
121294 1998
121310 1993
121327 1991
121344 1987
121360 1990
121377 1991
121393 1989
121409 1985
121425 1983
121442 1983
121458 1980
121474 1982
121491 1981
121507 1976
121523 1980
121539 1977
121556 1982
121572 1975
121588 1975
121605 1977
121621 1969
121637 1975
121653 1975
121670 1977
121686 1971
121702 1973
121719 1971
121735 1970
121751 1970
121767 1968
121784 1967
121800 1966
121816 1946
121833 1967
121849 1963
121865 1964
121881 1963
121898 1963
121914 1966
121930 1963
121947 1967
121963 1961
121979 1960
121995 1960
122012 1965
122028 1960
122044 1959
122061 1960
122077 1956
122093 1956
122109 1957
122126 1956
122142 1929
122158 1956
122175 1957
122191 1955
122207 1952
122223 1953
122240 1954
122256 1954
122272 1954
122289 1949
122305 1958
122321 1951
122339 1947
122355 1948
122371 1944
122387 1949
122404 1948
122420 1947
122436 1948
122453 1945
122469 1945
122485 1943
122501 1941
122518 1942
122534 1944
122550 1946
122567 1944
122583 1942
122599 1942
122615 1945
122632 1944
122648 1945
122664 1945
122681 1952
122697 1943
122713 1938
122729 1942
122746 1944
122762 1944
122778 1943
122795 1943
122811 1939
122827 1941
122843 1935
122860 1939
122876 1939
122892 1919
122909 1939
122925 1937
122941 1968
122957 1934
122974 1936
122990 1936
123006 1936
123023 1937
123039 1938
123055 1934
123071 1935
123088 1937
123104 1934
123120 1935
123137 1935
123153 1937
123169 1935
123185 1932
123202 1936
123218 2026
123234 1932
123251 1932
123267 1902
123283 1932
123299 1932
123316 1932
123333 1931
123349 1930
123366 1930
123382 1929
123398 1930
123415 1927
123431 1930
123447 1931
123463 1938
123480 1931
123496 1931
123512 1928
123529 1931
123545 1929
123561 1932
123577 1929
123594 1941
123610 1928
123626 1927
123643 1955
123659 1926
123675 1928
123691 1906
123708 1927
123724 1926
123740 1929
123757 1928
123773 1927
123789 1928
123805 1926
123822 1924
123838 1925
123854 1926
123871 1926
123887 1925
123903 1925
123919 1923
123936 1925
123952 1927
123968 1934
123985 1912
124001 1923
124017 1994
124033 1923
124050 1923
124066 1928
124082 1925
124099 1923
124115 1934
124131 1926
124147 1923
124164 1926
124180 1923
124196 1923
124213 1926
124229 1923
124245 1917
124261 1920
124278 1923
124294 1920
124310 1921
124327 1922
124344 1922
124360 1922
124377 1923
124393 1902
124409 1920
124425 1919
124442 1982
124458 1921
124474 1918
124491 1922
124507 1921
124523 1919
124539 1917
124556 1921
124572 1919
124588 1920
124605 1919
124621 1920
124637 1919
124653 1920
124670 1917
124686 1919
124702 1917
124719 1926
124735 1920
124751 1918
124767 1907
124784 1915
124800 1919
124816 1900
124833 1913
124849 1916
124865 1923
124881 1915
124898 1915
124914 1913
124930 1924
124947 1918
124963 1915
124979 1916
124995 1916
125012 1915
125028 1918
125044 1917
125061 1916
125077 1917
125093 1916
125109 1917
125126 1916
125142 1887
125158 1918
125175 1917
125191 1919
125207 1913
125223 1897
125240 1919
125256 1915
125272 1913
125289 1910
125305 1914
125321 1909
125339 1913
125355 1916
125371 1908
125387 1912
125404 1906
125420 1915
125436 1916
125453 1916
125469 1912
125485 1913
125501 1915
125518 1928
125534 1914
125550 1914
125567 1915
125583 1914
125599 1911
125615 1911
125632 1910
125648 1911
125664 1915
125681 1914
125697 1910
125713 1912
125729 1916
125746 1913
125762 1919
125778 1914
125795 1912
125811 1912
125827 1919
125843 1919
125860 1911
125876 1911
125892 1923
125909 1911
125925 1912
125941 1911
125957 1914
125974 1906
125990 1909
126006 1908
126023 1907
126039 1912
126055 1913
126071 1911
126088 1912
126104 1911
126120 1908
126137 1912
126153 1909
126169 1913
126185 1910
126202 1915
126218 1963
126234 1910
126251 1910
126267 1910
126283 1911
126299 1911
126316 1908
126333 1909
126349 1907
126366 1909
126382 1909
126398 1939
126415 1910
126431 1909
126447 1908
126463 1910
126480 1909
126496 1908
126512 1910
126529 1913
126545 1912
126561 1911
126577 1914
126594 1909
126610 1912
126626 1910
126643 1909
126659 1906
126675 1908
126691 1908
126708 1907
126724 1913
126740 1909
126757 1908
126773 1908
126789 1934
126805 1916
126822 1908
126838 1906
126854 1907
126871 1907
126887 1909
126903 1907
126919 1889
126936 1908
126952 1907
126968 1907
126985 1903
127001 1908
127017 1909
127033 1908
127050 1922
127066 1907
127082 1907
127099 1906
127115 1908
127131 1907
127147 1904
127164 1905
127180 1907
127196 1905
127213 1905
127229 1908
127245 1878
127261 1908
127278 1908
127294 1910
127310 1908
127327 1907
127344 1906
127360 1907
127377 1903
127393 1908
127409 1907
127425 1905
127442 1906
127458 1907
127474 1905
127491 1905
127507 1902
127523 1905
127539 1906
127556 1910
127572 1907
127588 1906
127605 1905
127621 1904
127637 1907
127653 1905
127670 1903
127686 1908
127702 1906
127719 1905
127735 1906
127751 1905
127767 1907
127784 1905
127800 1905
127816 1878
127833 1905
127849 1901
127865 1906
127881 1904
127898 1905
127914 1907
127930 1906
127947 1911
127963 1901
127979 1905
127995 1906
128012 1903
128028 1902
128044 1904
128061 1907
128077 1904
128093 1906
128109 1905
128126 1906
128142 1921
128158 1904
128175 1904
128191 1907
128207 1905
128223 1904
128240 1903
128256 1904
128272 1930
128289 1904
128305 1900
128321 1908
128338 1907
128355 1909
128371 1905
128387 1903
128404 1904
128420 1904
128436 1905
128452 1908
128469 1904
128485 1905
128501 1910
128518 1900
128534 1905
128550 1904
128566 1906
128583 1898
128599 1903
128615 1902
128632 1905
128648 1902
128664 1906
128680 1904
128697 1904
128713 1873
128729 1900
128746 1903
128762 1904
128778 1903
128794 1904
128811 1903
128827 1904
128843 1904
128860 1904
128876 1907
128892 1904
128908 1902
128925 1903
128941 1903
128957 1903
128974 1892
128990 1903
129006 1905
129022 1905
129039 1903
129055 1904
129071 1901
129088 1903
129104 1902
129120 1907
129136 1903
129153 1904
129169 1902
129185 1904
129202 1903
129218 1901
129234 1902
129250 1902
129267 1902
129283 1903
129299 1900
129316 1906
129333 1903
129349 1878
129366 1901
129382 1902
129398 1903
129414 1902
129431 1902
129447 1905
129463 1902
129480 1918
129496 1904
129512 1903
129528 1904
129545 1903
129561 1895
129577 1900
129594 1902
129610 1881
129626 1903
129642 1903
129659 1903
129675 1901
129691 1903
129708 1903
129724 1902
129740 1921
129756 1901
129773 1898
129789 1900
129805 1903
129822 1901
129838 1902
129854 1902
129870 1905
129887 1904
129903 1902
129919 1902
129936 1903
129952 1908
129968 1903
129984 1898
130001 1906
130017 1903
130033 1904
130050 1900
130066 1898
130082 1903
130098 1902
130115 1901
130131 1892
130147 1900
130164 1899
130180 1902
130196 1902
130212 1901
130229 1902
130245 1905
130261 1897
130278 1903
130294 1905
130310 1903
130326 1904
130344 1904
130360 1903
130376 1904
130393 1904
130409 1904
130425 1901
130442 1903
130458 1905
130474 1903
130490 1903
130507 1902
130523 1903
130539 1904
130556 1906
130572 1903
130588 1902
130604 1903
130621 1903
130637 1903
130653 1904
130670 1903
130686 1909
130702 1907
130718 1903
130735 1904
130751 1904
130767 1904
130784 1904
130800 1903
130816 1863
130832 1903
130849 1904
130865 1903
130881 1905
130898 1903
130914 1900
130930 1901
130946 1902
130963 1902
130979 1904
130995 1897
131012 1909
131028 1903
131044 1902
131060 1901
131077 1901
131093 1895
131109 1902
131126 1902
131142 1978
131158 1904
131174 1903
131191 1902
131207 1903
131223 1901
131240 1902
131256 1902
131272 1900
131288 1906
131305 1900
131321 1904
131338 1909
131355 1901
131371 1903
131387 1901
131404 1902
131420 1903
131436 1902
131452 1901
131469 1898
131485 1900
131501 1901
131518 1915
131534 1901
131550 1900
131566 1903
131583 1902
131599 1902
131615 1903
131632 1900
131648 1901
131664 1900
131680 1899
131697 1902
131713 1905
131729 1900
131746 1902
131762 1902
131778 1906
131794 1902
131811 1901
131827 1907
131843 1909
131860 1901
131876 1903
131892 1933
131908 1902
131925 1901
131941 1893
131957 1901
131974 1903
131990 1901
132006 1901
132022 1902
132039 1902
132055 1902
132071 1895
132088 1900
132104 1902
132120 1901
132136 1902
132153 1902
132169 1901
132185 1903
132202 1901
132218 1822
132234 1900
132250 1901
132267 1972
132283 1901
132299 1901
132316 1902
132333 1901
132349 1904
132366 1901
132382 1901
132398 1902
132414 1899
132431 1900
132447 1901
132463 1902
132480 1899
132496 1900
132512 1900
132528 1898
132545 1899
132561 1902
132577 1903
132594 1901
132610 1901
132626 1889
132642 1898
132659 1901
132675 1902
132691 1902
132708 1902
132724 1901
132740 1906
132756 1900
132773 1902
132789 1896
132805 1899
132822 1902
132838 1900
132854 1902
132870 1900
132887 1901
132903 1902
132919 1897
132936 1891
132952 1906
132968 1907
132984 1901
133001 1901
133017 1879
133033 1907
133050 1898
133066 1897
133082 1903
133098 1901
133115 1901
133131 1901
133147 1900
133164 1901
133180 1901
133196 1900
133212 1901
133229 1901
133245 1900
133261 1902
133278 1903
133294 1902
133310 1903
133326 1898
133344 1901
133360 1903
133376 1900
133393 1903
133409 1900
133425 1902
133442 1882
133458 1902
133474 1899
133490 1897
133507 1902
133523 1900
133539 1901
133556 1901
133572 1901
133588 1899
133604 1902
133621 1899
133637 1901
133653 1898
133670 1904
133686 1902
133702 1902
133718 1901
133735 1900
133751 1902
133767 1911
133784 1901
133800 1900
133816 1898
133832 1897
133849 1898
133865 1903
133881 1900
133898 1898
133914 1904
133930 1898
133946 1899
133963 1902
133979 1900
133995 1902
134012 1900
134028 1903
134044 1904
134060 1904
