1 1836
54 1812
71 1785
87 1770
103 1744
120 1723
136 1699
152 1656
169 1653
185 1632
201 1610
218 1585
234 1568
250 1552
267 1526
283 1513
299 1487
316 1467
332 1447
348 1432
365 1414
381 1395
397 1377
414 1363
430 1348
446 1331
463 1309
479 1304
495 1290
512 1277
528 1266
544 1253
562 1237
578 1231
594 1225
611 1213
627 1204
643 1196
660 1189
676 1184
692 1180
709 1174
725 1169
741 1163
758 1159
774 1153
790 1152
807 1155
823 1154
839 1153
856 1155
872 1154
888 1162
905 1174
921 1164
937 1173
954 1184
970 1180
986 1188
1003 1196
1019 1203
1035 1202
1052 1223
1068 1229
1084 1244
1101 1288
1117 1263
1133 1278
1150 1290
1166 1301
1182 1319
1199 1329
1215 1348
1231 1366
1248 1375
1264 1389
1280 1408
1297 1424
1313 1446
1329 1454
1346 1485
1362 1501
1378 1518
1395 1535
1411 1551
1427 1575
1444 1596
1460 1610
1476 1635
1493 1655
1509 1678
1525 1697
1542 1768
1559 1741
1576 1762
1592 1782
1608 1806
1625 1825
1641 1848
1657 1874
1674 1890
1690 1911
1706 1936
1723 1954
1739 1980
1755 1999
1772 2021
1788 2037
1804 2060
1821 2078
1837 2098
1853 2117
1870 2138
1886 2154
1902 2174
1919 2193
1935 2206
1951 2227
1968 2244
1984 2263
2000 2279
2017 2299
2033 2311
2049 2329
2066 2343
2082 2355
2098 2348
2115 2388
2131 2395
2147 2410
2164 2419
2180 2429
2196 2440
2213 2452
2229 2461
2245 2471
2262 2482
2278 2490
2294 2494
2311 2502
2327 2505
2343 2512
2360 2514
2376 2520
2392 2524
2409 2526
2425 2525
2441 2524
2458 2528
2474 2503
2490 2527
2507 2526
2523 2528
2539 2519
2557 2520
2573 2515
2589 2512
2606 2506
2622 2503
2638 2494
2655 2485
2671 2476
2687 2468
2704 2459
2720 2458
2736 2442
2753 2434
2769 2422
2785 2401
2802 2397
2818 2387
2834 2374
2851 2358
2867 2349
2883 2334
2900 2271
2916 2304
2932 2287
2949 2296
2965 2256
2981 2237
2998 2218
3014 2205
3030 2185
3047 2167
3063 2151
3079 2135
3096 2116
3112 2098
3128 2077
3145 2053
3161 2040
3177 2026
3194 2004
3210 1976
3226 1959
3243 1936
3259 1920
3275 1898
3292 1883
3308 1862
3324 1895
3341 1822
3357 1803
3373 1865
3390 1761
3406 1745
3422 1725
3439 1706
3455 1689
3471 1664
3488 1656
3504 1641
3520 1615
3537 1600
3555 1578
3572 1566
3588 1547
3604 1530
3621 1517
3637 1501
3653 1485
3670 1474
3686 1457
3702 1441
3719 1426
3735 1413
3751 1404
3768 1390
3784 1379
3800 1367
3817 1359
3833 1350
3849 1377
3866 1330
3882 1317
3898 1368
3915 1308
3931 1300
3947 1297
3964 1286
3980 1286
3996 1278
4013 1273
4029 1272
4045 1267
4062 1271
4078 1269
4094 1268
4111 1266
4127 1264
4143 1260
4160 1267
4176 1273
4192 1280
4209 1276
4225 1277
4241 1282
4258 1284
4274 1284
4290 1303
4307 1302
4323 1298
4339 1322
4356 1329
4372 1338
4388 1344
4405 1357
4421 1371
4437 1377
4454 1395
4470 1397
4486 1412
4503 1423
4519 1441
4535 1453
4552 1465
4569 1479
4585 1495
4602 1510
4618 1525
4634 1539
4651 1551
4667 1570
4683 1589
4700 1619
4716 1621
4732 1634
4749 1627
4765 1670
4781 1691
4798 1715
4814 1726
4830 1742
4847 1761
4863 1780
4879 1800
4896 1821
4912 1831
4928 1850
4945 1869
4961 1888
4977 1910
4994 1920
5010 1942
5026 1959
5043 1979
5059 1998
5075 2013
5092 2025
5108 2041
5124 2153
5141 2075
5157 2096
5173 2170
5190 2118
5206 2145
5222 2159
5239 2176
5255 2190
5271 2206
5288 2203
5304 2230
5320 2246
5337 2256
5353 2267
5369 2281
5386 2294
5402 2303
5418 2316
5435 2325
5451 2330
5467 2347
5484 2355
5500 2367
5516 2367
5533 2377
5549 2390
5566 2389
5583 2396
5599 2422
5615 2406
5632 2410
5648 2441
5664 2419
5681 2421
5697 2421
5713 2422
5730 2432
5746 2425
5762 2427
5779 2425
5795 2422
5811 2422
5828 2422
5844 2411
5860 2414
5877 2411
5893 2407
5909 2402
5926 2391
5942 2387
5958 2386
5975 2377
5991 2369
6007 2363
6024 2354
6040 2345
6056 2336
6073 2326
6089 2318
6105 2358
6122 2295
6138 2285
6154 2274
6171 2258
6187 2246
6203 2235
6220 2221
6236 2195
6252 2196
6269 2181
6285 2171
6301 2153
6318 2138
6334 2130
6350 2109
6367 2118
6383 2077
6399 2064
6416 2045
6432 2029
6448 2014
6465 1993
6481 1981
6497 1963
6514 1948
6530 1930
6546 1912
6564 1897
6580 1881
6596 1862
6613 1849
6629 1813
6645 1816
6662 1804
6678 1790
6694 1765
6711 1749
6727 1732
6743 1718
6760 1714
6776 1685
6792 1670
6809 1652
6825 1640
6841 1625
6858 1606
6874 1598
6890 1586
6907 1570
6923 1551
6939 1490
6956 1532
6972 1520
6988 1510
7005 1496
7021 1484
7037 1475
7054 1465
7070 1460
7086 1446
7103 1436
7119 1429
7135 1421
7152 1382
7168 1404
7184 1399
7201 1393
7217 1384
7233 1380
7250 1378
7266 1371
7282 1461
7299 1365
7315 1363
7331 1361
7348 1359
7364 1348
7380 1357
7397 1355
7413 1358
7429 1357
7446 1357
7462 1359
7478 1363
7495 1363
7511 1367
7527 1371
7544 1374
7561 1380
7578 1387
7594 1393
7610 1393
7627 1402
7643 1410
7659 1419
7676 1426
7692 1435
7708 1440
7725 1447
7741 1459
7757 1473
7774 1486
7790 1488
7806 1502
7823 1513
7839 1523
7855 1540
7872 1546
7888 1557
7904 1576
7921 1586
7937 1596
7953 1618
7970 1623
7986 1637
8002 1655
8019 1667
8035 1682
8051 1700
8068 1707
8084 1731
8100 1714
8117 1759
8133 1769
8149 1796
8166 1804
8182 1815
8198 1833
8215 1848
8231 1861
8247 1881
8264 1897
8280 1911
8296 1927
8313 1939
8329 1954
8345 1972
8362 1985
8378 2000
8394 2014
8411 2061
8427 2040
8443 2053
8460 2073
8476 2082
8492 2100
8509 2110
8525 2124
8541 2106
8559 2147
8575 2160
8591 2174
8608 2180
8624 2193
8640 2206
8657 2213
8673 2222
8689 2233
8706 2241
8722 2254
8738 2260
8755 2266
8771 2282
8787 2283
8804 2292
8820 2299
8836 2306
8853 2298
8869 2314
8885 2317
8902 2322
8918 2325
8934 2331
8951 2332
8967 2333
8983 2331
9000 2339
9016 2338
9032 2339
9049 2340
9065 2339
9081 2342
9098 2335
9114 2334
9130 2333
9147 2329
9163 2324
9179 2326
9196 2322
9212 2318
9228 2312
9245 2306
9261 2301
9277 2295
9294 2287
9310 2278
9326 2271
9343 2266
9359 2248
9375 2250
9392 2238
9408 2233
9424 2223
9441 2212
9457 2208
9473 2188
9490 2202
9506 2179
9522 2158
9539 2145
9556 2134
9573 2123
9589 2112
9605 2099
9622 2087
9638 2076
9654 2059
9671 2030
9687 2036
9703 2021
9720 2003
9736 1992
9752 1978
9769 1964
9785 1951
9801 1919
9818 1923
9834 1908
9850 1894
9867 1880
9883 1864
9899 1854
9916 1840
9932 1889
9948 1810
9965 1802
9981 1785
9997 1775
10014 1757
10030 1742
10046 1725
10063 1716
10079 1703
10095 1691
10112 1678
10128 1665
10144 1655
10161 1642
10177 1630
10193 1626
10210 1610
10226 1595
10242 1587
10259 1576
10275 1568
10291 1557
10308 1512
10324 1539
10340 1531
10357 1518
10373 1516
10389 1505
10406 1503
10422 1495
10438 1458
10455 1482
10471 1474
10487 1472
10504 1464
10520 1463
10536 1459
10553 1452
10570 1448
10586 1447
10603 1446
10619 1423
10635 1443
10652 1440
10668 1433
10684 1439
10701 1440
10717 1442
10733 1442
10750 1420
10766 1443
10782 1445
10799 1452
10815 1450
10831 1456
10848 1459
10864 1462
10880 1470
10897 1472
10913 1477
10929 1482
10946 1488
10962 1479
10978 1505
10995 1512
11011 1517
11027 1526
11044 1532
11060 1546
11076 1552
11093 1564
11109 1568
11125 1579
11142 1590
11158 1596
11174 1676
11191 1622
11207 1631
11223 1731
11240 1653
11256 1662
11272 1673
11289 1686
11305 1699
11321 1709
11338 1725
11354 1736
11370 1756
11387 1760
11403 1775
11419 1786
11436 1798
11452 1813
11468 1824
11485 1835
11501 1849
11517 1862
11534 1872
11550 1890
11566 1902
11583 1914
11599 1904
11615 1939
11632 1954
11648 1918
11664 1976
11681 1988
11697 1997
11713 2017
11730 2025
11746 2030
11762 2044
11779 2057
11795 2066
11811 2077
11828 2090
11844 2097
11860 2107
11877 2119
11893 2127
11909 2135
11926 2150
11942 2155
11958 2164
11975 2173
11991 2180
12007 2183
12024 2195
12040 2202
12056 2205
12073 2207
12089 2220
12105 2223
12122 2228
12138 2232
12154 2239
12171 2242
12187 2247
12203 2246
12220 2253
12236 2253
12252 2257
12269 2277
12285 2263
12301 2260
12318 2261
12334 2264
12350 2260
12367 2262
12383 2260
12399 2229
12416 2253
12432 2254
12448 2287
12465 2254
12481 2249
12497 2227
12514 2241
12530 2236
12546 2231
12564 2224
12580 2216
12597 2208
12613 2207
12629 2202
12646 2191
12662 2190
12678 2180
12695 2168
12711 2167
12727 2160
12744 2151
12760 2140
12776 2133
12793 2122
12809 2114
12825 2107
12842 2096
12858 2087
12874 1981
12891 2067
12907 2052
12923 1987
12940 2033
12956 2022
12972 2008
12989 2001
13005 1987
13021 1977
13038 1965
13054 1951
13070 1941
13087 1932
13103 1918
13119 1902
13136 1897
13152 1881
13168 1870
13185 1859
13201 1850
13217 1834
13234 1824
13250 1814
13266 1797
13283 1792
13299 1753
13315 1762
13332 1756
13348 1748
13364 1733
13381 1727
13397 1717
13413 1706
13430 1693
13446 1688
13462 1678
13479 1671
13495 1659
13511 1664
13528 1639
13544 1631
13561 1623
13578 1612
13594 1598
13610 1599
13627 1589
13643 1582
13659 1577
13676 1573
13692 1563
13708 1559
13725 1547
13741 1547
13757 1545
13774 1575
13790 1533
13806 1531
13823 1543
13839 1523
13855 1527
13872 1526
13888 1517
13904 1515
13921 1515
13937 1512
13953 1511
13970 1509
13986 1509
14002 1509
14019 1509
14035 1509
14051 1516
14068 1516
14084 1519
14100 1521
14117 1524
14133 1526
14149 1530
14166 1533
14182 1538
14198 1493
14215 1551
14231 1551
14247 1587
14264 1558
14280 1569
14296 1574
14313 1579
14329 1586
14345 1593
14362 1600
14378 1607
14394 1615
14411 1626
14427 1631
14443 1642
14460 1650
14476 1653
14492 1665
14509 1673
14525 1684
14541 1695
14559 1702
14575 1712
14591 1721
14608 1735
14624 1762
14640 1753
14657 1756
14673 1796
14689 1783
14706 1787
14722 1805
14738 1816
14755 1826
14771 1840
14787 1848
14804 1858
14820 1876
14836 1880
14853 1904
14869 1901
14885 1913
14902 1924
14918 1933
14934 1943
14951 1951
14967 1962
14983 1976
15000 1983
15016 1992
15032 2006
15049 2035
15065 2021
15081 2029
15098 2039
15114 2048
15130 2057
15147 2068
15163 2075
15179 2083
15196 2087
15212 2103
15228 2126
15245 2111
15261 2120
15277 2125
15294 2133
15310 2137
15326 2143
15343 2149
15359 2184
15375 2163
15392 2161
15408 2166
15424 2171
15441 2175
15457 2179
15473 2183
15490 2154
15506 2189
15522 2192
15539 2195
15556 2199
15573 2194
15589 2196
15605 2199
15622 2197
15638 2195
15654 2198
15671 2178
15687 2193
15703 2192
15720 2190
15736 2189
15752 2189
15769 2184
15785 2182
15801 2178
15818 2175
15834 2172
15850 2165
15867 2164
15883 2157
15899 2152
15916 2148
15932 2129
15948 2138
15965 2136
15981 2127
15997 2116
16014 2113
16030 2106
16046 2096
16063 2091
16079 2085
16095 2073
16112 2067
16128 2066
16144 2055
16161 2045
16177 2016
16193 2027
16210 2016
16226 2010
16242 2000
16259 1991
16275 1981
16291 1972
16308 1980
16324 1955
16340 1943
16357 1935
16373 1924
16389 1915
16406 1905
16422 1894
16438 1993
16455 1875
16471 1866
16487 1857
16504 1848
16520 1833
16536 1819
16553 1818
16570 1807
16586 1797
16603 1788
16619 1750
16635 1768
16652 1760
16668 1752
16684 1741
16701 1736
16717 1725
16733 1716
16750 1759
16766 1701
16782 1694
16799 1683
16815 1679
16831 1674
16848 1666
16864 1661
16880 1695
16897 1639
16913 1641
16929 1632
16946 1627
16962 1622
16978 1618
16995 1612
17011 1611
17027 1605
17044 1601
17060 1596
17076 1590
17093 1589
17109 1586
17125 1599
17142 1582
17158 1575
17174 1568
17191 1575
17207 1572
17223 1574
17240 1577
17256 1550
17272 1569
17289 1582
17305 1576
17321 1572
17338 1573
17354 1575
17370 1576
17387 1584
17403 1584
17419 1582
17436 1590
17452 1590
17468 1593
17485 1596
17501 1602
17517 1602
17534 1608
17550 1612
17566 1619
17583 1622
17599 1627
17615 1635
17632 1644
17648 1646
17664 1650
17681 1656
17697 1624
17713 1668
17730 1677
17746 1686
17762 1691
17779 1699
17795 1708
17811 1718
17828 1716
17844 1731
17860 1739
17877 1744
17893 1753
17909 1761
17926 1769
17942 1780
17958 1792
17975 1798
17991 1805
18007 1816
18024 1820
18040 1832
18056 1841
18073 1841
18089 1863
18105 1869
18122 1875
18138 1886
18154 1898
18171 1904
18187 1914
18203 1972
18220 1931
18236 1936
18252 1948
18269 1955
18285 1962
18301 1970
18318 1977
18334 1957
18350 1995
18367 2004
18383 2023
18399 2015
18416 2030
18432 2033
18448 2036
18465 2042
18481 2051
18497 2059
18514 2066
18530 2071
18546 2076
18564 2083
18580 2089
18597 2095
18613 2097
18629 2104
18646 2150
18662 2110
18678 2107
18695 2121
18711 2123
18727 2128
18744 2128
18760 2131
18776 2086
18793 2138
18809 2139
18825 2139
18842 2145
18858 2143
18874 2143
18891 2144
18907 2143
18923 2143
18940 2142
18956 2145
18972 2141
18989 2142
19005 2138
19021 2142
19038 2136
19054 2135
19070 2137
19087 2135
19103 2125
19119 2124
19136 2121
19152 2108
19168 2114
19185 2109
19201 2102
19217 2100
19234 2096
19250 2091
19266 2086
19283 2046
19299 2069
19315 2070
19332 2064
19348 2053
19364 2047
19381 2045
19397 2037
19413 2031
19430 2024
19446 2016
19462 2049
19479 2003
19495 1994
19511 1995
19528 1979
19544 1974
19561 1965
19578 1956
19594 1972
19610 1940
19627 1934
19643 1926
19659 1916
19676 1910
19692 1913
19708 1889
19725 1889
19741 1879
19757 1866
19774 1860
19790 1850
19806 1829
19823 1836
19839 1828
19855 1824
19872 1811
19888 1804
19904 1792
19921 1788
19937 1782
19953 1777
19970 1764
19986 1758
20002 1750
20019 1743
20035 1738
20051 1733
20068 1726
20084 1718
20100 1714
20117 1699
20133 1700
20149 1661
20166 1690
20182 1692
20198 1630
20215 1667
20231 1669
20247 1660
20264 1659
20280 1655
20296 1646
20313 1646
20329 1646
20345 1635
20362 1634
20378 1633
20394 1632
20411 1627
20427 1628
20443 1625
20460 1624
20476 1617
20492 1620
20509 1615
20525 1611
20541 1619
20559 1618
20575 1619
20591 1618
20608 1616
20624 1718
20640 1619
20657 1623
20673 1712
20689 1624
20706 1624
20722 1628
20738 1629
20755 1632
20771 1632
20787 1640
20804 1643
20820 1639
20836 1652
20853 1653
20869 1655
20885 1663
20902 1663
20918 1671
20934 1675
20951 1685
20967 1685
20983 1693
21000 1691
21016 1703
21032 1710
21049 1704
21065 1720
21081 1725
21098 1716
21114 1745
21130 1748
21147 1758
21163 1763
21179 1769
21196 1779
21212 1784
21228 1788
21245 1794
21261 1808
21277 1811
21294 1821
21310 1829
21326 1835
21343 1842
21359 1850
21375 1858
21392 1863
21408 1871
21424 1895
21441 1887
21457 1893
21473 1872
21490 1916
21506 1915
21522 1934
21539 1931
21556 1942
21573 1938
21589 1953
21605 1963
21622 1969
21638 1976
21654 1982
21671 1994
21687 1994
21703 2011
21720 2009
21736 2012
21752 2020
21769 2021
21785 2029
21801 2034
21818 2039
21834 2045
21850 2052
21867 2054
21883 2058
21899 2067
21916 2065
21932 2074
21948 2167
21965 2074
21981 2082
21997 2085
22014 2087
22030 2088
22046 2096
22063 2093
22079 2096
22095 2105
22112 2099
22128 2100
22144 2101
22161 2101
22177 2102
22193 2104
22210 2107
22226 2105
22242 2106
22259 2101
22275 2105
22291 2102
22308 2098
22324 2085
22340 2099
22357 2094
22373 2074
22389 2091
22406 2092
22422 2086
22438 2081
22455 2081
22471 2074
22487 2078
22504 2067
22520 2059
22536 2062
22553 2054
22570 2056
22586 2048
22603 2042
22619 2036
22635 2036
22652 2032
22668 2021
22684 2020
22701 2013
22717 2006
22733 2000
22750 1989
22766 1986
22782 1986
22799 1982
22815 1967
22831 1957
22848 1966
22864 1945
22880 1940
22897 1936
22913 1927
22929 1920
22946 1917
22962 1906
22978 1901
22995 1893
23011 1885
23027 1900
23044 1868
23060 1864
23076 1858
23093 1852
23109 1846
23125 1834
23142 1831
23158 1824
23174 1783
23191 1808
23207 1803
23223 1864
23240 1789
23256 1784
23272 1765
23289 1780
23305 1766
23321 1758
23338 1753
23354 1748
23370 1739
23387 1739
23403 1731
23419 1730
23436 1720
23452 1718
23468 1711
23485 1707
23501 1702
23517 1696
23534 1695
23550 1689
23566 1685
23583 1683
23599 1638
23615 1677
23632 1679
23648 1622
23664 1668
23681 1668
23697 1611
23713 1664
23730 1668
23746 1662
23762 1656
23779 1655
23795 1655
23811 1658
23828 1655
23844 1654
23860 1651
23877 1655
23893 1650
23909 1663
23926 1657
23942 1657
23958 1655
23975 1654
23991 1659
24007 1664
24024 1663
24040 1666
24056 1669
24073 1656
24089 1674
24105 1677
24122 1691
24138 1682
24154 1690
24171 1695
24187 1697
24203 1700
24220 1705
24236 1705
24252 1712
24269 1720
24285 1720
24301 1727
24318 1733
24334 1734
24350 1738
24367 1753
24383 1752
24399 1765
24416 1770
24432 1763
24448 1843
24465 1779
24481 1788
24497 1800
24514 1801
24530 1819
24546 1813
24564 1817
24580 1830
24597 1836
24613 1837
24629 1849
24646 1855
24662 1859
24678 1864
24695 1877
24711 1877
24727 1886
24744 1896
24760 1896
24776 1902
24793 1914
24809 1917
24825 1907
24842 1930
24858 1935
24874 1972
24891 1949
24907 1954
24923 1931
24940 1964
24956 1971
24972 2003
24989 1983
25005 1984
25021 1991
25038 1995
25054 2002
25070 2009
25087 2011
25103 2017
25119 2029
25136 2017
25152 2027
25168 2035
25185 2034
25201 2036
25217 2044
25234 2043
25250 2047
25266 2050
25283 2052
25299 2040
25315 2058
25332 2060
25348 2061
25364 2063
25381 2064
25397 2065
25413 2067
25430 2070
25446 2072
25462 2067
25479 2034
25495 2067
25511 2072
25528 2071
25544 2067
25561 2072
25578 2066
25594 2068
25610 2068
25627 2058
25643 2065
25659 2049
25676 2057
25692 2055
25708 2052
25725 2047
25741 2048
25757 2048
25774 2042
25790 1994
25806 2039
25823 2039
25839 2035
25855 2020
25872 2027
25888 2017
25904 2012
25921 1984
25937 2005
25953 1998
25970 1996
25986 1990
26002 1985
26019 1981
26035 1972
26051 1968
26068 1963
26084 1957
26100 1925
26117 1950
26133 1944
26149 1935
26166 1932
26182 1928
26198 1919
26215 1915
26231 1912
26247 1899
26264 1890
26280 1914
26296 1882
26313 1879
26329 1871
26345 1866
26362 1862
26378 1854
26394 1845
26411 1822
26427 1836
26443 1837
26460 1822
26476 1818
26492 1815
26509 1805
26525 1803
26541 1811
26559 1792
26575 1785
26591 1783
26608 1773
26624 1770
26640 1768
26657 1759
26673 1757
26689 1748
26706 1748
26722 1735
26738 1736
26755 1735
26771 1728
26787 1725
26804 1720
26820 1720
26836 1717
26853 1682
26869 1710
26885 1709
26902 1705
26918 1702
26934 1701
26951 1697
26967 1712
26983 1695
27000 1693
27016 1692
27032 1686
27049 1649
27065 1686
27081 1686
27098 1683
27114 1688
27130 1682
27147 1683
27163 1683
27179 1685
27196 1686
27212 1686
27228 1684
27245 1686
27261 1688
27277 1692
27294 1691
27310 1710
27326 1694
27343 1694
27359 1727
27375 1702
27392 1702
27408 1701
27424 1706
27441 1709
27457 1711
27473 1717
27490 1696
27506 1722
27522 1729
27539 1734
27556 1735
27573 1739
27589 1743
27605 1749
27622 1754
27638 1759
27654 1761
27671 1763
27687 1772
27703 1778
27720 1783
27736 1788
27752 1794
27769 1800
27785 1801
27801 1774
27818 1815
27834 1818
27850 1832
27867 1829
27883 1836
27899 1838
27916 1845
27932 1827
27948 1859
27965 1864
27981 1867
27997 1875
28014 1888
28030 1883
28046 1893
28063 1896
28079 1901
28095 1908
28112 1911
28128 1913
28144 1921
28161 1926
28177 1889
28193 1938
28210 1942
28226 1950
28242 1954
28259 1958
28275 1962
28291 1967
28308 1975
28324 1977
28340 1981
28357 1982
28373 1986
28389 1989
28406 1998
28422 1999
28438 1996
28455 2005
28471 2008
28487 2012
28504 2015
28520 2014
28536 2021
28553 2022
28570 2017
28586 2027
28603 2027
28619 2024
28635 2033
28652 2035
28668 2044
28684 2039
28701 2039
28717 2034
28733 2037
28750 2058
28766 2038
28782 2038
28799 2040
28815 2042
28831 2040
28848 2039
28864 2038
28880 2037
28897 2035
28913 2032
28929 2033
28946 2037
28962 2033
28978 2028
28995 2028
29011 2026
29027 2021
29044 2006
29060 2021
29076 2016
29093 2016
29109 2015
29125 2003
29142 2002
29158 1997
29174 1992
29191 1994
29207 1994
29223 1950
29240 1979
29256 1976
29272 1967
29289 1970
29305 1966
29321 1955
29338 1957
29354 1952
29370 1938
29387 1942
29403 1940
29419 1928
29436 1930
29452 1925
29468 1925
29485 1913
29501 1905
29517 1904
29534 1902
29550 1893
29566 1889
29583 1882
29599 1828
29615 1881
29632 1871
29648 1888
29664 1856
29681 1852
29697 1826
29713 1845
29730 1842
29746 1835
29762 1836
29779 1825
29795 1817
29811 1816
29828 1811
29844 1804
29860 1799
29877 1788
29893 1791
29909 1787
29926 1784
29942 1779
29958 1772
29975 1767
29991 1764
30007 1765
30024 1756
30040 1756
30056 1748
30073 1832
30089 1748
30105 1742
30122 1737
30138 1738
30154 1736
30171 1737
30187 1731
30203 1726
30220 1724
30236 1717
30252 1728
30269 1722
30285 1719
30301 1717
30318 1712
30334 1713
30350 1717
30367 1714
30383 1711
30399 1714
30416 1715
30432 1712
30448 1693
30465 1712
30481 1714
30497 1714
30514 1717
30530 1717
30546 1724
30564 1718
30580 1724
30597 1713
30613 1723
30629 1724
30646 1724
30662 1726
30678 1732
30695 1729
30711 1732
30727 1744
30744 1741
30760 1743
30776 1747
30793 1751
30809 1749
30825 1755
30842 1759
30858 1763
30874 1759
30891 1772
30907 1777
30923 1798
30940 1783
30956 1784
30972 1808
30989 1794
31005 1796
31021 1801
31038 1805
31054 1809
31070 1814
31087 1818
31103 1822
31119 1829
31136 1833
31152 1837
31168 1840
31185 1846
31201 1856
31217 1854
31234 1867
31250 1868
31266 1867
31283 1875
31299 1928
31315 1884
31332 1886
31348 1981
31364 1897
31381 1897
31397 1904
31413 1905
31430 1913
31446 1917
31462 1924
31479 1928
31495 1930
31511 1936
31528 1938
31544 1940
31561 1948
31578 1951
31594 1953
31610 1949
31627 1962
31643 1965
31659 1968
31676 1971
31692 1973
31708 1974
31725 1985
31741 1981
31757 1983
31774 1969
31790 1990
31806 1991
31823 1952
31839 1997
31855 1997
31872 1998
31888 2001
31904 1995
31921 1998
31937 2004
31953 2004
31970 2003
31986 2010
32002 2005
32019 2008
32035 2009
32051 2009
32068 2009
32084 2010
32100 2009
32117 2007
32133 2006
32149 2013
32166 2006
32182 2006
32198 1997
32215 2004
32231 2002
32247 1997
32264 2000
32280 1995
32296 1995
32313 2008
32329 2007
32345 1986
32362 1989
32378 1988
32394 1986
32411 1980
32427 1976
32443 1976
32460 1974
32476 1972
32492 1968
32509 1963
32525 1961
32541 1957
32559 1949
32575 1950
32591 1949
32608 1945
32624 1939
32640 1934
32657 1929
32673 1926
32689 1924
32706 1925
32722 1901
32738 1914
32755 1909
32771 1900
32787 1900
32804 1896
32820 1886
32836 1891
32853 1884
32869 1884
32885 1873
32902 1869
32918 1866
32934 1863
32951 1860
32967 1856
32983 1850
33000 1839
33016 1841
33032 1839
33049 1736
33065 1832
33081 1826
33098 1773
33114 1818
33130 1816
33147 1811
33163 1809
33179 1805
33196 1802
33212 1795
33228 1794
33245 1787
33261 1788
33277 1782
33294 1781
33310 1776
33326 1757
33343 1775
33359 1766
33375 1768
33392 1767
33408 1761
33424 1762
33441 1757
33457 1725
33473 1755
33490 1753
33506 1750
33522 1749
33539 1749
33556 1745
33573 1744
33589 1743
33605 1747
33622 1746
33638 1681
33654 1743
33671 1742
33687 1741
33703 1732
33720 1742
33736 1742
33752 1744
33769 1704
33785 1743
33801 1743
33818 1751
33834 1743
33850 1743
33867 1747
33883 1749
33899 1724
33916 1750
33932 1752
33948 1758
33965 1754
33981 1763
33997 1763
34014 1766
34030 1762
34046 1771
34063 1766
34079 1768
34095 1774
34112 1777
34128 1778
34144 1784
34161 1783
34177 1827
34193 1792
34210 1793
34226 1795
34242 1802
34259 1802
34275 1806
34291 1809
34308 1809
34324 1816
34340 1819
34357 1826
34373 1823
34389 1831
34406 1836
34422 1835
34438 1837
34455 1848
34471 1843
34487 1845
34504 1857
34520 1859
34536 1865
34553 1867
34570 1870
34586 1874
34603 1877
34619 1933
34635 1890
34652 1886
34668 1892
34684 1897
34701 1900
34717 1906
34733 1909
34750 1866
34766 1917
34782 1917
34799 1922
34815 1918
34831 1937
34848 1933
34864 1934
34880 1945
34897 1942
34913 1942
34929 1942
34946 1936
34962 1951
34978 1953
34995 1958
35011 1960
35027 1963
35044 1939
35060 1963
35076 1967
35093 1972
35109 1971
35125 1962
35142 1980
35158 1974
35174 1975
35191 1979
35207 1979
35223 1982
35240 1978
35256 1945
35272 1978
35289 1983
35305 1983
35321 1981
35338 1983
35354 1987
35370 1978
35387 1986
35403 1984
35419 1984
35436 1989
35452 1983
35468 1982
35485 1980
35501 1981
35517 1975
35534 1978
35550 1983
35566 1978
35583 1973
35599 1974
35615 1973
35632 1969
35648 1967
35664 1967
35681 1965
35697 2015
35713 1960
35730 1953
35746 1952
35762 1955
35779 1950
35795 1947
35811 1944
35828 1828
35844 1938
35860 1937
35877 1933
35893 1931
35909 1929
35926 1926
35942 1922
35958 1927
35975 1921
35991 1912
36007 1909
36024 1904
36040 1901
36056 1898
36073 1899
36089 1892
36105 1892
36122 1885
36138 1872
36154 1881
36171 1875
36187 1874
36203 1854
36220 1866
36236 1863
36252 1857
36269 1854
36285 1852
36301 1852
36318 1847
36334 1815
36350 1839
36367 1836
36383 1831
36399 1842
36416 1827
36432 1824
36448 1822
36465 1816
36481 1817
36497 1812
36514 1812
36530 1808
36546 1806
36564 1800
36580 1797
36597 1796
36613 1793
36629 1792
36646 1781
36662 1788
36678 1784
36695 1784
36711 1782
36727 1779
36744 1779
36760 1776
36776 1786
36793 1775
36809 1773
36825 1772
36842 1771
36858 1774
36874 1775
36891 1763
36907 1767
36923 1769
36940 1766
36956 1762
36972 1767
36989 1766
37005 1765
37021 1769
37038 1767
37054 1764
37070 1768
37087 1767
37103 1767
37119 1770
37136 1773
37152 1817
37168 1768
37185 1774
37201 1765
37217 1776
37234 1779
37250 1775
37266 1777
37283 1788
37299 1783
37315 1784
37332 1788
37348 1787
37364 1790
37381 1792
37397 1792
37413 1796
37430 1797
37446 1799
37462 1802
37479 1803
37495 1811
37511 1811
37528 1829
37544 1817
37561 1820
37578 1829
37594 1865
37610 1828
37627 1832
37643 1839
37659 1837
37676 1838
37692 1845
37708 1842
37725 1850
37741 1851
37757 1856
37774 1857
37790 1859
37806 1863
37823 1869
37839 1871
37855 1875
37872 1873
37888 1881
37904 1880
37921 1889
37937 1888
37953 1889
37970 1893
37986 1896
38002 1901
38019 1904
38035 1904
38051 1909
38068 1907
38084 1914
38100 1912
38117 1918
38133 1922
38149 1942
38166 1926
38182 1929
38198 1958
38215 1932
38231 1927
38247 1933
38264 1941
38280 1934
38296 1946
38313 1945
38329 1948
38345 1947
38362 1951
38378 1954
38394 1954
38411 1955
38427 1958
38443 1958
38460 1958
38476 1957
38492 1967
38509 1961
38525 1991
38541 1964
38559 1964
38575 1965
38591 1964
38608 1965
38624 1943
38640 1966
38657 1966
38673 1958
38689 1965
38706 1966
38722 1963
38738 1966
38755 1964
38771 1956
38787 1963
38804 1960
38820 1963
38836 1960
38853 1958
38869 1955
38885 1956
38902 1954
38918 1956
38934 1952
38951 1946
38967 1949
38983 1935
39000 1944
39016 1949
39032 1942
39049 1883
39065 1938
39081 1935
39098 1934
39114 1931
39130 1927
39147 1941
39163 1925
39179 1920
39196 1923
39212 1917
39228 1911
39245 1914
39261 1908
39277 1907
39294 1904
39310 1902
39326 1896
39343 1897
39359 1892
39375 1908
39392 1887
39408 1881
39424 1879
39441 1880
39457 1872
39473 1895
39490 1869
39506 1864
39522 1936
39539 1875
39556 1859
39573 1834
39589 1851
39605 1851
39622 1846
39638 1842
39654 1841
39671 1838
39687 1835
39703 1836
39720 1838
39736 1827
39752 1828
39769 1823
39785 1822
39801 1818
39818 1817
39834 1813
39850 1810
39867 1813
39883 1807
39899 1808
39916 1806
39932 1800
39948 1776
39965 1801
39981 1797
39997 1798
40014 1796
40030 1794
40046 1794
40063 1792
40079 1790
40095 1789
40112 1788
40128 1788
40144 1789
40161 1786
40177 1783
40193 1784
40210 1786
40226 1780
40242 1782
40259 1780
40275 1779
40291 1783
40308 1781
40324 1753
40340 1780
40357 1783
40373 1792
40389 1784
40406 1783
40422 1756
40438 1786
40455 1788
40471 1790
40487 1789
40504 1787
40520 1795
40536 1792
40553 1794
40570 1795
40586 1793
40603 1796
40619 1794
40635 1798
40652 1801
40668 1803
40684 1804
40701 1806
40717 1814
40733 1805
40750 1811
40766 1816
40782 1815
40799 1813
40815 1818
40831 1818
40848 1775
40864 1829
40880 1827
40897 1858
40913 1836
40929 1833
40946 1835
40962 1840
40978 1841
40995 1846
41011 1849
41027 1849
41044 1848
41060 1858
41076 1856
41093 1863
41109 1863
41125 1868
41142 1871
41158 1870
41174 1876
41191 1879
41207 1878
41223 1860
41240 1886
41256 1890
41272 1864
41289 1894
41305 1896
41321 1893
41338 1904
41354 1901
41370 1904
41387 1908
41403 1909
41419 1915
41436 1917
41452 1921
41468 1921
41485 1924
41501 1921
41517 1920
41534 1931
41550 1927
41566 1931
41583 1932
41599 1943
41615 1937
41632 1938
41648 1962
41664 1940
41681 1942
41697 1941
41713 1946
41730 1943
41746 1951
41762 1951
41779 1948
41795 1949
41811 1943
41828 1948
41844 1957
41860 1969
41877 1949
41893 1951
41909 1953
41926 1952
41942 1951
41958 1958
41975 1953
41991 1950
42007 1952
42024 1951
42040 1952
42056 1950
42073 2034
42089 1948
42105 1947
42122 1965
42138 1949
42154 1948
42171 1949
42187 1944
42203 1946
42220 1946
42236 1942
42252 1941
42269 1939
42285 1937
42301 1936
42318 1935
42334 1932
42350 1932
42367 1936
42383 1924
42399 1926
42416 1924
42432 1920
42448 1899
42465 1916
42481 1917
42497 1875
42514 1907
42530 1912
42546 1904
42564 1902
42580 1902
42597 1902
42613 1898
42629 1894
42646 1897
42662 1889
42678 1887
42695 1889
42711 1879
42727 1878
42744 1876
42760 1873
42776 1870
42793 1870
42809 1870
42825 1863
42842 1862
42858 1860
42874 1858
42891 1854
42907 1854
42923 1871
42940 1847
42956 1846
42972 1852
42989 1839
43005 1839
43021 1836
43038 1836
43054 1831
43070 1834
43087 1826
43103 1827
43119 1828
43136 1822
43152 1819
43168 1819
43185 1820
43201 1810
43217 1816
43234 1812
43250 1808
43266 1804
43283 1809
43299 1767
43315 1806
43332 1805
43348 1870
43364 1801
43381 1802
43397 1793
43413 1798
43430 1797
43446 1794
43462 1795
43479 1795
43495 1790
43511 1793
43528 1793
43544 1796
43561 1795
43578 1793
43594 1793
43610 1792
43627 1744
43643 1793
43659 1794
43676 1793
43692 1795
43708 1794
43725 1800
43741 1796
43757 1758
43774 1796
43790 1805
43806 1804
43823 1798
43839 1799
43855 1802
43872 1806
43888 1797
43904 1806
43921 1805
43937 1808
43953 1806
43970 1809
43986 1808
44002 1812
44019 1807
44035 1816
44051 1817
44068 1821
44084 1821
44100 1830
44117 1825
44133 1828
44149 1827
44166 1830
44182 1832
44198 1835
44215 1837
44231 1839
44247 1841
44264 1844
44280 1854
44296 1851
44313 1865
44329 1852
44345 1858
44362 1859
44378 1865
44394 1865
44411 1896
44427 1868
44443 1869
44460 1870
44476 1876
44492 1877
44509 1878
44525 1880
44541 1888
44559 1889
44575 1888
44591 1893
44608 1892
44624 1893
44640 1900
44657 1890
44673 1901
44689 1904
44706 1909
44722 1907
44738 1910
44755 1914
44771 1913
44787 1916
44804 1918
44820 1920
44836 1922
44853 1974
44869 1923
44885 1925
44902 1926
44918 1930
44934 1934
44951 1931
44967 1938
44983 1935
45000 1936
45016 1935
45032 1940
45049 1908
45065 1940
45081 1941
45098 1967
45114 1942
45130 1939
45147 1939
45163 1941
45179 1945
45196 1942
45212 1940
45228 1903
45245 1944
45261 1937
45277 1944
45294 1944
45310 1944
45326 1942
45343 1943
45359 1901
45375 1942
45392 1941
45408 1940
45424 1941
45441 1939
45457 1936
45473 1938
45490 1883
45506 1936
45522 1935
45539 1933
45556 1930
45573 1940
45589 1930
45605 1924
45622 1925
45638 1926
45654 1928
45671 1868
45687 1921
45703 1919
45720 1918
45736 1915
45752 1913
45769 1899
45785 1906
45801 1902
45818 1904
45834 1901
45850 1900
45867 1898
45883 1900
45899 1895
45916 1893
45932 1851
45948 1890
45965 1885
45981 1883
45997 1885
46014 1882
46030 1876
46046 1876
46063 1874
46079 1869
46095 1872
46112 1867
46128 1864
46144 1866
46161 1865
46177 1884
46193 1855
46210 1858
46226 1846
46242 1849
46259 1848
46275 1841
46291 1843
46308 1788
46324 1837
46340 1839
46357 1831
46373 1834
46389 1832
46406 1833
46422 1827
46438 1828
46455 1826
46471 1824
46487 1822
46504 1820
46520 1820
46536 1817
46553 1818
46570 1813
46586 1815
46603 1812
46619 1858
46635 1809
46652 1807
46668 1810
46684 1806
46701 1809
46717 1807
46733 1804
46750 1807
46766 1804
46782 1802
46799 1808
46815 1804
46831 1798
46848 1803
46864 1795
46880 1800
46897 1802
46913 1799
46929 1799
46946 1800
46962 1800
46978 1802
46995 1801
47011 1801
47027 1802
47044 1803
47060 1803
47076 1804
47093 1805
47109 1806
47125 1804
47142 1808
47158 1810
47174 1808
47191 1811
47207 1814
47223 1813
47240 1816
47256 1816
47272 1816
47289 1815
47305 1813
47321 1821
47338 1821
47354 1834
47370 1825
47387 1821
47403 1834
47419 1829
47436 1834
47452 1834
47468 1837
47485 1839
47501 1839
47517 1844
47534 1846
47550 1844
47566 1855
47583 1849
47599 1851
47615 1850
47632 1853
47648 1858
47664 1859
47681 1861
47697 1851
47713 1878
47730 1898
47746 1869
47762 1871
47779 1841
47795 1877
47811 1878
47828 1910
47844 1882
47860 1883
47877 1883
47893 1887
47909 1885
47926 1892
47942 1894
47958 1892
47975 1898
47991 1896
48007 1902
48024 1901
48040 1903
48056 1906
48073 1878
48089 1910
48105 1912
48122 1963
48138 1911
48154 1915
48171 1920
48187 1917
48203 1921
48220 1925
48236 1923
48252 1922
48269 1923
48285 1923
48301 1924
48318 1928
48334 1925
48350 1929
48367 1929
48383 1928
48399 1931
48416 1930
48432 1928
48448 2028
48465 1930
48481 1926
48497 1946
48514 1933
48530 1930
48546 1935
48564 1930
48580 1932
48597 1934
48613 1933
48629 1931
48646 1937
48662 1934
48678 1930
48695 1930
48711 1928
48727 1930
48744 1927
48760 1924
48776 1925
48793 1924
48809 1922
48825 1926
48842 1924
48858 1921
48874 1925
48891 1931
48907 1915
48923 1898
48940 1915
48956 1904
48972 1882
48989 1907
49005 1909
49021 1908
49038 1904
49054 1904
49070 1900
49087 1902
49103 1904
49119 1895
49136 1897
49152 1897
49168 1894
49185 1892
49201 1888
49217 1887
49234 1887
49250 1883
49266 1885
49283 1882
49299 1875
49315 1877
49332 1873
49348 1849
49364 1872
49381 1872
49397 1868
49413 1866
49430 1862
49446 1860
49462 1862
49479 1857
49495 1854
49511 1853
49528 1849
49544 1847
49561 1849
49578 1847
49594 1851
49610 1841
49627 1844
49643 1840
49659 1834
49676 1842
49692 1836
49708 1833
49725 1831
49741 1832
49757 1829
49774 1778
49790 1828
49806 1825
49823 1857
49839 1824
49855 1823
49872 1797
49888 1821
49904 1819
49921 1819
49937 1818
49953 1817
49970 1815
49986 1814
50002 1814
50019 1813
50035 1812
50051 1816
50068 1813
50084 1816
50100 1799
50117 1811
50133 1807
50149 1810
50166 1810
50182 1810
50198 1853
50215 1810
50231 1808
50247 1883
50264 1812
50280 1816
50296 1815
50313 1818
50329 1815
50345 1813
50362 1814
50378 1815
50394 1816
50411 1816
50427 1819
50443 1820
50460 1818
50476 1818
50492 1822
50509 1823
50525 1824
50541 1824
50559 1822
50575 1824
50591 1828
50608 1829
50624 1845
50640 1834
50657 1834
50673 1823
50689 1839
50706 1839
50722 1822
50738 1843
50755 1835
50771 1839
50787 1846
50804 1847
50820 1855
50836 1852
50853 1853
50869 1850
50885 1850
50902 1857
50918 1855
50934 1861
50951 1860
50967 1864
50983 1866
51000 1873
51016 1869
51032 1880
51049 1874
51065 1871
51081 1877
51098 1884
51114 1879
51130 1880
51147 1892
51163 1884
51179 1886
51196 1893
51212 1888
51228 1893
51245 1896
51261 1894
51277 1896
51294 1895
51310 1896
51326 1900
51343 1902
51359 1905
51375 1905
51392 1903
51408 1906
51424 1913
51441 1909
51457 1912
51473 1933
51490 1913
51506 1912
51522 1989
51539 1914
51556 1914
51573 1901
51589 1914
51605 1912
51622 1932
51638 1915
51654 1915
51671 1914
51687 1919
51703 1916
51720 1920
51736 1921
51752 1938
51769 1920
51785 1921
51801 1944
51818 1919
51834 1921
51850 1918
51867 1920
51883 1917
51899 1921
51916 1919
51932 1920
51948 1916
51965 1919
51981 1919
51997 1917
52014 1917
52030 1915
52046 1921
52063 1915
52079 1918
52095 1917
52112 1917
52128 1912
52144 1914
52161 1912
52177 1877
52193 1910
52210 1911
52226 1906
52242 1901
52259 1905
52275 1900
52291 1902
52308 1862
52324 1895
52340 1897
52357 1897
52373 1890
52389 1895
52406 1892
52422 1878
52438 1883
52455 1885
52471 1882
52487 1883
52504 1883
52520 1879
52536 1882
52553 1879
52570 1878
52586 1872
52603 1873
52619 1850
52635 1869
52652 1865
52668 1866
52684 1867
52701 1864
52717 1857
52733 1861
52750 1834
52766 1862
52782 1859
52799 1856
52815 1854
52831 1855
52848 1852
52864 1852
52880 1847
52897 1847
52913 1844
52929 1848
52946 1843
52962 1841
52978 1838
52995 1841
53011 1835
53027 1835
53044 1833
53060 1835
53076 1833
53093 1833
53109 1832
53125 1908
53142 1827
53158 1837
53174 1831
53191 1826
53207 1826
53223 1824
53240 1830
53256 1827
53272 1825
53289 1831
53305 1828
53321 1824
53338 1825
53354 1823
53370 1820
53387 1820
53403 1821
53419 1823
53436 1817
53452 1825
53468 1824
53485 1823
53501 1825
53517 1823
53534 1822
53550 1826
53566 1883
53583 1828
53599 1827
53615 1828
53632 1827
53648 1827
53664 1825
53681 1827
53697 1805
53713 1832
53730 1830
53746 1835
53762 1834
53779 1834
53795 1837
53811 1831
53828 1851
53844 1836
53860 1840
53877 1841
53893 1840
53909 1840
53926 1832
53942 1843
53958 1844
53975 1846
53991 1846
54007 1848
54024 1852
54040 1850
54056 1850
54073 1821
54089 1849
54105 1852
54122 1859
54138 1849
54154 1860
54171 1860
54187 1864
54203 1954
54220 1858
54236 1867
54252 1868
54269 1870
54285 1870
54301 1875
54318 1871
54334 1876
54350 1875
54367 1877
54383 1877
54399 1878
54416 1882
54432 1876
54448 1888
54465 1882
54481 1884
54497 1889
54514 1901
54530 1888
54546 1890
54564 1889
54580 1891
54597 1892
54613 1893
54629 1889
54646 1895
54662 1898
54678 1898
54695 1899
54711 1899
54727 1901
54744 1901
54760 1901
54776 1908
54793 1901
54809 1903
54825 1905
54842 1908
54858 1902
54874 1896
54891 1906
54907 1904
54923 1908
54940 1909
54956 1908
54972 1918
54989 1904
55005 1909
55021 1908
55038 1910
55054 1909
55070 1913
55087 1908
55103 1910
55119 1911
55136 1910
55152 1904
55168 1898
55185 1908
55201 1908
55217 1905
55234 1904
55250 1909
55266 1906
55283 1906
55299 1908
55315 1904
55332 1928
55348 1906
55364 1905
55381 1905
55397 1900
55413 1898
55430 1901
55446 1901
55462 1864
55479 1898
55495 1894
55511 1896
55528 1897
55544 1892
55561 1895
55578 1891
55594 1890
55610 1887
55627 1891
55643 1889
55659 1888
55676 1876
55692 1886
55708 1879
55725 1883
55741 1883
55757 1868
55774 1864
55790 1877
55806 1879
55823 1876
55839 1876
55855 1874
55872 1873
55888 1872
55904 1817
55921 1867
55937 1868
55953 1868
55970 1865
55986 1865
56002 1862
56019 1862
56035 1859
56051 1862
56068 1855
56084 1858
56100 1856
56117 1855
56133 1851
56149 1855
56166 1851
56182 1849
56198 1850
56215 1850
56231 1846
56247 1844
56264 1847
56280 1837
56296 1842
56313 1846
56329 1854
56345 1841
56362 1834
56378 1859
56394 1840
56411 1836
56427 1841
56443 1835
56460 1835
56476 1839
56492 1832
56509 1836
56525 1839
56541 1836
56559 1837
56575 1832
56591 1834
56608 1834
56624 1830
56640 1834
56657 1833
56673 1833
56689 1826
56706 1822
56722 1836
56738 1831
56755 1841
56771 1840
56787 1837
56804 1829
56820 1835
56836 1834
56853 1832
56869 1836
56885 1836
56902 1838
56918 1836
56934 1836
56951 1837
56967 1838
56983 1839
57000 1841
57016 1841
57032 1839
57049 1838
57065 1841
57081 1844
57098 1873
57114 1842
57130 1851
57147 1849
57163 1846
57179 1848
57196 1848
57212 1850
57228 1851
57245 1856
57261 1854
57277 1854
57294 1850
57310 1855
57326 1861
57343 1854
57359 1858
57375 1861
57392 1860
57408 1861
57424 1865
57441 1867
57457 1866
57473 1872
57490 1871
57506 1871
57522 1821
57539 1876
57556 1874
57573 1841
57589 1873
57605 1874
57622 1870
57638 1877
57654 1878
57671 1879
57687 1878
57703 1884
57720 1883
57736 1880
57752 1886
57769 1889
57785 1884
57801 1889
57818 1893
57834 1891
57850 1890
57867 1890
57883 1891
57899 1895
57916 1893
57932 1894
57948 1999
57965 1897
57981 1894
57997 1899
58014 1896
58030 1898
58046 1922
58063 1900
58079 1901
58095 1900
58112 1903
58128 1901
58144 1908
58161 1899
58177 1902
58193 1906
58210 1901
58226 1901
58242 1904
58259 1903
58275 1905
58291 1903
58308 1904
58324 1900
58340 1902
58357 1901
58373 1922
58389 1903
58406 1901
58422 1923
58438 1903
58455 1902
58471 1902
58487 1902
58504 1908
58520 1904
58536 1900
58553 1901
58570 1896
58586 1900
58603 1900
58619 1899
58635 1898
58652 1898
58668 1898
58684 1895
58701 1895
58717 1898
58733 1896
58750 1893
58766 1893
58782 1892
58799 1895
58815 1893
58831 1887
58848 1887
58864 1890
58880 1887
58897 1886
58913 1884
58929 1885
58946 1884
58962 1882
58978 1879
58995 1882
59011 1879
59027 1878
59044 1880
59060 1877
59076 1877
59093 1874
59109 1872
59125 1872
59142 1876
59158 1870
59174 1867
59191 1870
59207 1857
59223 1852
59240 1867
59256 1867
59272 1909
59289 1864
59305 1863
59321 1840
59338 1862
59354 1860
59370 1861
59387 1862
59403 1857
59419 1856
59436 1854
59452 1856
59468 1851
59485 1857
59501 1853
59517 1849
59534 1849
59550 1852
59566 1845
59583 1845
59599 1845
59615 1855
59632 1845
59648 1823
59664 1847
59681 1843
59697 1809
59713 1847
59730 1843
59746 1841
59762 1842
59779 1841
59795 1840
59811 1843
59828 1843
59844 1841
59860 1847
59877 1840
59893 1838
59909 1841
59926 1841
59942 1837
59958 1841
59975 1841
59991 1838
60007 1836
60024 1840
60040 1840
60056 1841
60073 1800
60089 1839
60105 1841
60122 1845
60138 1839
60154 1840
60171 1843
60187 1838
60203 1841
60220 1844
60236 1844
60252 1844
60269 1840
60285 1847
60301 1846
60318 1844
60334 1845
60350 1848
60367 1847
60383 1847
60399 1848
60416 1847
60432 1848
60448 1813
60465 1848
60481 1849
60497 1828
60514 1854
60530 1852
60546 1856
60564 1856
60580 1855
60597 1856
60613 1861
60629 1856
60646 1856
60662 1859
60678 1856
60695 1857
60711 1849
60727 1874
60744 1862
60760 1863
60776 1866
60793 1864
60809 1904
60825 1872
60842 1868
60858 1862
60874 1870
60891 1868
60907 1869
60923 1878
60940 1842
60956 1873
60972 1876
60989 1876
61005 1875
61021 1879
61038 1880
61054 1883
61070 1883
61087 1882
61103 1880
61119 1882
61136 1883
61152 1881
61168 1884
61185 1885
61201 1882
61217 1886
61234 1884
61250 1889
61266 1888
61283 1889
61299 1890
61315 1891
61332 1903
61348 1885
61364 1892
61381 1895
61397 1895
61413 1881
61430 1895
61446 1895
61462 1864
61479 1897
61495 1894
61511 1898
61528 1896
61544 1895
61561 1898
61578 1895
61594 1896
61610 1898
61627 1899
61643 1894
61659 1902
61676 1893
61692 1896
61708 1894
61725 1896
61741 1901
61757 1903
61774 1900
61790 1897
61806 1897
61823 1903
61839 1897
61855 1898
61872 1897
61888 1900
61904 1870
61921 1896
61937 1894
61953 1894
61970 1896
61986 1899
62002 1896
62019 1893
62035 1893
62051 1893
62068 1892
62084 1889
62100 1892
62117 1891
62133 1892
62149 1906
62166 1887
62182 1887
62198 1883
62215 1890
62231 1884
62247 1884
62264 1880
62280 1960
62296 1886
62313 1878
62329 1881
62345 1880
62362 1879
62378 1879
62394 1878
62411 1852
62427 1877
62443 1873
62460 1871
62476 1875
62492 1872
62509 1877
62525 1871
62541 1833
62559 1869
62575 1867
62591 1856
62608 1865
62624 1862
62640 1864
62657 1861
62673 1864
62689 1853
62706 1862
62722 1944
62738 1866
62755 1858
62771 1864
62787 1864
62804 1861
62820 1858
62836 1854
62853 1824
62869 1853
62885 1843
62902 1853
62918 1852
62934 1852
62951 1850
62967 1850
62983 1844
63000 1850
63016 1848
63032 1846
63049 1845
63065 1847
63081 1845
63098 1853
63114 1846
63130 1845
63147 1836
63163 1845
63179 1844
63196 1848
63212 1843
63228 1819
63245 1844
63261 1848
63277 1843
63294 1842
63310 1842
63326 1844
63343 1843
63359 1865
63375 1844
63392 1843
63408 1839
63424 1845
63441 1845
63457 1842
63473 1847
63490 1841
63506 1843
63522 1846
63539 1847
63556 1833
63573 1848
63589 1849
63605 1847
63622 1847
63638 1847
63654 1846
63671 1832
63687 1842
63703 1849
63720 1848
63736 1848
63752 1850
63769 1850
63785 1850
63801 1880
63818 1852
63834 1855
63850 1861
63867 1852
63883 1854
63899 1857
63916 1857
63932 1862
63948 1858
63965 1859
63981 1857
63997 1860
64014 1862
64030 1859
64046 1847
64063 1867
64079 1863
64095 1862
64112 1865
64128 1865
64144 1869
64161 1864
64177 1843
64193 1871
64210 1871
64226 1876
64242 1874
64259 1876
64275 1873
64291 1873
64308 1894
64324 1877
64340 1875
64357 1880
64373 1878
64389 1875
64406 1879
64422 1879
64438 1880
64455 1880
64471 1882
64487 1924
64504 1883
64520 1887
64536 1886
64553 1893
64570 1882
64586 1889
64603 1887
64619 1876
64635 1888
64652 1891
64668 1893
64684 1887
64701 1894
64717 1892
64733 1890
64750 1901
64766 1894
64782 1892
64799 1892
64815 1896
64831 1894
64848 1896
64864 1897
64880 1894
64897 1891
64913 1898
64929 1947
64946 1895
64962 1904
64978 1897
64995 1894
65011 1899
65027 1896
65044 1898
65060 1898
65076 1896
65093 1893
65109 1895
65125 1880
65142 1893
65158 1895
65174 1898
65191 1895
65207 1890
65223 1894
65240 1896
65256 1894
65272 1895
65289 1898
65305 1892
65321 1893
65338 1891
65354 1894
65370 1890
65387 1894
65403 1898
65419 1886
65436 1890
65452 1886
65468 1890
65485 1885
65501 1885
65517 1883
65534 1886
65550 1886
65566 1884
65583 1882
65599 1884
65615 1882
65632 1899
65648 1873
65664 1881
65681 1887
65697 1887
65713 1874
65730 1876
65746 1874
65762 1879
65779 1874
65795 1870
65811 1873
65828 1871
65844 1869
65860 1870
65877 1868
65893 1869
65909 1869
65926 1864
65942 1868
65958 1868
65975 1865
65991 1861
66007 1865
66024 1865
66040 1859
66056 1874
66073 1866
66089 1856
66105 1860
66122 1870
66138 1854
66154 1858
66171 1856
66187 1853
66203 1854
66220 1853
66236 1852
66252 1852
66269 1855
66285 1851
66301 1849
66318 1853
66334 1847
66350 1849
66367 1846
66383 1848
66399 1849
66416 1847
66432 1846
66448 1856
66465 1846
66481 1847
66497 1865
66514 1845
66530 1843
66546 1829
66564 1842
66580 1845
66597 1838
66613 1843
66629 1844
66646 1843
66662 1842
66678 1843
66695 1841
66711 1842
66727 1844
66744 1839
66760 1843
66776 1842
66793 1845
66809 1843
66825 1844
66842 1847
66858 1845
66874 1843
66891 1847
66907 1843
66923 1800
66940 1845
66956 1846
66972 1808
66989 1846
67005 1848
67022 1849
67038 1851
67054 1849
67071 1845
67087 1849
67104 1849
67120 1847
67137 1849
67153 1852
67169 1857
67186 1857
67202 1853
67219 1849
67235 1855
67252 1853
67268 1855
67284 1858
67301 1859
67317 1858
67334 1867
67350 1859
67367 1858
67383 1854
67399 1861
67416 1861
67432 1863
67449 1856
67465 1862
67482 1867
67498 1870
67514 1865
67531 1866
67547 1820
67565 1869
67581 1863
67598 1881
67614 1872
67630 1873
67647 1876
67663 1871
67680 1877
67696 1903
67713 1876
67729 1877
67745 1876
67762 1878
67778 1879
67795 1887
67811 1880
67828 1879
67844 1878
67860 1883
67877 1881
67893 1881
67910 1883
67926 1881
67943 1888
67959 1889
67975 1882
67992 1887
68008 1894
68025 1888
68041 1885
68058 1887
68074 1888
68090 1887
68107 1889
68123 1922
68140 1889
68156 1888
68173 1931
68189 1887
68205 1890
68222 1859
68238 1893
68255 1891
68271 1908
68288 1894
68304 1889
68320 1890
68337 1892
68353 1890
68370 1893
68386 1892
68403 1892
68419 1895
68435 1893
68452 1892
68468 1891
68485 1890
68501 1886
68518 1890
68534 1892
68550 1894
68567 1896
68583 1890
68600 1878
68616 1887
68633 1889
68649 1890
68666 1894
68682 1888
68698 1881
68715 1885
68731 1886
68748 1868
68764 1887
68781 1884
68797 1895
68813 1882
68830 1886
68846 1857
68863 1885
68879 1881
68896 1884
68912 1876
68928 1874
68945 1879
68961 1879
68978 1874
68994 1877
69011 1876
69027 1875
69043 1874
69060 1875
69076 1874
69093 1875
69109 1870
69126 1875
69142 1871
69158 1869
69175 1869
69191 1869
69208 1866
69224 1868
69241 1869
69257 1869
69273 1854
69290 1863
69306 1853
69323 1915
69339 1860
69356 1863
69372 1829
69388 1863
69405 1859
69421 1849
69438 1859
69454 1858
69471 1863
69487 1868
69503 1855
69520 1853
69536 1854
69553 1856
69570 1856
69587 1855
69603 1856
69620 1854
69636 1854
69652 1887
69669 1853
69685 1852
69702 1850
69718 1851
69735 1848
69751 1849
69767 1849
69784 1851
69800 1845
69817 1848
69833 1840
69850 1851
69866 1848
69882 1833
69899 1840
69915 1848
69932 1849
69948 1848
69965 1876
69981 1846
69997 1850
70014 1846
70030 1848
70047 1882
70063 1846
70080 1848
70096 1847
70112 1844
70129 1850
70145 1845
70162 1850
70178 1848
70195 1845
70211 1851
70227 1845
70244 1848
70260 1849
70277 1856
70293 1849
70310 1851
70326 1851
70342 1852
70359 1837
70375 1850
70392 1851
70408 1848
70425 1851
70441 1855
70457 1857
70474 1853
70490 1856
70507 1857
70523 1857
70540 1852
70557 1862
70574 1860
70590 1862
70606 1862
70623 1865
70639 1864
70656 1866
70672 1864
70689 1863
70705 1868
70721 1869
70738 1870
70754 1871
70771 1872
70787 1873
70804 1870
70820 1860
70836 1868
70853 1854
70869 1873
70886 1873
70902 1872
70919 1876
70935 1874
70951 1875
70968 1878
70984 1878
71001 1876
71017 1879
71034 1877
71050 1878
71066 1879
71083 1882
71099 1918
71116 1886
71132 1882
71149 1885
71165 1882
71181 1881
71198 1885
71214 1884
71231 1886
71247 1884
71264 1888
71280 1873
71296 1885
71313 1888
71329 1890
71346 1887
71362 1882
71379 1888
71395 1890
71411 1882
71428 1890
71444 1892
71461 1890
71477 1888
71494 1892
71510 1888
71526 1891
71543 1887
71560 1892
71577 1888
71593 1864
71610 1888
71626 1888
71643 1891
71659 1891
71675 1890
71692 1891
71708 1887
71725 1888
71741 1885
71758 1888
71774 1846
71790 1885
71807 1886
71823 1888
71840 1887
71856 1884
71873 1884
71889 1882
71905 1895
71922 1882
71938 1883
71955 1876
71971 1882
71988 1881
72004 1881
72020 1884
72037 1882
72053 1875
72070 1880
72086 1881
72103 1881
72119 1878
72135 1878
72152 1868
72168 1873
72185 1876
72201 1885
72218 1875
72234 1875
72250 1877
72267 1872
72283 1873
72300 1871
72316 1869
72333 1828
72349 1871
72365 1871
72382 1872
72398 1870
72415 1865
72431 1867
72448 1864
72464 1868
72480 1865
72497 1866
72513 1848
72530 1864
72546 1861
72564 1860
72580 1862
72597 1860
72613 1862
72629 1860
72646 1856
72662 1860
72679 1862
72695 1841
72712 1859
72728 1860
72744 1859
72761 1858
72777 1856
72794 1858
72810 1857
72827 1828
72843 1855
72859 1858
72876 1854
72892 1855
72909 1853
72925 1854
72942 1853
72958 1855
72974 1855
72991 1854
73007 1856
73024 1853
73040 1846
73057 1853
73073 1830
73089 1870
73106 1849
73122 1848
73139 1849
73155 1851
73172 1854
73188 1853
73204 1851
73221 1852
73237 1851
73254 1830
73270 1853
73287 1854
73303 1853
73319 1859
73336 1852
73352 1853
73369 1851
73385 1842
73402 1853
73418 1851
73434 1856
73451 1855
73467 1858
73484 1856
73500 1855
73517 1852
73533 1858
73549 1857
73566 1923
73583 1854
73599 1861
73616 1858
73632 1862
73649 1856
73665 1858
73681 1860
73698 1862
73714 1863
73731 1858
73747 1849
73764 1862
73780 1862
73796 1859
73813 1863
73829 1864
73846 1865
73862 1866
73879 1863
73895 1868
73911 1869
73928 1864
73944 1867
73961 1868
73977 1872
73994 1879
74010 1865
74026 1870
74043 1886
74059 1872
74076 1872
74092 1875
74109 1873
74125 1927
74141 1876
74158 1872
74174 1876
74191 1875
74207 1874
74224 1876
74240 1876
74256 1880
74273 1880
74289 1878
74306 1843
74322 1884
74339 1879
74355 1880
74371 1877
74388 1880
74404 1882
74421 1881
74437 1881
74454 1882
74470 1880
74486 1880
74503 1882
74519 1884
74536 1883
74552 1883
74570 1881
74586 1879
74603 1881
74619 1887
74635 1880
74652 1883
74668 1882
74685 1891
74701 1884
74718 1883
74734 1957
74750 1882
74767 1885
74783 1851
74800 1883
74816 1885
74833 1889
74849 1885
74865 1882
74882 1884
74898 1884
74915 1884
74931 1879
74948 1880
74964 1878
74980 1882
74997 1882
75013 1880
75030 1882
75046 1886
75063 1882
75079 1882
75095 1881
75112 1881
75128 1879
75145 1876
75161 1878
75178 1876
75194 1879
75210 1879
75227 1876
75243 1875
75260 1878
75276 1877
75293 1872
75309 1876
75325 1877
75342 1875
75358 1876
75375 1876
75391 1873
75408 1873
75424 1869
75440 1872
75457 1871
75473 1891
75490 1870
75506 1870
75523 1891
75539 1869
75557 1872
75573 1942
75589 1870
75606 1869
75622 1838
75639 1868
75655 1867
75672 1884
75688 1868
75704 1870
75721 1862
75737 1867
75754 1864
75770 1866
75787 1862
75803 1864
75819 1862
75836 1864
75852 1867
75869 1861
75885 1862
75902 1861
75918 1861
75934 1863
75951 1863
75967 1858
75984 1860
76000 1858
76017 1858
76033 1860
76049 1857
76066 1861
76082 1859
76099 1857
76115 1860
76132 1857
76148 1881
76164 1859
76181 1861
76197 1839
76214 1856
76230 1856
76247 1865
76263 1854
76279 1855
76296 1858
76312 1859
76329 1856
76345 1859
76362 1853
76378 1857
76394 1853
76411 1854
76427 1855
76444 1852
76460 1859
76477 1856
76493 1859
76509 1859
76526 1858
76542 1856
76560 1858
76576 1856
76593 1858
76609 1860
76625 1857
76642 1859
76658 1856
76675 1859
76691 1856
76708 1859
76724 1861
76740 1860
76757 1859
76773 1863
76790 1860
76806 1861
76823 1882
76839 1864
76855 1865
76872 1814
76888 1863
76905 1865
76921 1863
76938 1864
76954 1863
76970 1869
76987 1864
77003 1866
77020 1866
77036 1871
77053 1869
77069 1862
77085 1866
77102 1863
77118 1864
77135 1869
77151 1875
77168 1871
77184 1874
77200 1870
77217 1873
77233 1868
77250 1874
77266 1876
77283 1875
77299 1875
77315 1873
77332 1875
77348 1881
77365 1875
77381 1881
77398 1870
77414 1878
77430 1877
77447 1841
77463 1878
77480 1881
77496 1897
77513 1877
77529 1877
77545 1880
77563 1882
77579 1881
77596 1875
77612 1885
77629 1889
77645 1887
77662 1883
77678 1881
77694 1883
77711 1885
77727 1887
77744 1885
77760 1881
77777 1881
77793 1885
77809 1887
77826 1886
77842 1885
77859 1887
77875 1884
77892 1884
77908 1885
77924 1883
77941 1882
77957 1884
77974 1884
77990 1885
78007 1887
78023 1885
78039 1883
78056 1884
78072 1931
78089 1886
78105 1886
78122 1851
78138 1884
78154 1884
78171 1882
78187 1885
78204 1880
78220 1883
78237 1883
78253 1882
78269 1887
78286 1882
78302 1878
78319 1889
78335 1883
78352 1879
78368 1881
78384 1877
78401 1883
78417 1884
78434 1873
78450 1877
78467 1879
78483 1878
78499 1874
78516 1879
78532 1876
78549 1879
78566 1876
78583 1874
78599 1874
78616 1876
78632 1874
78648 1879
78665 1876
78681 1874
78698 1870
78714 1871
78731 1871
78747 1872
78763 1866
78780 1870
78796 1872
78813 1872
78829 1928
78846 1873
78862 1865
78878 1868
78895 1863
78911 1865
78928 1866
78944 1867
78961 1858
78977 1864
78993 1864
79010 1863
79026 1864
79043 1861
79059 1863
79076 1866
79092 1862
79108 1862
79125 1759
79141 1864
79158 1860
79174 1867
79191 1861
79207 1864
79223 1856
79240 1858
79256 1860
79273 1860
79289 1855
79306 1869
79322 1860
79338 1851
79355 1861
79371 1857
79388 1860
79404 1851
79421 1857
79437 1827
79453 1856
79470 1857
79486 1850
79503 1858
79519 1855
79536 1853
79552 1861
79570 1858
79586 1857
79602 1860
79619 1882
79635 1850
79652 1859
79668 1856
79685 1859
79701 1857
79717 1861
79734 1856
79750 1857
79767 1859
79783 1858
79800 1834
79816 1859
79832 1861
79849 1858
79865 1859
79882 1865
79898 1860
79915 1860
79931 1865
79947 1861
79964 1860
79980 1861
79997 1861
80013 1860
80030 1859
80046 1849
80062 1862
80079 1866
80095 1862
80112 1862
80128 1864
80145 1865
80161 1865
80177 1859
80194 1867
80210 1863
80227 1863
80243 1867
80260 1868
80276 1865
80292 1872
80309 1869
80325 1864
80342 1867
80358 1839
80375 1865
80391 1868
80407 1868
80424 1869
80440 1866
80457 1868
80473 1867
80490 1876
80506 1872
80522 1873
80539 1875
80556 1872
80573 1873
80589 1873
80606 1870
80622 1869
80639 1873
80655 1873
80671 1879
80688 1874
80704 1866
80721 1874
80737 1877
80754 1875
80770 1874
80786 1873
80803 1873
80819 1876
80836 1877
80852 1848
80869 1877
80885 1877
80901 1882
80918 1879
80934 1878
80951 1880
80967 1880
80984 1879
81000 1879
81016 1879
81033 1879
81049 1880
81066 1878
81082 1879
81099 1862
81115 1878
81131 1882
81148 1881
81164 1880
81181 1879
81197 1879
81214 1880
81230 1879
81246 1881
81263 1879
81279 1886
81296 1867
81312 1880
81329 1881
81345 1879
81361 1880
81378 1882
81394 1878
81411 1860
81427 1877
81444 1882
81460 1883
81476 1880
81493 1880
81509 1880
81526 1880
81542 1882
81560 1879
81576 1888
81592 1899
81609 1879
81625 1881
81642 1878
81658 1879
81675 1879
81691 1877
81707 1873
81724 1873
81740 1878
81757 1880
81773 1869
81790 1876
81806 1878
81822 1872
81839 1877
81855 1875
81872 1872
81888 1876
81905 1885
81921 1877
81937 1870
81954 1873
81970 1873
81987 1876
82003 1874
82020 1872
82036 1874
82052 1869
82069 1869
82085 1878
82102 1871
82118 1870
82135 1873
82151 1829
82167 1873
82184 1862
82200 1870
82217 1870
82233 1871
82250 1869
82266 1868
82282 1869
82299 1869
82315 1868
82332 1815
82348 1869
82365 1867
82381 1864
82397 1868
82414 1866
82430 1867
82447 1865
82463 1864
82480 1864
82496 1867
82512 1865
82529 1863
82545 1867
82563 1866
82579 1866
82596 1863
82612 1873
82629 1866
82645 1818
82661 1864
82678 1864
82694 1867
82711 1867
82727 1862
82744 1863
82760 1864
82776 1863
82793 1861
82809 1862
82826 1831
82842 1865
82859 1861
82875 1861
82891 1863
82908 1862
82924 1864
82941 1861
82957 1853
82974 1861
82990 1863
83006 1858
83023 1862
83039 1859
83056 1862
83072 1898
83089 1862
83105 1860
83121 1864
83138 1859
83154 1861
83171 1863
83187 1861
83204 1859
83220 1859
83236 1863
83253 1848
83269 1864
83286 1860
83302 1856
83319 1865
83335 1862
83351 1863
83368 1862
83384 1846
83401 1864
83417 1864
83434 1865
83450 1865
83466 1861
83483 1866
83499 1864
83516 1864
83532 1863
83549 1864
83566 1865
83583 1862
83599 1863
83615 1863
83632 1865
83648 1866
83665 1866
83681 1868
83698 1867
83714 1866
83730 1867
83747 1865
83763 1863
83780 1865
83796 1869
83813 1908
83829 1864
83845 1866
83862 1818
83878 1867
83895 1862
83911 1868
83928 1866
83944 1870
83960 1870
83977 1871
83993 1871
84010 1870
84026 1868
84043 1877
84059 1867
84075 1869
84092 1869
84108 1871
84125 1874
84141 1870
84158 1874
84174 1871
84190 1874
84207 1872
84223 1866
84240 1873
84256 1874
84273 1891
84289 1878
84305 1877
84322 1826
84338 1875
84355 1875
84371 1883
84388 1878
84404 1877
84420 1874
84437 1875
84453 1875
84470 1881
84486 1877
84503 1877
84519 1879
84535 1876
84552 1880
84569 1878
84586 1876
84602 1881
84619 1876
84635 1883
84652 1883
84668 1879
84684 1880
84701 1878
84717 1879
84734 1880
84750 1880
84767 1880
84783 1882
84799 1882
84816 1883
84832 1880
84849 1881
84865 1878
84882 1877
84898 1893
84914 1881
84931 1883
84947 1898
84964 1880
84980 1879
84997 1879
85013 1882
85029 1880
85046 1889
85062 1879
85079 1882
85095 1880
85112 1880
85128 1879
85144 1879
85161 1876
85177 1877
85194 1877
85210 1877
85227 1877
85243 1877
85259 1881
85276 1882
85292 1873
85309 1885
85325 1876
85342 1877
85358 1877
85374 1876
85391 1875
85407 1875
85424 1880
85440 1875
85457 1875
85473 1896
85489 1874
85506 1872
85522 1896
85539 1872
85556 1873
85573 1940
85589 1866
85606 1870
85622 1850
85638 1871
85655 1868
85671 1867
85688 1870
85704 1874
85721 1870
85737 1871
85753 1867
85770 1867
85786 1866
85803 1867
85819 1861
85836 1867
85852 1882
85868 1866
85885 1866
85901 1866
85918 1868
85934 1864
85951 1866
85967 1867
85983 1869
86000 1864
86016 1866
86033 1867
86049 1861
86066 1866
86082 1863
86098 1859
86115 1861
86131 1863
86148 1857
86164 1861
86181 1864
86197 1881
86213 1861
86230 1861
86246 1862
86263 1859
86279 1862
86296 1861
86312 1863
86328 1860
86345 1867
86361 1861
86378 1860
86394 1857
86411 1861
86427 1859
86443 1861
86460 1858
86476 1858
86493 1857
86509 1858
86526 1860
86542 1866
86560 1871
86576 1862
86592 1858
86609 1861
86625 1850
86642 1859
86658 1861
86675 1860
86691 1862
86707 1860
86724 1863
86740 1863
86757 1860
86773 1861
86790 1860
86806 1861
86822 1878
86839 1862
86855 1864
86872 1815
86888 1857
86905 1862
86921 1860
86937 1863
86954 1863
86970 1864
86987 1864
87003 1863
87020 1865
87036 1863
87052 1863
87069 1856
87085 1868
87102 1862
87118 1860
87135 1865
87151 1864
87167 1867
87184 1872
87200 1861
87217 1864
87233 1866
87250 1866
87266 1866
87282 1867
87299 1868
87315 1852
87332 1869
87348 1872
87365 1866
87381 1867
87397 1864
87414 1866
87430 1868
87447 1824
87463 1868
87480 1872
87496 1887
87512 1871
87529 1885
87545 1870
87563 1869
87579 1866
87596 1870
87612 1870
87628 1871
87645 1876
87661 1869
87678 1872
87694 1871
87711 1869
87727 1870
87743 1871
87760 1872
87776 1874
87793 1877
87809 1882
87826 1875
87842 1873
87858 1874
87875 1873
87891 1876
87908 1874
87924 1875
87941 1875
87957 1845
87973 1876
87990 1872
88006 1878
88023 1873
88039 1874
88056 1876
88072 1849
88088 1872
88105 1878
88121 1879
88138 1879
88154 1888
88171 1876
88187 1878
88203 1875
88220 1876
88236 1878
88253 1894
88269 1878
88286 1877
88302 1883
88318 1875
88335 1876
88351 1875
88368 1876
88384 1849
88401 1881
88417 1879
88433 1871
88450 1876
88466 1876
88483 1875
88499 1873
88516 1876
88532 1874
88548 1878
88566 1842
88583 1876
88599 1874
88615 1875
88632 1880
88648 1875
88665 1874
88681 1876
88698 1872
88714 1877
88730 1875
88747 1897
88763 1876
88780 1878
88796 1879
88813 1875
88829 1875
88845 1873
88862 1875
88878 1846
88895 1876
88911 1871
88928 1871
88944 1872
88960 1871
88977 1872
88993 1871
89010 1871
89026 1871
89043 1875
89059 1870
89075 1859
89092 1873
89108 1869
89125 1782
89141 1870
89158 1871
89174 1870
89190 1868
89207 1870
89223 1866
89240 1867
89256 1869
89273 1866
89289 1867
89305 1879
89322 1870
89338 1863
89355 1875
89371 1868
89388 1865
89404 1866
89420 1867
89437 1825
89453 1865
89470 1865
89486 1857
89503 1868
89519 1863
89535 1866
89552 1863
89569 1863
89586 1863
89602 1864
89619 1847
89635 1863
89652 1861
89668 1863
89684 1863
89701 1854
89717 1862
89734 1862
89750 1862
89767 1864
89783 1859
89799 1842
89816 1860
89832 1862
89849 1862
89865 1858
89882 1862
89898 1857
89914 1863
89931 1855
89947 1863
89964 1864
89980 1861
89997 1860
90013 1861
90029 1863
90046 1844
90062 1862
90079 1859
90095 1860
90112 1863
90128 1861
90144 1864
90161 1862
90177 1858
90194 1862
90210 1864
90227 1861
90243 1864
90259 1865
90276 1864
90292 1864
90309 1871
90325 1866
90342 1866
90358 1832
90374 1868
90391 1865
90407 1866
90424 1866
90440 1866
90457 1866
90473 1867
90489 1873
90506 1867
90522 1867
90539 1868
90556 1867
90573 1870
90589 1869
90605 1868
90622 1868
90638 1868
90655 1873
90671 1876
90688 1872
90704 1871
90720 1871
90737 1872
90753 1870
90770 1871
90786 1872
90803 1872
90819 1868
90835 1871
90852 1843
90868 1868
90885 1873
90901 1874
90918 1875
90934 1864
90950 1873
90967 1872
90983 1875
91000 1875
91016 1876
91033 1873
91049 1874
91065 1874
91082 1875
91098 1855
91115 1879
91131 1864
91148 1877
91164 1875
91180 1876
91197 1874
91213 1876
91230 1876
91246 1878
91263 1881
91279 1886
91295 1873
91312 1880
91328 1876
91345 1869
91361 1876
91378 1881
91394 1876
91410 1860
91427 1878
91443 1878
91460 1875
91476 1877
91493 1873
91509 1876
91525 1873
91542 1876
91559 1889
91576 1872
91592 1895
91609 1871
91625 1879
91642 1878
91658 1876
91674 1875
91691 1877
91707 1876
91724 1875
91740 1875
91757 1878
91773 1878
91789 1876
91806 1874
91822 1877
91839 1875
91855 1871
91872 1872
91888 1877
91904 1845
91921 1875
91937 1872
91954 1872
91970 1869
91987 1873
92003 1873
92019 1872
92036 1871
92052 1872
92069 1872
92085 1870
92102 1871
92118 1870
92134 1871
92151 1847
92167 1873
92184 1873
92200 1870
92217 1866
92233 1870
92249 1864
92266 1870
92282 1868
92299 1868
92315 1866
92332 1814
92348 1867
92364 1869
92381 1863
92397 1865
92414 1866
92430 1867
92447 1863
92463 1865
92479 1865
92496 1865
92512 1864
92529 1862
92545 1864
92563 1865
92579 1862
92596 1865
92612 1856
92628 1865
92645 1863
92661 1862
92678 1861
92694 1861
92711 1861
92727 1862
92743 1861
92760 1862
92776 1861
92793 1860
92809 1864
92826 1861
92842 1863
92858 1863
92875 1861
92891 1864
92908 1860
92924 1865
92941 1803
92957 1863
92973 1861
92990 1862
93006 1864
93023 1861
93039 1862
93056 1859
93072 1826
93088 1857
93105 1865
93121 1885
93138 1861
93154 1865
93171 1865
93187 1864
93203 1862
93220 1860
93236 1862
93253 1862
93269 1864
93286 1863
93302 1863
93318 1860
93335 1864
93351 1864
93368 1870
93384 1863
93401 1864
93417 1865
93433 1865
93450 1866
93466 1864
93483 1867
93499 1865
93516 1869
93532 1864
93548 1864
93566 1863
93582 1865
93599 1867
93615 1868
93632 1870
93648 1867
93665 1868
93681 1870
93697 1930
93714 1872
93730 1873
93747 1830
93763 1871
93780 1872
93796 1871
93812 1873
93829 1869
93845 1874
93862 1870
93878 1872
93895 1866
93911 1874
93927 1871
93944 1874
93960 1871
93977 1873
93993 1874
94010 1873
94026 1875
94042 1891
94059 1873
94075 1876
94092 1873
94108 1876
94125 1876
94141 1880
94157 1874
94174 1871
94190 1878
94207 1874
94223 1875
94240 1876
94256 1877
94272 1895
94289 1877
94305 1877
94322 1824
94338 1878
94355 1876
94371 1881
94387 1876
94404 1876
94420 1872
94437 1877
94453 1876
94470 1880
94486 1873
94502 1875
94519 1880
94535 1878
94552 1873
94569 1877
94586 1873
94602 1890
94618 1876
94635 1877
94651 1875
94668 1873
94684 1874
94701 1875
94717 1874
94733 1873
94750 1876
94766 1873
94783 1872
94799 1873
94816 1874
94832 1872
94848 1874
94865 1874
94881 1873
94898 1934
94914 1872
94931 1872
94947 1894
94963 1872
94980 1874
94996 1870
95013 1872
95029 1869
95046 1884
95062 1870
95078 1872
95095 1864
95111 1875
95128 1869
95144 1871
95161 1866
95177 1870
95193 1874
95210 1869
95226 1869
95243 1866
95259 1872
95276 1865
95292 1867
95308 1868
95325 1865
95341 1867
95358 1866
95374 1868
95391 1867
95407 1867
95423 1866
95440 1867
95456 1863
95473 1903
95489 1862
95506 1872
95522 1871
95538 1865
95556 1864
95572 1843
95589 1866
95605 1865
95622 1890
95638 1865
95655 1864
95671 1853
95687 1868
95704 1863
95720 1867
95737 1864
95753 1865
95770 1864
95786 1860
95802 1863
95819 1865
95835 1863
95852 1864
95868 1861
95885 1863
95901 1863
95917 1866
95934 1863
95950 1863
95967 1864
95983 1862
96000 1865
96016 1864
96032 1866
96049 1862
96065 1863
96082 1862
96098 1861
96115 1863
96131 1863
96147 1819
96164 1860
96180 1863
96197 1917
96213 1865
96230 1867
96246 1867
96262 1863
96279 1865
96295 1865
96312 1865
96328 1864
96345 1870
96361 1867
96377 1864
96394 1863
96410 1861
96427 1866
96443 1873
96460 1866
96476 1868
96492 1865
96509 1865
96525 1867
96542 1869
96559 1866
96576 1866
96592 1867
96608 1866
96625 1869
96641 1867
96658 1872
96674 1867
96691 1869
96707 1866
96723 1869
96740 1870
96756 1870
96773 1835
96789 1868
96806 1867
96822 1868
96838 1870
96855 1868
96871 1871
96888 1872
96904 1870
96921 1873
96937 1872
96953 1976
96970 1873
96986 1871
97003 1872
97019 1873
97036 1872
97052 1875
97068 1872
97085 1882
97101 1873
97118 1873
97134 1883
97151 1912
97167 1876
97183 1874
97200 1876
97216 1877
97233 1877
97249 1876
97266 1869
97282 1879
97298 1876
97315 1881
97331 1840
97348 1878
97364 1878
97381 1870
97397 1877
97413 1878
97430 1877
97446 1878
97463 1918
97479 1876
97496 1878
97512 1879
97528 1874
97545 1880
97562 1877
97579 1880
97595 1880
97612 1876
97628 1884
97645 1885
97661 1879
97677 1879
97694 1878
97710 1881
97727 1878
97743 1878
97760 1879
97776 1877
97792 1880
97809 1881
97825 1841
97842 1880
97858 1879
97875 1880
97891 1880
97907 1880
97924 1876
97940 1877
97957 1898
97973 1876
97990 1878
98006 1877
98022 1875
98039 1875
98055 1875
98072 1862
98088 1874
98105 1877
98121 1879
98137 1876
98154 1876
98170 1875
98187 1872
98203 1870
98220 1872
98236 1875
98252 1870
98269 1875
98285 1871
98302 1873
98318 1870
98335 1869
98351 1872
98367 1870
98384 1849
98400 1869
98417 1870
98433 1869
98450 1870
98466 1870
98482 1876
98499 1871
98515 1869
98532 1869
98548 1869
98566 1895
98582 1866
98599 1866
98615 1869
98631 1863
98648 1865
98664 1864
98681 1865
98697 1843
98714 1870
98730 1863
98746 1867
98763 1862
98779 1865
98796 1863
98812 1865
98829 1865
98845 1864
98861 1863
98878 1825
98894 1864
98911 1865
98927 1862
98944 1864
98960 1863
98976 1863
98993 1869
99009 1859
99026 1858
99042 1857
99059 1862
99075 1860
99091 1863
99108 1861
99124 1873
99141 1863
99157 1860
99174 1864
99190 1864
99206 1864
99223 1859
99239 1862
99256 1863
99272 1866
99289 1861
99305 1858
99321 1862
99338 1860
99354 1863
99371 1862
99387 1863
99404 1862
99420 1859
99436 1760
99453 1860
99469 1861
99486 1866
99502 1860
99519 1851
99535 1865
99551 1860
99569 1864
99585 1864
99602 1865
99618 1925
99635 1862
99651 1862
99668 1865
99684 1862
99700 1862
99717 1864
99733 1862
99750 1864
99766 1865
99783 1866
99799 1862
99815 1865
99832 1865
99848 1873
99865 1867
99881 1867
99898 1867
99914 1868
99930 1770
99947 1867
99963 1869
99980 1868
99996 1870
100013 1868
100029 1870
100045 1849
100062 1869
100078 1868
100095 1868
100111 1870
100128 1868
100144 1871
100160 1871
100177 1880
100193 1872
100210 1874
100226 1870
100243 1880
100259 1871
100275 1873
100292 1871
100308 1872
100325 1872
100341 1873
100358 1830
100374 1875
100390 1873
100407 1875
100423 1871
100440 1874
100456 1872
100473 1877
100489 1869
100505 1875
100522 1873
100538 1874
100556 1871
100572 1875
100589 1876
100605 1874
100622 1877
100638 1875
100654 1873
100671 1884
100688 1877
100704 1875
100720 1875
100736 1873
100753 1876
100769 1874
100785 1883
100802 1877
100818 1872
100834 1878
100850 1874
100867 1874
100883 1876
100899 1875
100916 1875
100932 1875
100948 1876
100964 1875
100981 1873
100997 1872
101013 1873
101030 1878
101046 1878
101062 1877
101078 1876
101095 1876
101111 1873
101127 1872
101144 1875
101160 1873
101176 1851
101192 1875
101209 1876
101225 1875
101241 1872
101258 1874
101274 1875
101290 1873
101306 1975
101323 1877
101339 1870
101355 1873
101372 1873
101388 1871
101404 1874
101420 1873
101437 1910
101453 1874
101469 1872
101486 1873
101502 1873
101518 1874
101534 1871
101551 1869
101568 1871
101584 1872
101601 1874
101617 1852
101633 1872
101650 1872
101666 1871
101682 1867
101698 1871
101715 1868
101731 1870
101747 1873
101764 1870
101780 1870
101796 1873
101812 1873
101829 1872
101845 1854
101861 1871
101878 1871
101894 1869
101910 1870
101926 1872
101943 1872
101959 1873
101975 1869
101992 1867
102008 1871
102024 1867
102040 1866
102057 1868
102073 1867
102089 1865
102106 1865
102122 1884
102138 1868
102154 1868
102171 1860
102187 1869
102203 1874
102220 1867
102236 1873
102252 1873
102268 1872
102285 1870
102301 1870
102317 1871
102334 1870
102350 1868
102366 1868
102382 1868
102399 1869
102415 1869
102431 1864
102448 1867
102464 1866
102480 1868
102496 1910
102513 1866
102529 1867
102545 1874
102563 1867
102579 1867
102595 1866
102612 1865
102628 1869
102644 1867
102660 1867
102677 1869
102693 1869
102709 1870
102726 1870
102742 1865
102758 1865
102774 1865
102791 1867
102807 1865
102823 1867
102840 1865
102856 1867
102872 1886
102888 1867
102905 1860
102921 1878
102937 1867
102954 1867
102970 1861
102986 1868
103002 1866
103019 1870
103035 1870
103051 1872
103068 1867
103084 1870
103100 1871
103116 1868
103133 1870
103149 1871
103165 1871
103182 1869
103198 1860
103214 1871
103230 1869
103247 1886
103263 1870
103279 1871
103296 1861
103312 1869
103328 1872
103344 1870
103361 1862
103377 1872
103393 1870
103410 1873
103426 1871
103442 1866
103458 1870
103475 1870
103491 1871
103507 1871
103524 1870
103540 1870
103557 1879
103574 1871
103590 1870
103606 1870
103622 1828
103639 1870
103655 1868
103671 1852
103688 1871
103704 1870
103720 1866
103736 1880
103753 1868
103769 1870
103785 1869
103802 1869
103818 1867
103834 1872
103850 1871
103867 1871
103883 1873
103899 1870
103916 1869
103932 1870
103948 1868
103964 1869
103981 1868
103997 1863
104013 1867
104030 1869
104046 1854
104062 1870
104078 1871
104095 1876
104111 1873
104127 1877
104144 1876
104160 1871
104176 1872
104192 1871
104209 1860
104225 1869
104241 1868
104258 1868
104274 1869
104290 1870
104306 1866
104323 1865
104339 1872
104355 1871
104372 1842
104388 1872
104404 1870
104420 1902
104437 1872
104453 1869
104469 1868
104486 1868
104502 1872
104518 1876
104534 1873
104551 1871
104568 1871
104584 1873
104601 1874
104617 1874
104633 1874
104650 1873
104666 1871
104682 1868
104698 1873
104715 1887
104731 1872
104747 1983
104764 1876
104780 1874
104796 1851
104812 1874
104829 1873
104845 1873
104861 1874
104878 1875
104894 1874
104910 1875
104926 1875
104943 1880
104959 1871
104975 1873
104992 1873
105008 1869
105024 1873
105040 1871
105057 1871
105073 1876
105089 1876
105106 1873
105122 1911
105138 1871
105154 1873
105171 1863
105187 1874
105203 1877
105220 1875
105236 1867
105252 1866
105268 1873
105285 1874
105301 1876
105317 1873
105334 1873
105350 1871
105366 1870
105382 1877
105399 1873
105415 1873
105431 1871
105448 1911
105464 1868
105480 1869
105496 1950
105513 1868
105529 1872
105545 1875
105563 1869
105579 1871
105595 1888
105612 1870
105628 1874
105644 1871
105660 1871
105677 1870
105693 1876
105709 1870
105726 1868
105742 1869
105758 1867
105774 1868
105791 1869
105807 1866
105823 1869
105840 1874
105856 1870
105872 1900
105888 1879
105905 1871
105921 1867
105937 1867
105954 1871
105970 1870
105986 1859
106002 1868
106019 1867
106035 1869
106051 1867
106068 1872
106084 1864
106100 1868
106116 1868
106133 1868
106149 1856
106165 1868
106182 1863
106198 1871
106214 1867
106230 1867
106247 1865
106263 1867
106279 1919
106296 1868
106312 1866
106328 1863
106344 1868
106361 1864
106377 1864
106393 1868
106410 1842
106426 1867
106442 1866
106458 1865
106475 1866
106491 1866
106507 1869
106524 1867
106540 1870
106557 1865
106574 1865
106590 1869
106606 1866
106622 1869
106639 1865
106655 1868
106671 1867
106688 1863
106704 1870
106720 1869
106736 1867
106753 1867
106769 1867
106785 1868
106802 1870
106818 1868
106834 1866
106850 1832
106867 1867
106883 1865
106899 1867
106916 1865
106932 1866
106948 1863
106964 1865
106981 1865
106997 1865
107013 1866
107030 1864
107046 1867
107062 1866
107078 1865
107095 1859
107111 1884
107127 1866
107144 1864
107160 1866
107176 1835
107192 1866
107209 1867
107225 1867
107241 1868
107258 1867
107274 1868
107290 1866
107306 1936
107323 1863
107339 1865
107355 1870
107372 1869
107388 1864
107404 1868
107420 1863
107437 1884
107453 1867
107469 1871
107486 1873
107502 1864
107518 1869
107534 1876
107551 1871
107568 1868
107584 1866
107601 1867
107617 1832
107633 1868
107650 1866
107666 1866
107682 1867
107698 1863
107715 1868
107731 1858
107747 1882
107764 1866
107780 1871
107796 1877
107812 1869
107829 1872
107845 1880
107861 1870
107878 1832
107894 1865
107910 1870
107926 1868
107943 1853
107959 1867
107975 1869
107992 1868
108008 1872
108024 1871
108040 1871
108057 1872
108073 1874
108089 1873
108106 1871
108122 1866
108138 1870
108154 1873
108171 1873
108187 1875
108203 1870
108220 1872
108236 1864
108252 1869
108268 1874
108285 1861
108301 1864
108317 1870
108334 1875
108350 1874
108366 1890
108382 1896
108399 1874
108415 1873
108431 1870
108448 1872
108464 1872
108480 1873
108496 1872
108513 1876
108529 1872
108545 1868
108563 1874
108579 1871
108595 1873
108612 1877
108628 1876
108644 1844
108660 1872
108677 1868
108693 1879
108709 1873
108726 1870
108742 1871
108758 1872
108774 1826
108791 1870
108807 1873
108823 1871
108840 1869
108856 1869
108872 1871
108888 1871
108905 1869
108921 1873
108937 1873
108954 1873
108970 1872
108986 1874
109002 1867
109019 1867
109035 1870
109051 1869
109068 1867
109084 1869
109100 1868
109116 1869
109133 1870
109149 1892
109165 1871
109182 1868
109198 1871
109214 1864
109230 1865
109247 1868
109263 1869
109279 1824
109296 1868
109312 1870
109328 1871
109344 1868
109361 1869
109377 1863
109393 1871
109410 1917
109426 1870
109442 1870
109458 1866
109475 1869
109491 1868
109507 1869
109524 1867
109540 1844
109557 1868
109574 1862
109590 1874
109606 1867
109622 1867
109639 1868
109655 1871
109671 1870
109688 1868
109704 1868
109720 1865
109736 1866
109753 1865
109769 1867
109785 1868
109802 1866
109818 1867
109834 1864
109850 1848
109867 1864
109883 1868
109899 1870
109916 1861
109932 1866
109948 1865
109964 1865
109981 1866
109997 1867
110013 1865
110030 1850
110046 1925
110062 1867
110078 1869
110095 1865
110111 1866
110127 1866
110144 1866
110160 1872
110176 1872
110192 1867
110209 1864
110225 1866
110241 1868
110258 1866
110274 1868
110290 1867
110306 1874
110323 1868
110339 1870
110355 1866
110372 1865
110388 1869
110404 1867
110420 1868
110437 1861
110453 1868
110469 1869
110486 1866
110502 1867
110518 1867
110534 1861
110551 1869
110568 1869
110584 1871
110601 1868
110617 1839
110633 1870
110650 1870
110666 1862
110682 1870
110698 1870
110715 1867
110731 1870
110747 1872
110764 1875
110780 1868
110796 1961
110812 1872
110829 1871
110845 1874
110861 1869
110878 1870
110894 1873
110910 1871
110926 1871
110943 1868
110959 1870
110975 1871
110992 1874
111008 1872
111024 1872
111040 1870
111057 1873
111073 1871
111089 1872
111106 1870
111122 1858
111138 1876
111154 1871
111171 1870
111187 1873
111203 1871
111220 1874
111236 1874
111252 1878
111268 1871
111285 1873
111301 1874
111317 1872
111334 1875
111350 1873
111366 1885
111382 1873
111399 1873
111415 1874
111431 1874
111448 1865
111464 1872
111480 1873
111496 1842
111513 1873
111529 1873
111545 1894
111563 1872
111579 1870
111595 1893
111612 1874
111628 1873
111644 1859
111660 1870
111677 1870
111693 1860
111709 1871
111726 1871
111742 1870
111758 1871
111774 1875
111791 1873
111807 1870
111823 1869
111840 1877
111856 1871
111872 1972
111888 1870
111905 1870
111921 1825
111937 1870
111954 1869
111970 1868
111986 1870
112002 1870
112019 1869
112035 1877
112051 1864
112068 1875
112084 1871
112100 1869
112116 1867
112133 1868
112149 1866
112165 1861
112182 1869
112198 1867
112214 1869
112230 1867
112247 1885
112263 1860
112279 1866
112296 1860
112312 1866
112328 1868
112344 1864
112361 1868
112377 1867
112393 1870
112410 1866
112426 1865
112442 1864
112458 1865
112475 1862
112491 1867
112507 1873
112524 1865
112540 1865
112557 1866
112574 1865
112590 1865
112606 1867
112622 1843
112639 1867
112655 1865
112671 1870
112688 1870
112704 1868
112720 1866
112736 1866
112753 1867
112769 1865
112785 1863
112802 1869
112818 1871
112834 1870
112850 1867
112867 1867
112883 1868
112899 1863
112916 1868
112932 1867
112948 1867
112964 1866
112981 1865
112997 1866
113013 1867
113030 1863
113046 1883
113062 1867
113078 1870
113095 1861
113111 1866
113127 1869
113144 1864
113160 1867
113176 1869
113192 1866
113209 1867
113225 1859
113241 1868
113258 1866
113274 1865
113290 1867
113306 1867
113323 1858
113339 1868
113355 1866
113372 1891
113388 1868
113404 1867
113420 1847
113437 1869
113453 1854
113469 1867
113486 1870
113502 1869
113518 1869
113534 1869
113551 1870
113568 1868
113584 1869
113601 1868
113617 1864
113633 1871
113650 1868
113666 1871
113682 1873
113698 1869
113715 1873
113731 1871
113747 1823
113764 1871
113780 1871
113796 1823
113812 1871
113829 1875
113845 1870
113861 1875
113878 1871
113894 1873
113910 1872
113926 1873
113943 1876
113959 1866
113975 1874
113992 1875
114008 1869
114024 1871
114040 1870
114057 1871
114073 1872
114089 1873
114106 1874
114122 1871
114138 1873
114154 1871
114171 1871
114187 1873
114203 1871
114220 1875
114236 1872
114252 1873
114268 1875
114285 1876
114301 1874
114317 1874
114334 1877
114350 1874
114366 1879
114382 1871
114399 1874
114415 1872
114431 1876
114448 1881
114464 1872
114480 1873
114496 1887
114513 1865
114529 1870
114545 1874
114563 1866
114579 1875
114595 1880
114612 1869
114628 1868
114644 1871
114660 1870
114677 1871
114693 1870
114709 1872
114726 1867
114742 1870
114758 1859
114774 1873
114791 1872
114807 1868
114823 1869
114840 1870
114856 1870
114872 1877
114888 1866
114905 1870
114921 1889
114937 1868
114954 1868
114970 1869
114986 1868
115002 1866
115019 1869
115035 1866
115051 1866
115068 1869
115084 1867
115100 1865
115116 1866
115133 1866
115149 1819
115165 1868
115182 1865
115198 1870
115214 1869
115230 1863
115247 1865
115263 1861
115279 1886
115296 1864
115312 1861
115328 1866
115344 1863
115361 1867
115377 1866
115393 1866
115410 1864
115426 1865
115442 1865
115458 1880
115475 1866
115491 1863
115507 1849
115524 1865
115540 1868
115557 1935
115574 1864
115590 1867
115606 1868
115622 1862
115639 1868
115655 1865
115671 1863
115688 1861
115704 1866
115720 1867
115736 1865
115753 1866
115769 1862
115785 1871
115802 1865
115818 1865
115834 1863
115850 1862
115867 1869
115883 1848
115899 1866
115916 1863
115932 1870
115948 1867
115964 1865
115981 1866
115997 1861
116013 1862
116030 1862
116046 1833
116062 1865
116078 1866
116095 1869
116111 1866
116127 1865
116144 1865
116160 1864
116176 1866
116192 1867
116209 1864
116225 1869
116241 1865
116258 1868
116274 1854
116290 1867
116306 1867
116323 1871
116339 1869
116355 1868
116372 1867
116388 1866
116404 1918
116420 1867
116437 1868
116453 1867
116469 1865
116486 1868
116502 1871
116518 1867
116534 1846
116551 1870
116568 1870
116584 1868
116601 1871
116617 1868
116633 1869
116650 1870
116666 1869
116682 1869
116698 1872
116715 1873
116731 1875
116747 1874
116764 1872
116780 1872
116796 1875
116812 1872
116829 1873
116845 1874
116861 1872
116878 1872
116894 1872
116910 1872
116926 1859
116943 1874
116959 1876
116975 1873
116992 1874
117008 1874
117024 1874
117040 1873
117057 1877
117073 1876
117089 1877
117106 1874
117122 1875
117138 1876
117154 1877
117171 1878
117187 1875
117203 1876
117220 1875
117236 1877
117252 1821
117268 1880
117285 1877
117301 1879
117317 1863
117334 1880
117350 1874
117366 1880
117382 1891
117399 1883
117415 1873
117431 1876
117448 1878
117464 1879
117480 1877
117496 1875
117513 1875
117529 1877
117545 1876
117563 1881
117579 1877
117595 1876
117612 1874
117628 1876
117644 1963
117660 1878
117677 1874
117693 1874
117709 1876
117726 1874
117742 1860
117758 1877
117774 1896
117791 1873
117807 1872
117823 1874
117840 1876
117856 1872
117872 1887
117888 1871
117905 1867
117921 1874
117937 1871
117954 1876
117970 1873
117986 1870
118002 1870
118019 1870
118035 1871
118051 1872
118068 1875
118084 1869
118100 1872
118116 1870
118133 1869
118149 1832
118165 1870
118182 1869
118198 1869
118214 1870
118230 1870
118247 1869
118263 1868
118279 1910
118296 1868
118312 1869
118328 1865
118344 1868
118361 1865
118377 1868
118393 1868
118410 1847
118426 1868
118442 1864
118458 1866
118475 1867
118491 1870
118507 1865
118524 1864
118540 1859
118557 1868
118574 1864
118590 1869
118606 1867
118622 1865
118639 1860
118655 1864
118671 1864
118688 1861
118704 1865
118720 1870
118736 1867
118753 1867
118769 1868
118785 1868
118802 1864
118818 1865
118834 1866
118850 1874
118867 1865
118883 1865
118899 1865
118916 1864
118932 1864
118948 1865
118964 1867
118981 1865
118997 1864
119013 1850
119030 1867
119046 1844
119062 1864
119078 1864
119095 1864
119111 1861
119127 1865
119144 1865
119160 1865
119176 1805
119192 1860
119209 1865
119225 1864
119241 1866
119258 1863
119274 1863
119290 1864
119306 1826
119323 1869
119339 1864
119355 1866
119372 1866
119388 1866
119404 1867
119420 1865
119437 1870
119453 1864
119469 1867
119486 1858
119502 1868
119518 1866
119534 1871
119551 1859
119568 1867
119584 1865
119601 1865
119617 1836
119633 1868
119650 1860
119666 1863
119682 1869
119698 1872
119715 1868
119731 1868
119747 1873
119764 1870
119780 1867
119796 1871
119812 1871
119829 1870
119845 1870
119861 1868
119878 1872
119894 1860
119910 1870
119926 1877
119943 1878
119959 1872
119975 1870
119992 1872
120008 1873
120024 1873
120040 1872
120057 1875
120073 1876
120089 1874
120106 1873
120122 1917
120138 1873
120154 1876
120171 1885
120187 1875
120203 1876
120220 1870
120236 1873
120252 1872
120268 1873
120285 1876
120301 1871
120317 1875
120334 1874
120350 1874
120366 1873
120382 1872
120399 1884
120415 1913
120431 1931
120448 1942
120464 1958
120480 1967
120496 1992
120513 1985
120529 1998
120545 2016
120563 2003
120579 2010
120595 2034
120612 2020
120628 2023
120644 2021
120660 2027
120677 2030
120693 2033
120709 2038
120726 2032
120742 2037
120758 2038
120774 2041
120791 2040
120807 2040
120823 2041
120840 2041
120856 2043
120872 2057
120888 2040
120905 2039
120921 2033
120937 2040
120954 2038
120970 2036
120986 2036
121002 2036
121019 2034
121035 2045
121051 2033
121068 2026
121084 2032
121100 2029
121116 2018
121133 2023
121149 2027
121165 2019
121182 2022
121198 2017
121214 2016
121230 2015
121247 1991
121263 2010
121279 2010
121296 1988
121312 2005
121328 2005
121344 2005
121361 2003
121377 2017
121393 2003
121410 1999
121426 1995
121442 1994
121458 1992
121475 1993
121491 1994
121507 1989
121524 1988
121540 1985
121557 1988
121574 1992
121590 1985
121606 1984
121622 1975
121639 1982
121655 1979
121671 1967
121688 1978
121704 1976
121720 2000
121736 1977
121753 1976
121769 1971
121785 1973
121802 1974
121818 1964
121834 1970
121850 1968
121867 1960
121883 1968
121899 1967
121916 1966
121932 1966
121948 1965
121964 1972
121981 1968
121997 1965
122013 1961
122030 1961
122046 1928
122062 1959
122078 1961
122095 1960
122111 1954
122127 1958
122144 1960
122160 1959
122176 1958
122192 1961
122209 1957
122225 1955
122241 1958
122258 1962
122274 1955
122290 1954
122306 1954
122323 1955
122339 1953
122355 1954
122372 1960
122388 1951
122404 1952
122420 1943
122437 1949
122453 1948
122469 1948
122486 1948
122502 1949
122518 1948
122534 1948
122551 1948
122568 1949
122584 1946
122601 1945
122617 1946
122633 1945
122650 1947
122666 1945
122682 1946
122698 1945
122715 1947
122731 1943
122747 1949
122764 1944
122780 1943
122796 1981
122812 1941
122829 1943
122845 1966
122861 1941
122878 1941
122894 1949
122910 1941
122926 1940
122943 1935
122959 1942
122975 1941
122992 1941
123008 1937
123024 1942
123040 1939
123057 1935
123073 1937
123089 1945
123106 1942
123122 1883
123138 1937
123154 1938
123171 1987
123187 1937
123203 1936
123220 1943
123236 1938
123252 1939
123268 1934
123285 1935
123301 1938
123317 1935
123334 1936
123350 1935
123366 1934
123382 1935
123399 1933
123415 1935
123431 1933
123448 1933
123464 1933
123480 1934
123496 1905
123513 1930
123529 1934
123545 1939
123563 1930
123579 1931
123595 1937
123612 1930
123628 1928
123644 1930
123660 1930
123677 1933
123693 1932
123709 1928
123726 1930
123742 1933
123758 1931
123774 1928
123791 1929
123807 1924
123823 1929
123840 1927
123856 1928
123872 1905
123888 1926
123905 1927
123921 1894
123937 1927
123954 1927
123970 1925
123986 1925
124002 1920
124019 1927
124035 1923
124051 1924
124068 1913
124084 1926
124100 1923
124116 1924
124133 1924
124149 1966
124165 1921
124182 1924
124198 1922
124214 1921
124230 1922
124247 1924
124263 1924
124279 1892
124296 1923
124312 1921
124328 1921
124344 1923
124361 1921
124377 1923
124393 1922
124410 1937
124426 1922
124442 1921
124458 1919
124475 1922
124491 1922
124507 1918
124524 1923
124540 1894
124557 1924
124574 1921
124590 1920
124606 1922
124622 1921
124639 1923
124655 1920
124671 1922
124688 1921
124704 1920
124720 1941
124736 1919
124753 1923
124769 1920
124785 1921
124802 1926
124818 1920
124834 1920
124850 1921
124867 1922
124883 1916
124899 1919
124916 1917
124932 1918
124948 1926
124964 1918
124981 1918
124997 1919
125013 1918
125030 1918
125046 1924
125062 1919
125078 1916
125095 1916
125111 1919
125127 1917
125144 1919
125160 1918
125176 1853
125192 1915
125209 1921
125225 1930
125241 1915
125258 1915
125274 1913
125290 1916
125306 1915
125323 1916
125339 1918
125355 1930
125372 1916
125388 1916
125404 1917
125420 1918
125437 1912
125453 1915
125469 1914
125486 1913
125502 1914
125518 1914
125534 1911
125551 1916
125568 1914
125584 1913
125601 1918
125617 1881
125633 1916
125650 1915
125666 1920
125682 1915
125698 1916
125715 1915
125731 1916
125747 1933
125764 1913
125780 1911
125796 1914
125812 1911
125829 1911
125845 1913
125861 1913
125878 1910
125894 1913
125910 1916
125926 1914
125943 1914
125959 1912
125975 1904
125992 1913
126008 1913
126024 1901
126040 1915
126057 1907
126073 1914
126089 1913
126106 1911
126122 1917
126138 1908
126154 1910
126171 1915
126187 1913
126203 1913
126220 1912
126236 1915
126252 1889
126268 1909
126285 1913
126301 1911
126317 1913
126334 1911
126350 1910
126366 1910
126382 1920
126399 1911
126415 1901
126431 1909
126448 1906
126464 1911
126480 1910
126496 1910
126513 1917
126529 1909
126545 1911
126563 1912
126579 1906
126595 1911
126612 1908
126628 1907
126644 1941
126660 1910
126677 1908
126693 1913
126709 1907
126726 1908
126742 1909
126758 1908
126774 1901
126791 1907
126807 1909
126823 1909
126840 1909
126856 1909
126872 1907
126888 1909
126905 1908
126921 1907
126937 1909
126954 1910
126970 1908
126986 1906
127002 1908
127019 1907
127035 1906
127051 1907
127068 1909
127084 1905
127100 1910
127116 1905
127133 1908
127149 1884
127165 1907
127182 1907
127198 1913
127214 1907
127230 1906
127247 1910
127263 1913
127279 1907
127296 1908
127312 1910
127328 1911
127344 1905
127361 1909
127377 1906
127393 1906
127410 1888
127426 1907
127442 1908
127458 1908
127475 1906
127491 1905
127507 1905
127524 1903
127540 1999
127557 1914
127574 1907
127590 1908
127606 1907
127622 1904
127639 1909
127655 1908
127671 1906
127688 1908
127704 1904
127720 1902
127736 1905
127753 1907
127769 1907
127785 1908
127802 1908
127818 1906
127834 1907
127850 1902
127867 1905
127883 1906
127899 1903
127916 1906
127932 1907
127948 1906
127964 1907
127981 1905
127997 1906
128013 1906
128030 1904
128046 1883
128062 1906
128078 1905
128095 1901
128111 1907
128127 1906
128144 1905
128160 1906
128176 1906
128192 1909
128209 1906
128225 1903
128241 1907
128258 1905
128274 1908
128290 1909
128306 1910
128323 1911
128339 1906
128355 1911
128372 1906
128388 1904
128404 1910
128420 1908
128437 1906
128453 1902
128469 1906
128486 1902
128502 1902
128518 1903
128534 1897
128551 1904
128568 1904
128584 1905
128601 1906
128617 1940
128633 1897
128650 1905
128666 1906
128682 1906
128698 1903
128715 1904
128731 1903
128747 1893
128764 1899
128780 1904
128796 1902
128812 1906
128829 1902
128845 1904
128861 1904
128878 1908
128894 1905
128910 1904
128926 1916
128943 1904
128959 1904
128975 1905
128992 1903
129008 1904
129024 1906
129040 1907
129057 1902
129073 1905
129089 1904
129106 1907
129122 1924
129138 1907
129154 1905
129171 1872
129187 1904
129203 1905
129220 1904
129236 1902
129252 1903
129268 1903
129285 1904
129301 1906
129317 1904
129334 1906
129350 1909
129366 1903
129382 1904
129399 1903
129415 1901
129431 1902
129448 1903
129464 1907
129480 1901
129496 1903
129513 1906
129529 1907
129545 1903
129563 1903
129579 1899
129595 1907
129612 1906
129628 1903
129644 1899
129660 1902
129677 1902
129693 1900
129709 1902
129726 1905
129742 1905
129758 1903
129774 1900
129791 1902
129807 1903
129823 1899
129840 1902
129856 1903
129872 1906
129888 1904
129905 1903
129921 1910
129937 1902
129954 1901
129970 1914
129986 1902
130002 1902
130019 1902
130035 1903
130051 1903
130068 1904
130084 1901
130100 1902
130116 1902
130133 1902
130149 1902
130165 1899
130182 1903
130198 1901
130214 1907
130230 1902
130247 1799
130263 1900
130279 1903
130296 1937
130312 1905
130328 1907
130344 1902
130361 1899
130377 1901
130393 1897
130410 1899
130426 1901
130442 1899
130458 1904
130475 1901
130491 1901
130507 1902
130524 1903
130540 1902
130557 1901
130574 1905
130590 1908
130606 1906
130622 1898
130639 1901
130655 1903
130671 1921
130688 1903
130704 1905
130720 1931
130736 1902
130753 1903
130769 1895
130785 1903
130802 1904
130818 1900
130834 1905
130850 1905
130867 1902
130883 1900
130899 1903
130916 1903
130932 1903
130948 1905
130964 1895
130981 1904
130997 1900
131013 1902
131030 1903
131046 1906
131062 1905
131078 1905
131095 1901
131111 1900
131127 1903
131144 1903
131160 1902
131176 1903
131192 1903
131209 1904
131225 1901
131241 1903
131258 1904
131274 1900
131290 1905
131306 1911
131323 1905
131339 1902
131355 1903
131372 1880
131388 1896
131404 1906
131420 1882
131437 1901
131453 1902
131469 1901
131486 1902
131502 1899
131518 1904
131534 1899
131551 1901
131568 1903
131584 1901
131601 1905
131617 1903
131633 1902
131650 1902
131666 1904
131682 1902
131698 1902
131715 1900
131731 1902
131747 1923
131764 1903
131780 1901
131796 1893
131812 1901
131829 1902
131845 1942
131861 1898
131878 1902
131894 1896
131910 1901
131926 1902
131943 1906
131959 1901
131975 1902
131992 1903
132008 1900
132024 1900
132040 1900
132057 1901
132073 1900
132089 1902
132106 1904
132122 1916
132138 1908
132154 1902
132171 1904
132187 1902
132203 1899
132220 1902
132236 1901
132252 1898
132268 1894
132285 1899
132301 1900
132317 1902
132334 1901
132350 1899
132366 1898
132382 1902
132399 1905
132415 1901
132431 1898
132448 1903
132464 1900
132480 1901
132496 1901
132513 1900
132529 1891
132545 1895
132563 1900
132579 1898
132595 1896
132612 1898
132628 1895
132644 1898
132660 1898
132677 1899
132693 1898
132709 1899
132726 1896
132742 1898
132758 1900
132774 1897
132791 1899
132807 1898
132823 1896
132840 1898
132856 1899
132872 1896
132888 1897
132905 1899
132921 1891
132937 1897
132954 1898
132970 1871
132986 1901
133002 1899
133019 1898
133035 1898
133051 1901
133068 1901
133084 1897
133100 1901
133116 1898
133133 1902
133149 1900
133165 1900
133182 1901
133198 1871
133214 1899
133230 1900
133247 1896
133263 1899
133279 1898
133296 1901
133312 1899
133328 1909
133344 1899
133361 1906
133377 1900
133393 1894
133410 1900
133426 1900
133442 1903
133458 1896
133475 1901
133491 1902
133507 1900
133524 1909
133540 1901
133557 1905
133574 1900
133590 1903
133606 1905
133622 1902
133639 1903
133655 1901
133671 1901
133688 1903
133704 1902
133720 1881
133736 1903
133753 1902
133769 1904
133785 1898
133802 1901
133818 1901
133834 1904
133850 1911
133867 1901
133883 1902
133899 1903
133916 1893
133932 1900
133948 1901
133964 1901
133981 1901
133997 1900
134013 1902
134030 1900
134046 1863
134062 1903
