2 157
55 156
71 156
87 161
104 166
120 163
137 171
153 258
171 179
187 185
203 185
220 188
236 195
253 202
269 206
285 210
302 213
318 214
335 216
351 220
367 226
384 224
400 230
416 239
433 238
449 242
466 254
482 245
498 256
515 259
531 254
548 266
564 269
580 270
597 277
613 282
630 283
646 288
662 291
679 295
695 299
712 300
728 304
744 310
761 315
777 391
794 321
810 322
826 327
843 332
859 333
875 333
892 344
908 344
925 348
941 350
957 354
974 358
990 361
1007 367
1023 356
1039 374
1056 370
1072 376
1089 381
1105 387
1121 391
1138 393
1154 374
1177 401
1193 403
1210 408
1226 411
1242 411
1259 421
1275 420
1291 418
1308 432
1324 430
1341 433
1357 446
1373 440
1390 442
1406 447
1423 444
1439 438
1455 455
1472 458
1488 471
1505 464
1521 466
1537 471
1554 475
1570 511
1587 482
1603 493
1619 487
1636 491
1652 493
1669 498
1685 499
1701 498
1718 507
1734 509
1750 507
1767 513
1783 512
1800 515
1816 520
1832 527
1849 530
1865 533
1882 534
1898 539
1914 541
1931 542
1947 546
1964 546
1980 552
1996 578
2013 557
2029 561
2046 566
2062 567
2078 572
2095 570
2111 574
2128 577
2144 579
2160 584
2178 586
2194 591
2211 594
2227 597
2243 600
2260 602
2276 612
2293 606
2309 580
2325 611
2342 616
2358 613
2375 622
2391 622
2407 625
2424 629
2440 613
2457 634
2473 635
2489 639
2506 645
2522 648
2538 647
2555 652
2571 651
2588 655
2604 657
2620 664
2637 664
2653 667
2670 666
2686 670
2702 678
2719 679
2735 677
2752 665
2768 690
2784 686
2801 686
2817 695
2834 698
2850 698
2866 699
2883 701
2899 703
2916 713
2932 715
2948 712
2965 714
2981 714
2997 717
3014 723
3030 724
3047 745
3063 728
3079 731
3096 746
3112 737
3129 736
3145 769
3161 743
3179 743
3195 723
3212 752
3228 756
3244 747
3261 757
3277 760
3294 767
3310 765
3326 770
3343 767
3359 771
3376 774
3392 776
3408 781
3425 781
3441 783
3458 785
3474 789
3490 793
3507 793
3523 798
3540 814
3556 800
3572 801
3589 806
3605 809
3622 794
3638 812
3654 810
3671 788
3687 818
3703 821
3720 821
3736 822
3753 826
3769 828
3785 832
3802 836
3818 838
3835 837
3851 841
3867 843
3884 845
3900 846
3917 849
3933 852
3949 853
3966 859
3982 856
3999 858
4015 859
4031 862
4048 865
4064 868
4081 869
4097 876
4113 876
4130 878
4146 881
4164 880
4181 888
4197 886
4213 888
4230 889
4246 890
4263 898
4279 898
4295 903
4312 900
4328 904
4345 909
4361 906
4377 910
4394 879
4410 911
4427 916
4443 916
4459 919
4476 925
4492 927
4508 924
4525 929
4541 930
4558 928
4574 934
4590 935
4607 935
4623 941
4640 942
4656 942
4672 945
4689 945
4705 947
4722 951
4738 955
4754 955
4771 960
4787 961
4804 957
4820 1012
4836 967
4853 979
4869 969
4886 971
4902 972
4918 972
4935 978
4951 976
4967 979
4984 981
5000 984
5017 987
5033 989
5049 987
5066 995
5082 992
5099 994
5115 997
5131 998
5148 999
5166 1003
5183 1004
5199 1007
5215 1014
5232 1009
5248 1014
5265 1016
5281 1014
5297 1017
5314 1019
5330 1020
5346 1021
5363 1021
5379 1024
5396 1028
5412 1031
5428 1036
5445 1019
5461 1033
5478 1037
5494 1116
5510 1042
5527 1041
5543 1017
5560 1044
5576 1050
5592 1046
5609 1046
5625 1051
5642 1052
5658 1056
5674 1059
5691 1062
5707 1061
5724 1061
5740 1063
5756 1068
5773 1073
5789 1071
5805 1072
5822 1075
5838 1076
5855 1079
5871 1074
5887 1079
5904 1083
5920 1092
5937 1090
5953 1088
5969 1069
5986 1090
6002 1091
6019 1149
6035 1095
6051 1100
6068 1107
6084 1103
6101 1105
6117 1108
6133 1105
6150 1107
6167 1110
6184 1122
6200 1114
6216 1116
6233 1118
6249 1121
6266 1123
6282 1123
6298 1123
6315 1124
6331 1128
6348 1129
6364 1131
6380 1133
6397 1138
6413 1138
6430 1141
6446 1140
6462 1141
6479 1135
6495 1114
6512 1149
6528 1152
6544 1125
6561 1153
6577 1156
6593 1159
6610 1160
6626 1160
6643 1158
6659 1161
6675 1164
6692 1168
6708 1169
6725 1169
6741 1171
6757 1177
6774 1177
6790 1178
6807 1180
6823 1187
6839 1185
6856 1185
6872 1189
6889 1183
6905 1190
6921 1192
6938 1195
6954 1197
6971 1198
6987 1197
7003 1202
7020 1226
7036 1207
7052 1205
7069 1184
7085 1212
7102 1215
7118 1212
7134 1219
7151 1220
7171 1257
7188 1227
7204 1226
7220 1223
7237 1231
7253 1231
7270 1242
7286 1233
7302 1232
7319 1238
7335 1244
7351 1244
7368 1241
7384 1248
7401 1251
7417 1255
7433 1260
7450 1259
7466 1259
7483 1261
7499 1266
7515 1267
7532 1272
7548 1270
7565 1272
7581 1278
7597 1281
7614 1261
7630 1281
7647 1281
7663 1285
7679 1292
7696 1293
7712 1295
7729 1298
7745 1281
7761 1306
7778 1312
7794 1309
7810 1318
7827 1315
7843 1315
7860 1321
7876 1315
7892 1323
7909 1331
7925 1331
7942 1335
7958 1341
7974 1340
7991 1345
8007 1357
8024 1370
8040 1356
8056 1362
8073 1369
8089 1370
8106 1377
8122 1380
8138 1382
8155 1385
8178 1395
8194 1398
8210 1408
8227 1412
8243 1419
8260 1425
8276 1429
8292 1442
8309 1416
8325 1454
8342 1462
8358 1470
8374 1480
8391 1487
8407 1497
8424 1505
8440 1572
8456 1527
8473 1536
8489 1553
8506 1564
8522 1576
8538 1595
8555 1607
8571 1618
8587 1628
8604 1652
8620 1668
8637 1684
8653 1687
8669 1709
8686 1731
8702 1745
8719 1765
8735 1777
8751 1784
8768 1810
8784 1825
8801 1838
8817 1854
8833 1870
8850 1885
8866 1899
8883 1910
8899 1921
8915 1934
8932 1944
8948 1951
8965 1961
8981 1963
8997 1938
9014 1982
9030 1989
9046 1992
9063 1995
9079 1997
9096 1999
9112 1999
9128 1998
9145 1996
9161 1997
9179 2008
9195 1988
9212 1984
9228 1978
9244 1970
9261 1960
9277 1950
9294 1944
9310 1856
9326 1924
9343 1909
9359 1891
9375 1884
9392 1873
9408 1861
9425 1843
9441 1831
9457 1812
9474 1802
9490 1780
9507 1773
9523 1759
9539 1741
9556 1720
9572 1711
9589 1698
9605 1687
9621 1627
9638 1653
9654 1639
9671 1628
9687 1615
9703 1601
9720 1591
9736 1582
9753 1570
9769 1561
9785 1559
9802 1546
9818 1544
9834 1541
9851 1535
9867 1531
9884 1530
9900 1526
9916 1532
9933 1532
9949 1524
9966 1528
9982 1532
9998 1530
10015 1539
10031 1538
10048 1546
10064 1554
10080 1561
10097 1565
10113 1575
10130 1579
10146 1587
10164 1603
10181 1617
10197 1619
10213 1630
10230 1640
10246 1653
10262 1665
10279 1679
10295 1686
10312 1696
10328 1708
10344 1725
10361 1821
10377 1750
10394 1759
10410 1765
10426 1783
10443 1797
10459 1809
10476 1818
10492 1871
10508 1838
10525 1851
10541 1864
10558 1871
10574 1880
10590 1887
10607 1895
10623 1905
10640 1908
10656 1912
10672 1918
10689 1926
10705 1926
10721 1922
10738 1930
10754 1937
10771 1936
10787 1933
10803 1965
10820 1935
10836 1933
10853 1929
10869 1922
10885 1920
10902 1917
10918 1919
10935 1905
10951 1901
10967 1888
10984 1882
11000 1876
11017 1869
11033 1860
11049 1857
11066 1835
11082 1824
11099 1816
11115 1806
11131 1793
11148 1783
11165 1770
11182 1764
11198 1750
11214 1739
11231 1728
11247 1716
11264 1701
11280 1695
11296 1682
11313 1671
11329 1663
11346 1651
11362 1591
11378 1633
11395 1626
11411 1618
11428 1608
11444 1603
11460 1597
11477 1590
11493 1589
11509 1586
11526 1586
11542 1579
11559 1574
11575 1576
11591 1576
11608 1573
11624 1575
11641 1577
11657 1578
11673 1596
11690 1583
11706 1581
11723 1586
11739 1596
11755 1601
11772 1607
11788 1615
11805 1620
11821 1625
11837 1635
11854 1641
11870 1652
11887 1659
11903 1667
11919 1697
11936 1689
11952 1698
11968 1696
11985 1720
12001 1730
12018 1742
12034 1749
12050 1759
12067 1772
12083 1777
12100 1786
12116 1806
12132 1809
12149 1818
12168 1829
12184 1833
12201 1845
12217 1847
12233 1860
12250 1866
12266 1856
12283 1878
12299 1883
12315 1892
12332 1890
12348 1898
12365 1891
12381 1901
12397 1905
12414 1905
12430 1905
12447 1908
12463 1902
12479 1906
12496 1909
12512 1899
12528 1898
12545 1961
12561 1891
12578 1886
12594 1864
12610 1875
12627 1870
12643 1866
12660 1857
12676 1850
12692 1847
12709 1832
12725 1822
12742 1812
12758 1807
12774 1812
12791 1790
12807 1780
12824 1769
12840 1775
12856 1751
12873 1742
12889 1732
12906 1723
12922 1713
12938 1708
12955 1695
12971 1687
12987 1680
13004 1670
13020 1656
13037 1651
13053 1645
13069 1652
13086 1632
13102 1632
13119 1603
13135 1619
13151 1616
13169 1641
13185 1608
13202 1605
13218 1587
13235 1604
13251 1600
13267 1600
13284 1601
13300 1601
13316 1598
13333 1604
13349 1606
13366 1608
13382 1613
13398 1620
13415 1624
13431 1628
13448 1632
13464 1630
13480 1644
13497 1652
13513 1654
13530 1667
13546 1672
13562 1679
13579 1689
13595 1709
13612 1709
13628 1715
13644 1693
13661 1724
13677 1739
13694 1782
13710 1756
13726 1763
13743 1774
13759 1780
13775 1790
13792 1794
13808 1806
13825 1814
13841 1818
13857 1827
13874 1834
13890 1844
13907 1845
13923 1852
13939 1856
13956 1861
13972 1868
13989 1867
14005 1872
14021 1872
14038 1877
14054 1875
14071 1879
14087 1884
14103 1895
14120 1788
14136 1880
14153 1877
14174 1875
14190 1870
14207 1869
14223 1863
14240 1862
14256 1858
14272 1855
14289 1850
14305 1844
14322 1838
14338 1832
14354 1821
14371 1822
14387 1813
14404 1801
14420 1781
14436 1791
14453 1784
14469 1799
14485 1768
14502 1759
14518 1754
14535 1744
14551 1732
14567 1728
14584 1717
14600 1710
14617 1705
14633 1698
14649 1691
14666 1690
14682 1679
14699 1673
14715 1661
14731 1662
14748 1655
14764 1651
14781 1645
14797 1642
14813 1640
14830 1635
14846 1631
14863 1628
14879 1626
14895 1633
14912 1623
14928 1625
14944 1612
14961 1624
14977 1629
14994 1675
15010 1621
15026 1635
15043 1685
15059 1639
15076 1642
15092 1650
15108 1648
15125 1656
15141 1663
15158 1668
15175 1675
15192 1671
15208 1687
15224 1693
15241 1702
15257 1704
15273 1713
15290 1715
15306 1726
15323 1723
15339 1740
15355 1752
15372 1754
15388 1758
15405 1768
15421 1783
15437 1784
15454 1792
15470 1791
15487 1804
15503 1811
15519 1789
15536 1820
15552 1825
15569 1801
15585 1836
15601 1837
15618 1848
15634 1850
15651 1854
15667 1848
15683 1858
15700 1863
15716 1856
15732 1858
15749 1869
15765 1863
15782 1861
15798 1863
15814 1861
15831 1859
15847 1857
15864 1853
15880 1851
15896 1847
15913 1843
15929 1842
15946 1894
15962 1830
15978 1828
15995 1827
16011 1814
16028 1812
16044 1802
16060 1795
16077 1791
16093 1787
16110 1787
16126 1755
16142 1765
16159 1757
16175 1749
16192 1747
16208 1737
16224 1729
16241 1725
16257 1727
16274 1704
16290 1706
16306 1697
16323 1690
16339 1684
16356 1677
16372 1676
16388 1673
16405 1664
16421 1660
16437 1656
16454 1654
16470 1649
16487 1647
16503 1642
16519 1637
16536 1639
16552 1637
16569 1676
16585 1637
16601 1636
16618 1639
16634 1636
16651 1637
16667 1637
16683 1645
16700 1615
16716 1648
16733 1649
16749 1653
16765 1656
16782 1664
16798 1664
16815 1668
16831 1673
16847 1682
16864 1686
16880 1687
16896 1693
16913 1698
16929 1708
16946 1855
16962 1720
16978 1719
16995 1731
17011 1743
17028 1746
17044 1753
17060 1757
17077 1765
17093 1771
17110 1776
17126 1817
17142 1782
17159 1796
17175 1791
17192 1799
17208 1805
17224 1811
17241 1814
17257 1844
17274 1824
17290 1828
17306 1830
17323 1831
17339 1831
17356 1833
17372 1832
17388 1842
17405 1836
17421 1839
17438 1839
17454 1839
17470 1836
17487 1835
17503 1830
17520 1830
17536 1825
17552 1829
17569 1900
17585 1820
17602 1814
17618 1813
17634 1806
17651 1805
17667 1800
17683 1797
17700 1809
17716 1780
17733 1779
17749 1773
17765 1769
17782 1760
17798 1755
17815 1750
17831 1746
17847 1741
17864 1731
17880 1725
17897 1719
17913 1716
17929 1710
17946 1753
17962 1701
17979 1694
17995 1689
18011 1685
18028 1683
18044 1677
18061 1668
18077 1665
18093 1665
18110 1662
18126 1656
18142 1655
18159 1656
18175 1653
18192 1648
18208 1648
18225 1649
18241 1649
18257 1665
18274 1649
18290 1652
18307 1658
18323 1660
18339 1663
18356 1647
18372 1662
18388 1675
18405 1669
18421 1675
18438 1673
18454 1680
18470 1683
18487 1685
18503 1690
18520 1697
18536 1699
18552 1705
18569 1741
18585 1720
18602 1724
18618 1727
18634 1736
18651 1743
18667 1751
18684 1755
18700 1755
18716 1761
18733 1771
18749 1775
18766 1781
18782 1783
18798 1791
18815 1795
18831 1799
18847 1799
18864 1806
18880 1812
18897 1817
18913 1819
18929 1821
18946 1847
18962 1827
18979 1831
18995 1833
19011 1830
19028 1828
19044 1833
19061 1832
19077 1833
19093 1837
19110 1837
19126 1834
19143 1832
19159 1832
19175 1836
19192 1830
19208 1824
19225 1822
19241 1819
19257 1823
19274 1809
19290 1811
19307 1802
19323 1799
19339 1798
19356 1796
19372 1787
19389 1782
19405 1786
19421 1775
19438 1760
19454 1762
19471 1761
19487 1754
19503 1749
19520 1743
19536 1739
19552 1731
19569 1751
19585 1722
19602 1718
19618 1711
19634 1710
19651 1703
19667 1704
19684 1696
19700 1700
19716 1688
19733 1686
19749 1685
19766 1683
19782 1677
19798 1677
19815 1672
19831 1672
19848 1668
19864 1669
19880 1666
19897 1668
19913 1669
19930 1670
19946 1651
19962 1671
19979 1671
19995 1670
20011 1676
20028 1679
20044 1684
20061 1683
20077 1685
20093 1689
20110 1691
20126 1687
20143 1689
20159 1701
20175 1702
20192 1713
20208 1718
20225 1718
20241 1722
20257 1728
20274 1733
20290 1743
20307 1749
20323 1749
20339 1753
20356 1761
20372 1767
20389 1768
20405 1770
20421 1781
20438 1783
20454 1786
20471 1790
20487 1788
20503 1801
20520 1801
20536 1807
20552 1807
20569 1787
20585 1816
20602 1819
20618 1823
20634 1820
20651 1824
20667 1830
20684 1824
20700 1826
20716 1815
20733 1826
20749 1825
20766 1830
20782 1819
20798 1834
20815 1822
20831 1823
20848 1822
20864 1821
20880 1817
20897 1809
20913 1812
20930 1807
20946 1807
20962 1803
20979 1797
20995 1796
21011 1794
21028 1787
21044 1767
21061 1775
21077 1775
21093 1797
21110 1766
21126 1758
21143 1754
21159 1751
21175 1748
21192 1743
21208 1740
21225 1732
21241 1732
21257 1722
21274 1722
21290 1715
21307 1713
21323 1709
21339 1706
21356 1704
21372 1709
21389 1697
21405 1695
21421 1690
21438 1691
21454 1690
21471 1686
21487 1685
21503 1684
21520 1708
21536 1680
21552 1684
21569 1676
21585 1676
21602 1679
21618 1682
21634 1687
21651 1683
21667 1685
21684 1687
21700 1688
21716 1686
21733 1691
21749 1689
21766 1698
21782 1700
21798 1702
21815 1708
21831 1709
21848 1712
21864 1717
21880 1719
21897 1722
21913 1725
21930 1729
21946 1735
21962 1735
21979 1741
21995 1751
22011 1746
22028 1753
22044 1735
22061 1761
22077 1762
22093 1765
22110 1770
22126 1773
22143 1781
22159 1781
22175 1786
22192 1788
22208 1788
22225 1789
22241 1793
22257 1797
22274 1798
22290 1802
22307 1805
22323 1805
22339 1805
22356 1805
22372 1808
22389 1805
22405 1810
22421 1805
22438 1803
22454 1806
22471 1804
22487 1805
22503 1802
22520 1749
22536 1801
22552 1801
22569 1753
22585 1794
22602 1791
22618 1794
22634 1787
22651 1786
22667 1779
22684 1778
22700 1776
22716 1777
22733 1774
22749 1768
22766 1763
22782 1752
22798 1757
22815 1754
22831 1750
22848 1750
22864 1742
22880 1740
22897 1733
22913 1730
22930 1728
22946 1726
22962 1721
22979 1720
22995 1720
23011 1712
23028 1711
23044 1761
23061 1706
23077 1698
23093 1646
23110 1717
23126 1703
23143 1718
23159 1699
23175 1696
23192 1688
23208 1697
23225 1698
23241 1692
23257 1695
23274 1695
23290 1699
23307 1698
23323 1703
23339 1700
23356 1703
23372 1706
23389 1707
23405 1703
23421 1707
23438 1708
23454 1718
23471 1717
23487 1714
23503 1719
23520 1740
23536 1724
23552 1725
23569 1746
23585 1732
23602 1735
23618 1732
23634 1740
23651 1744
23667 1751
23684 1747
23700 1751
23716 1753
23733 1767
23749 1762
23766 1765
23782 1767
23798 1770
23815 1772
23831 1773
23848 1777
23864 1780
23880 1781
23897 1785
23913 1785
23930 1780
23946 1786
23962 1790
23979 1789
23995 1790
24011 1796
24028 1790
24044 1773
24061 1796
24077 1796
24093 1805
24110 1795
24126 1796
24143 1743
24159 1795
24175 1794
24192 1794
24208 1793
24225 1788
24241 1786
24257 1786
24274 1783
24290 1775
24307 1779
24323 1775
24339 1775
24356 1771
24372 1767
24389 1768
24405 1764
24421 1760
24438 1757
24454 1757
24471 1753
24487 1750
24503 1745
24520 1723
24536 1747
24552 1740
24569 1759
24585 1731
24602 1728
24618 1735
24634 1724
24651 1729
24667 1719
24684 1716
24700 1718
24716 1714
24733 1712
24749 1710
24766 1706
24782 1707
24798 1705
24815 1707
24831 1700
24848 1706
24864 1701
24880 1704
24897 1704
24913 1700
24930 1700
24946 1705
24962 1705
24979 1702
24995 1700
25011 1705
25028 1709
25044 1700
25061 1710
25077 1712
25093 1769
25110 1718
25126 1718
25143 1748
25159 1722
25175 1722
25192 1721
25208 1722
25225 1730
25241 1733
25257 1733
25274 1735
25290 1738
25307 1744
25323 1745
25339 1748
25356 1750
25372 1752
25389 1750
25405 1757
25421 1758
25438 1760
25454 1763
25471 1769
25487 1768
25503 1776
25520 1811
25536 1770
25552 1772
25569 1779
25585 1777
25602 1777
25618 1775
25634 1776
25651 1782
25667 1784
25684 1786
25700 1783
25716 1788
25733 1783
25749 1783
25766 1786
25782 1785
25798 1782
25815 1783
25831 1784
25848 1781
25864 1781
25880 1778
25897 1780
25913 1778
25930 1774
25946 1780
25962 1773
25979 1769
25995 1774
26011 1771
26028 1764
26044 1765
26061 1765
26077 1769
26093 1761
26110 1755
26126 1735
26143 1753
26159 1750
26175 1748
26192 1743
26208 1742
26225 1742
26241 1741
26257 1801
26274 1735
26290 1732
26307 1734
26323 1730
26339 1729
26356 1728
26372 1723
26389 1716
26405 1726
26421 1724
26438 1735
26454 1722
26471 1721
26487 1719
26503 1722
26520 1719
26536 1720
26552 1720
26569 1747
26585 1716
26602 1719
26618 1716
26634 1721
26651 1720
26667 1724
26684 1736
26700 1724
26716 1725
26733 1727
26749 1736
26766 1729
26782 1732
26798 1733
26815 1730
26831 1736
26848 1735
26864 1736
26880 1739
26897 1744
26913 1741
26930 1740
26946 1723
26962 1749
26979 1750
26995 1748
27011 1760
27028 1757
27044 1761
27061 1767
27077 1763
27093 1766
27110 1766
27126 1760
27143 1769
27159 1779
27175 1772
27192 1775
27208 1775
27225 1778
27241 1779
27257 1765
27274 1776
27290 1782
27307 1777
27323 1786
27339 1787
27356 1784
27372 1784
27389 1786
27405 1785
27421 1786
27438 1773
27454 1781
27471 1785
27487 1784
27503 1785
27520 1783
27536 1784
27552 1784
27569 1791
27585 1784
27602 1780
27618 1776
27634 1775
27651 1775
27667 1776
27684 1775
27700 1775
27716 1764
27733 1775
27749 1761
27766 1760
27782 1758
27798 1760
27815 1759
27831 1758
27848 1757
27864 1753
27880 1753
27897 1749
27913 1748
27930 1746
27946 1730
27962 1740
27979 1737
27995 1739
28011 1747
28028 1741
28044 1734
28061 1735
28077 1733
28093 1730
28110 1727
28126 1675
28143 1723
28159 1725
28175 1726
28192 1724
28208 1724
28225 1724
28241 1725
28257 1721
28274 1723
28290 1722
28307 1725
28323 1721
28339 1722
28356 1723
28372 1720
28389 1723
28405 1727
28421 1726
28438 1748
28454 1718
28471 1725
28487 1732
28503 1731
28520 1730
28536 1731
28552 1733
28569 1700
28585 1741
28602 1735
28618 1736
28634 1738
28651 1739
28667 1742
28684 1749
28700 1750
28716 1749
28733 1749
28749 1749
28766 1753
28782 1753
28798 1756
28815 1757
28831 1759
28848 1756
28864 1757
28880 1759
28897 1763
28913 1766
28930 1764
28946 1773
28962 1766
28979 1766
28995 1764
29011 1767
29028 1764
29044 1769
29061 1770
29077 1770
29093 1768
29110 1770
29126 1831
29143 1769
29159 1769
29175 1774
29192 1767
29208 1770
29225 1769
29241 1770
29257 1655
29274 1767
29290 1765
29307 1760
29323 1766
29339 1763
29356 1761
29372 1759
29389 1760
29405 1757
29421 1756
29438 1732
29454 1757
29471 1753
29487 1758
29503 1752
29520 1748
29536 1750
29552 1749
29569 1746
29585 1744
29602 1742
29618 1732
29634 1736
29651 1734
29667 1726
29684 1738
29700 1736
29716 1693
29733 1733
29749 1733
29766 1726
29782 1729
29798 1730
29815 1723
29831 1730
29848 1729
29864 1728
29880 1725
29897 1729
29913 1727
29930 1727
29946 1724
29962 1722
29979 1721
29995 1716
30011 1723
30028 1725
30044 1749
30061 1718
30077 1724
30093 1703
30110 1727
30126 1721
30143 1731
30159 1720
30175 1730
30192 1729
30208 1732
30225 1732
30241 1736
30257 1731
30274 1736
30290 1734
30307 1734
30323 1739
30339 1740
30356 1735
30372 1742
30389 1746
30405 1745
30421 1746
30438 1745
30454 1745
30471 1749
30487 1744
30503 1749
30520 1732
30536 1754
30552 1753
30569 1724
30585 1755
30602 1761
30618 1765
30634 1758
30651 1758
30667 1759
30684 1762
30700 1762
30716 1766
30733 1759
30749 1763
30766 1764
30782 1759
30798 1780
30815 1761
30831 1761
30848 1762
30864 1764
30880 1762
30897 1765
30913 1764
30930 1770
30946 1756
30962 1761
30979 1762
30995 1756
31011 1761
31028 1758
31044 1773
31061 1757
31077 1750
31093 1689
31110 1753
31126 1753
31143 1735
31159 1750
31175 1757
31192 1748
31208 1749
31225 1745
31241 1743
31257 1747
31274 1742
31290 1738
31307 1741
31323 1734
31339 1734
31356 1740
31372 1733
31389 1729
31405 1741
31421 1732
31438 1735
31454 1734
31471 1732
31487 1730
31503 1736
31520 1723
31536 1733
31552 1734
31569 1758
31585 1730
31602 1729
31618 1683
31634 1726
31651 1727
31667 1723
31684 1726
31700 1729
31716 1730
31733 1731
31749 1735
31766 1732
31782 1733
31798 1733
31815 1745
31831 1735
31848 1737
31864 1737
31880 1736
31897 1738
31913 1737
31930 1742
31946 1748
31962 1747
31979 1742
31995 1747
32011 1748
32028 1746
32044 1743
32061 1748
32077 1751
32093 1821
32110 1754
32126 1754
32143 1746
32159 1761
32175 1756
32192 1760
32208 1762
32225 1762
32241 1759
32257 1757
32274 1763
32290 1768
32307 1768
32323 1766
32339 1765
32356 1767
32372 1768
32389 1776
32405 1769
32421 1753
32438 1764
32454 1768
32471 1767
32487 1755
32503 1768
32520 1789
32536 1765
32552 1766
32569 1782
32585 1752
32602 1757
32618 1805
32634 1760
32651 1763
32667 1761
32684 1758
32700 1758
32716 1763
32733 1758
32749 1757
32766 1750
32782 1754
32798 1743
32815 1741
32831 1754
32848 1746
32864 1748
32880 1747
32897 1746
32913 1745
32930 1740
32946 1745
32962 1741
32979 1740
32995 1739
33011 1730
33028 1733
33044 1693
33061 1733
33077 1735
33093 1748
33110 1731
33126 1732
33143 1750
33159 1731
33175 1729
33192 1724
33208 1728
33225 1729
33241 1728
33257 1727
33274 1724
33290 1724
33307 1724
33323 1727
33339 1724
33356 1726
33372 1727
33389 1725
33405 1728
33421 1730
33438 1731
33454 1730
33471 1731
33487 1731
33503 1734
33520 1749
33536 1734
33552 1736
33569 1724
33585 1738
33602 1740
33618 1748
33634 1742
