2 165
55 159
72 161
88 158
105 163
121 167
137 172
154 182
170 192
186 183
203 187
219 192
236 195
252 198
268 206
285 207
301 205
318 213
334 218
350 220
367 228
383 231
400 234
416 232
432 239
449 247
465 250
482 275
498 255
514 258
531 271
547 265
564 271
580 272
596 277
613 270
629 284
645 291
662 293
678 296
695 299
711 298
727 340
744 313
760 313
779 318
795 324
812 326
828 332
844 330
861 333
877 332
894 342
910 348
926 353
943 354
959 350
976 361
992 365
1008 368
1025 371
1041 411
1058 378
1074 379
1090 385
1107 387
1123 391
1140 393
1156 399
1172 392
1189 406
1205 405
1221 363
1238 413
1254 420
1271 419
1287 425
1303 428
1320 431
1336 435
1353 436
1369 438
1385 444
1402 441
1418 451
1435 454
1451 455
1467 453
1484 464
1500 468
1517 466
1533 471
1549 472
1566 480
1582 481
1599 483
1615 475
1631 491
1648 491
1664 499
1680 505
1697 504
1713 502
1730 501
1746 513
1762 521
1780 521
1796 519
1813 522
1829 528
1846 528
1862 532
1878 535
1895 538
1911 514
1928 543
1944 547
1960 540
1977 554
1993 558
2009 557
2026 561
2042 562
2059 564
2075 568
2091 587
2108 574
2124 579
2141 580
2157 581
2173 585
2190 591
2206 591
2223 582
2239 599
2255 605
2272 608
2288 606
2305 606
2321 610
2337 615
2354 612
2370 623
2387 623
2403 625
2419 629
2436 633
2452 636
2468 637
2485 639
2501 637
2518 641
2534 642
2550 650
2567 651
2583 653
2600 656
2616 661
2632 661
2649 665
2665 668
2682 672
2698 671
2714 677
2731 679
2747 680
2764 685
2784 687
2801 691
2817 692
2834 738
2850 701
2866 707
2883 703
2899 707
2916 703
2932 711
2948 714
2965 716
2981 727
2997 719
3014 720
3030 727
3047 727
3063 732
3079 730
3096 734
3112 737
3129 741
3145 753
3161 745
3178 749
3194 752
3211 752
3227 755
3243 755
3260 758
3276 763
3293 764
3309 764
3325 764
3342 771
3358 775
3375 776
3391 779
3407 776
3424 783
3440 787
3456 833
3473 789
3489 794
3506 793
3522 797
3538 800
3555 800
3571 796
3588 801
3604 807
3620 811
3637 815
3653 819
3670 816
3686 819
3702 841
3719 825
3735 826
3752 828
3768 830
3785 831
3802 831
3818 834
3835 838
3851 843
3867 842
3884 845
3900 852
3917 846
3933 842
3949 856
3966 856
3982 858
3999 860
4015 862
4031 863
4048 870
4064 867
4081 880
4097 868
4113 873
4130 876
4146 879
4163 882
4179 895
4195 885
4212 890
4228 871
4244 893
4261 892
4277 898
4294 896
4310 901
4326 901
4343 903
4359 906
4376 909
4392 910
4408 912
4425 917
4441 914
4458 918
4474 923
4490 920
4507 920
4523 928
4540 930
4556 930
4572 930
4589 932
4605 933
4622 941
4638 939
4654 941
4671 943
4687 945
4703 934
4720 951
4736 948
4753 946
4769 956
4787 958
4803 1020
4819 963
4836 969
4852 963
4869 964
4885 968
4901 974
4918 973
4934 973
4951 966
4967 974
4983 981
5000 985
5016 982
5033 986
5049 986
5065 990
5082 991
5098 994
5114 995
5131 998
5147 1001
5164 1003
5180 1003
5196 1005
5213 1009
5229 955
5246 1009
5262 1013
5278 996
5295 1015
5311 1020
5328 1014
5344 1026
5360 1023
5377 1020
5393 1029
5410 1030
5426 1035
5442 1033
5459 1035
5475 1033
5492 1039
5508 1043
5524 1042
5541 1045
5557 1047
5573 1050
5590 1050
5606 1052
5623 1053
5639 1055
5655 1060
5672 1061
5688 1063
5705 1067
5721 1063
5737 1064
5754 1056
5770 1070
5787 1080
5804 1092
5820 1074
5836 1082
5853 1079
5869 1080
5886 1081
5902 1085
5918 1086
5935 1085
5951 1086
5968 1091
5984 1090
6000 1093
6017 1098
6033 1092
6049 1102
6066 1100
6082 1101
6099 1104
6115 1110
6131 1113
6148 1113
6164 1114
6181 1114
6197 1118
6213 1117
6230 1115
6246 1122
6263 1122
6279 1095
6295 1125
6312 1129
6328 1156
6345 1130
6361 1134
6377 1087
6394 1133
6410 1138
6427 1138
6443 1141
6459 1144
6476 1140
6492 1142
6508 1149
6525 1142
6541 1149
6558 1152
6574 1153
6590 1159
6607 1157
6623 1159
6640 1161
6656 1164
6672 1165
6689 1169
6705 1169
6722 1167
6738 1170
6754 1183
6771 1175
6787 1178
6804 1240
6820 1184
6836 1179
6853 1166
6869 1189
6886 1191
6902 1192
6918 1192
6935 1194
6951 1200
6968 1201
6984 1200
7000 1201
7017 1203
7033 1205
7050 1205
7066 1212
7082 1210
7099 1213
7115 1216
7132 1218
7148 1222
7164 1225
7181 1222
7197 1226
7214 1231
7230 1236
7246 1233
7263 1234
7279 1228
7295 1233
7312 1241
7328 1309
7345 1245
7361 1249
7377 1274
7394 1250
7410 1251
7427 1254
7443 1258
7459 1260
7476 1263
7492 1265
7509 1267
7525 1268
7541 1262
7558 1272
7574 1272
7591 1282
7607 1282
7623 1281
7640 1284
7656 1287
7673 1288
7689 1290
7705 1296
7722 1296
7738 1298
7754 1318
7771 1307
7787 1309
7804 1325
7820 1312
7837 1314
7853 1293
7869 1324
7886 1323
7902 1328
7919 1332
7935 1335
7951 1344
7968 1345
7984 1345
8000 1350
8017 1352
8033 1357
8050 1362
8066 1366
8082 1367
8099 1372
8115 1377
8132 1382
8148 1382
8164 1393
8181 1396
8197 1402
8214 1405
8230 1422
8246 1420
8263 1427
8279 1433
8296 1441
8312 1448
8328 1525
8345 1461
8361 1473
8378 1430
8394 1488
8410 1500
8427 1502
8443 1520
8459 1529
8476 1545
8492 1557
8509 1568
8525 1584
8541 1599
8558 1613
8574 1632
8591 1634
8607 1656
8623 1670
8640 1690
8656 1704
8673 1721
8689 1731
8705 1750
8722 1763
8738 1784
8755 1763
8771 1812
8787 1830
8804 1844
8820 1860
8837 1875
8853 1883
8869 1902
8886 1905
8902 1921
8919 1937
8935 1946
8951 1952
8968 1957
8984 1972
9001 1976
9017 1982
9033 1987
9050 1990
9066 2000
9083 1994
9099 1998
9115 1995
9132 1996
9148 1994
9164 1992
9181 1989
9197 1984
9214 1975
9230 1968
9246 2016
9263 1955
9279 1943
9296 1934
9312 1929
9328 1918
9345 1908
9361 1898
9378 1894
9394 1876
9410 1853
9427 1838
9443 1825
9460 1814
9476 1797
9492 1781
9509 1768
9525 1750
9542 1740
9558 1720
9574 1704
9591 1695
9607 1679
9623 1663
9640 1649
9656 1640
9673 1628
9689 1613
9705 1599
9722 1590
9738 1581
9755 1575
9771 1560
9787 1553
9804 1547
9820 1541
9837 1538
9853 1533
9869 1536
9886 1529
9902 1526
9919 1526
9935 1518
9951 1528
9968 1527
9984 1529
10001 1534
10017 1540
10033 1542
10050 1545
10066 1552
10083 1560
10099 1563
10115 1577
10132 1583
10148 1591
10164 1602
10181 1614
10197 1662
10214 1632
10230 1638
10246 1652
10263 1663
10279 1674
10296 1686
10312 1698
10328 1713
10345 1724
10361 1735
10378 1744
10394 1758
10410 1773
10427 1781
10443 1798
10460 1807
10476 1821
10492 1832
10509 1859
10525 1854
10542 1862
10558 1871
10574 1879
10591 1887
10607 1895
10623 1902
10640 1906
10656 1912
10673 1919
10689 1927
10705 1929
10722 1928
10738 1931
10755 1909
10771 1933
10787 1938
10804 1936
10820 1930
10837 1927
10853 1929
10869 1925
10886 1918
10902 1916
10919 1909
10935 1902
10951 1901
10968 1886
10984 1887
11001 1874
11017 1863
11033 1855
11050 1846
11066 1785
11083 1819
11099 1812
11115 1798
11132 1791
11148 1783
11164 1766
11181 1770
11197 1789
11214 1734
11230 1722
11246 1714
11263 1702
11279 1696
11296 1681
11312 1672
11328 1662
11345 1653
11361 1644
11378 1642
11394 1623
11410 1615
11427 1609
11443 1605
11460 1597
11476 1592
11492 1587
11509 1569
11525 1582
11542 1579
11558 1574
11574 1580
11591 1579
11607 1573
11623 1578
11640 1578
11656 1580
11673 1581
11689 1583
11705 1586
11722 1594
11738 1597
11755 1578
11771 1608
11787 1617
11804 1618
11820 1632
11837 1641
11853 1651
11869 1656
11886 1659
11902 1673
11919 1682
11935 1693
11951 1701
11968 1705
11984 1722
12001 1729
12017 1746
12033 1751
12050 1761
12066 1757
12083 1780
12099 1789
12115 1805
12132 1808
12148 1819
12164 1827
12181 1835
12197 1818
12214 1852
12230 1857
12246 1858
12263 1865
12279 1875
12296 1881
12312 1886
12328 1891
12345 1893
12361 1894
12378 1894
12394 1899
12410 1899
12427 1902
12443 1902
12460 1900
12476 1900
12492 1897
12509 1894
12525 1895
12542 1887
12558 1883
12574 1881
12591 1875
12607 1766
12623 1860
12640 1860
12656 1852
12673 1847
12689 1839
12705 1831
12722 1822
12738 1811
12755 1800
12771 1795
12787 1783
12804 1758
12820 1765
12837 1756
12853 1793
12869 1737
12886 1731
12902 1656
12919 1713
12935 1701
12951 1708
12968 1686
12984 1676
13001 1669
13017 1661
13033 1654
13050 1641
13066 1638
13083 1631
13099 1627
13115 1624
13132 1618
13148 1613
13164 1610
13181 1610
13197 1607
13214 1608
13230 1604
13246 1612
13263 1609
13279 1603
13296 1604
13312 1610
13328 1593
13345 1614
13361 1617
13378 1617
13394 1623
13410 1627
13427 1633
13443 1636
13460 1643
13476 1653
13492 1656
13509 1661
13525 1670
13542 1695
13558 1686
13574 1693
13591 1699
13607 1700
13623 1720
13640 1726
13656 1736
13673 1741
13689 1748
13705 1755
13722 1768
13738 1772
13755 1785
13771 1787
13787 1797
13804 1791
13820 1813
13837 1817
13853 1850
13869 1833
13886 1840
13902 1896
13919 1852
13935 1852
13951 1855
13968 1861
13984 1863
14001 1868
14017 1875
14033 1870
14050 1876
14066 1876
14083 1876
14099 1875
14115 1876
14132 1874
14148 1873
14164 1870
14181 1871
14197 1870
14214 1864
14230 1857
14246 1854
14263 1848
14279 1861
14296 1842
14312 1830
14328 1806
14345 1823
14361 1820
14378 1813
14394 1809
14410 1796
14427 1790
14443 1784
14460 1774
14476 1770
14492 1759
14509 1749
14525 1743
14542 1739
14558 1734
14574 1725
14591 1711
14607 1709
14623 1698
14640 1691
14656 1685
14673 1678
14689 1675
14705 1668
14722 1663
14738 1657
14755 1657
14771 1649
14787 1641
14804 1628
14820 1637
14837 1634
14853 1632
14869 1633
14886 1634
14902 1590
14919 1632
14935 1631
14951 1631
14968 1633
14984 1631
15001 1634
15017 1638
15033 1639
15050 1642
15066 1648
15083 1649
15099 1652
15115 1662
15132 1665
15148 1678
15164 1674
15181 1682
15197 1686
15214 1694
15230 1694
15246 1712
15263 1712
15279 1713
15296 1729
15312 1736
15328 1718
15345 1749
15361 1755
15378 1762
15394 1770
15410 1777
15427 1787
15443 1787
15460 1794
15476 1802
15492 1809
15509 1816
15525 1822
15542 1823
15558 1830
15574 1833
15591 1838
15607 1852
15623 1844
15640 1846
15656 1848
15673 1851
15689 1851
15705 1855
15722 1859
15738 1857
15755 1852
15771 1856
15787 1857
15804 1881
15820 1856
15837 1851
15853 1801
15869 1842
15886 1841
15902 1857
15919 1835
15935 1828
15951 1821
15968 1821
15984 1818
16001 1819
16017 1800
16033 1798
16050 1794
16066 1788
16083 1781
16099 1771
16115 1763
16132 1764
16148 1751
16164 1744
16181 1740
16197 1735
16214 1721
16230 1719
16246 1709
16263 1707
16279 1687
16296 1694
16312 1689
16328 1713
16345 1676
16361 1679
16378 1667
16394 1665
16410 1659
16427 1649
16443 1651
16460 1646
16476 1645
16492 1642
16509 1640
16525 1637
16542 1639
16558 1640
16574 1640
16591 1638
16607 1641
16623 1637
16640 1648
16656 1644
16673 1648
16689 1647
16705 1657
16722 1653
16738 1658
16755 1658
16771 1664
16787 1669
16804 1678
16820 1681
16837 1682
16853 1668
16869 1694
16886 1702
16902 1708
16919 1714
16935 1718
16951 1721
16968 1729
16984 1737
17001 1739
17017 1744
17033 1757
17050 1760
17066 1764
17083 1770
17099 1771
17115 1779
17132 1784
17148 1788
17164 1794
17181 1800
17197 1805
17214 1806
17230 1813
17246 1811
17263 1816
17279 1827
17296 1812
17312 1823
17328 1840
17345 1824
17361 1828
17378 1822
17394 1831
17410 1831
17427 1831
17443 1825
17460 1828
17476 1825
17492 1825
17509 1885
17525 1823
17542 1819
17558 1816
17574 1813
17591 1803
17607 1807
17623 1801
17640 1797
17656 1794
17673 1787
17689 1784
17705 1780
17722 1774
17738 1768
17755 1758
17771 1763
17787 1752
17804 1744
17820 1744
17837 1737
17853 1729
17869 1726
17886 1721
17902 1717
17919 1713
17935 1711
17951 1703
17968 1702
17984 1696
18001 1690
18017 1685
18033 1687
18050 1683
18066 1665
18083 1675
18099 1669
18115 1658
18132 1665
18148 1666
18164 1663
18181 1663
18197 1667
18214 1659
18230 1662
18246 1660
18263 1665
18279 1666
18296 1666
18312 1668
18328 1671
18345 1674
18361 1673
18378 1683
18394 1679
18410 1687
18427 1679
18443 1688
18460 1694
18476 1699
18492 1702
18509 1683
18525 1711
18542 1717
18558 1726
18574 1728
18591 1730
18607 1735
18623 1742
18640 1747
18656 1753
18673 1759
18689 1760
18705 1760
18722 1770
18738 1777
18755 1755
18771 1783
18787 1784
18804 1789
18820 1798
18837 1803
18853 1803
18869 1806
18886 1808
18902 1817
18919 1824
18935 1820
18951 1815
18968 1818
18984 1821
19001 1820
19017 1826
19033 1824
19050 1822
19066 1758
19083 1824
19099 1826
19115 1822
19132 1821
19148 1818
19164 1819
19181 1818
19197 1810
19214 1812
19230 1808
19246 1812
19263 1801
19279 1801
19296 1796
19312 1792
19328 1789
19345 1789
19361 1781
19378 1752
19394 1773
19410 1768
19427 1767
19443 1756
19460 1754
19476 1749
19492 1743
19509 1733
19525 1735
19542 1728
19558 1721
19574 1722
19591 1717
19607 1713
19623 1712
19640 1707
19656 1698
19673 1702
19689 1697
19705 1694
19722 1692
19738 1691
19755 1697
19771 1689
19787 1681
19804 1683
19820 1679
19837 1680
19853 1686
19869 1677
19886 1681
19902 1681
19919 1681
19935 1677
19951 1679
19968 1685
19984 1686
20001 1688
20017 1686
20033 1692
20050 1699
20066 1749
20083 1700
20099 1704
20115 1708
20132 1709
20148 1715
20164 1712
20181 1718
20197 1739
20214 1730
20230 1731
20246 1736
20263 1744
20279 1746
20296 1753
20312 1755
20328 1758
20345 1765
20361 1767
20378 1820
20394 1770
20410 1772
20427 1777
20443 1781
20460 1788
20476 1785
20492 1791
20509 1766
20525 1796
20542 1802
20558 1808
20574 1804
20591 1808
20607 1810
20623 1813
20640 1814
20656 1811
20673 1816
20689 1813
20705 1815
20722 1815
20738 1814
20755 1833
20771 1814
20787 1811
20804 1813
20820 1809
20837 1811
20853 1805
20869 1801
20886 1803
20902 1798
20919 1797
20935 1795
20951 1790
20968 1787
20984 1781
21001 1780
21017 1781
21033 1774
21050 1770
21066 1790
21083 1765
21099 1759
21115 1751
21132 1749
21148 1739
21164 1741
21181 1742
21197 1735
21214 1730
21230 1725
21246 1723
21263 1722
21279 1719
21296 1710
21312 1708
21328 1697
21345 1704
21361 1704
21378 1759
21394 1698
21410 1694
21427 1635
21443 1693
21460 1693
21476 1694
21492 1689
21509 1688
21525 1680
21542 1687
21558 1687
21574 1684
21591 1689
21607 1690
21623 1696
21640 1692
21656 1691
21673 1692
21689 1694
21705 1701
21722 1697
21738 1689
21755 1699
21771 1707
21787 1709
21804 1628
21820 1711
21837 1713
21853 1725
21869 1721
21886 1725
21902 1713
21919 1739
21935 1736
21951 1733
21968 1744
21984 1745
22001 1751
22017 1752
22033 1757
22050 1758
22066 1761
22083 1766
22099 1767
22115 1771
22132 1773
22148 1777
22164 1780
22181 1781
22197 1784
22214 1793
22230 1794
22246 1794
22263 1792
22279 1807
22296 1796
22312 1798
22328 1765
22345 1798
22361 1802
22378 1792
22394 1800
22410 1801
22427 1801
22443 1798
22460 1799
22476 1799
22492 1796
22509 1794
22525 1798
22542 1798
22558 1792
22574 1787
22591 1787
22607 1785
22623 1783
22640 1781
22656 1778
22673 1773
22689 1774
22705 1772
22722 1767
22738 1763
22755 1756
22771 1758
22787 1759
22804 1708
22820 1750
22837 1745
22853 1729
22869 1740
22886 1736
22902 1741
22919 1731
22935 1727
22951 1727
22968 1719
22984 1720
23001 1717
23017 1715
23033 1715
23050 1712
23066 1712
23083 1707
23099 1704
23115 1707
23132 1701
23148 1701
23164 1698
23181 1698
23197 1703
23214 1700
23230 1703
23246 1697
23263 1700
23279 1682
23296 1702
23312 1698
23328 1708
23345 1703
23361 1706
23378 1718
23394 1707
23410 1706
23427 1708
23443 1710
23460 1714
23476 1714
23492 1717
23509 1714
23525 1721
23542 1728
23558 1712
23574 1734
23591 1730
23607 1732
23623 1735
23640 1743
23656 1745
23673 1741
23689 1750
23705 1754
23722 1756
23738 1757
23755 1764
23771 1764
23787 1765
23804 1883
23820 1774
23837 1773
23853 1721
23869 1777
23886 1782
23902 1784
23919 1787
23935 1783
23951 1783
23968 1788
23984 1793
24001 1793
24017 1793
24033 1792
24050 1796
24066 1793
24083 1789
24099 1792
24115 1792
24132 1789
24148 1792
24164 1786
24181 1787
24197 1787
24214 1789
24230 1786
24246 1783
24263 1776
24279 1761
24296 1781
24312 1779
24328 1800
24345 1769
24361 1767
24378 1723
24394 1761
24410 1759
24427 1760
24443 1754
24460 1758
24476 1746
24492 1744
24509 1744
24525 1739
24542 1738
24558 1740
24574 1727
24591 1728
24607 1730
24623 1728
24640 1723
24656 1721
24673 1723
24689 1716
24705 1720
24722 1714
24738 1709
24755 1716
24771 1711
24787 1709
24804 1722
24820 1707
24837 1698
24853 1727
24869 1702
24886 1706
24902 1693
24919 1701
24935 1702
24951 1705
24968 1707
24984 1708
25001 1706
25017 1709
25033 1704
25050 1711
25066 1711
25083 1719
25099 1714
25115 1716
25132 1718
25148 1719
25164 1719
25181 1724
25197 1724
25214 1728
25230 1727
25246 1731
25263 1732
25279 1744
25296 1743
25312 1731
25328 1748
25345 1746
25361 1751
25378 1770
25394 1754
25410 1756
25427 1757
25443 1763
25460 1764
25476 1764
25492 1766
25509 1767
25525 1770
25542 1774
25558 1778
25574 1778
25591 1776
25607 1775
25623 1781
25640 1785
25656 1783
25673 1785
25689 1783
25705 1785
25722 1786
25738 1787
25755 1785
25771 1785
25787 1787
25804 1788
25820 1791
25837 1782
25853 1782
25869 1782
25886 1781
25902 1781
25919 1790
25935 1793
25951 1776
25968 1775
25984 1778
26001 1772
26017 1758
26033 1768
26050 1764
26066 1734
26083 1765
26099 1761
26115 1760
26132 1758
26148 1753
26164 1754
26181 1749
26197 1725
26214 1747
26230 1748
26246 1735
26263 1743
26279 1744
26296 1736
26312 1736
26328 1732
26345 1733
26361 1730
26378 1700
26394 1724
26410 1729
26427 1722
26443 1721
26460 1723
26476 1724
26492 1727
26509 1714
26525 1718
26542 1717
26558 1718
26574 1719
26591 1717
26607 1717
26623 1715
26640 1718
26656 1719
26673 1719
26689 1721
26705 1721
26722 1722
26738 1733
26755 1689
26771 1726
26787 1725
26804 1723
26820 1726
26837 1729
26853 1725
26869 1731
26886 1734
26902 1741
26919 1740
26935 1740
26951 1748
26968 1746
26984 1752
27001 1756
27017 1751
27033 1753
27050 1759
27066 1728
27083 1758
27099 1765
27115 1767
27132 1765
27148 1770
27164 1772
27181 1769
27197 1775
27214 1776
27230 1780
27246 1787
27263 1781
27279 1782
27296 1785
27312 1784
27328 1787
27345 1788
27361 1785
27378 1779
27394 1790
27410 1788
27427 1793
27443 1789
27460 1787
27476 1789
27492 1787
27509 1746
27525 1786
27542 1785
27558 1783
27574 1783
27591 1784
27607 1783
27623 1780
27640 1781
27656 1780
27673 1776
27689 1770
27705 1772
27722 1771
27738 1769
27755 1788
27771 1761
27787 1764
27804 1763
27820 1760
27837 1757
27853 1751
27869 1749
27886 1749
27902 1747
27919 1745
27935 1749
27951 1738
27968 1735
27984 1747
28001 1733
28017 1732
28033 1728
28050 1729
28066 1796
28083 1729
28099 1725
28115 1724
28132 1720
28148 1722
28164 1717
28181 1717
28197 1726
28214 1715
28230 1714
28246 1710
28263 1714
28279 1716
28296 1712
28312 1712
28328 1715
28345 1714
28361 1715
28378 1767
28394 1718
28410 1716
28427 1717
28443 1718
28460 1717
28476 1723
28492 1721
28509 1619
28525 1723
28542 1722
28558 1728
28574 1729
28591 1731
28607 1735
28623 1733
28640 1734
28656 1743
28673 1740
28689 1741
28705 1744
28722 1745
28738 1748
28755 1757
28771 1751
28787 1752
28804 1754
28820 1756
28837 1753
28853 1761
28869 1758
28886 1764
28902 1768
28919 1765
28935 1761
28951 1770
28968 1772
28984 1768
29001 1774
29017 1772
29033 1773
29050 1771
29066 1776
29083 1777
29099 1774
29115 1774
29132 1777
29148 1777
29164 1774
29181 1774
29197 1777
29214 1773
29230 1774
29246 1781
29263 1772
29279 1771
29296 1769
29312 1771
29328 1765
29345 1769
29361 1769
29378 1753
29394 1763
29410 1762
29427 1759
29443 1761
29460 1757
29476 1758
29492 1754
29509 1897
29525 1749
29542 1748
29558 1737
29574 1743
29591 1740
29607 1741
29623 1737
29640 1735
29656 1735
29673 1734
29689 1732
29705 1728
29722 1731
29738 1726
29755 1724
29771 1725
29787 1723
29804 1725
29820 1716
29837 1721
29853 1718
29869 1715
29886 1716
29902 1714
29919 1715
29935 1680
29951 1714
29968 1706
29984 1715
30001 1716
30017 1717
30033 1714
30050 1717
30066 1712
30083 1717
30099 1716
30115 1712
30132 1721
30148 1718
30164 1720
30181 1719
30197 1718
30214 1720
30230 1724
30246 1724
30263 1728
30279 1731
30296 1730
30312 1731
30328 1735
30345 1742
30361 1740
30378 1745
30394 1739
30410 1739
30427 1780
30443 1747
30460 1751
30476 1714
30492 1751
30509 1744
30525 1743
30542 1754
30558 1757
30574 1753
30591 1761
30607 1764
30623 1764
30640 1765
30656 1767
30673 1765
30689 1773
30705 1769
30722 1768
30738 1769
30755 1770
30771 1770
30787 1767
30804 1722
30820 1770
30837 1770
30853 1745
30869 1767
30886 1764
30902 1776
30919 1770
30935 1768
30951 1770
30968 1768
30984 1765
31001 1761
31017 1766
31033 1762
31050 1762
31066 1760
31083 1758
31099 1757
31115 1757
31132 1754
31148 1753
31164 1751
31181 1747
31197 1749
31214 1748
31230 1745
31246 1745
31263 1745
31279 1746
31296 1737
31312 1740
31328 1770
31345 1735
31361 1739
31378 1709
31394 1730
31410 1733
31427 1733
31443 1729
31460 1725
31476 1725
31492 1725
31509 1725
31525 1718
31542 1723
31558 1724
31574 1721
31591 1719
31607 1724
31623 1724
31640 1720
31656 1717
31673 1723
31689 1725
31705 1727
31722 1725
31738 1723
31755 1728
31771 1730
31787 1732
31804 1729
31820 1730
31837 1732
31853 1703
31869 1733
31886 1733
31902 1733
31919 1736
31935 1740
31951 1745
31968 1740
31984 1743
32001 1746
32017 1748
32033 1756
32050 1754
32066 1754
32083 1751
32099 1754
32115 1753
32132 1757
32148 1757
32164 1758
32181 1761
32197 1759
32214 1760
32230 1757
32246 1761
32263 1764
32279 1766
32296 1768
32312 1765
32328 1783
32345 1771
32361 1767
32378 1707
32394 1770
32410 1767
32427 1756
32443 1771
32460 1770
32476 1770
32492 1765
32509 1766
32525 1770
32542 1768
32558 1765
32574 1764
32591 1772
32607 1763
32623 1763
32640 1763
32656 1764
32673 1761
32689 1757
32705 1758
32722 1760
32738 1755
32755 1752
32771 1750
32787 1748
32804 1727
32820 1747
32837 1743
32853 1774
32869 1743
32886 1744
32902 1741
32919 1741
32935 1738
32951 1727
32968 1735
32984 1730
33001 1732
33017 1734
33033 1729
33050 1727
33066 1720
33083 1728
33099 1730
33115 1729
33132 1725
33148 1727
33164 1723
33181 1726
33197 1726
33214 1724
33230 1723
33246 1721
33263 1723
33279 1719
33296 1725
33312 1730
33328 1724
33345 1719
33361 1726
33378 1807
33394 1730
33410 1730
33427 1768
33443 1729
33460 1730
33476 1736
33492 1735
33509 1737
33525 1736
33542 1737
33558 1739
33574 1743
33591 1742
33607 1746
