2 375
105 340
172 312
238 262
305 249
371 219
437 197
504 180
570 169
637 193
703 166
769 170
836 174
902 185
969 197
1036 210
1102 223
1169 236
1235 251
1302 270
1368 286
1434 306
1501 325
1567 346
1634 368
1700 386
1766 407
1833 426
1899 449
1966 472
2065 504
2131 526
2198 545
2264 566
2331 583
2397 602
2463 617
2530 636
2596 654
2663 665
2729 679
2795 691
2862 698
2928 707
3003 715
3069 719
3135 719
3202 720
3268 720
3335 717
3401 710
3467 704
3534 695
3600 683
3667 670
3733 649
3799 638
3866 618
3932 592
4000 572
4066 550
4132 514
4199 492
4265 464
4332 428
4398 403
4464 367
4531 338
4597 303
4664 272
4730 238
4796 211
4863 186
4929 171
5004 163
5071 162
5137 165
5204 170
5270 177
5336 189
5403 196
5469 213
5536 219
5602 241
5668 257
5735 275
5801 292
5868 312
5934 332
6001 352
6068 373
6134 417
6201 414
6267 435
6333 458
6400 478
6466 496
6533 519
6599 537
6665 562
6732 575
6798 594
6865 609
6931 626
7007 642
7074 655
7140 666
7207 674
7273 684
7339 693
7406 696
7472 699
7539 699
7605 701
7671 696
7738 694
7804 686
7871 676
7937 668
8004 655
8071 642
8137 625
8204 607
8270 588
8336 564
8403 540
8469 516
8536 484
8602 462
8668 431
8735 404
8801 370
8868 338
8934 306
9012 267
9079 239
9145 213
9212 198
9278 173
9344 166
9411 162
9477 166
9544 169
9610 180
9676 189
9743 199
9809 212
9876 226
9942 238
10009 255
10076 272
10142 287
10209 306
10275 323
10341 345
10408 365
10474 385
10541 406
10607 447
10673 447
10740 468
10806 486
10873 506
10939 526
11021 549
11087 569
11154 587
11220 602
11286 618
11353 631
11419 645
11485 656
11552 667
11618 675
11685 680
11751 686
11817 692
11884 695
11950 694
12018 692
12084 686
12151 684
12217 675
12283 668
12350 654
12416 644
12483 620
12549 611
12615 588
12682 579
12748 547
12814 525
12881 500
12947 474
13035 436
13101 403
13167 377
13234 347
13300 315
13367 286
13433 266
13499 226
13566 201
13632 184
13698 173
13765 166
13831 168
13898 172
13964 177
14032 192
14098 198
14164 209
14231 220
14297 234
14364 252
14430 266
14496 284
14563 301
14629 316
14696 337
14762 359
14828 376
14895 400
14961 420
15058 456
15124 471
15190 491
15257 514
15323 536
15390 555
15456 579
15522 593
15589 612
15655 626
15722 644
15788 655
15854 670
15921 681
15990 692
16057 701
16123 708
16190 712
16256 716
16322 720
16389 717
16455 713
16521 707
16588 748
16654 697
16721 688
16787 675
16853 661
16920 644
16987 626
17054 605
17120 586
17187 563
17253 540
17319 514
17386 487
17452 461
17519 428
17585 398
17651 366
17718 344
17784 303
17850 272
17917 242
17985 215
18051 194
18118 176
18184 170
18251 166
18317 168
18383 172
18450 181
18516 188
18583 204
18649 213
18715 227
18782 236
18848 257
18915 275
18981 302
19048 311
19115 332
19181 351
19248 374
19314 389
19380 416
19447 437
19513 459
19580 480
19646 500
19712 523
19779 544
19845 565
19912 582
19978 601
20045 623
20112 640
20178 649
20245 671
20311 684
20377 695
20444 704
20510 716
20577 721
20643 728
20709 731
20776 733
20842 732
20909 730
20975 727
21042 720
21109 713
21175 699
21242 689
21308 672
21374 659
21441 641
21507 618
21574 598
21640 574
21706 547
21773 518
21839 491
21906 461
21972 429
22076 379
22142 344
22209 313
22275 277
22341 245
22408 218
22474 195
22540 175
22607 166
22673 161
22740 170
22806 172
22872 173
22939 186
23006 197
23073 213
23139 221
23206 238
23272 254
23338 273
23405 289
23471 308
23538 328
23604 348
23670 367
23737 389
23803 410
23869 429
23936 453
24016 479
24082 490
24148 517
24215 541
24281 561
24348 580
24414 599
24480 617
24547 632
24613 657
24680 661
24746 672
24812 684
24879 692
24945 701
25013 707
25079 709
25145 710
25212 710
25278 711
25345 708
25411 704
25477 694
25544 685
25610 674
25677 660
25743 637
25809 626
25876 606
25942 584
26026 561
26092 531
26159 504
26225 475
26292 446
26358 416
26424 378
26491 354
26557 312
26624 283
26690 252
26756 223
26823 198
26889 175
26955 166
27023 163
27089 171
27156 167
27222 173
27289 183
27355 193
27421 205
27488 218
27554 231
27621 248
27687 264
27753 283
27820 299
27886 317
27953 337
28043 365
28110 384
28176 402
28243 425
28309 448
28375 466
28442 487
28508 508
28574 528
28641 546
28707 564
28774 581
28840 598
28906 617
28973 629
29077 647
29144 659
29210 668
29276 676
29343 683
29409 687
29476 689
29542 692
29608 692
29675 688
29741 681
29807 696
29874 668
29940 661
30023 641
30089 626
30156 568
30222 591
30288 569
30355 549
30421 523
30488 501
30554 473
30620 445
30687 418
30753 387
30820 358
30886 329
30952 295
31043 253
31110 225
31176 200
31242 184
31309 171
31375 165
31441 167
31508 160
31574 178
31641 185
31707 193
31773 207
31840 222
31906 233
31973 249
32040 264
32107 276
32173 300
32239 316
32306 336
32372 356
32439 376
32505 397
32571 416
32638 412
32704 458
32770 480
32837 498
32903 520
32970 538
33072 568
33138 583
33205 601
33271 614
33337 629
33404 642
33470 656
33537 665
33603 675
33669 682
33736 689
33802 691
33869 695
33935 695
34014 693
34081 679
34147 686
34213 678
34280 670
34346 659
34413 646
34479 639
34545 621
34612 613
34678 578
34744 556
34811 535
34877 510
34944 484
35011 455
35078 430
35144 400
35210 364
35277 342
35343 310
35410 281
35476 251
35542 224
35609 200
35675 186
35742 173
35808 167
35874 168
35941 173
36024 180
36090 191
36156 200
36223 213
36289 225
36356 188
36422 254
36488 272
36555 287
36621 311
36688 325
36754 345
36820 366
36887 389
36953 400
37044 439
37111 459
37177 480
37243 500
37310 520
37376 543
37443 561
37509 581
37575 598
37642 617
37708 633
37775 650
37841 662
37907 655
37974 687
38041 699
38108 706
38174 713
38241 718
38307 725
38373 722
38440 727
38506 723
38572 718
38639 709
38705 703
38772 692
38838 680
38904 670
38971 651
39074 621
39140 603
39207 579
39273 555
39339 527
39406 502
39472 472
39539 444
39605 412
39671 379
39738 350
39804 317
39871 282
39937 254
40004 225
40071 202
40137 182
40204 169
40270 167
40336 164
40403 168
40469 176
40536 180
40602 194
40668 207
40735 221
40801 235
40868 251
40934 268
41012 289
41079 305
41145 325
41212 336
41278 366
41344 389
41411 409
41477 430
41544 452
41610 473
41676 494
41743 515
41809 537
41876 555
41942 574
42009 594
42076 614
42142 631
42209 640
42275 659
42341 694
42408 684
42474 697
42541 705
42607 712
42673 717
42740 722
42806 721
42873 715
42939 720
43021 716
43087 708
43154 700
43220 690
43286 680
43353 662
43419 645
43485 632
43552 607
43618 583
43685 560
43751 535
43817 511
43884 478
43950 447
44018 417
44084 385
44151 351
44217 321
44283 286
44350 256
44416 225
44483 199
44549 182
44615 165
44682 165
44748 163
44814 167
44881 183
44947 183
45035 197
45101 210
45167 223
45234 240
45300 253
45367 270
45433 287
45499 313
45566 324
45632 339
45698 364
45765 386
45831 404
45898 428
45964 448
46032 467
46098 491
46164 510
46231 538
46297 552
46364 572
46430 588
46496 607
46563 619
46629 636
46696 649
46762 663
46828 672
46895 683
46961 690
47058 695
47124 700
47190 703
47257 704
47323 700
47390 695
47456 684
47522 679
47589 666
47655 658
47722 643
47788 629
47854 610
47921 593
47990 568
48057 543
48123 519
48190 491
48256 466
48322 433
48389 404
48455 372
48521 339
48588 307
48654 269
48721 245
48787 217
48853 191
48920 177
48987 167
49054 166
49120 164
49187 168
49253 177
49319 186
49386 197
49452 210
49519 224
49585 236
49651 253
49718 268
49784 287
49850 304
49917 323
49985 342
50051 361
50118 382
50184 413
50251 423
50317 444
50383 465
50450 484
50516 505
50583 528
50649 543
50715 616
50782 581
50848 596
50915 609
50981 630
51048 640
51115 652
51181 662
51248 668
51314 685
51380 685
51447 689
51513 692
51580 692
51646 694
51712 688
51779 683
51845 681
51912 668
51978 657
52045 646
52112 630
52178 614
52245 596
52311 579
52377 556
52444 535
52510 507
52577 478
52643 456
52709 426
52776 396
52842 365
52909 338
52975 305
53042 273
53109 242
53175 218
53242 196
53308 180
53374 170
53441 169
53507 198
53574 172
53640 178
53706 194
53773 200
53839 210
53906 227
53972 241
54076 264
54142 280
54209 297
54275 316
54341 336
54408 353
54474 377
54540 396
54607 421
54673 438
54740 459
54806 471
54872 503
54939 523
55006 546
55073 563
55139 582
55206 599
55272 617
55338 633
55405 649
55471 664
55538 674
55604 685
55670 695
55737 705
55803 711
55869 712
55936 716
56016 717
56082 696
56148 711
56215 704
56281 700
56348 689
56414 677
56480 661
56547 647
56613 636
56680 611
56746 591
56812 569
56879 544
56945 521
57013 494
57079 460
57145 437
57212 406
57278 375
57345 348
57411 312
57477 280
57544 249
57610 225
57677 200
57743 172
57809 170
57876 165
57942 169
58026 172
58092 180
58159 176
58225 201
58292 213
58358 227
58424 243
58491 257
58557 273
58624 292
58690 336
58756 332
58823 349
58889 373
58955 391
59023 414
59089 436
59156 454
59222 481
59289 502
59355 524
59421 544
59488 566
59554 584
59621 603
59687 626
59753 641
59820 649
59886 672
59953 685
60043 702
60110 710
60176 720
60243 727
60309 731
60375 737
60442 735
60508 760
60574 732
60641 727
60707 722
60774 711
60840 700
60906 688
60973 677
61077 649
61144 626
61210 602
61276 581
61343 553
61409 528
61476 500
61542 470
61608 432
61675 406
61741 373
61807 341
61874 304
61940 274
62023 232
62089 210
62156 205
62222 171
62288 164
62355 160
62421 164
62488 170
62554 181
62620 190
62687 203
62753 219
62820 228
62886 246
62952 263
63043 285
63110 305
63176 324
63242 346
63309 363
63375 387
63441 406
63508 425
63574 448
63641 472
63707 507
63773 516
63840 535
63906 549
63973 578
64040 596
64107 609
64173 633
64239 648
64306 654
64372 675
64439 687
64505 698
64571 704
64638 712
64704 718
64770 720
64837 721
64903 718
64970 717
65072 710
65138 695
65205 692
65271 678
65337 665
65404 649
65470 630
65537 610
65603 588
65669 563
65736 538
65802 510
65869 486
65935 451
66014 415
66081 380
66147 350
66213 316
66280 284
66346 251
66413 223
66479 197
66545 177
66612 167
66678 156
66744 162
66811 166
66877 173
66944 183
67011 193
67078 205
67144 220
67210 228
67277 249
67343 264
67410 282
67476 300
67542 321
67609 335
67675 359
67742 398
67808 399
67874 422
67941 442
68024 467
68090 488
68156 510
68223 529
68289 548
68356 566
68422 584
68488 602
68555 616
68621 632
68688 642
68754 657
68820 676
68887 674
68953 684
69044 691
69111 695
69177 696
69243 694
69310 692
69376 689
69443 680
69509 672
69575 665
69642 650
69708 638
69775 622
69841 604
69907 585
69974 567
70041 538
70108 515
70174 489
70241 465
70307 433
70373 403
70440 373
70506 333
70572 309
70639 280
70705 248
70772 221
70838 197
70904 177
70971 170
71074 164
71140 168
71207 179
71273 184
71339 192
71406 203
71472 215
71539 230
71605 201
71671 256
71738 276
71804 293
71871 313
71937 331
72004 349
72071 371
72137 392
72204 406
72270 433
72336 453
72403 474
72469 495
72536 515
72602 534
72668 556
72735 573
72801 593
72868 609
72934 624
73012 640
73079 648
73145 665
73212 676
73278 680
73344 688
73411 693
73477 699
73544 699
73610 699
73676 698
73743 695
73809 689
73876 679
73942 734
74009 658
74076 647
74142 626
74209 614
74275 597
74341 575
74408 551
74474 529
74541 506
74607 478
74673 448
74740 422
74806 382
74873 374
74939 328
75021 300
75087 262
75154 234
75220 209
75286 191
75353 176
75419 170
75485 168
75552 172
75618 176
75685 186
75751 194
75817 203
75884 221
75950 232
76018 245
76084 259
76151 278
76217 295
76283 315
76350 333
76416 353
76483 369
76549 392
76615 414
76682 435
76748 457
76814 479
76881 500
76947 523
77035 549
77101 567
77167 587
77234 608
77300 620
77367 637
77433 653
77499 667
77566 677
77632 691
77698 696
77765 708
77831 713
77898 716
77964 722
78032 721
78098 721
78164 716
78231 714
78297 704
78364 698
78430 690
78496 675
78563 660
78629 646
78696 625
78762 605
78828 581
78895 560
78961 535
79058 496
79124 465
79190 437
79257 402
79323 373
79390 342
79456 306
79522 285
79589 248
79655 213
79722 197
79788 178
79854 170
79921 165
79990 167
80057 165
80123 179
80190 189
80256 196
80322 210
80389 229
80455 231
80521 254
80588 273
80654 290
80721 309
80787 328
80853 344
80920 369
80987 388
81054 416
81120 430
81187 455
81253 474
81319 492
81386 518
81452 543
81519 561
81585 581
81651 599
81718 618
81784 633
81850 651
81917 663
81985 676
82051 690
82118 699
82184 707
82251 713
82317 718
82383 723
82450 725
82516 726
82583 723
82649 718
82715 712
82782 700
82848 693
82915 680
82981 665
83048 646
83115 634
83181 610
83248 590
83314 562
83380 540
83447 513
83513 484
83580 452
83646 423
83712 394
83779 356
83845 347
83912 292
83978 260
84045 230
84112 203
84178 182
84245 171
84311 163
84377 161
84444 166
84510 171
84577 182
84643 192
84709 203
84776 218
84842 230
84909 244
84975 263
85042 279
85109 299
85175 314
85242 332
85308 355
85374 376
85441 395
85507 419
85574 439
85640 461
85706 480
85773 502
85839 523
85906 543
85972 557
86076 588
86142 606
86209 623
86275 639
86341 651
86408 663
86474 677
86540 685
86607 689
86673 697
86740 702
86806 704
86872 714
86939 701
87006 699
87073 696
87139 687
87206 687
87272 665
87338 650
87405 635
87471 618
87538 600
87604 577
87670 556
87737 530
87803 506
87869 477
87936 448
88016 412
88082 375
88148 349
88215 316
88281 276
88348 253
88414 224
88480 200
88547 180
88613 167
88680 150
88746 164
88812 169
88879 173
88945 185
89013 198
89079 206
89145 220
89212 233
89278 247
89345 263
89411 281
89477 295
89544 318
89610 334
89677 359
89743 376
89809 396
89876 415
89942 437
90026 465
90092 484
90159 504
90225 522
90292 544
90358 559
90424 576
90491 595
90557 616
90624 625
90690 638
90756 661
90823 661
90889 670
90955 695
91023 683
91089 687
91156 688
91222 689
91289 688
91355 686
91421 683
91488 674
91554 664
91621 656
91687 641
91753 629
91820 610
91886 596
91953 585
92043 544
92110 541
92176 494
92243 469
92309 441
92375 413
92442 382
92508 348
92574 323
92641 291
92707 260
92774 234
92840 209
92906 187
92973 175
93077 165
93144 167
93210 160
93276 179
93343 189
93409 200
93476 210
93542 223
93608 240
93675 255
93741 270
93807 286
93874 305
93940 324
94023 346
94089 367
94156 387
94222 409
94288 421
94355 452
94421 469
94488 495
94554 513
94620 534
94687 553
94753 573
94820 588
94886 608
94952 624
95043 645
95110 659
95176 671
95242 681
95309 690
95375 700
95441 704
95508 709
95574 711
95641 714
95707 710
95773 709
95840 709
95906 698
95973 688
96040 681
96107 665
96173 646
96239 636
96306 615
96372 595
96439 574
96505 557
96571 523
96638 499
96704 469
96770 441
96837 410
96903 380
96970 349
97072 301
97138 268
97205 236
97271 214
97337 198
97404 179
97470 169
97537 166
97603 167
97669 172
97736 182
97802 189
97869 201
97935 213
98014 227
98081 250
98147 260
98213 278
98280 286
98346 315
98413 334
98479 359
98545 377
98612 396
98678 414
98744 440
98811 463
98877 485
98944 506
99011 528
99078 549
99144 568
99210 589
99277 608
99343 626
99410 643
99476 659
99542 673
99609 705
99675 698
99742 707
99808 717
99874 723
99941 730
100024 730
100090 734
100156 726
100223 729
100289 725
100356 716
100422 709
100488 697
100555 683
100621 671
100688 651
100754 634
100820 605
100887 589
100953 565
101044 530
101111 501
101177 471
101243 441
101310 414
101376 377
101443 344
101509 309
101575 279
101642 249
101708 218
101775 192
101841 177
101907 167
101974 163
102041 163
102108 169
102174 178
102241 186
102307 199
102373 210
102440 224
102506 186
102572 256
102639 271
102705 290
102772 308
102838 328
102904 349
102971 370
103074 404
103140 426
103207 448
103273 472
103339 481
103406 514
103472 534
103539 554
103605 574
103671 595
103738 610
103804 628
103871 641
103937 658
104004 676
104071 689
104137 700
104204 700
104270 715
104336 717
104403 726
104469 724
104536 729
104602 723
104668 719
104735 712
104801 704
104868 690
104934 681
105012 662
105079 646
105145 629
105212 603
105278 579
105344 559
105411 532
105477 503
105544 472
105610 443
105676 413
105743 381
105809 343
105876 315
105942 279
106009 247
106076 215
106142 191
106209 176
106275 163
106341 161
106408 162
106474 169
106541 174
106607 187
106673 195
106740 205
106806 220
106873 236
106939 252
107021 274
107087 290
107154 306
107220 330
107286 347
107353 365
107419 387
107485 409
107552 430
107618 450
107685 471
107751 491
107817 513
107884 533
107950 551
108018 570
108084 588
108151 605
108217 620
108283 636
108350 645
108416 659
108483 669
108549 678
108615 686
108682 692
108748 695
108814 701
108881 672
108947 697
109035 689
109101 683
109167 675
109234 667
109300 652
109367 639
109433 622
109499 608
109566 584
109632 564
109698 539
109765 515
109831 488
109898 471
109964 430
110032 401
110098 372
110164 339
110231 308
110297 275
110364 249
110430 211
110496 194
110563 175
110629 168
110696 166
110762 166
110828 168
110895 177
110961 188
111058 204
111124 215
111190 229
111257 244
111323 259
111390 276
111456 300
111522 311
111589 329
111655 350
111722 370
111788 392
111854 409
111921 437
111990 454
112057 475
112123 497
112190 515
112256 535
112322 553
112389 573
112455 596
112521 606
112588 623
112654 636
112721 651
112787 660
112853 671
112920 681
112987 685
113054 687
113120 696
113187 699
113253 699
113319 697
113386 692
113452 688
113519 678
113585 669
113651 658
113718 647
113784 630
113850 614
113917 593
113985 573
114051 552
114118 527
114184 503
114251 477
114317 449
114383 422
114450 387
114516 359
114583 329
114649 298
114715 269
114782 242
114848 216
114915 194
114981 179
115048 171
115115 169
115181 168
115248 174
115314 181
115380 193
115447 204
115513 215
115580 226
115646 242
115712 256
115779 217
115845 291
115912 309
115978 332
116045 349
116112 369
116178 388
116245 407
116311 432
116377 453
116444 473
116510 496
116577 515
116643 536
116709 555
116776 575
116842 592
116909 611
116975 626
117042 641
117109 659
117175 669
117242 683
117308 691
117374 701
117441 703
117507 709
117574 724
117640 721
117706 717
117773 717
117839 712
117906 708
117972 696
118076 682
118142 669
118209 642
118275 637
118341 620
118408 600
118474 583
118540 555
118607 530
118673 504
118740 478
118806 447
118872 416
118939 386
119006 352
119073 322
119139 289
119206 262
119272 230
119338 197
119405 186
119471 172
119538 166
119604 166
119670 168
119737 177
119803 183
119869 194
119936 205
120016 222
120082 232
120148 250
120215 266
120281 284
120348 304
120414 323
120480 340
120547 362
120613 383
120680 405
120746 426
120812 449
120879 471
120945 494
121013 515
121079 540
121145 558
121212 576
121278 594
121345 612
121411 631
121477 641
121544 661
121610 677
121677 687
121743 698
121809 706
121876 720
121942 722
122026 723
122092 726
122159 726
122225 722
122292 721
122358 712
122424 702
122491 695
122557 680
122624 664
122690 650
122756 634
122823 611
122889 589
122955 555
123023 539
123089 513
123156 481
123222 455
123289 423
123355 388
123421 362
123488 328
123554 289
123621 263
123687 231
123753 204
123820 183
123886 171
123953 161
124043 164
124110 169
124176 173
124243 183
124309 196
124375 207
124442 214
124508 234
124574 249
124641 265
124707 286
124774 303
124840 321
124906 340
124973 361
125077 392
125144 415
125210 436
125276 458
125343 475
125409 498
125476 519
125542 537
125608 550
125675 575
125741 594
125807 611
125874 626
125940 640
126023 657
126089 668
126156 693
126222 688
126288 693
126355 699
126421 700
126488 704
126554 702
126620 702
126687 697
126753 690
126820 666
126886 672
126952 657
127043 638
127110 621
127176 596
127242 582
127309 559
127375 534
127441 510
127508 484
127574 453
127641 422
127707 395
127773 362
127840 329
127906 298
127973 263
128040 235
128107 209
128173 188
128239 174
128306 166
128372 165
128439 165
128505 171
128571 181
128638 207
128704 198
128770 216
128837 222
128903 242
128970 257
129072 283
129138 302
129205 321
129271 338
129337 358
129404 377
129470 400
129537 419
129603 439
129669 459
129736 480
129802 499
129869 523
129935 539
130014 559
130081 578
130147 593
130213 609
130280 624
130346 637
130413 649
130479 660
130545 667
130612 675
130678 681
130744 686
130811 688
130877 688
130944 688
131011 688
131078 675
131144 671
131210 664
131277 653
131343 638
131410 623
131476 610
131542 588
131609 567
131675 543
131742 525
131808 501
131874 472
131941 447
132024 411
132090 381
132156 350
132223 320
132289 291
132356 262
132422 230
132488 204
132555 187
132621 177
132688 168
132754 167
132820 171
132887 175
132953 184
133044 197
133111 210
133177 221
133243 234
133310 249
133376 264
133443 282
133509 300
133575 318
133642 335
133708 358
133775 379
133841 397
133907 418
133974 440
134041 459
134108 481
134174 499
134241 518
134307 541
134373 559
134440 581
134506 579
134572 613
134639 625
134705 642
134772 659
134838 666
134904 678
134971 680
135074 698
135140 702
135207 706
135273 704
135339 713
135406 704
135472 697
135539 694
135605 685
135671 676
135738 662
135804 650
135871 644
135937 615
136004 596
136071 576
136137 552
136204 528
136270 502
136336 475
136403 448
136469 416
136536 386
136602 358
136668 325
136735 293
136801 265
136868 232
136934 211
137012 187
137079 181
137145 169
137212 168
137278 170
137344 177
137411 188
137477 193
137544 207
137610 211
