2 513
105 377
171 244
238 140
304 102
371 99
437 110
503 122
570 141
636 155
703 208
769 208
835 244
902 283
968 336
1036 394
1102 457
1168 526
1235 608
1301 696
1368 787
1434 883
1500 985
1567 1093
1633 1203
1700 1319
1766 1432
1832 1558
1899 1679
1965 1802
2065 1989
2131 2110
2198 2229
2264 2349
2331 2462
2397 2572
2463 2679
2530 2779
2596 2877
2663 2963
2729 3042
2795 3116
2862 3182
2928 3237
2996 3283
3062 3320
3128 3352
3195 3371
3261 3382
3328 3387
3394 3375
3460 3366
3527 3340
3593 3312
3660 3273
3726 3227
3792 3170
3859 3109
3925 3038
3998 2952
4065 2867
4131 2776
4198 2678
4264 2572
4330 2461
4397 2346
4463 2227
4530 2103
4596 1974
4662 1839
4729 1706
4795 1566
4862 1427
4928 1286
4995 1140
5062 997
5128 854
5195 712
5261 570
5327 434
5394 303
5460 175
5527 109
5593 125
5659 105
5726 113
5792 133
5859 149
5925 170
5998 198
6064 234
6131 274
6197 318
6264 372
6330 436
6396 502
6463 582
6529 662
6596 753
6662 853
6728 948
6795 1054
6861 1165
6928 1279
6995 1397
7062 1517
7128 1643
7194 1761
7261 1883
7327 2006
7393 2128
7460 2246
7526 2365
7593 2466
7659 2585
7725 2688
7792 2804
7858 2887
7925 2970
7997 3055
8064 3127
8130 3190
8197 3242
8263 3287
8329 3322
8396 3349
8462 3365
8529 3374
8595 3374
8661 3365
8728 3349
8794 3321
8861 3289
8927 3247
8995 3196
9061 3135
9127 3074
9194 2994
9260 2919
9326 2829
9393 2736
9459 2637
9526 2543
9592 2418
9658 2300
9725 2179
9791 2053
9858 1922
9924 1789
9996 1640
10063 1498
10129 1358
10196 1217
10262 1070
10328 925
10395 778
10461 647
10528 498
10594 357
10660 226
10727 128
10793 99
10860 100
10926 111
10994 116
11060 140
11126 161
11193 182
11259 214
11325 248
11392 294
11458 340
11525 396
11591 460
11657 534
11724 614
11790 700
11857 787
11923 887
11995 998
12061 1104
12128 1215
12194 1329
12260 1444
12327 1565
12393 1686
12460 1808
12526 1932
12592 2049
12659 2172
12725 2288
12792 2403
12858 2513
12924 2620
12997 2731
13063 2824
13130 2914
13196 2995
13263 3068
13329 3135
13395 3195
13462 3242
13528 3282
13594 3313
13661 3335
13727 3349
13794 3354
13860 3349
13926 3336
14001 3314
14067 3281
14133 3245
14200 3200
14266 3147
14332 3087
14399 3016
14465 2938
14532 2854
14598 2765
14664 2664
14731 2565
14797 2455
14864 2342
14930 2223
15006 2081
15073 1951
15139 1816
15206 1683
15272 1545
15338 1406
15405 1264
15471 1124
15538 981
15604 835
15670 693
15737 551
15803 413
15870 278
15936 159
16004 107
16070 99
16136 110
16203 119
16269 140
16335 152
16402 171
16468 197
16535 234
16601 272
16667 334
16734 374
16800 438
16867 505
16933 584
17011 681
17078 770
17144 868
17211 965
17277 1075
17343 1201
17410 1298
17476 1414
17543 1534
17609 1655
17675 1777
17742 1898
17808 2019
17875 2139
17941 2258
18009 2376
18075 2488
18141 2598
18208 2700
18274 2794
18340 2889
18407 2972
18473 3051
18540 3119
18606 3181
18672 3236
18739 3279
18805 3316
18872 3340
18938 3357
19020 3367
19086 3363
19153 3355
19219 3335
19285 3309
19352 3272
19418 3229
19485 3177
19551 3118
19617 3053
19684 2980
19750 2897
19817 2811
19883 2718
19949 2617
20039 2473
20105 2358
20171 2239
20238 2117
20304 1988
20371 1857
20437 1724
20503 1588
20570 1447
20636 1308
20703 1166
20769 1021
20835 879
20902 739
20968 597
21036 457
21102 318
21168 195
21235 116
21301 99
21368 52
21434 115
21500 127
21567 148
21633 164
21700 192
21766 222
21832 260
21899 305
21965 356
22065 451
22131 524
22198 601
22264 685
22331 776
22397 873
22463 975
22530 1081
22596 1193
22663 1308
22729 1426
22795 1546
22862 1668
22928 1792
22996 1916
23062 2037
23128 2160
23195 2271
23261 2398
23328 2510
23394 2616
23460 2724
23527 2821
23593 2902
23660 2998
23726 3077
23792 3145
23859 3206
23925 3257
23998 3305
24065 3339
24131 3362
24198 3380
24264 3385
24330 3384
24397 3373
24463 3357
24530 3328
24596 3295
24662 3251
24729 3198
24795 3140
24862 3074
24928 2996
24995 2916
25062 2829
25128 2734
25195 2633
25261 2525
25327 2414
25394 2296
25460 2173
25527 2048
25593 1918
25659 1782
25726 1647
25792 1509
25859 1365
25925 1222
25998 1065
26064 920
26131 777
26197 639
26264 494
26330 356
26396 225
26463 127
26529 99
26596 100
26662 109
26728 124
26795 139
26861 159
26928 184
26995 214
27062 250
27128 292
27194 345
27261 400
27327 468
27393 607
27460 620
27526 706
27593 799
27659 896
27725 1000
27792 1107
27858 1221
27925 1334
27997 1464
28064 1583
28130 1709
28197 1827
28263 1952
28329 2074
28396 2194
28462 2312
28529 2427
28595 2542
28661 2645
28728 2745
28794 2841
28861 2931
28927 3012
28995 3088
29061 3152
29127 3210
29194 3259
29260 3299
29326 3329
29393 3349
29459 3363
29526 3367
29592 3364
29658 3352
29725 3331
29791 3301
29858 3263
29924 3215
29996 3159
30063 3095
30129 3025
30196 2949
30262 2867
30328 2772
30395 2675
30461 2573
30528 2464
30594 2350
30660 2230
30727 2105
30793 1978
30860 1848
30926 1710
30994 1568
31060 1428
31126 1287
31193 1141
31259 998
31325 854
31392 737
31458 564
31525 431
31591 291
31657 165
31724 108
31790 103
31857 107
31923 118
31995 122
32061 149
32128 172
32194 198
32260 233
32327 271
32393 314
32460 370
32526 431
32592 492
32659 578
32725 659
32792 759
32858 842
32924 944
32997 1059
33063 1165
33130 1280
33196 1396
33263 1514
33329 1633
33395 1756
33462 1877
33528 1998
33594 2118
33661 2237
33727 2351
33794 2465
33860 2574
33926 2678
34001 2787
34067 2875
34133 2962
34200 3039
34266 3109
34332 3167
34399 3222
34465 3265
34532 3301
34598 3326
34664 3343
34731 3350
34797 3353
34864 3345
34930 3327
35006 3294
35073 3260
35139 3219
35206 3166
35272 3109
35338 3043
35405 2968
35471 2877
35538 2800
35604 2706
35670 2606
35737 2500
35803 2387
35870 2271
35936 2150
36004 2021
36070 1896
36136 1758
36203 1623
36269 1483
36335 1341
36402 1200
36468 1056
36535 913
36601 768
36667 632
36734 491
36800 355
36867 224
36933 128
37011 95
37078 101
37144 114
37211 126
37277 145
37343 166
37410 184
37476 218
37543 255
37609 300
37675 351
37742 410
37808 475
37875 548
37941 613
38009 720
38075 812
38141 910
38208 1014
38274 1123
38340 1229
38407 1350
38473 1476
38540 1586
38606 1710
38672 1832
38739 1955
38805 2076
38872 2196
38938 2316
39020 2457
39086 2565
39153 2670
39219 2771
39285 2865
39352 2951
39418 3043
39485 3106
39551 3171
39617 3225
39684 3272
39750 3311
39817 3340
39883 3360
39949 3372
40039 3375
40105 3365
40171 3348
40238 3324
40304 3289
40371 3248
40437 3198
40503 3140
40570 3075
40636 3001
40703 2925
40769 2837
40835 2743
40902 2644
40968 2532
41036 2426
41102 2308
41168 2190
41235 2063
41301 1936
41368 1818
41434 1667
41500 1528
41567 1391
41633 1245
41700 1099
41766 995
41832 820
41899 675
41965 537
42065 331
42131 203
42198 118
42264 99
42331 103
42397 114
42463 133
42530 145
42596 164
42663 189
42729 220
42795 257
42862 302
42928 353
42996 415
43062 483
43128 557
43195 639
43261 725
43328 820
43394 929
43460 1022
43527 1133
43593 1246
43660 1361
43726 1480
43792 1600
43859 1726
43925 1847
43998 1982
44065 2105
44131 2225
44198 2343
44264 2457
44330 2569
44397 2674
44463 2776
44530 2873
44596 2960
44662 3041
44729 3114
44795 3179
44862 3240
44928 3283
44995 3322
45062 3350
45128 3371
45195 3385
45261 3386
45327 3381
45394 3385
45460 3344
45527 3312
45593 3272
45659 3225
45726 3171
45792 3108
45859 3043
45925 2964
45998 2868
46064 2776
46131 2678
46197 2573
46264 2463
46330 2347
46396 2231
46463 2102
46529 1975
46596 1841
46662 1702
46728 1564
46795 1423
46861 1279
46928 1140
46995 992
47062 849
47128 706
47194 564
47261 424
47327 292
47393 155
47460 107
47526 98
47593 104
47659 117
47725 132
47792 149
47858 172
47925 202
47997 234
48064 271
48130 321
48197 374
48263 437
48329 506
48396 584
48462 667
48529 757
48595 852
48661 953
48728 1056
48794 1168
48861 1280
48927 1400
48995 1518
49061 1639
49127 1761
49194 1884
49260 2003
49326 2126
49393 2257
49459 2361
49526 2473
49592 2571
49658 2688
49725 2786
49791 2876
49858 2961
49924 3042
49996 3117
50063 3179
50129 3232
50196 3274
50262 3309
50328 3335
50395 3354
50461 3360
50528 3362
50594 3352
50660 3336
50727 3310
50793 3278
50860 3234
50926 3185
50994 3124
51060 3060
51126 2987
51193 2904
51259 2819
51325 2725
51392 2644
51458 2519
51525 2407
51591 2292
51657 2170
51724 2043
51790 1912
51857 1779
51923 1641
51995 1491
52061 1350
52128 1208
52194 1064
52260 919
52327 772
52393 633
52460 491
52526 353
52592 216
52659 126
52725 99
52792 101
52858 110
52924 123
52997 145
53063 164
53130 185
53196 220
53263 253
53329 296
53395 348
53462 402
53528 471
53594 541
53661 622
53727 707
53794 800
53860 896
53926 997
54001 1120
54067 1233
54133 1344
54200 1458
54266 1583
54332 1703
54399 1824
54465 1944
54532 2067
54598 2186
54664 2304
54731 2417
54797 2527
54864 2633
54930 2732
55006 2842
55073 2929
55139 3011
55206 3082
55272 3146
55338 3203
55405 3250
55471 3288
55538 3319
55604 3338
55670 3351
55737 3349
55803 3350
55870 3335
55936 3312
56004 3283
56070 3245
56136 3198
56203 3144
56269 3082
56335 3010
56402 2934
56468 2851
56535 2762
56601 2664
56667 2560
56734 2453
56800 2337
56867 2240
56933 2096
57011 1945
57078 1814
57144 1678
57211 1539
57277 1400
57343 1258
57410 1117
57476 974
57543 827
57609 690
57675 546
57742 407
57808 273
57875 161
57941 102
58009 101
58075 109
58141 144
58208 134
58274 153
58340 174
58407 201
58473 234
58540 275
58606 321
58672 378
58739 441
58805 510
58872 584
58938 666
59020 781
59086 877
59153 980
59219 1087
59285 1198
59352 1313
59418 1429
59485 1550
59551 1676
59617 1790
59684 1918
59750 2039
59817 2186
59883 2280
59949 2395
60039 2547
60105 2654
60171 2756
60238 2850
60304 2940
60371 3021
60437 3095
60503 3160
60570 3220
60636 3267
60703 3309
60769 3339
60835 3361
60902 3373
60968 3378
61036 3374
61102 3361
61168 3340
61235 3316
61301 3273
61368 3223
61434 3176
61500 3114
61567 3045
61633 2970
61700 2886
61766 2798
61832 2698
61899 2599
61965 2487
62065 2320
62131 2198
62198 2073
62264 1944
62331 1811
62397 1676
62463 1540
62530 1399
62596 1257
62663 1113
62729 973
62795 827
62862 691
62928 544
62996 404
63062 274
63128 155
63195 106
63261 99
63328 107
63394 117
63460 135
63527 150
63593 176
63660 201
63726 237
63792 276
63859 322
63925 372
63998 448
64065 521
64131 595
64198 682
64264 773
64330 873
64397 975
64463 1079
64530 1190
64596 1308
64662 1422
64729 1544
64795 1664
64862 1789
64928 1906
64995 2035
65062 2160
65128 2274
65195 2394
65261 2507
65327 2616
65394 2718
65460 2819
65527 2908
65593 2995
65659 3072
65726 3144
65792 3202
65859 3254
65925 3301
65998 3338
66064 3364
66131 3376
66197 3385
66264 3380
66330 3373
66396 3352
66463 3327
66529 3288
66596 3243
66662 3194
66728 3134
66795 3066
66861 2991
66928 2913
66995 2822
67062 2728
67128 2625
67194 2520
67261 2407
67327 2289
67393 2168
67460 2041
67526 1908
67593 1774
67659 1639
67725 1499
67792 1362
67858 1214
67925 1071
67997 913
68064 770
68130 628
68197 485
68263 348
68329 217
68396 125
68462 101
68529 100
68595 112
68661 125
68728 141
68794 163
68861 176
68927 216
68995 252
69061 292
69127 345
69194 403
69260 469
69326 541
69393 623
69459 706
69526 800
69592 896
69658 1000
69725 1106
69791 1222
69858 1334
69924 1450
69996 1582
70063 1702
70129 1824
70196 1952
70262 2069
70328 2187
70395 2308
70461 2420
70528 2530
70594 2637
70660 2739
70727 2832
70793 2922
70860 3004
70926 3085
70994 3145
71060 3199
71126 3250
71193 3289
71259 3321
71325 3343
71392 3359
71458 3359
71525 3354
71591 3342
71657 3322
71724 3292
71790 3256
71857 3209
71923 3156
71995 3089
72061 3018
72128 2942
72194 2858
72260 2767
72327 2670
72393 2566
72460 2458
72526 2345
72592 2223
72659 2099
72725 1973
72792 1840
72858 1702
72924 1566
72997 1409
73063 1270
73130 1128
73196 969
73263 840
73329 695
73395 555
73462 413
73528 279
73594 158
73661 106
73727 100
73794 106
73860 117
73926 134
74001 155
74067 180
74133 203
74200 236
74266 276
74332 325
74399 380
74465 448
74532 509
74598 587
74664 672
74731 757
74797 855
74864 958
74930 1059
75006 1195
75073 1300
75139 1415
75206 1535
75272 1657
75338 1778
75405 1901
75471 2022
75538 2138
75604 2262
75670 2375
75737 2487
75803 2594
75870 2699
75936 2797
76004 2889
76070 2972
76136 3048
76203 3115
76269 3176
76335 3234
76402 3272
76468 3308
76535 3334
76601 3349
76667 3360
76734 3357
76800 3349
76867 3324
76933 3307
77011 3267
77078 3220
77144 3168
77211 3110
77277 3043
77343 2967
77410 2886
77476 2797
77543 2704
77609 2602
77675 2497
77742 2383
77808 2271
77875 2144
77941 2018
78009 1886
78075 1751
78141 1614
78208 1476
78274 1335
78340 1179
78407 1052
78473 909
78540 766
78606 624
78672 486
78739 347
78805 220
78872 122
78938 98
79020 105
79086 114
79153 124
79219 145
79285 166
79352 192
79418 220
79485 259
79551 306
79617 358
79684 419
79750 485
79817 561
79883 641
79949 732
80039 858
80105 958
80171 1066
80238 1174
80304 1289
80371 1405
80437 1526
80503 1648
80570 1769
80636 1892
80703 2013
80769 2136
80835 2253
80902 2372
80968 2487
81036 2598
81102 2701
81168 2800
81235 2892
81301 2980
81368 3057
81434 3129
81500 3188
81567 3242
81633 3289
81700 3327
81766 3352
81832 3371
81899 3380
81965 3381
82065 3366
82131 3345
82198 3317
82264 3280
82331 3238
82397 3181
82463 3120
82530 3053
82596 2977
82663 2896
82729 2806
82795 2712
82862 2609
82928 2498
82996 2387
83062 2270
83128 2146
83195 2019
83261 1888
83328 1753
83394 1616
83460 1478
83527 1336
83593 1195
83660 1051
83726 910
83792 769
83859 626
83925 486
83998 335
84065 206
84131 120
84198 101
84264 104
84330 113
84397 127
84463 144
84530 165
84596 188
84662 220
84729 258
84795 301
84862 352
84928 410
84995 480
85062 553
85128 633
85195 722
85261 813
85327 915
85394 1017
85460 1127
85527 1238
85593 1356
85659 1477
85726 1595
85792 1716
85859 1844
85925 1962
85998 2096
86064 2216
86131 2334
86197 2465
86264 2561
86330 2664
86396 2767
86463 2862
86529 2950
86596 3031
86662 3100
86728 3168
86795 3225
86861 3274
86928 3314
86995 3342
87062 3364
87128 3374
87194 3378
87261 3372
87327 3359
87393 3330
87460 3307
87526 3268
87593 3222
87659 3164
87725 3107
87792 3035
87858 2955
87925 2871
87997 2774
88064 2675
88130 2570
88197 2463
88263 2347
88329 2224
88396 2098
88462 1971
88529 1839
88595 1703
88661 1563
88728 1423
88794 1282
88861 1132
88927 993
88995 848
89061 704
89127 561
89194 420
89260 286
89326 163
89393 101
89459 98
89526 109
89592 121
89658 134
89725 152
89791 180
89858 196
89924 230
89996 274
90063 321
90129 375
90196 445
90262 509
90328 584
90395 667
90461 754
90528 852
90594 955
90660 1058
90727 1167
90793 1281
90860 1396
90926 1517
90994 1640
91060 1761
91126 1883
91193 2004
91259 2124
91325 2238
91392 2337
91458 2470
91525 2580
91591 2683
91657 2783
91724 2873
91790 2949
91857 3037
91923 3108
91995 3174
92061 3223
92128 3271
92194 3305
92260 3332
92327 3348
92393 3356
92460 3354
92526 3348
92592 3329
92659 3305
92725 3270
92792 3230
92858 3178
92924 3123
92997 3048
93063 2974
93130 2894
93196 2806
93263 2712
93329 2610
93395 2504
93462 2393
93528 2276
93594 2152
93661 2027
93727 1896
93794 1765
93860 1626
93926 1487
94001 1330
94067 1185
94133 1042
94200 898
94266 758
94332 613
94399 473
94465 334
94532 207
94598 115
94664 99
94731 96
94797 108
94864 125
94930 143
95006 166
95073 192
95139 223
95206 260
95272 305
95338 354
95405 416
95471 477
95538 557
95604 636
95670 727
95737 818
95803 918
95870 1020
95936 1128
96004 1245
96070 1335
96136 1477
96203 1598
96269 1719
96335 1840
96402 1963
96468 2084
96535 2205
96601 2312
96667 2435
96734 2545
96800 2651
96867 2751
96933 2847
97011 2945
97078 3028
97144 3099
97211 3162
97277 3219
97343 3264
97410 3301
97476 3329
97543 3351
97609 3361
97675 3364
97742 3356
97808 3341
97875 3319
97941 3287
98009 3245
98075 3198
98141 3142
98208 3079
98274 3007
98340 2931
98407 2848
98473 2755
98540 2658
98606 2554
98672 2444
98739 2329
98805 2209
98872 2082
98938 1957
99020 1797
99086 1660
99153 1524
99219 1383
99285 1242
99352 1098
99418 958
99485 815
99551 674
99617 534
99684 398
99750 264
99817 156
99883 104
99949 101
100039 111
100105 124
100171 142
100238 161
100304 185
100371 217
100437 251
100503 294
100570 344
100636 401
100703 468
100769 541
100835 623
100902 708
100968 797
101036 900
101102 1002
101168 1113
101235 1222
101301 1339
101368 1457
101434 1580
101500 1701
101567 1820
101633 1945
101700 2073
101766 2188
101832 2308
101899 2421
101965 2540
102065 2695
102131 2795
102198 2888
102264 2975
102331 3056
102397 3125
102463 3190
102530 3242
102596 3290
102663 3326
102729 3354
102795 3373
102862 3367
102928 3384
102996 3378
103062 3362
103128 3337
103195 3304
103261 3263
103328 3214
103394 3160
103460 3096
103527 3020
103593 2946
103660 2859
103726 2768
103792 2667
103859 2565
103925 2454
103998 2325
104065 2205
104131 2082
104198 1960
104264 1821
104330 1681
104397 1544
104463 1404
104530 1262
104596 1119
104662 975
104729 833
104795 693
104862 601
104928 411
104995 275
105062 159
105128 104
105195 101
105261 106
105327 117
105394 126
105460 153
105527 174
105593 202
105659 234
105726 275
105792 323
105859 375
105925 440
105998 516
106064 597
106131 677
106197 769
106264 865
106330 967
106396 1073
106463 1182
106529 1297
106596 1416
106662 1534
106728 1659
106795 1777
106861 1901
106928 2023
106995 2146
107062 2267
107128 2382
107194 2497
107261 2604
107327 2712
107393 2808
107460 2899
107526 2984
107593 3062
107659 3130
107725 3193
107792 3246
107858 3290
107925 3324
107997 3353
108064 3369
108130 3374
108197 3373
108263 3366
108329 3348
108396 3321
108462 3284
108529 3242
108595 3190
108661 3132
108728 3065
108794 2992
108861 2911
108927 2823
108995 2725
109061 2624
109127 2518
109194 2405
109260 2287
109326 2164
109393 2034
109459 1906
109526 1772
109592 1635
109658 1495
109725 1352
109791 1202
109858 1065
109924 921
109996 765
110063 622
110129 481
110196 340
110262 210
110328 120
110395 100
110461 102
110528 111
110594 128
110660 142
110727 160
110793 188
110860 216
110926 253
110994 297
111060 349
111126 386
111193 470
111259 545
111325 626
111392 713
111458 802
111525 901
111591 1002
111657 1110
111724 1226
111790 1335
111857 1453
111923 1572
111995 1704
112061 1824
112128 1947
112194 2066
112260 2188
112327 2303
112393 2411
112460 2529
112526 2633
112592 2734
112659 2832
112725 2918
112792 2999
112858 3074
112924 3139
112997 3200
113063 3250
113130 3287
113196 3315
113263 3337
113329 3350
113395 3355
113462 3349
113528 3335
113594 3313
113661 3284
113727 3242
113794 3198
113860 3140
113926 3082
114001 3005
114067 2927
114133 2844
114200 2748
114266 2655
114332 2548
114399 2440
114465 2323
114532 2205
114598 2079
114664 1952
114731 1826
114797 1686
114864 1543
114930 1407
115006 1243
115073 1098
115139 955
115206 812
115272 671
115338 538
115405 392
115471 256
115538 144
115604 103
115670 104
115737 110
115803 120
115870 133
115936 155
116004 177
116070 205
116136 239
116203 274
116269 328
116335 385
116402 447
116468 517
116535 595
116601 680
116667 769
116734 866
116800 967
116867 1071
116933 1184
117011 1318
117078 1434
117144 1556
117211 1674
117277 1796
117343 1919
117410 2042
117476 2161
117543 2280
117609 2395
117675 2507
117742 2615
117808 2715
117875 2811
117941 2899
118009 2987
118075 3063
118141 3113
118208 3191
118274 3242
118340 3277
118407 3317
118473 3341
118540 3357
118606 3364
118672 3363
118739 3354
118805 3335
118872 3306
118938 3274
119020 3219
119086 3165
119153 3104
119219 3036
119285 2963
119352 2880
119418 2792
119485 2696
119551 2596
119617 2487
119684 2374
119750 2257
119817 2136
119883 2009
119949 1879
120039 1696
120105 1559
120171 1439
120238 1280
120304 1138
120371 995
120437 853
120503 711
120570 571
120636 434
120703 300
120769 176
120835 122
120902 99
120968 104
121036 116
121102 132
121168 149
121235 171
121301 198
121368 227
121434 268
121500 313
121567 369
121633 428
121700 499
121766 575
121832 656
121899 744
121965 832
122065 994
122131 1102
122198 1211
122264 1328
122331 1448
122397 1566
122463 1690
122530 1812
122596 1936
122663 2057
122729 2180
122795 2299
122862 2416
122928 2525
122996 2637
123062 2740
123128 2837
123195 2929
123261 3011
123328 3088
123394 3155
123460 3215
123527 3265
123593 3307
123660 3340
123726 3365
123792 3378
123859 3386
123925 3384
123998 3370
124065 3352
124131 3321
124198 3285
124264 3240
124330 3189
124397 3130
124463 3063
124530 2983
124596 2903
124662 2814
124729 2719
124795 2618
124862 2506
124928 2395
124995 2276
125062 2153
125128 2025
125195 1896
125261 1761
125327 1623
125394 1483
125460 1342
125527 1199
125593 1056
125659 913
125726 773
125792 630
125859 487
125925 350
125998 203
126064 113
126131 100
126197 102
126264 111
126330 126
126396 142
126463 158
126529 187
126596 215
126662 255
126728 299
126795 354
126861 410
126928 471
126995 546
127062 629
127128 717
127194 813
127261 911
127327 1016
127393 1122
127460 1236
127526 1351
127593 1471
127659 1591
127725 1713
127792 1835
127858 1957
127925 2081
127997 2213
128064 2330
128130 2446
128197 2556
128263 2662
128329 2761
128396 2859
128462 2942
128529 3026
128595 3098
128661 3163
128728 3221
128794 3268
128861 3307
128927 3337
128995 3357
129061 3368
129127 3373
129194 3367
129260 3354
129326 3330
129393 3302
129459 3261
129526 3214
129592 3158
129658 3097
129725 3025
129791 2949
129858 2862
129924 2771
129996 2669
130063 2559
130129 2450
130196 2333
130262 2215
130328 2089
130395 1960
130461 1827
130528 1691
130594 1551
130660 1412
130727 1265
130793 1123
130860 983
130926 836
130994 690
131060 548
131126 408
131193 272
131259 155
131325 105
131392 78
131458 106
131525 119
131591 132
131657 150
131724 174
131790 201
131857 229
131923 273
131995 326
132061 380
132128 443
132194 513
132260 589
132327 673
132393 748
132460 857
132526 957
132592 1063
132659 1172
132725 1295
132792 1402
132858 1520
132924 1645
132997 1773
133063 1895
133130 2017
133196 2136
133263 2254
133329 2369
133395 2484
133462 2591
133528 2693
133594 2789
133661 2883
133727 2964
133794 3041
133860 3110
133926 3173
134001 3228
134067 3271
134133 3305
134200 3330
134266 3344
134332 3350
134399 3353
134465 3344
134532 3323
134598 3295
134664 3265
134731 3217
134797 3166
134864 3107
134930 3042
135006 2957
135073 2874
135139 2789
135206 2689
135272 2588
135338 2481
135405 2368
135471 2250
135538 2127
135604 2001
135670 1872
135737 1735
135803 1598
135870 1460
135936 1320
136004 1174
136070 1027
136136 887
136203 746
136269 606
136335 465
136402 330
136468 201
136535 120
136601 98
136667 102
136734 111
136800 129
136867 142
136933 165
