2 3290
105 3393
172 3486
238 3565
305 3637
371 3688
437 3731
504 3759
570 3784
637 3796
703 3803
769 3797
836 3788
902 3773
969 3748
1036 3721
1102 3683
1169 3642
1235 3589
1302 3538
1368 3478
1434 3409
1501 3334
1567 3254
1634 3169
1700 3079
1766 2983
1833 2883
1899 2781
1966 2672
2065 2502
2131 2384
2198 2267
2264 2147
2331 2012
2397 1900
2463 1772
2530 1650
2596 1521
2663 1398
2729 1276
2795 1150
2862 1033
2928 915
3003 788
3069 679
3135 574
3202 475
3268 382
3335 293
3401 216
3467 160
3534 131
3600 129
3667 137
3733 148
3799 174
3866 202
3932 237
4000 279
4066 332
4132 407
4199 463
4265 543
4332 636
4398 726
4464 826
4531 939
4597 1057
4664 1180
4730 1309
4796 1443
4863 1581
4929 1723
5004 1886
5071 2031
5137 2180
5204 2324
5270 2469
5336 2613
5403 2755
5469 2889
5536 3018
5602 3141
5668 3256
5735 3363
5801 3456
5868 3538
5934 3609
6001 3671
6068 3714
6134 3751
6201 3774
6267 3789
6333 3743
6400 3794
6466 3792
6533 3773
6599 3750
6665 3724
6732 3689
6798 3652
6865 3601
6931 3550
7007 3478
7074 3410
7140 3334
7207 3259
7273 3175
7339 3086
7406 2990
7472 2889
7539 2787
7605 2676
7671 2566
7738 2454
7804 2333
7871 2215
7937 2091
8004 1964
8071 1842
8137 1706
8204 1592
8270 1465
8336 1345
8403 1218
8469 1098
8536 979
8602 863
8668 752
8735 645
8801 543
8868 446
8934 353
9012 254
9079 185
9145 143
9212 130
9278 135
9344 147
9411 163
9477 187
9544 217
9610 258
9676 305
9743 362
9809 426
9876 500
9942 584
10009 674
10076 779
10142 885
10209 999
10275 1122
10341 1249
10408 1377
10474 1515
10541 1654
10607 1796
10673 1945
10740 2093
10806 2226
10873 2387
10939 2535
11021 2710
11087 2847
11154 2984
11220 3108
11286 3226
11353 3333
11419 3436
11485 3522
11552 3597
11618 3661
11685 3712
11751 3749
11817 3776
11884 3794
11950 3804
12018 3806
12084 3801
12151 3790
12217 3771
12283 3747
12350 3715
12416 3677
12483 3627
12549 3582
12615 3525
12682 3459
12748 3393
12814 3318
12881 3238
12947 3152
13035 3036
13101 2934
13167 2836
13234 2727
13300 2618
13367 2506
13433 2388
13499 2272
13566 2151
13632 2029
13698 1913
13765 1784
13831 1659
13898 1534
13964 1411
14032 1287
14098 1168
14164 1051
14231 937
14297 824
14364 720
14430 614
14496 516
14563 421
14629 336
14696 255
14762 192
14828 160
14895 135
14961 138
15058 159
15124 178
15190 204
15257 244
15323 278
15390 333
15456 396
15522 464
15589 545
15655 629
15722 727
15788 830
15854 942
15921 1061
15990 1187
16057 1317
16123 1453
16190 1591
16256 1731
16322 1885
16389 2023
16455 2175
16521 2322
16588 2468
16654 2614
16721 2753
16787 2889
16853 3021
16920 3145
16987 3262
17054 3370
17120 3465
17187 3549
17253 3618
17319 3680
17386 3726
17452 3760
17519 3783
17585 3799
17651 3805
17718 3805
17784 3797
17850 3784
17917 3763
17985 3737
18051 3702
18118 3662
18184 3618
18251 3565
18317 3503
18383 3439
18450 3367
18516 3293
18583 3210
18649 3120
18715 3026
18782 2927
18848 2828
18915 2720
18981 2582
19048 2498
19115 2381
19181 2260
19248 2142
19314 2017
19380 1893
19447 1769
19513 1647
19580 1523
19646 1398
19712 1276
19779 1154
19845 1037
19912 923
19978 809
20045 701
20112 597
20178 496
20245 404
20311 318
20377 241
20444 177
20510 143
20577 134
20643 139
20709 149
20776 171
20842 196
20909 230
20975 262
21042 319
21109 369
21175 444
21242 522
21308 609
21374 701
21441 798
21507 907
21574 1022
21640 1146
21706 1270
21773 1403
21839 1542
21906 1682
21972 1825
22076 2053
22142 2200
22209 2347
22275 2491
22341 2633
22408 2772
22474 2907
22540 3035
22607 3158
22673 3285
22740 3376
22806 3468
22872 3549
22939 3619
23006 3673
23073 3720
23139 3741
23206 3773
23272 3790
23338 3796
23405 3794
23471 3787
23538 3769
23604 3747
23670 3720
23737 3684
23803 3652
23869 3595
23936 3539
24016 3463
24082 3397
24148 3322
24215 3242
24281 3177
24348 3066
24414 2973
24480 2870
24547 2765
24613 2657
24680 2544
24746 2430
24812 2310
24879 2188
24945 2067
25013 1940
25079 1814
25145 1689
25212 1561
25278 1438
25345 1314
25411 1190
25477 1071
25544 952
25610 836
25677 725
25743 617
25809 511
25876 416
25942 325
26026 223
26092 164
26159 135
26225 127
26292 136
26358 153
26424 172
26491 196
26557 252
26624 275
26690 324
26756 382
26823 453
26889 533
26955 612
27023 714
27089 814
27156 908
27222 1042
27289 1164
27355 1294
27421 1429
27488 1567
27554 1709
27621 1851
27687 1997
27753 2142
27820 2292
27886 2438
27953 2582
28043 2775
28110 2911
28176 3038
28243 3161
28309 3272
28375 3380
28442 3473
28508 3554
28574 3625
28641 3681
28707 3728
28774 3758
28840 3782
28906 3786
28973 3801
29077 3796
29144 3784
29210 3765
29276 3739
29343 3707
29409 3668
29476 3624
29542 3560
29608 3514
29675 3453
29741 3380
29807 3304
29874 3223
29940 3136
30023 3019
30089 2924
30156 2820
30222 2716
30288 2604
30355 2491
30421 2373
30488 2256
30554 2135
30620 2012
30687 1888
30753 1762
30820 1638
30886 1514
30952 1391
31043 1223
31110 1104
31176 986
31242 872
31309 764
31375 656
31441 553
31508 457
31574 366
31641 281
31707 208
31773 158
31840 134
31906 134
31973 142
32040 159
32107 182
32173 209
32239 245
32306 292
32372 343
32439 410
32505 481
32571 560
32638 649
32704 744
32770 852
32837 963
32903 1082
32970 1208
33072 1410
33138 1547
33205 1689
33271 1835
33337 1981
33404 2126
33470 2277
33537 2422
33603 2569
33669 2713
33736 2849
33802 2977
33869 3109
33935 3226
34014 3357
34081 3454
34147 3540
34213 3612
34280 3674
34346 3721
34413 3756
34479 3782
34545 3799
34612 3807
34678 3806
34744 3799
34811 3787
34877 3768
34944 3743
35011 3709
35078 3671
35144 3627
35210 3571
35277 3516
35343 3451
35410 3383
35476 3305
35542 3224
35609 3139
35675 3047
35742 2951
35808 2851
35874 2744
35941 2638
36024 2496
36090 2381
36156 2259
36223 2142
36289 2020
36356 1880
36422 1773
36488 1646
36555 1524
36621 1404
36688 1283
36754 1165
36820 1047
36887 931
36953 821
37044 674
37111 574
37177 478
37243 387
37310 304
37376 230
37443 173
37509 143
37575 136
37642 141
37708 155
37775 175
37841 202
37907 237
37974 275
38041 332
38108 390
38174 461
38241 551
38307 611
38373 718
38440 819
38506 935
38572 1049
38639 1172
38705 1302
38772 1436
38838 1573
38904 1713
38971 1858
39074 2083
39140 2231
39207 2379
39273 2524
39339 2666
39406 2805
39472 2936
39539 3065
39605 3186
39671 3297
39738 3401
39804 3490
39871 3570
39937 3639
40004 3692
40071 3732
40137 3764
40204 3785
40270 3796
40336 3797
40403 3796
40469 3788
40536 3770
40602 3747
40668 3719
40735 3681
40801 3635
40868 3588
40934 3532
41012 3459
41079 3390
41145 3316
41212 3236
41278 3148
41344 3057
41411 2977
41477 2859
41544 2756
41610 2645
41676 2532
41743 2416
41809 2301
41876 2180
41942 2055
42009 1913
42076 1804
42142 1679
42209 1555
42275 1429
42341 1305
42408 1182
42474 1064
42541 942
42607 831
42673 721
42740 613
42806 512
42873 416
42939 321
43021 228
43087 168
43154 137
43220 133
43286 137
43353 151
43419 172
43485 202
43552 231
43618 273
43685 324
43751 384
43817 452
43884 532
43950 616
44018 709
44084 814
44151 923
44217 1038
44283 1162
44350 1289
44416 1423
44483 1560
44549 1701
44615 1845
44682 1973
44748 2134
44814 2287
44881 2438
44947 2575
45035 2758
45101 2895
45167 3024
45234 3146
45300 3261
45367 3366
45433 3459
45499 3543
45566 3613
45632 3673
45698 3713
45765 3751
45831 3767
45898 3791
45964 3797
46032 3779
46098 3788
46164 3772
46231 3746
46297 3723
46364 3689
46430 3647
46496 3600
46563 3543
46629 3486
46696 3407
46762 3344
46828 3267
46895 3183
46961 3093
47058 2956
47124 2854
47190 2750
47257 2634
47323 2528
47390 2411
47456 2292
47522 2173
47589 2049
47655 1924
47722 1800
47788 1674
47854 1553
47921 1424
47990 1296
48057 1173
48123 1050
48190 935
48256 822
48322 709
48389 604
48455 503
48521 412
48588 318
48654 236
48721 172
48787 139
48853 157
48920 136
48987 150
49054 171
49120 195
49187 228
49253 270
49319 318
49386 383
49452 444
49519 522
49585 608
49651 699
49718 801
49784 908
49850 1024
49917 1148
49985 1279
50051 1412
50118 1552
50184 1691
50251 1835
50317 1982
50383 2127
50450 2277
50516 2434
50583 2569
50649 2709
50715 2848
50782 2981
50848 3108
50915 3226
50981 3339
51048 3436
51115 3523
51181 3600
51248 3663
51314 3711
51380 3737
51447 3776
51513 3794
51580 3809
51646 3804
51712 3798
51779 3788
51845 3768
51912 3749
51978 3711
52045 3673
52112 3630
52178 3580
52245 3524
52311 3460
52377 3389
52444 3319
52510 3236
52577 3149
52643 3058
52709 2962
52776 2860
52842 2758
52909 2649
52975 2542
53042 2424
53109 2303
53175 2184
53242 2062
53308 1936
53374 1814
53441 1691
53507 1567
53574 1443
53640 1319
53706 1220
53773 1084
53839 966
53906 869
53972 745
54076 585
54142 487
54209 397
54275 310
54341 237
54408 177
54474 145
54540 135
54607 143
54673 153
54740 174
54806 226
54872 233
54939 272
55006 326
55073 386
55139 435
55206 531
55272 618
55338 715
55405 814
55471 925
55538 1042
55604 1166
55670 1294
55737 1426
55803 1562
55869 1705
55936 1852
56016 2029
56082 2175
56148 2324
56215 2468
56281 2606
56348 2754
56414 2890
56480 3025
56547 3146
56613 3262
56680 3370
56746 3465
56812 3549
56879 3622
56945 3679
57013 3725
57079 3760
57145 3784
57212 3799
57278 3811
57345 3804
57411 3790
57477 3782
57544 3764
57610 3735
57677 3704
57743 3662
57809 3612
57876 3565
57942 3506
58026 3423
58092 3352
58159 3271
58225 3185
58292 3099
58358 3004
58424 2906
58491 2802
58557 2697
58624 2586
58690 2473
58756 2358
58823 2237
58889 2113
58955 1990
59023 1867
59089 1743
59156 1615
59222 1494
59289 1376
59355 1249
59421 1127
59488 1008
59554 895
59621 785
59687 678
59753 576
59820 477
59886 386
59953 300
60043 203
60110 155
60176 136
60243 134
60309 146
60375 162
60442 185
60508 214
60574 250
60641 296
60707 349
60774 412
60840 487
60906 564
60973 656
61077 816
61144 922
61210 1040
61276 1160
61343 1288
61409 1421
61476 1558
61542 1701
61608 1843
61675 1989
61741 2142
61807 2285
61874 2429
61940 2572
62023 2747
62089 2882
62156 3008
62222 3134
62288 3253
62355 3359
62421 3451
62488 3534
62554 3604
62620 3666
62687 3713
62753 3746
62820 3773
62886 3789
62952 3795
63043 3795
63110 3785
63176 3766
63242 3743
63309 3714
63375 3681
63441 3635
63508 3582
63574 3529
63641 3468
63707 3399
63773 3327
63840 3247
63906 3161
63973 3068
64040 2972
64107 2873
64173 2768
64239 2660
64306 2548
64372 2433
64439 2314
64505 2193
64571 2069
64638 1946
64704 1821
64770 1691
64837 1571
64903 1444
64970 1320
65072 1132
65138 1005
65205 895
65271 781
65337 671
65404 567
65470 468
65537 371
65603 284
65669 207
65736 155
65802 169
65869 132
65935 140
66014 154
66081 182
66147 211
66213 248
66280 293
66346 349
66413 416
66479 485
66545 567
66612 655
66678 754
66744 858
66811 973
66877 1093
66944 1217
67011 1349
67078 1487
67144 1624
67210 1769
67277 1911
67343 2059
67410 2208
67476 2354
67542 2486
67609 2642
67675 2780
67742 2913
67808 3047
67874 3168
67941 3281
68024 3409
68090 3499
68156 3575
68223 3641
68289 3695
68356 3731
68422 3770
68488 3778
68555 3795
68621 3799
68688 3790
68754 3786
68820 3769
68887 3748
68953 3716
69044 3664
69111 3613
69177 3564
69243 3506
69310 3441
69376 3373
69443 3295
69509 3214
69575 3129
69642 3037
69708 2938
69775 2834
69841 2729
69907 2620
69974 2505
70041 2387
70108 2268
70174 2147
70241 2024
70307 1901
70373 1776
70440 1652
70506 1513
70572 1402
70639 1279
70705 1158
70772 1040
70838 923
70904 808
70971 704
71074 542
71140 446
71207 358
71273 275
71339 203
71406 143
71472 133
71539 135
71605 146
71671 162
71738 183
71804 203
71871 250
71937 297
72004 352
72071 415
72137 490
72204 569
72270 660
72336 759
72403 867
72469 980
72536 1098
72602 1221
72668 1355
72735 1493
72801 1632
72868 1774
72934 1921
73012 2094
73079 2244
73145 2390
73212 2536
73278 2677
73344 2820
73411 2952
73477 3082
73544 3202
73610 3314
73676 3416
73743 3502
73809 3584
73876 3651
73942 3702
74009 3746
74076 3774
74142 3793
74209 3805
74275 3808
74341 3805
74408 3797
74474 3777
74541 3752
74607 3725
74673 3688
74740 3645
74806 3595
74873 3543
74939 3477
75021 3395
75087 3312
75154 3242
75220 3154
75286 3065
75353 2973
75419 2870
75485 2764
75552 2659
75618 2544
75685 2428
75751 2316
75817 2197
75884 2073
75950 1954
76018 1827
76084 1701
76151 1588
76217 1457
76283 1335
76350 1212
76416 1095
76483 979
76549 868
76615 761
76682 654
76748 609
76814 460
76881 367
76947 290
77035 199
77101 154
77167 137
77234 136
77300 148
77367 166
77433 189
77499 215
77566 258
77632 303
77698 361
77765 423
77831 500
77898 580
77964 669
78032 771
78098 878
78164 989
78231 1112
78297 1238
78364 1370
78430 1488
78496 1644
78563 1787
78629 1927
78696 2078
78762 2226
78828 2376
78895 2519
78961 2661
79058 2864
79124 2988
79190 3119
79257 3234
79323 3343
79390 3440
79456 3535
79522 3599
79589 3662
79655 3710
79722 3746
79788 3771
79854 3786
79921 3801
79990 3799
80057 3794
80123 3782
80190 3762
80256 3766
80322 3703
80389 3664
80455 3611
80521 3566
80588 3509
80654 3443
80721 3373
80787 3297
80853 3215
80920 3128
80987 3033
81054 2936
81120 2837
81187 2728
81253 2620
81319 2504
81386 2382
81452 2272
81519 2148
81585 2026
81651 1901
81718 1777
81784 1649
81850 1525
81917 1401
81985 1279
82051 1152
82118 1032
82184 917
82251 802
82317 694
82383 585
82450 489
82516 394
82583 305
82649 227
82715 167
82782 136
82848 129
82915 137
82981 153
83048 173
83115 201
83181 233
83248 278
83314 322
83380 387
83447 455
83513 533
83580 619
83646 711
83712 815
83779 926
83845 1041
83912 1163
83978 1292
84045 1428
84112 1570
84178 1707
84245 1848
84311 1996
84377 2143
84444 2289
84510 2435
84577 2579
84643 2719
84709 2854
84776 2978
84842 3113
84909 3224
84975 3337
85042 3434
85109 3519
85175 3593
85242 3656
85308 3703
85374 3743
85441 3768
85507 3788
85574 3793
85640 3787
85706 3790
85773 3778
85839 3761
85906 3732
85972 3698
86076 3634
86142 3586
86209 3529
86275 3469
86341 3398
86408 3323
86474 3244
86540 3159
86607 3066
86673 2972
86740 2873
86806 2767
86872 2660
86939 2547
87006 2428
87073 2311
87139 2191
87206 2068
87272 1946
87338 1819
87405 1718
87471 1567
87538 1441
87604 1285
87670 1194
87737 1074
87803 955
87869 843
87936 730
88016 603
88082 500
88148 404
88215 314
88281 233
88348 171
88414 141
88480 120
88547 135
88613 149
88680 175
88746 194
88812 229
88879 211
88945 319
89013 380
89079 444
89145 521
89212 609
89278 707
89345 805
89411 916
89477 1031
89544 1153
89610 1282
89677 1413
89743 1554
89809 1694
89876 1838
89942 1984
90026 2169
90092 2318
90159 2466
90225 2604
90292 2747
90358 2888
90424 3015
90491 3142
90557 3255
90624 3364
90690 3458
90756 3544
90823 3613
90889 3674
90955 3721
91023 3753
91089 3780
91156 3795
91222 3805
91289 3803
91355 3798
91421 3784
91488 3763
91554 3734
91621 3703
91687 3662
91753 3616
91820 3564
91886 3506
91953 3441
92043 3342
92110 3262
92176 3180
92243 3091
92309 2996
92375 2897
92442 2796
92508 2688
92574 2578
92641 2463
92707 2349
92774 2226
92840 2107
92906 1980
92973 1862
93077 1668
93144 1544
93210 1420
93276 1297
93343 1177
93409 1057
93476 943
93542 832
93608 724
93675 622
93741 521
93807 428
93874 339
93940 263
94023 182
94089 148
94156 135
94222 140
94288 153
94355 182
94421 195
94488 229
94554 273
94620 320
94687 379
94753 445
94820 522
94886 608
94952 703
95043 839
95110 952
95176 1069
95242 1195
95309 1324
95375 1459
95441 1598
95508 1742
95574 1886
95641 2035
95707 2181
95773 2329
95840 2476
95906 2620
95973 2760
96040 2898
96107 3030
96173 3156
96239 3271
96306 3377
96372 3471
96439 3553
96505 3630
96571 3680
96638 3726
96704 3752
96770 3784
96837 3799
96903 3802
96970 3807
97072 3792
97138 3774
97205 3751
97271 3718
97337 3683
97404 3637
97470 3588
97537 3532
97603 3470
97669 3401
97736 3328
97802 3249
97869 3163
97935 3071
98014 2957
98081 2842
98147 2751
98213 2644
98280 2539
98346 2418
98413 2298
98479 2177
98545 2056
98612 1931
98678 1808
98744 1684
98811 1560
98877 1435
98944 1314
99011 1190
99078 1074
99144 954
99210 842
99277 732
99343 628
99410 533
99476 434
99542 345
99609 262
99675 197
99742 152
99808 132
99874 133
99941 149
100024 170
100090 196
100156 226
100223 265
100289 316
100356 372
100422 439
100488 518
100555 600
100621 694
100688 792
100754 902
100820 1014
100887 1138
100953 1264
101044 1447
101111 1584
101177 1728
101243 1871
101310 2017
101376 2163
101443 2309
101509 2456
101575 2598
101642 2740
101708 2875
101775 2996
101841 3128
101907 3244
101974 3351
102041 3448
102108 3531
102174 3604
102241 3660
102307 3720
102373 3745
102440 3773
102506 3788
102572 3796
102639 3794
102705 3789
102772 3776
102838 3756
102904 3727
102971 3695
103074 3630
103140 3581
103207 3524
103273 3462
103339 3392
103406 3316
103472 3234
103539 3151
103605 3049
103671 2963
103738 2862
103804 2754
103871 2648
103937 2535
104004 2422
104071 2300
104137 2179
104204 2056
104270 1931
104336 1811
104403 1682
104469 1554
104536 1430
104602 1305
104668 1180
104735 1061
104801 948
104868 829
104934 718
105012 591
105079 491
105145 394
105212 305
105278 224
105344 164
105411 136
105477 125
105544 135
105610 152
105676 171
105743 198
105809 232
105876 275
105942 325
106009 381
106076 457
106142 531
106209 618
106275 712
106341 815
106408 924
106474 1040
106541 1163
106607 1292
106673 1426
106740 1558
106806 1703
106873 1850
106939 1994
107021 2179
107087 2320
107154 2466
107220 2611
107286 2752
107353 2888
107419 3018
107485 3141
107552 3257
107618 3361
107685 3457
107751 3539
107817 3612
107884 3670
107950 3717
108018 3751
108084 3772
108151 3791
108217 3797
108283 3798
108350 3789
108416 3777
108483 3756
108549 3727
108615 3693
108682 3653
108748 3594
108814 3554
108881 3495
108947 3429
109035 3330
109101 3255
109167 3171
109234 3078
109300 2982
109367 2886
109433 2781
109499 2673
109566 2560
109632 2447
109698 2331
109765 2210
109831 2089
109898 1965
109964 1840
110032 1712
110098 1589
110164 1463
110231 1340
110297 1217
110364 1097
110430 980
110496 865
110563 758
110629 647
110696 543
110762 449
110828 357
110895 274
110961 203
111058 144
111124 131
111190 137
111257 150
111323 170
111390 196
111456 225
111522 270
111589 320
111655 378
111722 445
111788 525
111854 607
111921 701
111990 807
112057 915
112123 1034
112190 1157
112256 1287
112322 1420
112389 1557
112455 1714
112521 1842
112588 1991
112654 2136
112721 2286
112787 2434
112853 2581
112920 2720
112987 2859
113054 2991
113120 3120
113187 3240
113253 3344
113319 3447
113386 3533
113452 3606
113519 3667
113585 3718
113651 3757
113718 3780
113784 3799
113850 3805
113917 3807
113985 3802
114051 3785
114118 3771
114184 3745
114251 3715
114317 3678
114383 3632
114450 3580
114516 3520
114583 3459
114649 3388
114715 3315
114782 3233
114848 3150
114915 3057
114981 2960
115048 2858
115115 2754
115181 2645
115248 2536
115314 2420
115380 2304
115447 2185
115513 2077
115580 1939
115646 1816
115712 1690
115779 1569
115845 1443
115912 1323
115978 1204
116045 1082
116112 979
116178 856
116245 747
116311 644
116377 543
116444 450
116510 362
116577 283
116643 213
116709 164
116776 138
116842 137
116909 146
116975 163
117042 183
117109 212
117175 248
117242 294
117308 348
117374 413
117441 482
117507 565
117574 658
117640 751
117706 855
117773 967
117839 1087
117906 1208
117972 1341
118076 1556
118142 1696
118209 1840
118275 1987
118341 2133
118408 2281
118474 2426
118540 2596
118607 2713
118673 2851
118740 2982
118806 3107
118872 3226
118939 3333
119006 3433
119073 3521
119139 3605
119206 3657
119272 3708
119338 3745
119405 3772
119471 3787
119538 3799
119604 3803
119670 3785
119737 3782
119803 3765
119869 3741
119936 3709
120016 3660
120082 3614
120148 3562
120215 3507
120281 3440
120348 3369
120414 3294
120480 3216
120547 3121
120613 3027
120680 2931
120746 2829
120812 2724
120879 2614
120945 2501
121013 2383
121079 2245
121145 2143
121212 2019
121278 1903
121345 1770
121411 1646
121477 1521
121544 1396
121610 1273
121677 1156
121743 1032
121809 916
121876 803
121942 692
122026 562
122092 464
122159 368
122225 281
122292 212
122358 152
122424 134
122491 131
122557 142
122624 155
122690 177
122756 208
122823 243
122889 296
122955 340
123023 404
123089 473
123156 553
123222 644
123289 741
123355 854
123421 954
123488 1079
123554 1190
123621 1328
123687 1462
123753 1600
123820 1742
123886 1886
123953 2031
124043 2234
124110 2380
124176 2526
124243 2668
124309 2803
124375 2939
124442 3064
124508 3185
124574 3297
124641 3398
124707 3490
124774 3556
124840 3633
124906 3686
124973 3729
125077 3771
125144 3786
125210 3793
125276 3796
125343 3788
125409 3762
125476 3752
125542 3716
125608 3692
125675 3652
125741 3606
125807 3551
125874 3491
125940 3426
126023 3333
126089 3256
126156 3171
126222 3081
126288 2985
126355 2885
126421 2782
126488 2674
126554 2562
126620 2449
126687 2329
126753 2210
126820 2087
126886 1965
126952 1840
127043 1664
127110 1539
127176 1416
127242 1290
127309 1171
127375 1048
127441 931
127508 818
127574 707
127641 602
127707 497
127773 407
127840 319
127906 233
127973 169
128040 137
128107 132
128173 137
128239 150
128306 189
128372 197
128439 229
128505 269
128571 322
128638 379
128704 448
128770 531
128837 611
128903 710
128970 839
129072 980
129138 1100
129205 1228
129271 1356
129337 1494
129404 1642
129470 1776
129537 1922
129603 2084
129669 2210
129736 2363
129802 2507
129869 2652
129935 2793
130014 2953
130081 3080
130147 3199
130213 3310
130280 3425
130346 3501
130413 3581
130479 3660
130545 3696
130612 3740
130678 3772
130744 3787
130811 3800
130877 3805
130944 3800
131011 3788
131078 3772
131144 3749
131210 3719
131277 3681
131343 3640
131410 3589
131476 3534
131542 3479
131609 3404
131675 3327
131742 3251
131808 3168
131874 3075
131941 2982
132024 2858
132090 2752
132156 2644
132223 2532
132289 2419
132356 2303
132422 2182
132488 2060
132555 1939
132621 1814
132688 1688
132754 1565
132820 1441
132887 1320
132953 1198
133044 1037
133111 921
133177 809
133243 702
133310 602
133376 501
133443 409
133509 323
133575 247
133642 184
133708 147
133775 107
133841 140
133907 152
133974 171
134041 196
134108 228
134174 268
134241 317
134307 389
134373 443
134440 520
134506 603
134572 698
134639 800
134705 907
134772 1020
134838 1147
134904 1266
134971 1407
135074 1622
135140 1766
135207 1911
135273 2059
135339 2212
135406 2355
135472 2497
135539 2644
135605 2785
135671 2920
135738 3051
135804 3174
135871 3287
135937 3392
136004 3486
136071 3567
136137 3662
136204 3692
136270 3735
136336 3767
136403 3787
136469 3802
136536 3809
136602 3804
136668 3796
136735 3781
136801 3761
136868 3732
136934 3696
137012 3647
137079 3600
137145 3545
137212 3482
137278 3416
137344 3338
137411 3250
137477 3183
137544 3090
137610 2997
