2 835
105 876
172 923
238 966
305 1010
371 1049
437 1089
504 1127
570 1162
637 1195
703 1226
769 1255
836 1282
902 1303
969 1322
1036 1334
1102 1353
1169 1363
1235 1369
1302 1376
1368 1370
1434 1364
1501 1353
1567 1334
1634 1326
1700 1300
1766 1276
1833 1251
1899 1214
1966 1180
2065 1117
2131 1073
2198 1025
2264 975
2331 919
2397 862
2463 795
2530 742
2596 676
2663 615
2729 546
2795 480
2862 410
2928 349
3003 264
3069 203
3135 159
3202 134
3268 132
3335 126
3401 138
3467 150
3534 164
3600 179
3667 196
3733 216
3799 236
3866 260
3932 284
4000 316
4066 347
4132 380
4199 415
4265 447
4332 489
4398 532
4464 562
4531 611
4597 656
4664 692
4730 744
4796 789
4863 831
4929 875
5004 925
5071 965
5137 1008
5204 1047
5270 1086
5336 1121
5403 1156
5469 1188
5536 1220
5602 1243
5668 1268
5735 1288
5801 1305
5868 1322
5934 1333
6001 1338
6068 1343
6134 1342
6201 1340
6267 1335
6333 1322
6400 1309
6466 1287
6533 1266
6599 1238
6665 1208
6732 1174
6798 1136
6865 1093
6931 1055
7007 998
7074 945
7140 890
7207 836
7273 775
7339 719
7406 653
7472 589
7539 519
7605 452
7671 388
7738 324
7804 257
7871 195
7937 154
8004 130
8071 131
8137 132
8204 142
8270 148
8336 164
8403 181
8469 200
8536 216
8602 240
8668 265
8735 291
8801 316
8868 348
8934 381
9012 422
9079 459
9145 495
9212 538
9278 577
9344 616
9411 661
9477 700
9544 749
9610 792
9676 833
9743 879
9809 919
9876 958
9942 998
10009 1027
10076 1077
10142 1111
10209 1145
10275 1176
10341 1205
10408 1229
10474 1252
10541 1274
10607 1289
10673 1305
10740 1312
10806 1320
10873 1323
10939 1323
11021 1316
11087 1317
11154 1296
11220 1279
11286 1258
11353 1236
11419 1210
11485 1174
11552 1141
11618 1107
11685 1064
11751 1017
11817 971
11884 920
11950 872
12018 811
12084 753
12151 693
12217 628
12283 568
12350 505
12416 439
12483 374
12549 310
12615 244
12682 194
12748 150
12814 133
12881 126
12947 133
13035 148
13101 161
13167 174
13234 192
13300 208
13367 230
13433 249
13499 277
13566 305
13632 333
13698 365
13765 396
13831 432
13898 470
13964 509
14032 550
14098 591
14164 641
14231 678
14297 719
14364 767
14430 808
14496 852
14563 908
14629 936
14696 978
14762 1016
14828 1057
14895 1094
14961 1130
15058 1175
15124 1209
15190 1236
15257 1259
15323 1281
15390 1277
15456 1316
15522 1329
15589 1325
15655 1336
15722 1346
15788 1337
15854 1339
15921 1327
15990 1314
16057 1296
16123 1276
16190 1244
16256 1221
16322 1192
16389 1152
16455 1115
16521 1072
16588 1028
16654 979
16721 965
16787 874
16853 817
16920 758
16987 696
17054 634
17120 570
17187 504
17253 440
17319 384
17386 306
17452 244
17519 187
17585 147
17651 131
17718 131
17784 134
17850 141
17917 155
17985 171
18051 185
18118 205
18184 226
18251 249
18317 267
18383 300
18450 329
18516 359
18583 394
18649 428
18715 467
18782 507
18848 548
18915 589
18981 637
19048 677
19115 721
19181 767
19248 812
19314 858
19380 900
19447 944
19513 988
19580 1028
19646 1066
19712 1105
19779 1145
19845 1178
19912 1210
19978 1243
20045 1269
20112 1309
20178 1313
20245 1331
20311 1347
20377 1359
20444 1365
20510 1370
20577 1370
20643 1368
20709 1359
20776 1337
20842 1334
20909 1315
20975 1291
21042 1265
21109 1233
21175 1199
21242 1181
21308 1118
21374 1076
21441 1028
21507 976
21574 922
21640 865
21706 807
21773 745
21839 673
21906 619
21972 553
22076 449
22142 378
22209 311
22275 245
22341 188
22408 145
22474 129
22540 128
22607 134
22673 144
22740 161
22806 168
22872 186
22939 203
23006 221
23073 247
23139 277
23206 299
23272 326
23338 339
23405 390
23471 430
23538 497
23604 506
23670 546
23737 590
23803 632
23869 677
23936 717
24016 773
24082 817
24148 861
24215 911
24281 949
24348 990
24414 1031
24480 1068
24547 1110
24613 1151
24680 1178
24746 1209
24812 1236
24879 1263
24945 1286
25013 1301
25079 1323
25145 1338
25212 1345
25278 1353
25345 1354
25411 1353
25477 1346
25544 1339
25610 1324
25677 1307
25743 1287
25809 1266
25876 1232
25942 1201
26026 1154
26092 1113
26159 1070
26225 1024
26292 972
26358 922
26424 863
26491 806
26557 746
26624 683
26690 619
26756 554
26823 487
26889 419
26955 372
27023 283
27089 218
27156 164
27222 136
27289 126
27355 131
27421 138
27488 148
27554 159
27621 176
27687 191
27753 211
27820 229
27886 253
27953 278
28043 318
28110 348
28176 380
28243 422
28309 459
28375 487
28442 527
28508 569
28574 610
28641 651
28707 697
28774 725
28840 783
28906 825
28973 870
29077 935
29144 978
29210 1016
29276 1054
29343 1093
29409 1126
29476 1159
29542 1186
29608 1216
29675 1241
29741 1263
29807 1281
29874 1296
29940 1309
30023 1322
30089 1325
30156 1329
30222 1320
30288 1317
30355 1307
30421 1292
30488 1276
30554 1255
30620 1227
30687 1201
30753 1169
30820 1131
30886 1087
30952 1049
31043 985
31110 935
31176 881
31242 826
31309 769
31375 712
31441 649
31508 583
31574 521
31641 456
31707 390
31773 324
31840 258
31906 199
31973 156
32040 132
32107 129
32173 133
32239 151
32306 153
32372 166
32439 181
32505 200
32571 219
32638 237
32704 263
32770 290
32837 314
32903 348
32970 383
33072 436
33138 476
33205 511
33271 549
33337 627
33404 633
33470 676
33537 719
33603 762
33669 875
33736 853
33802 892
33869 934
33935 975
34014 1022
34081 1059
34147 1097
34213 1130
34280 1164
34346 1197
34413 1222
34479 1248
34545 1269
34612 1288
34678 1306
34744 1317
34811 1329
34877 1370
34944 1336
35011 1336
35078 1329
35144 1321
35210 1309
35277 1294
35343 1272
35410 1250
35476 1222
35542 1190
35609 1156
35675 1120
35742 1075
35808 1033
35874 987
35941 936
36024 870
36090 813
36156 755
36223 696
36289 634
36356 571
36422 507
36488 466
36555 373
36621 309
36688 248
36754 190
36820 149
36887 132
36953 120
37044 139
37111 151
37177 161
37243 175
37310 193
37376 212
37443 233
37509 255
37575 280
37642 306
37708 338
37775 368
37841 406
37907 441
37974 479
38041 518
38108 559
38174 601
38241 643
38307 688
38373 733
38440 780
38506 823
38572 865
38639 910
38705 963
38772 995
38838 1032
38904 1077
38971 1114
39074 1165
39140 1201
39207 1231
39273 1260
39339 1284
39406 1310
39472 1324
39539 1342
39605 1352
39671 1364
39738 1361
39804 1366
39871 1362
39937 1356
40004 1348
40071 1331
40137 1318
40204 1291
40270 1267
40336 1237
40403 1201
40469 1164
40536 1125
40602 1078
40668 1035
40735 992
40801 931
40868 876
40934 819
41012 756
41079 687
41145 620
41212 559
41278 488
41344 420
41411 354
41477 285
41544 219
41610 173
41676 137
41743 128
41809 130
41876 138
41942 146
42009 155
42076 174
42142 190
42209 212
42275 231
42341 254
42408 281
42474 312
42541 337
42607 370
42673 408
42740 440
42806 479
42873 518
42939 584
43021 612
43087 692
43154 699
43220 744
43286 788
43353 834
43419 877
43485 919
43552 964
43618 1004
43685 1046
43751 1084
43817 1122
43884 1157
43950 1191
44018 1222
44084 1250
44151 1275
44217 1282
44283 1316
44350 1330
44416 1343
44483 1351
44549 1358
44615 1358
44682 1358
44748 1343
44814 1341
44881 1328
44947 1309
45035 1286
45101 1250
45167 1219
45234 1184
45300 1147
45367 1106
45433 1059
45499 1011
45566 954
45632 905
45698 850
45765 789
45831 728
45898 666
45964 599
46032 529
46098 464
46164 388
46231 325
46297 261
46364 199
46430 153
46496 132
46563 127
46629 132
46696 140
46762 152
46828 165
46895 180
46961 198
47058 228
47124 272
47190 275
47257 301
47323 309
47390 360
47456 391
47522 431
47589 464
47655 511
47722 548
47788 577
47854 631
47921 672
47990 717
48057 762
48123 804
48190 849
48256 891
48322 933
48389 975
48455 1013
48521 1053
48588 1088
48654 1123
48721 1158
48787 1172
48853 1215
48920 1240
48987 1265
49054 1282
49120 1297
49187 1307
49253 1320
49319 1326
49386 1330
49452 1328
49519 1320
49585 1311
49651 1300
49718 1284
49784 1264
49850 1239
49917 1210
49985 1180
50051 1143
50118 1105
50184 1070
50251 1017
50317 969
50383 918
50450 864
50516 807
50583 749
50649 686
50715 626
50782 561
50848 497
50915 432
50981 368
51048 298
51115 234
51181 180
51248 142
51314 129
51380 130
51447 136
51513 147
51580 157
51646 173
51712 188
51779 206
51845 225
51912 248
51978 274
52045 300
52112 351
52178 360
52245 394
52311 428
52377 464
52444 505
52510 542
52577 586
52643 633
52709 671
52776 715
52842 758
52909 803
52975 845
53042 887
53109 930
53175 974
53242 1016
53308 1050
53374 1085
53441 1122
53507 1156
53574 1186
53640 1214
53706 1239
53773 1265
53839 1282
53906 1300
53972 1315
54076 1329
54142 1332
54209 1334
54275 1331
54341 1324
54408 1314
54474 1302
54540 1283
54607 1264
54673 1237
54740 1204
54806 1177
54872 1143
54939 1102
55006 1060
55073 1014
55139 964
55206 914
55272 860
55338 806
55405 745
55471 685
55538 607
55604 561
55670 496
55737 431
55803 366
55869 301
55936 233
56016 174
56082 142
56148 129
56215 131
56281 138
56348 147
56414 159
56480 174
56547 188
56613 201
56680 228
56746 252
56812 284
56879 305
56945 335
57013 379
57079 401
57145 440
57212 470
57278 516
57345 555
57411 597
57477 641
57544 687
57610 730
57677 775
57743 821
57809 863
57876 905
57942 951
58026 1003
58092 1044
58159 1081
58225 1119
58292 1155
58358 1189
58424 1219
58491 1249
58557 1275
58624 1297
58690 1315
58756 1333
58823 1343
58889 1353
58955 1361
59023 1366
59089 1363
59156 1358
59222 1348
59289 1335
59355 1317
59421 1298
59488 1258
59554 1246
59621 1214
59687 1177
59753 1139
59820 1097
59886 1050
59953 1003
60043 931
60110 871
60176 817
60243 755
60309 696
60375 631
60442 567
60508 501
60574 434
60641 367
60707 300
60774 232
60840 177
60906 143
60973 129
61077 133
61144 141
61210 154
61276 168
61343 178
61409 198
61476 217
61542 237
61608 262
61675 292
61741 318
61807 353
61874 383
61940 420
62023 464
62089 507
62156 546
62222 587
62288 629
62355 673
62421 717
62488 747
62554 806
62620 861
62687 895
62753 937
62820 979
62886 1022
62952 1063
63043 1111
63110 1150
63176 1181
63242 1209
63309 1243
63375 1268
63441 1291
63508 1316
63574 1327
63641 1339
63707 1350
63773 1359
63840 1362
63906 1360
63973 1355
64040 1344
64107 1332
64173 1315
64239 1295
64306 1271
64372 1243
64439 1210
64505 1174
64571 1135
64638 1075
64704 1045
64770 997
64837 926
64903 886
64970 831
65072 738
65138 675
65205 611
65271 544
65337 473
65404 407
65470 345
65537 273
65603 211
65669 158
65736 131
65802 127
65869 131
65935 140
66014 153
66081 168
66147 181
66213 194
66280 217
66346 237
66413 264
66479 297
66545 314
66612 354
66678 382
66744 417
66811 451
66877 490
66944 530
67011 571
67078 615
67144 658
67210 697
67277 744
67343 787
67410 831
67476 874
67542 915
67609 958
67675 998
67742 1037
67808 1078
67874 1110
67941 1146
68024 1185
68090 1214
68156 1239
68223 1262
68289 1281
68356 1298
68422 1311
68488 1319
68555 1330
68621 1332
68688 1331
68754 1327
68820 1317
68887 1307
68953 1287
69044 1263
69111 1247
69177 1213
69243 1176
69310 1141
69376 1102
69443 1058
69509 1013
69575 962
69642 911
69708 856
69775 778
69841 742
69907 680
69974 618
70041 550
70108 485
70174 419
70241 336
70307 287
70373 224
70440 172
70506 140
70572 128
70639 131
70705 139
70772 145
70838 161
70904 165
70971 191
71074 220
71140 242
71207 266
71273 295
71339 322
71406 352
71472 383
71539 414
71605 452
71671 493
71738 530
71804 574
71871 614
71937 659
72004 701
72071 742
72137 786
72204 831
72270 872
72336 917
72403 959
72469 999
72536 1039
72602 1075
72668 1111
72735 1145
72801 1178
72868 1206
72934 1232
73012 1283
73079 1281
73145 1297
73212 1378
73278 1323
73344 1329
73411 1332
73477 1333
73544 1325
73610 1320
73676 1308
73743 1297
73809 1278
73876 1253
73942 1225
74009 1196
74076 1162
74142 1125
74209 1081
74275 1040
74341 991
74408 942
74474 891
74541 838
74607 779
74673 719
74740 656
74806 595
74873 531
74939 467
75021 386
75087 334
75154 255
75220 197
75286 160
75353 135
75419 130
75485 130
75552 142
75618 156
75685 169
75751 183
75817 200
75884 220
75950 242
76018 271
76084 290
76151 324
76217 350
76283 385
76350 420
76416 457
76483 496
76549 537
76615 576
76682 620
76748 660
76814 706
76881 749
76947 794
77035 849
77101 894
77167 937
77234 978
77300 1022
77367 1061
77433 1101
77499 1134
77566 1170
77632 1202
77698 1231
77765 1258
77831 1282
77898 1303
77964 1322
78032 1336
78098 1347
78164 1371
78231 1362
78297 1358
78364 1357
78430 1347
78496 1338
78563 1323
78629 1306
78696 1285
78762 1255
78828 1223
78895 1192
78961 1154
79058 1095
79124 1047
79190 991
79257 947
79323 895
79390 840
79456 780
79522 718
79589 655
79655 588
79722 527
79788 460
79854 393
79921 325
79990 257
80057 200
80123 155
80190 124
80256 129
80322 134
80389 142
80455 153
80521 167
80588 179
80654 200
80721 221
80787 239
80853 266
80920 293
80987 321
81054 354
81120 387
81187 423
81253 459
81319 498
81386 539
81452 581
81519 624
81585 664
81651 711
81718 756
81784 798
81850 842
81917 888
81985 933
82051 976
82118 1017
82184 1059
82251 1097
82317 1133
82383 1167
82450 1201
82516 1230
82583 1257
82649 1281
82715 1303
82782 1320
82848 1336
82915 1346
82981 1358
83048 1361
83115 1363
83181 1358
83248 1352
83314 1341
83380 1326
83447 1305
83513 1265
83580 1259
83646 1228
83712 1192
83779 1158
83845 1118
83912 1073
83978 1023
84045 973
84112 937
84178 863
84245 804
84311 743
84377 681
84444 617
84510 550
84577 483
84643 404
84709 347
84776 279
84842 215
84909 165
84975 136
85042 127
85109 127
85175 136
85242 140
85308 161
85374 176
85441 192
85507 211
85574 235
85640 256
85706 281
85773 332
85839 339
85906 371
85972 404
86076 466
86142 500
86209 543
86275 582
86341 627
86408 668
86474 711
86540 756
86607 800
86673 844
86740 883
86806 928
86872 971
86939 1010
87006 1060
87073 1088
87139 1124
87206 1157
87272 1187
87338 1216
87405 1243
87471 1265
87538 1279
87604 1303
87670 1323
87737 1327
87803 1333
87869 1337
87936 1335
88016 1328
88082 1325
88148 1306
88215 1284
88281 1271
88348 1245
88414 1219
88480 1186
88547 1151
88613 1111
88680 1068
88746 1022
88812 974
88879 921
88945 868
89013 811
89079 751
89145 691
89212 624
89278 563
89345 492
89411 431
89477 362
89544 296
89610 232
89677 176
89743 141
89809 128
89876 128
89942 136
90026 148
90092 163
90159 183
90225 193
90292 210
90358 233
90424 255
90491 280
90557 306
90624 337
90690 369
90756 404
90823 437
90889 483
90955 514
91023 554
91089 595
91156 639
91222 683
91289 723
91355 767
91421 809
91488 855
91554 893
91621 936
91687 978
91753 1020
91820 1056
91886 1085
91953 1128
92043 1168
92110 1200
92176 1228
92243 1250
92309 1273
92375 1290
92442 1303
92508 1317
92574 1323
92641 1326
92707 1330
92774 1324
92840 1320
92906 1310
92973 1296
93077 1265
93144 1244
93210 1213
93276 1183
93343 1148
93409 1109
93476 1068
93542 1027
93608 975
93675 927
93741 871
93807 818
93874 760
93940 699
94023 621
94089 557
94156 492
94222 428
94288 361
94355 297
94421 234
94488 183
94554 144
94620 130
94687 130
94753 136
94820 146
94886 159
94952 172
95043 193
95110 213
95176 229
95242 257
95309 283
95375 314
95441 341
95508 375
95574 410
95641 447
95707 484
95773 523
95840 564
95906 606
95973 651
96040 694
96107 738
96173 781
96239 827
96306 870
96372 908
96439 955
96505 995
96571 1038
96638 1077
96704 1114
96770 1150
96837 1182
96903 1222
96970 1239
97072 1279
97138 1300
97205 1317
97271 1332
97337 1344
97404 1351
97470 1355
97537 1359
97603 1351
97669 1345
97736 1331
97802 1320
97869 1301
97935 1276
98014 1245
98081 1216
98147 1181
98213 1150
98280 1102
98346 1057
98413 1010
98479 958
98545 907
98612 860
98678 795
98744 735
98811 640
98877 608
98944 545
99011 479
99078 409
99144 341
99210 279
99277 216
99343 165
99410 134
99476 129
99542 131
99609 139
99675 150
99742 162
99808 177
99874 194
99941 213
100024 240
100090 263
100156 290
100223 318
100289 351
100356 384
100422 418
100488 464
100555 496
100621 535
100688 577
100754 620
100820 664
100887 701
100953 754
101044 815
101111 859
101177 903
101243 948
101310 991
101376 1031
101443 1072
101509 1108
101575 1147
101642 1128
101708 1212
101775 1241
101841 1269
101907 1291
101974 1313
102041 1330
102108 1346
102174 1357
102241 1364
102307 1367
102373 1367
102440 1362
102506 1353
102572 1343
102639 1325
102705 1307
102772 1283
102838 1254
102904 1222
102971 1189
103074 1127
103140 1084
103207 1036
103273 986
103339 934
103406 878
103472 816
103539 749
103605 696
103671 633
103738 566
103804 499
103871 431
103937 362
104004 295
104071 228
104137 182
104204 139
104270 121
104336 129
104403 138
104469 147
104536 163
104602 173
104668 184
104735 206
104801 228
104868 250
104934 276
105012 308
105079 338
105145 370
105212 401
105278 440
105344 482
105411 517
105477 559
105544 600
105610 646
105676 686
105743 730
105809 772
105876 817
105942 857
106009 903
106076 947
106142 986
106209 1024
106275 1063
106341 1102
106408 1136
106474 1170
106541 1199
106607 1229
106673 1253
106740 1273
106806 1294
106873 1310
106939 1321
107021 1334
107087 1343
107154 1339
107220 1338
107286 1352
107353 1318
107419 1304
107485 1285
107552 1264
107618 1238
107685 1210
107751 1174
107817 1138
107884 1097
107950 1055
108018 1008
108084 958
108151 904
108217 848
108283 792
108350 730
108416 670
108483 605
108549 540
108615 472
108682 407
108748 342
108814 274
108881 214
108947 163
109035 135
109101 130
109167 134
109234 146
109300 151
109367 167
109433 181
109499 201
109566 220
109632 244
109698 264
109765 291
109831 319
109898 348
109964 381
110032 416
110098 452
110164 493
110231 532
110297 571
110364 613
110430 655
110496 698
110563 742
110629 785
110696 821
110762 872
110828 912
110895 954
110961 993
111058 1080
111124 1085
111190 1122
111257 1153
111323 1185
111390 1212
111456 1238
111522 1259
111589 1279
111655 1294
111722 1309
111788 1316
111854 1323
111921 1325
111990 1323
112057 1318
112123 1308
112190 1275
112256 1279
112322 1263
112389 1236
112455 1211
112521 1174
112588 1145
112654 1106
112721 1069
112787 1021
112853 971
112920 921
112987 867
113054 812
113120 755
113187 694
113253 633
113319 569
113386 506
113452 441
113519 376
113585 311
113651 245
113718 188
113784 150
113850 135
113917 130
113985 135
114051 146
114118 156
114184 171
114251 186
114317 204
114383 223
114450 246
114516 269
114583 299
114649 326
114715 358
114782 390
114848 426
114915 462
114981 503
115048 542
115115 584
115181 626
115248 669
115314 712
115380 758
115447 800
115513 843
115580 887
115646 933
115712 998
115779 1016
115845 1053
115912 1101
115978 1129
116045 1159
116112 1189
116178 1227
116245 1254
116311 1271
116377 1297
116444 1315
116510 1334
116577 1341
116643 1348
116709 1350
116776 1353
116842 1350
116909 1343
116975 1331
117042 1316
117109 1297
117175 1276
117242 1251
117308 1217
117374 1186
117441 1148
117507 1110
117574 1066
117640 1019
117706 967
117773 917
117839 865
117906 805
117972 743
118076 647
118142 582
118209 514
118275 449
118341 387
118408 318
118474 254
118540 196
118607 152
118673 132
118740 129
118806 133
118872 147
118939 155
119006 166
119073 185
119139 199
119206 222
119272 243
119338 268
119405 294
119471 324
119538 368
119604 389
119670 424
119737 462
119803 501
119869 542
119936 588
120016 635
120082 675
120148 722
120215 767
120281 817
120348 858
120414 900
120480 946
120547 989
120613 1025
120680 1073
120746 1113
120812 1146
120879 1180
120945 1212
121013 1243
121079 1269
121145 1295
121212 1315
121278 1334
121345 1348
121411 1357
121477 1366
121544 1370
121610 1370
121677 1366
121743 1355
121809 1348
121876 1329
121942 1315
122026 1282
122092 1255
122159 1228
122225 1186
122292 1147
122358 1105
122424 1058
122491 1009
122557 958
122624 904
122690 844
122756 786
122823 722
122889 660
122955 584
123023 524
123089 458
123156 389
123222 320
123289 255
123355 194
123421 153
123488 131
123554 133
123621 135
123687 164
123753 154
123820 163
123886 188
123953 200
124043 226
124110 247
124176 274
124243 303
124309 339
124375 365
124442 398
124508 432
124574 476
124641 510
124707 550
124774 592
124840 635
124906 678
124973 722
125077 792
125144 836
125210 878
125276 924
125343 964
125409 1004
125476 1046
125542 1083
125608 1118
125675 1153
125741 1184
125807 1217
125874 1241
125940 1264
126023 1291
126089 1308
126156 1321
126222 1332
126288 1338
126355 1346
126421 1343
126488 1339
126554 1329
126620 1319
126687 1300
126753 1283
126820 1261
126886 1232
126952 1201
127043 1151
127110 1112
127176 1070
127242 1023
127309 974
127375 923
127441 867
127508 810
127574 750
127641 689
127707 625
127773 560
127840 494
127906 424
127973 360
128040 291
128107 228
128173 172
128239 143
128306 128
128372 129
128439 143
128505 149
128571 158
128638 173
128704 188
128770 207
128837 228
128903 250
128970 275
129072 318
129138 347
129205 382
129271 415
129337 451
129404 489
129470 530
129537 568
129603 612
129669 652
129736 697
129802 740
129869 783
129935 827
130014 876
130081 913
130147 959
130213 1004
130280 1035
130346 1074
130413 1110
130479 1142
130545 1173
130612 1203
130678 1227
130744 1251
130811 1270
130877 1296
130944 1302
131011 1315
131078 1320
131144 1323
131210 1323
131277 1319
131343 1262
131410 1300
131476 1284
131542 1266
131609 1239
131675 1217
131742 1186
131808 1149
131874 1114
131941 1075
132024 1020
132090 973
132156 920
132223 870
132289 814
132356 756
132422 696
132488 635
132555 572
132621 508
132688 440
132754 378
132820 312
132887 248
132953 192
133044 143
133111 155
133177 130
133243 137
133310 146
133376 159
133443 174
133509 191
133575 211
133642 228
133708 253
133775 277
133841 305
133907 334
133974 364
134041 398
134108 434
134174 473
134241 509
134307 551
134373 592
134440 634
134506 678
134572 722
134639 765
134705 809
134772 852
134838 896
134904 936
134971 980
135074 1041
135140 1081
135207 1116
135273 1150
135339 1186
135406 1212
135472 1239
135539 1258
135605 1287
135671 1306
135738 1321
135804 1333
135871 1341
135937 1346
136004 1348
136071 1345
136137 1331
136204 1329
136270 1315
136336 1295
136403 1277
136469 1255
136536 1222
136602 1190
136668 1155
136735 1114
136801 1074
136868 1024
136934 979
137012 916
137079 861
137145 804
137212 744
137278 684
137344 619
137411 556
137477 489
137544 425
137610 357
