2 302
105 322
172 389
238 445
305 507
371 580
437 666
504 752
570 847
637 952
703 1062
769 1177
836 1300
902 1432
969 1561
1036 1701
1102 1838
1169 1978
1235 2121
1302 2266
1368 2409
1434 2550
1501 2688
1567 2825
1634 2952
1700 3083
1766 3195
1833 3305
1899 3404
1966 3494
2065 3610
2131 3666
2198 3714
2264 3752
2331 3771
2397 3795
2463 3799
2530 3804
2596 3797
2663 3789
2729 3771
2795 3747
2862 3719
2928 3682
3003 3635
3069 3586
3135 3531
3202 3470
3268 3405
3335 3333
3401 3259
3467 3177
3534 3092
3600 3003
3667 2908
3733 2808
3799 2708
3866 2603
3932 2501
4000 2384
4066 2271
4132 2159
4199 2045
4265 1928
4332 1815
4398 1701
4464 1585
4531 1473
4597 1363
4664 1253
4730 1144
4796 1042
4863 945
4929 849
5004 745
5071 657
5137 582
5204 506
5270 438
5336 371
5403 325
5469 279
5536 249
5602 224
5668 212
5735 213
5801 216
5868 237
5934 261
6001 296
6068 339
6134 392
6201 450
6267 522
6333 601
6400 688
6466 782
6533 884
6599 991
6665 1111
6732 1231
6798 1360
6865 1492
6931 1630
7007 1792
7074 1935
7140 2080
7207 2230
7273 2371
7339 2515
7406 2657
7472 2796
7539 2930
7605 3060
7671 3185
7738 3297
7804 3400
7871 3495
7937 3580
8004 3647
8071 3702
8137 3736
8204 3777
8270 3796
8336 3823
8403 3819
8469 3813
8536 3817
8602 3798
8668 3780
8735 3756
8801 3722
8868 3688
8934 3637
9012 3590
9079 3527
9145 3463
9212 3397
9278 3325
9344 3249
9411 3166
9477 3080
9544 2987
9610 2894
9676 2795
9743 2695
9809 2593
9876 2481
9942 2371
10009 2258
10076 2147
10142 2025
10209 1918
10275 1804
10341 1691
10408 1575
10474 1467
10541 1356
10607 1250
10673 1166
10740 1044
10806 946
10873 854
10939 762
11021 663
11087 589
11154 517
11220 447
11286 395
11353 348
11419 306
11485 273
11552 252
11618 239
11685 237
11751 277
11817 262
11884 286
11950 321
12018 364
12084 415
12151 477
12217 543
12283 625
12350 708
12416 806
12483 907
12549 1016
12615 1132
12682 1250
12748 1380
12814 1512
12881 1649
12947 1790
13035 1974
13101 2120
13167 2263
13234 2407
13300 2551
13367 2690
13433 2831
13499 2965
13566 3088
13632 3205
13698 3319
13765 3421
13831 3507
13898 3592
13964 3655
14032 3710
14098 3753
14164 3780
14231 3805
14297 3814
14364 3820
14430 3819
14496 3810
14563 3795
14629 3776
14696 3748
14762 3687
14828 3677
14895 3635
14961 3572
15058 3504
15124 3440
15190 3372
15257 3298
15323 3221
15390 3138
15456 3048
15522 2958
15589 2862
15655 2763
15722 2661
15788 2556
15854 2452
15921 2342
15990 2226
16057 2113
16123 1997
16190 1886
16256 1774
16322 1661
16389 1550
16455 1441
16521 1333
16588 1214
16654 1126
16721 1028
16787 932
16853 843
16920 754
16987 674
17054 600
17120 530
17187 470
17253 414
17319 365
17386 323
17452 295
17519 274
17585 262
17651 257
17718 262
17784 279
17850 303
17917 336
17985 382
18051 430
18118 489
18184 555
18251 632
18317 720
18383 812
18450 909
18516 995
18583 1130
18649 1249
18715 1376
18782 1502
18848 1636
18915 1765
18981 1918
19048 2058
19115 2185
19181 2343
19248 2487
19314 2624
19380 2764
19447 2894
19513 3026
19580 3143
19646 3261
19712 3361
19779 3455
19845 3537
19912 3610
19978 3670
20045 3717
20112 3752
20178 3777
20245 3815
20311 3803
20377 3806
20444 3805
20510 3790
20577 3771
20643 3747
20709 3714
20776 3682
20842 3640
20909 3591
20975 3537
21042 3482
21109 3411
21175 3341
21242 3266
21308 3185
21374 3101
21441 3010
21507 2919
21574 2819
21640 2718
21706 2612
21773 2508
21839 2398
21906 2289
21972 2174
22076 1998
22142 1883
22209 1769
22275 1652
22341 1542
22408 1430
22474 1319
22540 1214
22607 1109
22673 1007
22740 910
22806 817
22872 729
22939 644
23006 564
23073 497
23139 430
23206 374
23272 325
23338 283
23405 251
23471 230
23538 217
23604 217
23670 227
23737 244
23803 272
23869 309
23936 357
24016 418
24082 479
24148 554
24215 635
24281 725
24348 821
24414 927
24480 1037
24547 1156
24613 1278
24680 1408
24746 1543
24812 1678
24879 1818
24945 1961
25013 2110
25079 2253
25145 2397
25212 2531
25278 2680
25345 2818
25411 2940
25477 3075
25544 3197
25610 3306
25677 3409
25743 3500
25809 3581
25876 3647
25942 3699
26026 3751
26092 3780
26159 3800
26225 3810
26292 3812
26358 3812
26424 3797
26491 3769
26557 3763
26624 3734
26690 3700
26756 3659
26823 3613
26889 3561
26955 3505
27023 3437
27089 3365
27156 3296
27222 3216
27289 3133
27355 3044
27421 2951
27488 2855
27554 2755
27621 2643
27687 2546
27753 2437
27820 2328
27886 2214
27953 2101
28043 1944
28110 1829
28176 1715
28243 1602
28309 1488
28375 1379
28442 1271
28508 1162
28574 1062
28641 964
28707 867
28774 776
28840 691
28906 604
28973 536
29077 432
29144 376
29210 326
29276 284
29343 254
29409 235
29476 221
29542 285
29608 226
29675 253
29741 277
29807 314
29874 346
29940 412
30023 490
30089 565
30156 646
30222 738
30288 834
30355 941
30421 1050
30488 1172
30554 1295
30620 1426
30687 1545
30753 1700
30820 1840
30886 1995
30952 2130
31043 2332
31110 2474
31176 2617
31242 2755
31309 2893
31375 3024
31441 3150
31508 3267
31574 3372
31641 3472
31707 3553
31773 3628
31840 3689
31906 3737
31973 3771
32040 3797
32107 3814
32173 3822
32239 3820
32306 3817
32372 3808
32439 3788
32505 3765
32571 3735
32638 3702
32704 3660
32770 3614
32837 3564
32903 3503
32970 3438
33072 3334
33138 3253
33205 3174
33271 3089
33337 2997
33404 2906
33470 2805
33537 2685
33603 2601
33669 2494
33736 2385
33802 2275
33869 2165
33935 2050
34014 1916
34081 1804
34147 1690
34213 1579
34280 1470
34346 1361
34413 1257
34479 1151
34545 1053
34612 951
34678 865
34744 779
34811 697
34877 618
34944 536
35011 485
35078 428
35144 378
35210 336
35277 306
35343 278
35410 267
35476 258
35542 266
35609 276
35675 299
35742 328
35808 370
35874 419
35941 474
36024 557
36090 639
36156 719
36223 813
36289 912
36356 1020
36422 1135
36488 1250
36555 1377
36621 1499
36688 1642
36754 1779
36820 1919
36887 2063
36953 2205
37044 2402
37111 2543
37177 2682
37243 2818
37310 2948
37376 3074
37443 3192
37509 3302
37575 3407
37642 3493
37708 3574
37775 3639
37841 3696
37907 3754
37974 3768
38041 3789
38108 3802
38174 3809
38241 3809
38307 3800
38373 3786
38440 3765
38506 3740
38572 3707
38639 3665
38705 3624
38772 3571
38838 3525
38904 3457
38971 3393
39074 3280
39140 3201
39207 3116
39273 3028
39339 2934
39406 2841
39472 2740
39539 2636
39605 2531
39671 2423
39738 2313
39804 2201
39871 2088
39937 1976
40004 1860
40071 1743
40137 1632
40204 1523
40270 1410
40336 1271
40403 1197
40469 1097
40536 998
40602 898
40668 809
40735 720
40801 643
40868 565
40934 500
41012 425
41079 369
41145 324
41212 287
41278 258
41344 238
41411 230
41477 236
41544 245
41610 267
41676 294
41743 331
41809 377
41876 432
41942 495
42009 537
42076 651
42142 737
42209 836
42275 938
42341 1051
42408 1170
42474 1292
42541 1418
42607 1554
42673 1691
42740 1831
42806 1969
42873 2115
42939 2260
43021 2436
43087 2575
43154 2716
43220 2852
43286 2981
43353 3105
43419 3223
43485 3331
43552 3428
43618 3515
43685 3594
43751 3650
43817 3707
43884 3745
43950 3773
44018 3792
44084 3804
44151 3806
44217 3800
44283 3795
44350 3778
44416 3759
44483 3728
44549 3694
44615 3654
44682 3604
44748 3555
44814 3496
44881 3440
44947 3363
45035 3267
45101 3185
45167 3118
45234 3010
45300 2916
45367 2819
45433 2716
45499 2613
45566 2507
45632 2396
45698 2309
45765 2171
45831 2053
45898 1941
45964 1826
46032 1708
46098 1595
46164 1479
46231 1369
46297 1260
46364 1155
46430 1051
46496 950
46563 855
46629 765
46696 680
46762 596
46828 522
46895 454
46961 390
47058 315
47124 272
47190 240
47257 221
47323 211
47390 211
47456 223
47522 241
47589 269
47655 307
47722 351
47788 406
47854 468
47921 541
47990 626
48057 718
48123 813
48190 918
48256 1031
48322 1148
48389 1272
48455 1402
48521 1538
48588 1675
48654 1817
48721 1962
48787 2107
48853 2251
48920 2399
48987 2545
49054 2687
49120 2826
49187 2963
49253 3087
49319 3209
49386 3326
49452 3423
49519 3514
49585 3589
49651 3658
49718 3713
49784 3754
49850 3785
49917 3805
49985 3806
50051 3824
50118 3820
50184 3811
50251 3796
50317 3775
50383 3750
50450 3717
50516 3679
50583 3639
50649 3585
50715 3530
50782 3469
50848 3401
50915 3330
50981 3252
51048 3170
51115 3085
51181 2992
51248 2899
51314 2801
51380 2701
51447 2597
51513 2489
51580 2380
51646 2270
51712 2156
51779 2046
51845 1930
51912 1819
51978 1704
52045 1591
52112 1481
52178 1372
52245 1260
52311 1161
52377 1060
52444 963
52510 871
52577 783
52643 697
52709 620
52776 550
52842 484
52909 431
52975 374
53042 329
53109 294
53175 268
53242 255
53308 251
53374 251
53441 265
53507 287
53574 316
53640 356
53706 405
53773 463
53839 527
53906 600
53972 682
54076 828
54142 932
54209 1041
54275 1157
54341 1279
54408 1406
54474 1538
54540 1673
54607 1813
54673 1985
54740 2098
54806 2242
54872 2387
54939 2528
55006 2670
55073 2808
55139 2896
55206 3066
55272 3190
55338 3300
55405 3400
55471 3496
55538 3574
55604 3644
55670 3697
55737 3739
55803 3774
55869 3796
55936 3802
56016 3816
56082 3814
56148 3807
56215 3792
56281 3771
56348 3743
56414 3712
56480 3673
56547 3630
56613 3579
56680 3523
56746 3462
56812 3396
56879 3324
56945 3249
57013 3165
57079 3081
57145 2989
57212 2895
57278 2798
57345 2695
57411 2575
57477 2484
57544 2376
57610 2250
57677 2156
57743 2042
57809 1920
57876 1816
57942 1703
58026 1562
58092 1452
58159 1340
58225 1238
58292 1128
58358 1031
58424 934
58491 845
58557 765
58624 678
58690 602
58756 531
58823 467
58889 410
58955 361
59023 318
59089 287
59156 263
59222 254
59289 248
59355 255
59421 268
59488 292
59554 323
59621 355
59687 412
59753 472
59820 542
59886 618
59953 701
60043 829
60110 931
60176 1042
60243 1155
60309 1278
60375 1402
60442 1537
60508 1670
60574 1810
60641 1948
60707 2090
60774 2236
60840 2375
60906 2540
60973 2656
61077 2867
61144 2998
61210 3120
61276 3236
61343 3339
61409 3435
61476 3521
61542 3585
61608 3658
61675 3706
61741 3746
61807 3774
61874 3790
61940 3802
62023 3802
62089 3804
62156 3788
62222 3769
62288 3742
62355 3716
62421 3677
62488 3638
62554 3588
62620 3531
62687 3472
62753 3408
62820 3334
62886 3262
62952 3180
63043 3063
63110 2972
63176 2875
63242 2777
63309 2674
63375 2570
63441 2460
63508 2350
63574 2268
63641 2125
63707 2008
63773 1896
63840 1783
63906 1666
63973 1552
64040 1438
64107 1328
64173 1220
64239 1117
64306 1010
64372 915
64439 821
64505 731
64571 643
64638 569
64704 495
64770 432
64837 370
64903 321
64970 277
65072 235
65138 213
65205 210
65271 212
65337 231
65404 252
65470 284
65537 329
65603 374
65669 429
65736 515
65802 573
65869 659
65935 763
66014 869
66081 979
66147 1093
66213 1216
66280 1341
66346 1473
66413 1610
66479 1747
66545 1890
66612 2035
66678 2182
66744 2327
66811 2469
66877 2614
66944 2752
67011 2891
67078 3022
67144 3147
67210 3252
67277 3369
67343 3464
67410 3564
67476 3621
67542 3681
67609 3728
67675 3765
67742 3789
67808 3806
67874 3819
67941 3817
68024 3810
68090 3797
68156 3778
68223 3755
68289 3721
68356 3685
68422 3640
68488 3594
68555 3538
68621 3481
68688 3411
68754 3343
68820 3266
68887 3186
68953 3099
69044 2973
69111 2879
69177 2780
69243 2672
69310 2572
69376 2466
69443 2356
69509 2242
69575 2129
69642 2014
69708 1902
69775 1787
69841 1673
69907 1559
69974 1449
70041 1337
70108 1228
70174 1124
70241 1023
70307 927
70373 833
70440 746
70506 661
70572 585
70639 515
70705 449
70772 393
70838 344
70904 299
70971 269
71074 237
71140 260
71207 235
71273 248
71339 267
71406 299
71472 336
71539 386
71605 442
71671 499
71738 581
71804 665
71871 757
71937 855
72004 963
72071 1074
72137 1196
72204 1319
72270 1450
72336 1583
72403 1723
72469 1863
72536 2006
72602 2152
72668 2299
72735 2471
72801 2585
72868 2727
72934 2872
73012 3017
73079 3140
73145 3259
73212 3366
73278 3463
73344 3547
73411 3621
73477 3683
73544 3731
73610 3766
73676 3792
73743 3810
73809 3819
73876 3824
73942 3817
74009 3842
74076 3789
74142 3765
74209 3738
74275 3706
74341 3662
74408 3615
74474 3564
74541 3504
74607 3444
74673 3374
74740 3302
74806 3222
74873 3141
74939 3053
75021 2941
75087 2845
75154 2744
75220 2640
75286 2536
75353 2428
75419 2320
75485 2199
75552 2097
75618 1983
75685 1888
75751 1755
75817 1645
75884 1544
75950 1424
76018 1316
76084 1210
76151 1111
76217 1038
76283 918
76350 827
76416 745
76483 663
76549 589
76615 521
76682 463
76748 406
76814 363
76881 337
76947 294
77035 268
77101 262
77167 250
77234 273
77300 291
77367 321
77433 360
77499 402
77566 453
77632 521
77698 584
77765 673
77831 759
77898 856
77964 958
78032 1070
78098 1186
78164 1308
78231 1437
78297 1567
78364 1702
78430 1841
78496 1983
78563 2123
78629 2267
78696 2409
78762 2548
78828 2677
78895 2821
78961 2953
79058 3131
79124 3246
79190 3352
79257 3446
79323 3531
79390 3602
79456 3665
79522 3714
79589 3749
79655 3776
79722 3796
79788 3801
79854 3806
79921 3801
79990 3790
80057 3772
80123 3749
80190 3717
80256 3686
80322 3641
80389 3596
80455 3542
80521 3483
80588 3418
80654 3349
80721 3276
80787 3194
80853 3111
80920 3018
80987 2924
81054 2829
81120 2728
81187 2624
81253 2516
81319 2411
81386 2311
81452 2187
81519 2071
81585 1958
81651 1841
81718 1729
81784 1606
81850 1503
81917 1392
81985 1281
82051 1180
82118 1071
82184 964
82251 875
82317 783
82383 699
82450 618
82516 543
82583 472
82649 409
82715 357
82782 314
82848 272
82915 244
82981 230
83048 220
83115 222
83181 235
83248 259
83314 286
83380 323
83447 372
83513 429
83580 494
83646 576
83712 650
83779 740
83845 839
83912 944
83978 1058
84045 1177
84112 1301
84178 1430
84245 1565
84311 1702
84377 1846
84444 1983
84510 2120
84577 2275
84643 2415
84709 2560
84776 2701
84842 2838
84909 2969
84975 3094
85042 3214
85109 3326
85175 3423
85242 3513
85308 3589
85374 3654
85441 3706
85507 3746
85574 3773
85640 3796
85706 3807
85773 3811
85839 3810
85906 3786
85972 3785
86076 3749
86142 3718
86209 3681
86275 3638
86341 3589
86408 3535
86474 3473
86540 3408
86607 3336
86673 3261
86740 3179
86806 3091
86872 3001
86939 2908
87006 2806
87073 2706
87139 2590
87206 2494
87272 2382
87338 2274
87405 2158
87471 2046
87538 1930
87604 1816
87670 1702
87737 1589
87803 1473
87869 1366
87936 1256
88016 1128
88082 1026
88148 927
88215 833
88281 745
88348 659
88414 581
88480 511
88547 444
88613 384
88680 333
88746 291
88812 257
88879 242
88945 223
89013 218
89079 227
89145 243
89212 270
89278 304
89345 345
89411 397
89477 458
89544 527
89610 606
89677 694
89743 788
89809 888
89876 999
89942 1116
90026 1271
90092 1400
90159 1529
90225 1671
90292 1811
90358 1955
90424 2101
90491 2246
90557 2393
90624 2538
90690 2677
90756 2820
90823 2951
90889 3080
90955 3201
91023 3314
91089 3418
91156 3509
91222 3591
91289 3656
91355 3716
91421 3750
91488 3783
91554 3805
91621 3818
91687 3825
91753 3821
91820 3813
91886 3800
91953 3778
92043 3742
92110 3719
92176 3669
92243 3623
92309 3570
92375 3517
92442 3453
92508 3384
92574 3310
92641 3233
92707 3151
92774 3065
92840 2972
92906 2877
92973 2779
93077 2618
93144 2513
93210 2403
93276 2294
93343 2182
93409 2071
93476 1956
93542 1848
93608 1727
93675 1623
93741 1508
93807 1402
93874 1293
93940 1187
94023 1061
94089 966
94156 868
94222 785
94288 702
94355 625
94421 553
94488 491
94554 431
94620 398
94687 339
94753 302
94820 278
94886 264
94952 257
95043 264
95110 279
95176 306
95242 381
95309 379
95375 430
95441 490
95508 557
95574 635
95641 721
95707 811
95773 914
95840 1019
95906 1126
95973 1254
96040 1381
96107 1514
96173 1647
96239 1784
96306 1924
96372 2066
96439 2206
96505 2355
96571 2495
96638 2636
96704 2772
96770 2904
96837 3033
96903 3158
96970 3268
97072 3424
97138 3508
97205 3590
97271 3654
97337 3705
97404 3746
97470 3776
97537 3795
97603 3807
97669 3811
97736 3809
97802 3799
97869 3780
97935 3765
98014 3731
98081 3695
98147 3646
98213 3609
98280 3559
98346 3502
98413 3436
98479 3368
98545 3296
98612 3215
98678 3133
98744 3044
98811 2952
98877 2855
98944 2757
99011 2655
99078 2550
99144 2444
99210 2332
99277 2222
99343 2108
99410 1995
99476 1881
99542 1769
99609 1671
99675 1546
99742 1433
99808 1328
99874 1220
99941 1118
100024 994
100090 899
100156 806
100223 722
100289 642
100356 573
100422 499
100488 433
100555 387
100621 337
100688 297
100754 268
100820 251
100887 239
100953 239
101044 254
101111 274
101177 306
101243 345
101310 395
101376 449
101443 515
101509 595
101575 672
101642 760
101708 859
101775 961
101841 1074
101907 1194
101974 1315
102041 1446
102108 1581
102174 1722
102241 1856
102307 1999
102373 2141
102440 2285
102506 2428
102572 2568
102639 2706
102705 2842
102772 2972
102838 3097
102904 3214
102971 3311
103074 3471
103140 3554
103207 3621
103273 3679
103339 3723
103406 3759
103472 3782
103539 3796
103605 3806
103671 3800
103738 3799
103804 3786
103871 3767
103937 3741
104004 3710
104071 3674
104137 3629
104204 3580
104270 3526
104336 3465
104403 3396
104469 3327
104536 3251
104602 3167
104668 3082
104735 2991
104801 2902
104868 2798
104934 2696
105012 2571
105079 2463
105145 2354
105212 2243
105278 2128
105344 2013
105411 1894
105477 1790
105544 1668
105610 1550
105676 1442
105743 1332
105809 1222
105876 1119
105942 1017
106009 916
106076 821
106142 735
106209 648
106275 567
106341 496
106408 430
106474 371
106541 318
106607 275
106673 243
106740 222
106806 211
106873 211
106939 216
107021 245
107087 273
107154 311
107220 358
107286 413
107353 479
107419 551
107485 637
107552 723
107618 820
107685 924
107751 1039
107817 1158
107884 1298
107950 1412
108018 1552
108084 1681
108151 1830
108217 1974
108283 2120
108350 2266
108416 2411
108483 2557
108549 2699
108615 2836
108682 2970
108748 3097
108814 3218
108881 3328
108947 3431
109035 3550
109101 3624
109167 3682
109234 3718
109300 3766
109367 3794
109433 3810
109499 3820
109566 3819
109632 3818
109698 3806
109765 3790
109831 3768
109898 3739
109964 3701
110032 3660
110098 3615
110164 3584
110231 3503
110297 3441
110364 3372
110430 3300
110496 3219
110563 3135
110629 3048
110696 2956
110762 2860
110828 2759
110895 2659
110961 2552
111058 2397
111124 2287
111190 2175
111257 2058
111323 1944
111390 1831
111456 1716
111522 1607
111589 1496
111655 1385
111722 1281
111788 1173
111854 1078
111921 974
111990 875
112057 788
112123 704
112190 628
112256 553
112322 488
112389 427
112455 377
112521 330
112588 298
112654 270
112721 254
112787 246
112853 252
112920 258
112987 278
113054 311
113120 350
113187 396
113253 453
113319 519
113386 620
113452 674
113519 764
113585 863
113651 967
113718 1078
113784 1197
113850 1324
113917 1451
113985 1587
114051 1725
114118 1865
114184 2007
114251 2153
114317 2297
114383 2441
114450 2582
114516 2725
114583 2856
114649 2987
114715 3112
114782 3230
114848 3336
114915 3438
114981 3526
115048 3604
115115 3667
115181 3716
115248 3751
115314 3784
115380 3804
115447 3814
115513 3817
115580 3814
115646 3805
115712 3789
115779 3768
115845 3740
115912 3706
115978 3667
116045 3620
116112 3571
116178 3514
116245 3452
116311 3383
116377 3314
116444 3233
116510 3156
116577 3064
116643 2974
116709 2873
116776 2780
116842 2680
116909 2602
116975 2468
117042 2357
117109 2246
117175 2135
117242 2022
117308 1909
117374 1797
117441 1684
117507 1573
117574 1462
117640 1354
117706 1244
117773 1144
117839 1044
117906 948
117972 852
118076 723
118142 644
118209 554
118275 504
118341 446
118408 392
118474 345
118540 308
118607 278
118673 255
118740 252
118806 252
118872 266
118939 279
119006 306
119073 345
119139 388
119206 442
119272 505
119338 578
119405 655
119471 745
119538 841
119604 943
119670 1053
119737 1170
119803 1291
119869 1418
119936 1549
120016 1711
120082 1850
120148 1992
120215 2136
120281 2278
120348 2420
120414 2560
120480 2699
120547 2837
120613 2964
120680 3088
120746 3206
120812 3314
120879 3420
120945 3503
121013 3581
121079 3645
121145 3696
121212 3738
121278 3768
121345 3788
121411 3801
121477 3805
121544 3803
121610 3794
121677 3778
121743 3757
121809 3731
121876 3696
121942 3658
122026 3600
122092 3547
122159 3488
122225 3421
122292 3355
122358 3286
122424 3200
122491 3116
122557 3028
122624 2934
122690 2835
122756 2737
122823 2634
122889 2528
122955 2418
123023 2306
123089 2194
123156 2079
123222 1966
123289 1849
123355 1735
123421 1620
123488 1509
123554 1396
123621 1285
123687 1180
123753 1075
123820 977
123886 881
123953 788
124043 671
124110 596
124176 519
124243 447
124309 388
124375 336
124442 293
124508 260
124574 229
124641 218
124707 212
124774 221
124840 236
124906 260
124973 293
125077 362
125144 419
125210 481
125276 556
125343 636
125409 731
125476 824
125542 931
125608 1038
125675 1162
125741 1284
125807 1415
125874 1547
125940 1685
126023 1860
126089 2006
126156 2150
126222 2294
126288 2439
126355 2583
126421 2723
126488 2860
126554 2991
126620 3117
126687 3235
126753 3343
126820 3442
126886 3528
126952 3603
127043 3686
127110 3735
127176 3766
127242 3782
127309 3806
127375 3815
127441 3814
127508 3808
127574 3795
127641 3777
127707 3753
127773 3725
127840 3687
127906 3643
127973 3598
128040 3542
128107 3482
128173 3416
128239 3348
128306 3272
128372 3190
128439 3105
128505 3015
128571 2921
128638 2823
128704 2721
128770 2620
128837 2512
128903 2403
128970 2294
129072 2121
129138 2032
129205 1890
129271 1776
129337 1663
129404 1548
129470 1438
129537 1327
129603 1220
129669 1114
129736 1014
129802 918
129869 826
129935 735
130014 639
130081 563
130147 493
130213 428
130280 374
130346 324
130413 287
130479 256
130545 236
130612 225
130678 227
130744 240
130811 258
130877 286
130944 322
131011 369
131078 423
131144 487
131210 557
131277 641
131343 729
131410 856
131476 930
131542 1043
131609 1160
131675 1284
131742 1413
131808 1546
131874 1683
131941 1825
132024 2008
132090 2151
132156 2296
132223 2441
132289 2584
132356 2726
132422 2861
132488 2993
132555 3120
132621 3238
132688 3349
132754 3446
132820 3535
132887 3611
132953 3674
133044 3740
133111 3774
133177 3799
133243 3813
133310 3821
133376 3824
133443 3816
133509 3801
133575 3789
133642 3760
133708 3743
133775 3696
133841 3657
133907 3610
133974 3554
134041 3493
134108 3429
134174 3362
134241 3286
134307 3208
134373 3123
134440 3038
134506 2944
134572 2848
134639 2747
134705 2645
134772 2542
134838 2433
134904 2327
134971 2213
135074 2039
135140 1927
135207 1813
135273 1700
135339 1589
135406 1478
135472 1369
135539 1265
135605 1161
135671 1062
135738 963
135804 874
135871 780
135937 704
136004 625
136071 557
136137 492
136204 432
136270 384
136336 337
136403 309
136469 283
136536 268
136602 261
136668 268
136735 277
136801 288
136868 327
136934 368
137012 424
137079 480
137145 546
137212 624
137278 706
137344 797
137411 886
137477 1001
137544 1114
137610 1232
