1 2000
45 2007
51 2023
57 2034
64 2044
70 2054
77 2065
83 2074
90 2086
96 2099
102 2102
109 2084
115 2074
122 2057
128 2052
135 2042
141 2030
147 2019
154 2007
160 1997
167 1991
173 1984
180 1966
186 1957
192 1947
199 1934
205 1927
212 1933
218 1945
225 1958
231 1969
237 1982
244 1985
250 1998
257 2013
263 2025
270 2028
276 2043
282 2056
289 2066
295 2079
302 2087
308 2096
315 2099
321 2084
327 2075
334 2058
340 2054
347 2040
353 2028
360 2021
366 2006
372 2007
379 1986
385 1976
392 1965
398 1963
405 1943
411 1934
417 1923
424 1937
430 1946
437 1953
443 1970
450 1981
456 1989
462 2003
469 2012
475 2024
482 2037
488 2041
495 2057
501 2064
507 2072
514 2086
520 2099
527 2096
533 2085
540 2073
546 2062
552 2049
559 2041
565 2029
572 2023
578 2007
585 1993
591 1986
597 1984
604 1965
610 1953
617 1943
623 1939
630 1925
636 1933
642 1948
649 1961
655 1969
662 1978
668 1991
675 2004
681 2010
687 2026
694 2037
700 2044
707 2055
713 2066
720 2089
726 2087
732 2096
739 2095
745 2081
752 2070
758 2058
765 2049
771 2042
777 2026
784 2017
790 2004
797 2013
803 1984
810 1976
816 1963
822 1970
829 1944
835 1933
842 1926
848 1938
855 1948
861 1959
867 1970
874 1983
880 1992
887 2004
893 2015
900 2024
906 2037
912 2047
919 2059
925 2069
932 2077
938 2091
945 2106
951 2095
957 2083
964 2071
970 2058
977 2047
983 2038
990 2025
996 2014
1002 2004
1009 1994
1015 1982
1022 2001
1028 1963
1035 1951
1041 1942
1047 1947
1054 1924
1060 1939
1067 1945
1073 1958
1080 1974
1086 1981
1092 1995
1099 2006
1105 2018
1112 2022
1118 2037
1125 2050
1131 2058
1137 2067
1144 2079
1150 2088
1157 2089
1163 2092
1170 2090
1176 2072
1182 2059
1189 2049
1195 2036
1202 2026
1208 2015
1215 2005
1221 1989
1227 1984
1234 1974
1240 1963
1247 1969
1253 1942
1260 1930
1266 1926
1272 1946
1279 1945
1285 1962
1292 1971
1298 1980
1305 1995
1311 2006
1317 2016
1324 2029
1330 2036
1337 2052
1343 2058
1350 2068
1356 2081
1362 2091
1369 2102
1375 2093
1382 2081
1388 2070
1395 2057
1401 2049
1407 2038
1414 2023
1420 2012
1427 2004
1433 1994
1440 1982
1446 1963
1452 1956
1459 1951
1465 1940
1472 1940
1478 1925
1485 1940
1491 1950
1497 1959
1504 1969
1510 1983
1517 1997
1523 2001
1530 2018
1536 2027
1542 2038
1549 2048
1555 2058
1562 2071
1568 2088
1575 2090
1581 2102
1587 2093
1594 2081
1600 2069
1607 2059
1613 2052
1620 2029
1626 2030
1632 2012
1639 2001
1645 1991
1652 1981
1658 1971
1665 1961
1671 1951
1677 1940
