1 773
354 1590
671 2154
1071 2619
1387 2859
1703 3027
2021 3138
2337 3219
2654 3272
3042 3335
3358 3341
3675 3359
3992 3364
4309 3377
4625 3382
4994 3387
5311 3389
5627 3391
5945 3393
6261 3393
6577 3396
6915 3400
7231 3398
7547 3397
7865 3400
8181 3397
8498 3395
8814 3396
9132 3399
9448 3399
9764 3400
10227 3399
10543 3033
10859 2285
11176 1771
11493 1420
11809 1175
12301 939
12617 844
12935 779
13251 738
13568 697
13899 681
14215 662
14531 649
14848 648
15365 641
15682 640
16089 633
16405 633
16722 632
17039 626
17355 629
17672 629
18072 630
18389 629
18705 629
19127 629
19444 629
19760 632
20078 631
20394 630
20711 629
21137 1348
21453 1980
21769 2423
22087 2725
22403 2929
22720 3074
23152 3202
23469 3259
23785 3299
24102 3329
24419 3347
24735 3364
25178 3376
25494 3380
25811 3387
26304 3390
26620 3392
26938 3394
27254 3398
27570 3396
27903 3397
28219 3394
28536 3397
28852 3396
29373 3397
29689 3396
30007 3401
30323 3399
30639 3399
31018 3396
31335 3345
31651 2491
31968 1913
32285 1511
32601 1244
32955 1036
33271 912
33587 826
33905 767
34221 744
34538 700
34854 677
35376 654
35692 648
36010 643
36326 631
36643 636
37023 635
37340 634
37656 631
37974 629
38290 630
38607 629
38963 627
39280 630
39596 629
39914 628
40230 593
40546 630
40865 631
41182 602
41498 631
41814 751
42310 1922
42626 2384
42944 2697
43260 2911
43577 3058
43913 3167
44230 3238
44546 3284
44863 3320
45180 3337
45497 3358
45813 3370
46307 3384
46624 3384
46941 3389
47258 3406
47574 3394
47909 3396
48226 3395
48542 3397
48858 3396
49176 3398
49492 3395
49809 3396
50126 3398
50443 3398
50759 3399
51218 3397
51534 3410
51850 3399
52370 2916
52686 2205
53004 1716
53320 1380
53637 1154
54013 967
54330 867
54646 793
55029 734
55346 702
55662 681
56056 653
56372 653
56689 644
57006 623
57323 637
57639 636
58018 633
58334 631
58650 630
59036 632
59353 626
59669 630
60068 630
60384 629
60701 630
61018 630
61335 629
61651 630
62037 623
62354 629
62670 627
62988 1503
63304 2088
63621 2520
63987 2840
64303 2992
64619 3113
64937 3199
65253 3258
65570 3305
65902 3331
66219 3350
66535 3364
66851 3371
67169 3386
67485 3384
67802 3385
68289 3392
68605 3399
68923 3396
69239 3394
69555 3412
69878 3398
70194 3396
70511 3397
70827 3405
71331 3392
71647 3397
71965 3397
72281 3393
72598 3400
72949 3405
73265 2909
73581 2235
73921 1681
74238 1360
74554 1134
74872 978
75188 871
75505 791
75821 748
76321 697
76637 690
76955 662
77271 643
77587 645
77932 641
78248 643
78564 636
78893 632
79209 632
79526 631
79842 631
80356 631
80672 632
80990 639
81306 629
81623 632
81990 634
82307 631
82623 633
82941 631
83257 631
83573 667
83908 1566
84225 2135
84541 2524
84857 2794
85175 2977
