2 784
3706 794
7216 815
11126 854
15036 905
18946 974
22856 1057
26766 1147
30677 1260
34587 1380
38497 1511
42407 1643
46317 1782
50168 1924
54079 2074
57989 2220
61899 2356
65809 2491
69719 2619
73629 2742
77539 2865
81449 2968
85359 3053
89239 3126
93041 3184
96951 3225
100861 3257
104771 3278
108681 3234
112591 3246
116502 3262
120412 3154
124322 3085
128177 2980
131936 2920
135536 2822
139046 2720
142956 2594
146866 2459
150776 2323
154686 2181
158596 2040
162506 1894
166416 1752
170326 1630
174184 1481
177949 1365
181558 1255
185067 1159
188977 1087
192887 981
196797 911
200707 855
204618 819
208528 795
212438 784
216348 805
220220 836
224009 878
227919 941
231829 1017
235739 1106
239649 1215
243559 1321
247469 1451
251380 1579
255273 1716
259097 1853
262804 1996
266315 2125
269824 2256
273734 2396
277644 2532
281554 2662
285465 2781
289375 2898
293265 2988
297083 3074
300993 3144
304903 3201
308813 3239
312724 3279
316634 3276
320544 3256
324454 3239
328364 3198
332247 3139
336054 3095
339731 2990
343641 2893
347552 2783
351462 2659
355372 2459
359260 2404
363170 2264
367080 2123
370990 1975
374900 1832
378810 1692
382720 1557
386631 1426
390541 1307
394451 1195
398361 1088
402242 1007
406152 932
410062 875
413972 828
417882 803
421792 788
425702 835
429612 822
433523 865
437433 920
441343 993
445211 1078
448995 1172
452905 1286
456815 1405
460725 1536
464635 1669
468545 1811
472455 1959
476365 2103
480249 2249
484057 2384
487737 2512
491247 2628
495157 2752
499067 2861
502977 2967
506887 3056
510797 3128
514707 3188
518617 3233
522528 3259
526438 3279
530348 3268
534220 3244
538130 3206
542040 3152
545950 3088
549860 3006
553770 2909
557680 2799
561591 2682
565501 2556
569411 2426
573321 2279
577175 2147
580934 2003
584844 1856
588754 1718
592664 1582
596574 1451
600484 1328
604394 1215
608298 1099
612138 1016
615872 947
619782 888
623693 839
627603 806
631513 789
635423 792
639333 826
643195 851
647105 905
651015 970
654926 1054
658836 1150
662746 1258
666656 1380
670566 1537
674476 1643
678386 1780
682284 1922
686115 2065
690025 2214
693935 2353
697846 2489
701756 2623
705666 2735
709576 2860
713486 2960
717396 3051
721300 3127
725143 3184
728880 3231
732442 3257
736352 3273
740228 3305
744138 3251
748048 3215
751958 3165
755868 3102
759778 3022
763688 2925
767598 2822
771509 2701
775419 2582
779329 2446
783188 2310
787098 2172
791008 2029
794918 1878
798829 1738
802739 1594
806649 1482
810559 1346
814469 1233
818379 1125
822272 1032
826182 954
830092 893
834002 844
837912 842
841822 788
845733 792
849643 816
853553 849
857463 906
861373 964
865262 1043
869079 1136
872773 1240
876283 1344
880193 1467
884103 1603
888013 1738
891923 1887
895833 2032
899743 2211
903653 2335
907563 2454
911474 2592
915384 2716
919280 2830
923108 2936
927018 3030
930928 3108
934838 3170
938749 3221
942659 3255
946569 3276
950479 3268
954389 3252
958288 3221
962199 3173
966109 3106
970019 3030
973929 2942
977839 2835
981749 2719
985659 2622
989569 2461
