2 1806
75 1762
111 1725
148 1683
184 1675
220 1635
257 1611
293 1594
330 1585
367 1578
404 1576
440 1574
476 1592
513 1606
549 1627
585 1652
622 1677
658 1715
695 1754
731 1795
767 1837
804 1885
840 1932
877 1980
913 2028
949 2078
986 2137
1022 2173
1059 2220
1095 2266
1131 2317
1168 2345
1204 2380
1241 2411
1277 2435
1313 2450
1350 2474
1387 2485
1424 2494
1460 2492
1496 2488
1533 2481
1569 2464
1606 2448
1642 2421
1678 2392
1715 2357
1751 2321
1788 2281
1824 2237
1860 2190
1897 2143
1933 2094
1970 2044
2006 1995
2042 1945
2079 1898
2115 1849
2151 1806
2188 1764
2224 1726
2261 1688
2297 1662
2333 1633
2382 1607
2419 1592
2455 1581
2491 1580
2528 1577
2564 1583
2601 1595
2637 1611
2673 1633
2710 1660
2746 1691
2783 1726
2819 1763
2855 1803
2892 1849
2928 1895
2964 1940
3001 1993
3037 2041
3074 2091
3110 2138
3146 2191
3183 2242
3219 2277
3256 2317
3292 2354
3328 2388
3366 2411
3402 2443
3439 2464
3475 2481
3512 2489
3548 2490
3584 2497
3621 2486
3657 2475
3693 2460
3730 2432
3766 2414
3803 2383
3839 2346
3875 2310
3912 2239
3948 2224
3985 2177
4021 2132
4057 2081
4094 2030
4130 2002
4167 1933
4203 1885
4239 1838
4276 1797
4312 1755
4349 1716
4385 1687
4422 1652
4458 1606
4494 1608
4531 1584
4567 1583
4604 1577
4640 1579
4676 1584
4713 1594
4749 1612
4786 1630
4822 1658
4858 1689
4895 1723
4931 1758
4968 1803
5004 1847
5040 1890
5077 1937
5113 1987
5150 2038
5186 2088
5222 2137
5259 2184
5295 2228
5332 2280
5379 2324
5415 2363
5452 2397
5488 2425
5525 2448
5561 2467
5597 2482
5634 2491
5670 2494
5707 2493
5743 2484
5779 2470
5816 2456
5852 2435
5889 2406
5925 2375
5961 2344
5998 2303
6034 2257
6070 2215
6107 2193
6143 2121
6180 2076
6216 2023
6252 1975
6289 1923
6325 1876
6363 1828
6399 1783
6436 1744
6472 1705
6508 1671
6545 1649
6581 1632
6618 1600
6654 1584
6690 1580
6727 1575
6763 1579
6799 1584
6836 1600
6872 1613
6909 1638
6945 1666
6981 1716
7018 1735
7054 1767
7091 1810
7127 1856
7163 1903
7200 1950
7236 2001
7273 2048
7309 2098
7345 2148
7402 2217
7439 2266
7475 2305
7511 2345
7548 2377
7584 2411
7620 2435
7657 2443
7693 2474
7730 2489
7766 2491
7802 2493
7839 2488
7875 2480
7912 2466
7948 2443
7984 2422
8021 2392
8057 2359
8094 2322
8130 2289
8166 2241
8203 2195
8239 2149
8276 2097
8312 2048
8348 1997
8385 1949
8422 1901
8458 1852
8495 1810
8531 1780
8567 1727
8604 1690
8640 1656
8676 1635
8713 1615
8749 1597
8786 1589
8822 1575
8858 1574
8895 1579
8931 1568
8968 1607
9004 1628
9040 1647
9077 1677
9113 1710
9150 1748
9186 1787
9222 1832
9259 1877
9295 1925
9332 1965
9369 2019
