2 740
3890 795
7643 879
11233 969
14743 1071
18653 1148
22563 1251
26473 1343
30383 1444
34293 1543
38203 1642
42113 1739
46014 1845
49924 1931
53835 2043
57745 2142
61655 2243
65565 2344
69475 2449
73385 2555
77295 2643
81205 2742
85115 2844
89018 2938
92857 3034
96767 3137
100677 3226
104588 3318
108498 3284
112408 3190
116318 3093
120228 2997
124138 2901
128048 2802
131906 2705
135671 2612
139278 2519
142788 2431
146698 2332
150608 2230
154518 2134
158428 2033
162338 1919
166248 1832
170159 1695
174069 1635
177940 1536
181850 1438
185760 1339
189670 1242
193580 1145
197491 1046
201401 964
205311 870
209221 777
213131 761
217041 852
220894 941
224804 1035
228714 1132
232624 1225
236534 1327
240445 1427
244355 1528
248265 1626
252175 1723
256085 1826
259967 1925
263877 2025
267787 2121
271698 2229
275608 2335
279518 2427
283428 2524
287338 2626
291248 2728
295158 2823
299068 2924
302939 3020
306849 3118
310760 3215
314670 3308
318580 3230
322490 3204
326400 3109
330310 3012
334220 2914
338130 2819
342040 2719
345893 2604
349803 2525
353713 2426
357623 2327
361533 2228
365443 2127
369354 2027
373264 1925
377174 1828
381084 1726
384965 1629
388875 1529
392786 1431
396696 1332
400606 1226
404516 1142
408426 1048
412336 952
416246 860
420156 768
424066 768
427936 856
431721 947
435363 1032
439273 1129
443183 1226
447093 1324
450981 1422
454796 1519
458706 1615
462616 1719
466526 1819
470436 1919
474346 2020
478256 2119
482166 2220
486077 2317
489953 2422
493749 2518
497410 2610
500919 2702
504829 2805
508739 2898
512650 2994
516560 3091
520470 3188
524380 3282
528290 3317
532200 3248
536110 3132
540009 3033
543843 2941
547753 2846
551663 2750
555573 2646
559483 2550
563393 2452
567304 2354
571214 2252
575124 2149
579032 2052
582542 1962
586453 1861
590363 1762
594273 1664
598183 1560
602093 1465
605980 1367
609891 1272
613801 1165
617711 1079
621621 988
625531 888
629441 803
633351 737
637261 822
641171 914
645082 1009
648961 1104
652872 1199
656782 1300
660692 1396
664602 1498
668512 1594
672422 1697
676332 1799
680242 1895
684152 1997
688063 2099
691930 2199
695840 2296
699750 2398
703660 2497
707570 2597
711480 2698
715390 2796
719301 2893
723211 2990
727121 3090
731027 3185
734872 3247
738614 3327
742184 3247
745694 3159
749604 3064
753514 2967
757424 2871
761334 2772
765244 2673
769154 2574
773065 2475
776933 2376
780716 2281
784626 2182
788536 2083
792446 1983
796357 1882
800267 1791
804177 1685
808087 1583
811970 1480
815778 1390
819688 1294
823598 1197
827508 1102
831418 1008
835328 916
839239 827
843149 733
847059 801
850923 895
854700 982
858327 1074
862237 1171
866147 1268
870058 1364
873921 1463
877832 1562
881742 1658
885652 1755
889562 1862
893472 1956
897382 2061
901292 2162
905202 2262
909112 2363
913013 2462
916923 2560
920833 2663
924743 2761
928653 2861
932563 2956
936474 3057
940384 3152
944294 3246
948204 3338
952114 3262
956015 3168
959926 3074
963836 2975
967746 2883
971656 2780
975566 2697
979476 2583
983386 2488
987296 2385
991206 2287
