2 1988
55 1988
71 2003
88 2015
104 2040
120 2057
137 2070
153 2074
170 2067
186 2055
202 2029
219 2011
235 1996
251 1992
268 1988
284 1998
301 2019
317 2042
333 2047
350 2071
366 2072
383 2062
399 2050
415 2031
432 2008
448 1992
465 1986
481 1991
497 2004
514 2015
530 2043
547 2062
563 2073
579 2095
596 2065
612 2051
629 2036
645 2003
661 1996
678 1988
694 1990
710 2004
727 2021
743 2044
760 2064
776 2068
792 2074
809 2061
826 2049
843 2027
859 2004
876 1993
892 2009
908 1994
925 2007
941 2027
957 2051
974 2066
990 2074
1007 2073
1023 2064
1039 2046
1056 2024
1072 2005
1089 1991
1105 1987
1121 2001
1138 2006
1154 2027
1171 2053
1187 2066
1203 2079
1220 2072
1236 2062
1253 2049
1269 2022
1285 2001
1302 1990
1318 1986
1335 1998
1351 2007
1367 2030
1384 2057
1400 2067
1416 2074
1433 2069
1449 2061
1466 2040
1482 2016
1498 2001
1515 1992
1531 1996
1548 1995
1564 2009
1580 2031
1597 2057
1613 2067
1630 2070
1646 2069
1662 2062
1679 2041
1695 2017
1712 1998
1728 1989
1744 1989
1761 2012
1777 2011
1794 2016
1810 2053
1827 2069
1844 2075
1860 2071
1876 2057
1893 2035
1909 2013
1926 1999
1942 1989
1958 1986
1975 1996
1991 2016
2008 2040
2024 2059
2040 2069
2057 2075
2073 2033
2089 2056
2106 2034
2122 2016
2139 1995
2155 1988
2171 1990
2188 1999
2204 2012
2221 2040
2237 2059
2253 2070
2270 2074
2286 2068
2303 2058
2319 2031
2335 2008
2352 1994
2368 1987
2385 1985
2401 2001
2417 2022
2434 2040
2450 2059
2467 2070
2483 2074
2499 2069
2516 2050
2532 2028
2548 2010
2565 1993
2581 1988
2598 1988
2614 2001
2630 2024
2647 2040
2663 2058
2680 2074
2696 2074
2712 2062
2729 2050
2745 2029
2762 2008
2778 1993
2794 1987
2811 1995
2827 2005
2844 2023
2860 2047
2876 2064
2893 2072
2909 2074
2926 2065
2942 2074
2958 2023
2975 2005
2991 1993
3008 1989
3024 1992
3040 2006
3057 2024
3073 2053
3090 2057
3106 2072
3122 2074
3139 2065
3155 2046
3172 2024
3188 2003
3204 1991
3221 1988
3237 1994
3254 2001
3270 2027
3286 2049
3303 2064
3319 2074
3335 2070
3352 2061
3368 2045
3385 2051
3401 2002
3417 1989
3434 1987
3450 1991
3467 2007
3483 2028
3499 2050
3516 2067
3532 2074
3549 2071
3565 2063
3581 2044
3598 2019
3614 2000
3631 1989
3647 1988
3663 1995
3680 2007
3696 2030
3713 2052
3729 2070
3745 2075
3762 2091
3778 2059
3794 2042
3811 2023
3827 2000
3844 1987
3860 1989
3877 1994
3893 2008
3909 2034
3926 2056
3942 1990
3959 2074
3975 2071
3991 2055
4008 2039
4024 2014
4040 1996
4057 1990
4073 2010
4090 1996
4106 2010
4122 2040
4139 2057
4155 2071
4172 2071
4188 2070
4204 2059
4221 2037
