2 2003
55 2032
72 2057
88 2083
104 2094
121 2063
137 2038
154 2009
170 1981
186 1954
203 1933
219 1949
235 1978
252 2006
268 2033
285 2061
301 2085
317 2105
334 2065
350 2034
367 1971
383 1981
399 1954
416 1921
432 1948
449 1980
465 2006
481 2033
498 2062
514 2090
531 2091
547 2056
563 2030
580 2004
596 1976
613 1949
629 1924
645 1950
662 1981
678 2012
694 2035
711 2062
727 2092
744 2101
760 2058
776 2029
793 2000
809 1973
826 1945
842 1913
858 1957
875 1983
891 2014
908 2040
924 2065
944 2096
961 2076
977 2047
994 2029
1010 1994
1026 1968
1043 1923
1059 1936
1076 1963
1092 1976
1108 2020
1125 2044
1141 2068
1158 2099
1174 2074
1190 2045
1207 2016
1223 1990
1239 1968
1256 1937
1272 1934
1289 1967
1305 1994
1321 2021
1338 2055
1354 2080
1371 2018
1387 2071
1403 2037
1420 2013
1436 1984
1453 1962
1469 1932
1485 1940
1502 1971
1518 2004
1535 2026
1551 2052
1567 2073
1584 2097
1600 2069
1617 2046
1633 2012
1649 1985
1666 1956
1682 1932
1698 1943
1715 1965
1731 2001
1748 2029
1764 2055
1780 2080
1797 2098
1813 2124
1830 2035
1846 2011
1862 1983
1879 1955
1895 1931
1912 1948
1928 1975
1946 2006
1962 2035
1978 2057
1995 2084
2011 2090
2027 2065
2044 2037
2060 2003
2077 1977
2093 1950
2109 1926
2126 1950
2142 1991
2159 2006
2175 2033
2191 2061
2208 2085
2224 2086
2241 2068
2257 2029
2273 1998
2290 1976
2306 1952
2323 1925
2339 1957
2355 1982
2372 2006
2388 2043
2405 2062
2421 2091
2437 2086
2454 2058
2470 2027
2486 1999
2503 1972
2519 1949
2536 1927
2552 1955
2568 2036
2585 2009
2601 2037
2618 2057
2634 2087
2650 2076
2667 2063
2683 2023
2700 2001
2716 1967
2732 1947
2749 1928
2765 1958
2782 1985
2798 2015
2814 2042
2831 2067
2847 2092
2864 2079
2880 2052
2896 2022
2913 1996
2929 1969
2953 1931
2969 1945
2986 1973
3002 2003
3019 2033
3035 2058
3051 2085
3068 2093
3084 2063
3101 2035
3117 2027
3133 1983
3150 1955
3166 1925
3182 1945
3199 1978
3215 2011
3232 2035
3248 2057
3264 2086
3281 2091
3297 2062
3314 2033
3330 2006
3346 1980
3363 1952
3379 1931
3396 1948
3412 1977
3428 2007
3445 2020
3461 2060
3478 2086
3494 2088
3510 2058
3527 2031
3543 2002
3560 1977
3576 1949
3592 1928
3609 1952
3625 1986
3641 2009
3658 2037
3674 2064
3691 2090
3707 2088
3723 2057
3740 2028
3756 2002
3773 1975
3789 1949
3805 1919
3822 1954
3838 1981
3855 2014
3871 2041
3887 2065
3904 2085
3920 2104
3938 2052
3954 2024
3970 1999
3987 1970
4003 1947
4020 1929
4036 1959
4052 1984
4069 2014
4085 2043
4102 2061
4118 2095
4134 2080
4151 2048
4167 2022
4184 1993
4200 1968
4216 1946
4233 1905
