2 770
3948 3367
7858 3400
11769 3392
15622 3400
19533 3401
23443 3401
27353 3404
31263 3397
35173 3400
39083 3402
42993 3400
46903 3402
50813 3402
54697 3401
58506 3400
62186 3401
66096 3409
70006 3402
73916 3401
77826 3402
81719 3405
85629 3398
89539 3409
93449 3402
97359 3402
101269 3400
105180 2595
109090 652
113000 627
116910 627
120820 630
124708 630
128618 624
132528 623
136439 623
140349 628
144259 588
148169 627
152079 625
155989 627
159899 625
163809 608
167690 627
171600 627
175511 625
179421 625
183331 625
187241 629
191151 622
195061 626
198971 625
202881 630
206791 622
210661 627
214444 3364
218084 3401
221994 3400
225904 3399
229815 3404
233699 3400
237509 3396
241191 3402
244701 3399
248611 3403
252521 3399
256431 3402
260341 3404
264251 3400
268161 3402
272071 3399
275982 3411
279892 3402
283802 3355
287678 3401
291473 3401
295132 3402
298641 3400
302551 3395
306461 3400
310372 3400
314282 3401
318192 764
322102 627
326012 594
329922 623
333832 628
337729 627
341639 628
345549 626
349459 625
353369 626
357279 627
361189 625
365099 627
369009 633
372920 624
376830 623
380724 625
384551 624
388461 625
392371 624
396281 620
400191 624
404101 629
408011 670
411922 626
415832 626
419728 618
423556 3186
427466 3397
431376 3399
435286 3400
439197 3401
443107 3404
447017 3401
450927 3377
454837 3395
458736 3399
462647 3402
466557 3401
470467 3399
474377 3403
478287 3400
482197 3400
486107 3401
490017 3401
493927 3401
497838 3400
501737 3402
505648 3401
509558 3400
513468 3401
517378 3404
521288 3396
525198 3401
529108 733
533018 630
536928 630
540839 631
544739 627
548575 614
552485 624
556396 630
560306 618
564216 625
568126 627
572036 626
575946 626
579856 627
583766 622
587619 627
591375 627
594968 626
598477 625
602387 625
606297 626
610207 625
614118 625
618028 626
621938 634
625848 630
629755 631
633601 2921
637346 3395
640919 3402
644429 3403
648339 3401
652249 3396
656159 3407
660069 3399
663979 3400
667889 3400
671800 3400
675674 3399
679467 3402
683122 3402
687032 3406
690942 3401
694852 3403
698762 3401
702612 3400
706522 3399
710432 3395
714342 3401
718252 3401
722162 3402
726072 3404
729983 3401
733893 3403
737803 1704
741679 641
745476 628
749137 628
752646 644
756556 626
760466 624
764376 623
768286 626
772197 627
776107 617
780017 627
783927 624
787837 626
791737 622
795571 628
799295 608
802835 625
806734 625
810567 624
814288 627
817823 624
821332 625
825243 624
829153 629
833063 624
836973 626
840883 625
844793 3127
848663 3400
852449 3398
856092 3404
859601 3401
863511 3399
867422 3403
871332 3400
875242 3400
879152 3399
883062 3400
886972 3406
890882 3399
894792 3424
898662 3401
902572 3379
906482 3400
910392 3399
914303 3404
918213 3399
922123 3400
926033 3399
929943 3393
933853 3402
937763 3404
941613 3400
945366 3403
948953 1266
952463 640
956373 627
960283 630
964193 624
968103 629
972013 623
975923 626
979833 626
983731 625
987561 628
