2 1358
75 1449
111 1530
148 1608
184 1686
220 1757
257 1831
293 1893
330 1952
366 2020
402 2074
439 2132
475 2183
512 2232
548 2285
584 2330
621 2378
657 2419
694 2460
730 2498
766 2535
803 2571
839 2608
875 2639
913 2673
949 2704
986 2732
1022 2759
1059 2759
1095 2670
1131 2579
1168 2493
1204 2414
1241 2339
1277 2267
1313 2196
1350 2131
1386 2076
1423 2008
1459 1951
1495 1893
1532 1840
1568 1793
1604 1739
1641 1691
1677 1651
1714 1606
1750 1571
1786 1521
1823 1493
1859 1454
1896 1416
1950 1370
1987 1335
2023 1313
2060 1283
2096 1256
2132 1305
2169 1394
2205 1485
2242 1563
2278 1639
2314 1715
2351 1789
2387 1852
2424 1923
2460 1983
2496 2047
2533 2097
2569 2148
2606 2208
2642 2260
2678 2305
2715 2352
2751 2374
2788 2437
2824 2478
2860 2517
2897 2551
2934 2588
2971 2620
3007 2654
3043 2686
3080 2715
3116 2743
3153 2773
3189 2721
3225 2631
3262 2546
3298 2463
3335 2386
3371 2310
3407 2236
3444 2167
3480 2103
3517 2042
3553 1984
3589 1926
3626 1873
3662 1817
3698 1770
3735 1722
3771 1675
3808 1631
3844 1590
3880 1549
3925 1505
3962 1464
3998 1436
4034 1399
4071 1365
4107 1340
4144 1303
4180 1287
4216 1251
4253 1318
4289 1407
4326 1493
4362 1587
4398 1652
4435 1724
4471 1788
4507 1866
4544 1937
4580 1994
4617 2051
4653 2108
4689 2161
4726 2177
4762 2264
4799 2312
4835 2357
4871 2399
4909 2445
4945 2483
4982 2523
5018 2556
5055 2591
5091 2628
5127 2659
5164 2691
5200 2716
5236 2747
5273 2776
5309 2707
5346 2614
5382 2531
5418 2450
5455 2369
5491 2302
5528 2227
5564 2160
5600 2094
5637 2033
5673 2004
5710 1917
5746 1855
5782 1812
5819 1762
5855 1715
5892 1671
5944 1603
5980 1566
6016 1528
6053 1492
6089 1454
6126 1420
6162 1391
6198 1346
6235 1327
6271 1291
6308 1268
6344 1257
6380 1352
6417 1440
6453 1524
6490 1602
6526 1678
6562 1753
6599 1824
6635 1896
6672 1953
6708 2015
6744 2066
6781 2124
6817 2181
6854 2237
6890 2280
6927 2324
6964 2373
7000 2416
7037 2457
7073 2485
7109 2538
7146 2567
7182 2608
7219 2637
7255 2672
7291 2702
7328 2730
7364 2758
7401 2769
7437 2674
7473 2591
7510 2502
7546 2422
7583 2347
7619 2274
7655 2203
7692 2139
7728 2072
7764 2013
7801 1955
7837 1900
7874 1854
7914 1786
7950 1738
7987 1691
8023 1632
8059 1608
8096 1568
8132 1524
8169 1487
8205 1451
8241 1417
8278 1386
8314 1355
8351 1323
8387 1293
8423 1256
8460 1261
8496 1356
8533 1438
8569 1523
8605 1603
8642 1678
8678 1754
8715 1822
8751 1890
8787 1952
8824 1963
8860 2075
8897 2130
8952 2211
8988 2262
9025 2306
9061 2349
9098 2418
9134 2438
9170 2479
9207 2517
9243 2554
9280 2590
9316 2623
9352 2659
9389 2688
