2 858
355 841
869 831
1185 829
1503 861
1819 890
2136 925
2502 980
2819 1039
3135 1114
3502 1210
3818 1302
4134 1389
4452 1487
4768 1593
5085 1703
5418 1825
5734 1933
6051 2046
6367 2161
6684 2272
7001 2383
7317 2490
7805 2647
8122 2762
8479 2842
8795 2926
9112 2994
9463 3064
9779 3118
10096 3249
10413 3205
10730 3217
11046 3235
11362 3231
11880 3213
12197 3201
12605 3134
12921 3084
13237 3027
13555 2956
13871 2885
14188 2798
14589 2682
14906 2583
15222 2478
15539 2366
15856 2262
16172 2149
16564 2006
16880 1892
17196 1779
17514 1671
17830 1562
18147 1460
18521 1339
18837 1251
19154 1172
19533 1085
19849 1017
20165 962
20552 904
20869 869
21185 845
21502 831
21819 825
22135 840
22502 868
22818 902
23135 943
23452 995
23769 1058
24085 1130
24418 1216
24734 1304
25051 1400
25367 1542
25685 1605
26001 1712
26318 1821
26806 1999
27122 2114
27440 2225
27756 2338
28072 2444
28397 2552
28714 2653
29030 2748
29346 2835
29854 2960
30170 3031
30488 3090
30804 3136
31121 3177
31477 3213
31794 3235
32110 3234
32460 3225
32776 3211
33093 3180
33410 3144
33727 3097
34043 3044
34359 2975
34876 2850
35192 2767
35510 2668
35826 2570
36142 2467
36514 2340
36830 2231
37146 2115
37464 1999
37780 1888
38097 1781
38438 1654
38754 1552
39070 1447
39394 1351
39710 1257
40027 1174
40343 1100
40661 1036
40977 956
41293 922
41765 873
42082 844
42399 830
42716 832
43032 843
43349 863
43857 922
44174 970
44491 1026
44808 1094
45124 1170
45483 1268
45800 1356
46116 1455
46434 1552
46750 1664
47066 1770
47387 1885
47704 2008
48020 2201
48336 2232
48654 2343
48970 2454
49287 2553
49754 2700
50071 2793
50388 2873
50704 2940
51021 3018
51337 3082
51839 3154
52155 3193
52472 3220
52789 3232
53105 3234
53452 3223
53768 3203
54085 3173
54418 3131
54734 3078
55050 3023
55367 2950
55684 2872
56001 2816
56317 2691
56805 2542
57121 2435
57439 2327
57755 2215
58072 2120
58396 2008
58712 1872
59029 1759
59345 1654
59663 1543
59979 1441
60295 1342
60769 1211
61085 1133
61403 1061
61719 1006
62036 948
62352 898
62863 848
63179 841
63497 833
63813 833
64130 858
64493 891
64809 930
65126 980
65443 1054
65760 1108
66076 1190
66403 1274
66719 1365
67036 1463
67352 1567
67864 1742
68180 1848
68497 1964
68814 2092
69130 2201
69494 2318
69810 2433
70126 2535
70444 2633
70760 2733
71077 2826
71404 2911
71721 2995
72037 3047
72353 3104
72671 3145
72987 3189
73304 3213
73783 3232
74099 3231
74417 3214
74733 3195
75049 3164
75366 3123
75886 3031
76203 2961
76614 2858
76930 2774
77247 2681
77688 2543
78004 2439
78321 2333
78638 2218
78955 2102
79271 1989
79728 1826
80044 1716
80361 1606
80878 1440
81194 1342
81512 1251
81828 1167
82145 1094
82517 1016
82834 959
83150 916
83468 876
83784 848
84100 833
84444 831
84760 841
85077 859
85394 893
