2 1985
45 1987
51 1986
58 1988
64 1989
71 1999
77 2006
84 2022
90 2024
96 2031
103 2044
109 2057
116 2062
122 2065
129 2076
135 2043
141 2085
148 2086
154 2072
161 2087
167 2081
174 2076
180 2069
186 2062
193 2052
199 2043
206 2029
212 2025
219 2016
225 2008
231 1994
238 1998
244 1988
251 1985
257 1991
264 1990
270 1990
276 1990
283 2001
289 2005
296 2014
302 2024
309 2040
315 2045
321 2048
328 2061
334 2062
341 2078
347 2081
354 2083
360 2085
366 2086
373 2087
379 2081
386 2076
392 2067
399 2059
405 2054
411 2042
418 2033
424 2024
431 2015
437 2006
444 1999
450 1990
456 1987
463 1985
469 1986
476 1985
482 1985
489 1995
495 1997
501 2004
508 2017
514 2022
521 2032
527 2043
534 2055
540 2061
546 2073
553 2076
559 2068
566 2083
572 2085
579 2080
585 2109
591 2082
598 2077
604 2067
611 2057
617 2050
624 2039
630 2035
636 2021
643 2014
649 2008
656 1999
662 1991
669 1989
675 1987
681 1981
688 1990
694 1990
701 1994
707 2001
714 2006
720 2016
726 2026
733 2034
739 2044
746 2052
752 2065
759 2074
765 2074
771 2082
778 2081
784 2082
791 2083
797 2090
804 2083
810 2109
816 2069
823 2060
829 2049
836 2040
842 1976
849 2023
855 2014
861 2006
868 1998
874 1994
881 1988
887 1986
894 1986
900 1989
906 1987
913 1994
921 2003
928 2009
934 2016
940 2029
947 2038
953 2046
960 2066
966 2064
973 2070
979 2078
985 2075
992 2087
998 2088
1005 2086
1011 2083
1018 2078
1024 2072
1030 2063
1037 2055
1043 2049
1050 2039
1056 2030
1063 2018
1069 2011
1075 2003
1082 1998
1088 1989
1095 1992
1101 1983
1108 1983
1114 1988
1120 1991
1127 1991
1133 2023
1140 2010
1146 2022
1153 2027
1159 2038
1165 2046
1172 2057
1178 2066
1185 2081
1191 2078
1198 2083
1204 2085
1210 2086
1217 2085
1223 2082
1230 2077
1236 2073
1243 2065
1249 2059
1255 2048
1262 2038
1268 2030
1275 2017
1281 2012
1288 2002
1294 1995
1300 1991
1307 1988
1313 1986
1320 1987
1326 1985
1333 1988
1339 1996
1345 2004
1352 2009
1358 2021
1365 2031
1371 2037
1378 2049
1384 2064
1390 2069
1397 2073
1403 2079
1410 2089
1416 2087
1423 2087
1429 2086
1435 2082
1442 2079
1448 2074
1455 2064
1461 2059
1468 2045
1474 2037
1480 2015
1487 2016
1493 2010
1500 2004
1506 1998
1513 1989
1519 1985
1525 1980
1532 1984
1538 1988
1545 1992
1551 1997
1558 2006
1564 2012
1570 2023
1577 2030
1583 2009
1590 2048
1596 2058
1603 2067
1609 2087
1615 2081
1622 2086
1628 2088
1635 2089
1641 2087
1648 2084
1654 2079
1660 2075
1667 2061
1673 2057
1680 2046
