2 1987
55 1988
72 2001
88 2020
104 2046
121 2074
137 2084
154 2086
170 2092
186 2061
203 2039
219 2015
236 1995
252 1987
268 1984
285 1998
301 2024
318 2044
334 2068
350 2084
367 2078
383 2083
399 2061
416 2035
432 2012
449 1991
465 1985
481 1987
498 2001
514 2026
531 2050
547 2070
563 2086
580 2087
596 2084
613 2059
629 2034
645 2012
662 1991
678 1986
695 2002
711 2008
727 2027
744 2061
760 2070
777 2085
793 2082
809 2075
827 2053
843 2039
860 2006
876 1992
892 1991
909 1992
925 2009
942 2033
958 2057
974 2078
991 2085
1007 2083
1024 2071
1040 2053
1056 2030
1073 2003
1089 1989
1106 1988
1122 1995
1138 2010
1155 2033
1171 2058
1187 2077
1204 2086
1220 2078
1237 2073
1253 2052
1269 2024
1286 2004
1302 1992
1319 2026
1335 1994
1351 2012
1368 2043
1384 2061
1401 2077
1417 2087
1433 2082
1450 2071
1466 2049
1483 2024
1499 1999
1515 1990
1532 1986
1548 1996
1565 2015
1581 2040
1597 2061
1614 2080
1630 2086
1646 2081
1663 2068
1679 2045
1696 1973
1712 2002
1728 1989
1745 1983
1761 2001
1778 2016
1794 2046
1810 2060
1834 2080
1850 2088
1867 2076
1883 2061
1899 2033
1916 2011
1932 1992
1949 1988
1965 1986
1981 2007
1998 2026
2014 2051
2031 2073
2047 2086
2063 2086
2080 2076
2096 2056
2112 2032
2129 2010
2145 2008
2162 1982
2178 1989
2194 2013
2211 2031
2227 2056
2244 2110
2260 2088
2276 2085
2293 2066
2309 2054
2326 2035
2342 2008
2358 1992
2375 1985
2391 1992
2408 2007
2424 2031
2440 2057
2457 2077
2473 2087
2490 2086
2506 2073
2522 2051
2539 2027
2555 2006
2571 1988
2588 1985
2604 1994
2621 2008
2637 2034
2653 2057
2670 2088
2686 2085
2703 2085
2719 2073
2735 2051
2752 2028
2768 2004
2785 1990
2801 1985
2819 1999
2835 2017
2852 2036
2868 2065
2885 2079
2901 2089
2917 2086
2934 2068
2950 2042
2967 2026
2983 1996
2999 1988
3016 1984
3032 1997
3049 2017
3065 2062
3081 2064
3098 2079
3114 2089
3131 2082
3147 2068
3163 2046
3180 2016
3196 1997
3213 1987
3229 1988
3245 1989
3262 2018
3278 2032
3294 2063
3311 2085
3327 2088
3344 2036
3360 2064
3376 2042
3393 2020
3409 2000
3426 1988
3442 1988
3458 1999
3475 2020
3491 2039
3508 2065
3524 2083
3540 2087
3557 2080
3573 2061
3590 2042
3606 2016
3622 1995
3639 1982
3655 1989
3672 1998
3688 2022
3704 2045
3721 2054
3737 2083
3753 2089
3770 2067
3786 2060
3803 2037
3820 2010
3837 1991
3853 1984
3869 1994
3886 2003
3902 2025
3919 2044
3935 2071
3951 2084
3968 2080
3984 2077
4001 2062
4017 2031
4033 2010
4050 1991
4066 1990
4082 1991
4099 2005
4115 2026
4132 2054
4148 2074
4164 2085
4181 2085
4197 2076
4214 2056
4230 2030
