1 1819
74 1780
111 1744
147 1713
184 1682
220 1673
256 1662
293 1646
329 1640
366 1632
402 1641
438 1649
475 1659
511 1665
548 1686
584 1727
620 1731
657 1749
693 1781
730 1811
766 1849
802 1886
839 1922
875 1961
913 2012
949 2051
985 2101
1022 2140
1058 2196
1095 2243
1131 2279
1167 2317
1204 2348
1240 2370
1277 2390
1313 2406
1349 2416
1386 2421
1422 2423
1459 2429
1495 2417
1531 2405
1568 2389
1604 2375
1641 2359
1677 2330
1713 2305
1750 2277
1786 2244
1822 2212
1859 2157
1895 2141
1949 2075
1986 2035
2022 1990
2058 1942
2095 1893
2131 1842
2168 1803
2204 1764
2240 1737
2277 1702
2313 1683
2350 1665
2386 1653
2422 1643
2459 1659
2495 1637
2532 1639
2568 1650
2604 1662
2641 1674
2677 1695
2713 1714
2750 1738
2786 1766
2823 1796
2859 1860
2895 1862
2933 1915
2969 1941
3006 1984
3042 2027
3079 2071
3115 2119
3151 2168
3188 2215
3224 2261
3261 2296
3297 2329
3333 2359
3370 2380
3406 2397
3442 2410
3479 2419
3515 2420
3552 2421
3588 2419
3624 2413
3661 2399
3697 2383
3734 2362
3770 2346
3806 2318
3843 2295
3879 2267
3922 2226
3959 2190
3995 2155
4032 2114
4068 2072
4104 2024
4141 1984
4177 1930
4214 1885
4250 1839
4286 1805
4323 1761
4359 1726
4396 1698
4432 1679
4468 1673
4505 1651
4541 1641
4578 1640
4614 1639
4650 1643
4687 1650
4723 1663
4759 1676
4796 1696
4832 1717
4869 1742
4905 1769
4943 1803
4979 1834
5015 1862
5052 1907
5088 1943
5124 1985
5161 2067
5197 2076
5234 2123
5270 2171
5306 2222
5343 2234
5379 2302
5416 2331
5452 2358
5488 2382
5525 2387
5561 2408
5598 2418
5634 2421
5670 2419
5707 2418
5743 2410
5780 2395
5816 2381
5852 2365
5889 2341
5938 2306
5975 2279
6011 2255
6048 2220
6084 2212
6120 2144
6157 2101
6193 2059
6229 2014
6266 1969
6302 1925
6339 1871
6375 1823
6411 1784
6448 1751
6484 1722
6521 1700
6557 1676
6593 1659
6630 1648
6666 1639
6703 1647
6739 1638
6775 1654
6812 1653
6848 1663
6885 1678
6922 1701
6958 1724
6995 1750
7031 1776
7068 1809
7104 1840
7140 1876
7177 1915
7213 1960
7250 1994
7286 2043
7322 2083
7359 2133
7395 2186
7432 2232
7468 2274
7504 2311
7541 2340
7577 2372
7614 2384
7650 2396
7686 2412
7723 2420
7759 2433
7796 2424
7832 2416
7868 2405
7905 2393
7942 2379
7979 2360
8015 2335
8051 2311
8088 2286
8124 2253
8161 2220
8197 2180
8233 2148
8270 2105
8306 2065
8343 2026
8379 1978
8415 1930
8452 1879
8488 1832
8525 1791
8561 1752
8597 1724
8634 1696
8670 1677
8706 1665
8743 1651
8779 1646
8816 1634
8852 1639
8888 1648
8926 1655
8962 1675
8999 1679
9035 1700
9072 1719
9108 1753
9144 1776
9181 1801
9217 1838
9254 1870
9290 1912
9326 1958
9363 1993
