2 1987
45 1988
52 1990
58 1991
65 1996
71 2005
77 2002
84 2006
90 2015
97 2026
103 2038
110 2046
116 2054
122 2059
129 2065
135 2065
142 2074
148 2078
155 2074
161 2069
167 2069
174 2086
180 2062
187 2054
193 2050
200 2035
206 2029
212 2016
219 2010
225 1980
232 1998
238 1993
245 1991
251 1986
257 1988
264 1987
270 1992
277 1994
283 1999
290 2004
296 2011
302 2020
309 2026
315 2037
322 2043
328 2055
335 2058
341 2065
347 2065
354 2073
360 2075
367 2076
373 2071
380 2073
386 2067
392 2060
399 2067
405 2047
412 2038
418 2027
425 2007
431 2012
437 1998
444 1996
450 1977
457 1990
463 1988
470 1987
476 1989
482 1989
489 1994
495 1998
502 2002
508 2009
515 2020
521 2026
527 2038
534 2048
540 2052
547 2058
553 2066
560 2069
566 2074
572 2073
579 2071
585 2073
592 2067
598 2064
605 2059
611 2050
617 2050
624 2025
630 2024
637 2018
643 2010
650 1996
656 1998
662 1992
669 1997
675 1981
682 1986
688 1990
695 1987
701 1995
707 1999
714 2006
720 2014
727 2018
733 2031
740 2038
746 2041
752 2053
759 2060
765 2064
772 2070
778 2072
786 2071
792 2071
799 2069
805 2070
812 2063
818 2057
824 2016
831 2042
837 2034
844 2025
850 2015
857 2006
863 2000
869 1995
876 1990
882 1989
889 1990
895 1989
902 1986
908 1994
914 1994
921 2000
927 2006
934 2012
940 2023
947 2024
953 2040
959 2052
966 2056
972 2058
979 2068
985 2072
992 2073
998 2071
1004 2071
1011 2071
1017 2067
1024 2055
1030 2055
1037 2050
1043 2045
1049 1999
1056 2024
1062 2022
1069 2008
1075 1993
1082 1996
1088 1992
1094 1991
1101 1988
1107 1984
1114 1990
1120 1989
1127 1995
1133 2000
1139 2009
1146 2012
1152 2021
1159 2025
1165 2039
1172 2052
1178 2057
1184 2061
1191 2067
1197 2069
1204 2071
1210 2072
1217 2075
1223 2071
1229 2069
1236 2064
1242 2060
1249 2041
1255 2044
1262 2032
1268 2025
1274 1993
1281 2009
1287 2004
1294 1994
1300 1986
1307 1989
1313 1992
1319 1988
1326 1990
1332 1990
1339 1994
1345 2003
1352 2009
1358 2015
1364 2013
1371 2026
1377 2040
1384 2050
1390 2058
1397 2066
1403 2070
1409 2073
1416 2073
1422 2072
1429 2071
1435 2072
1442 2064
1448 2063
1454 2056
1461 2047
1467 2039
1474 2024
1480 2022
1487 2012
1493 2006
1499 1999
1506 1993
1512 1990
1519 1989
1525 1995
1532 1988
1538 1989
1544 1993
1551 2000
1557 2000
1564 2012
1570 2018
1577 2026
1583 2031
1589 2043
1596 2050
1602 2056
1609 2066
1615 2070
1622 2077
1628 2072
1634 2072
1641 2073
1647 2077
1654 2068
1660 2062
1667 2056
1673 2049
1679 2041
