3 914
356 873
672 867
989 885
1306 924
1623 970
1939 1031
2425 1133
2742 1201
3059 1272
3376 1353
3692 1432
4014 1510
4330 1589
4647 1666
4963 1750
5466 1879
5782 1956
6164 2057
6481 2083
6797 2221
7115 2302
7431 2387
7747 2465
8106 2563
8422 2632
8739 2714
9056 2800
9373 2875
9689 2949
10009 3038
10325 3116
10642 3179
10958 3206
11276 3191
11592 3162
11908 3117
12375 3033
12691 2963
13009 2895
13325 2818
13641 2748
13958 2667
14457 2550
14773 2468
15149 2372
15465 2292
15782 2221
16163 2113
16479 2028
16796 1951
17113 1870
17430 1786
17746 1703
18104 1624
18420 1535
18737 1454
19054 1375
19371 1295
19687 1220
20006 1130
20322 1068
20638 988
20955 910
21452 923
21768 888
22086 908
22402 957
22719 1011
23058 1075
23374 1143
23691 1214
24012 1293
24328 1368
24645 1442
24961 1524
25279 1604
25595 1684
25911 1765
26379 1883
26696 1965
27013 2045
27330 2129
27646 2208
27962 2289
28465 2420
28781 2519
29162 2597
29478 2678
29795 2761
30185 2858
30501 2937
30818 3018
31135 3096
31452 3161
31768 3199
32141 3194
32457 3152
32773 3120
33091 3066
33407 3003
33724 2935
34067 2859
34383 2782
34700 2706
35017 2627
35333 2551
35650 2471
35966 2392
36471 2259
36787 2181
37105 2100
37421 2017
37738 1936
38090 1849
38406 1767
38723 1685
39040 1605
39356 1524
39673 1445
39989 1365
40509 1235
40826 1154
41143 1075
41460 1002
41776 927
42154 858
42470 866
42787 889
43104 928
43420 976
43737 1035
44089 1106
44405 1172
44721 1246
45039 1326
45355 1393
45672 1478
45988 1556
46507 1690
46824 1767
47141 1850
47457 1932
47774 2016
48150 2112
48467 2191
48783 2272
49165 2373
49482 2459
49798 2533
50116 2614
50432 2697
50749 2775
51108 2868
51424 2947
51741 3035
52095 3111
52412 3177
52728 3202
53074 3194
53390 3160
53707 3112
54038 3056
54354 2992
54671 2924
54987 2851
55506 2710
55822 2649
56231 2539
56547 2468
56864 2389
57300 2280
57616 2196
57933 2115
58415 1991
58731 1960
59049 1829
59365 1749
59682 1667
59998 1588
60315 1506
60631 1426
60947 1348
61265 1269
61581 1175
61898 1113
62357 1003
62673 925
62989 880
63509 873
63826 904
64143 947
64460 1000
64776 1063
65154 1137
65470 1221
65787 1288
66104 1353
66421 1444
66737 1518
67089 1608
67405 1692
67722 1769
68039 1851
68356 1936
68672 2014
68989 2095
69508 2230
69824 2312
70234 2420
70551 2497
70867 2569
71306 2687
71622 2771
71939 2850
72256 2950
72573 3008
72889 3086
73342 3184
73658 3202
73975 3188
74292 3159
74609 3112
74925 3056
75402 2958
75719 2883
76036 2806
76353 2742
76669 2662
76986 2582
77503 2451
77819 2372
78226 2270
78543 2188
78859 2108
79176 2024
79493 1945
79809 1860
80209 1753
80526 1681
80842 1600
81264 1493
81580 1414
81897 1333
82355 1219
82671 1142
82987 1064
83305 993
83621 915
83938 872
84423 877
84740 905
85094 956
85410 1009
85726 1087
86044 1141
