2.00 0.35 118.12 6.92
23.12 12.05 122.62 4.92
39.25 12.01 128.75 5.24
55.87 12.15 129.87 14.87
72.50 11.92 142.00 6.34
88.75 11.82 149.50 4.44
105.37 11.98 159.37 9.34
121.62 11.87 160.62 5.57
137.87 12.15 168.75 4.55
154.62 11.87 180.75 13.53
170.75 11.82 181.25 2.68
187.25 12.03 187.25 3.93
203.62 11.87 193.12 6.92
219.87 12.15 199.75 3.34
236.50 11.93 207.12 4.25
252.75 11.82 212.87 7.37
269.37 11.98 218.87 4.37
285.75 11.83 224.75 4.44
301.87 11.77 231.50 5.45
318.75 11.83 237.75 5.04
334.87 11.77 243.87 6.60
351.37 11.98 250.50 4.64
367.75 11.83 264.62 19.01
383.87 11.77 267.00 11.30
400.75 11.83 269.87 5.13
416.75 11.83 277.25 4.46
433.37 11.98 283.25 4.23
449.75 11.83 295.50 15.44
466.75 11.64 299.50 7.16
484.25 11.44 302.87 4.01
500.25 11.44 309.37 4.77
516.87 11.63 311.87 14.56
533.25 11.44 321.62 4.09
549.50 11.43 328.12 3.75
566.00 11.58 335.12 4.28
582.25 11.44 338.12 10.25
598.62 11.76 344.62 20.11
615.50 12.09 351.25 9.83
631.75 12.41 364.87 14.70
648.25 12.22 365.12 5.42
664.50 12.09 372.00 4.92
681.87 12.13 381.62 6.52
698.37 11.84 388.62 7.09
714.62 12.14 391.62 3.08
731.25 11.91 402.50 12.57
747.37 11.84 402.00 9.27
763.75 12.13 412.50 9.68
780.37 11.84 417.37 4.92
796.62 12.14 423.50 3.67
813.25 11.91 425.87 9.59
829.37 11.84 433.50 7.43
845.75 12.13 442.87 5.04
862.50 11.77 448.87 3.76
878.62 12.09 454.37 4.50
895.37 11.84 459.62 2.06
911.50 11.77 465.62 5.89
927.87 12.06 473.12 4.43
944.50 11.77 475.87 8.30
960.62 12.09 486.75 5.70
977.25 11.91 491.00 5.34
993.50 11.77 495.75 4.35
1009.87 12.06 502.75 4.23
1026.37 11.84 506.12 7.51
1042.62 12.09 515.00 5.02
1059.50 11.80 520.37 4.24
1075.87 11.58 521.87 13.90
1092.12 11.88 531.62 4.00
1108.75 11.66 535.25 5.58
1124.87 11.58 543.12 3.69
1141.62 11.71 547.75 3.86
1157.87 11.58 553.50 5.00
1174.12 11.88 558.37 5.45
1190.75 11.66 562.37 2.87
1206.87 11.58 567.25 3.11
1223.50 11.73 571.62 3.00
1239.87 11.58 576.62 5.48
1256.12 11.88 579.12 3.14
1273.37 11.36 585.12 3.02
1289.37 11.36 585.87 6.37
1306.00 11.52 592.50 2.18
1322.37 11.36 596.75 3.03
1338.62 11.65 601.00 3.67
1355.37 11.36 601.25 9.24
1371.37 11.36 607.62 5.17
1387.87 11.59 608.25 10.81
1404.37 11.36 616.50 2.50
1420.62 11.65 619.25 1.98
1437.37 11.36 621.62 3.46
1453.62 11.32 626.37 2.23
1470.00 11.57 631.50 6.06
1486.62 11.32 633.62 6.28
1503.00 11.57 636.12 5.23
1519.50 11.34 635.00 7.63
1535.75 11.29 637.37 6.24
1552.00 11.57 638.37 8.86
1568.62 11.32 645.75 2.05
1584.87 11.25 647.37 2.18
1601.37 11.40 647.87 9.24
1617.87 11.97 653.25 2.11
1634.25 12.22 655.50 9.07
1650.87 11.97 658.62 2.06
1667.25 11.88 660.12 1.83
1683.75 12.04 663.50 3.35
1700.00 11.96 664.37 2.17
1716.37 12.20 667.87 2.93
1733.00 11.96 669.37 1.73
1749.12 11.92 670.87 2.80
1765.62 12.12 676.75 7.64
1782.00 11.96 665.12 22.81
1798.37 12.20 682.00 13.68
1815.00 11.96 677.12 4.78
1831.12 11.92 687.37 18.40
1847.50 12.20 681.62 1.73
1864.12 11.88 683.62 0.99
1880.50 12.12 685.50 1.87
1897.12 11.88 684.50 7.04
1913.25 11.84 685.75 8.76
1929.75 12.04 693.50 6.78
1946.12 11.88 694.62 6.54
1962.37 11.80 693.62 2.39
1979.00 11.89 695.25 1.56
1995.25 11.84 692.12 11.58
2011.62 12.05 697.62 2.00
2028.12 11.88 701.62 4.18
2044.37 11.80 701.62 2.23
2061.37 11.75 702.12 1.27
2077.75 11.58 704.62 3.12
2094.37 11.71 705.62 1.73
2110.75 11.58 712.50 19.14
2127.25 11.39 707.75 1.48
2143.62 11.61 713.50 14.28
2159.75 11.58 709.25 5.07
2176.37 11.71 710.62 3.12
2192.75 11.58 711.50 1.22
2209.12 11.44 719.37 13.85
2225.62 11.61 715.37 2.29
2241.75 11.58 715.37 1.65
2258.37 11.71 717.62 4.44
2274.87 11.54 716.50 3.60
2291.25 11.39 716.00 5.45
2307.75 11.56 719.00 3.08
2323.87 11.54 720.37 3.74
2340.50 11.67 721.50 1.32
2356.87 11.54 724.12 10.82
2373.25 11.39 724.50 0.87
2389.75 11.56 725.87 1.62
2405.87 11.54 728.25 4.49
2422.37 11.35 727.62 1.49
2438.75 11.56 730.00 5.48
2455.25 11.43 730.25 2.82
2471.75 11.56 731.87 4.51
2488.00 11.52 731.37 1.73
2504.50 11.32 736.75 12.96
2521.00 11.52 733.00 2.45
2537.12 11.47 749.25 42.28
2553.62 11.65 732.75 3.27
2570.00 11.52 735.87 2.26
2586.50 11.32 740.75 12.22
2603.00 11.52 734.75 5.07
2619.50 12.45 737.37 1.41
2636.00 12.63 742.25 28.58
2652.37 12.50 743.12 9.83
2669.25 12.59 740.75 2.44
2685.62 12.47 741.37 2.00
2701.75 12.42 748.25 8.80
2718.25 12.59 742.00 3.32
2734.62 12.47 750.00 18.16
2751.12 12.63 745.00 2.34
2767.50 12.49 741.25 9.23
2783.62 12.47 760.12 35.56
2800.25 12.59 745.25 4.66
2816.62 12.47 742.87 10.96
2833.12 12.63 748.12 1.54
2849.37 12.50 747.87 4.62
2865.87 12.31 748.87 2.03
2882.62 12.35 747.75 4.21
2898.87 12.31 750.00 0.50
2915.37 12.47 748.12 5.73
2931.62 12.35 753.00 1.73
2947.87 12.31 747.87 14.77
2964.62 12.35 754.12 1.76
2980.87 12.31 756.37 11.58
2997.25 12.52 754.62 1.11
3013.62 12.35 755.12 3.14
3029.87 12.31 754.37 3.35
3046.62 12.35 754.62 5.54
3063.00 12.27 756.50 1.12
3079.37 12.08 760.00 5.05
3095.87 12.24 758.75 1.30
3112.12 12.20 749.37 26.22
3128.87 12.24 759.50 1.12
3145.12 12.20 759.62 0.86
3161.37 12.08 751.37 23.98
3177.87 12.24 760.50 1.00
3194.12 12.20 762.12 1.05
3210.87 12.24 765.00 11.43
3227.00 12.23 763.25 7.87
3243.12 12.20 763.37 0.86
3259.87 12.24 763.87 1.96
3276.25 12.15 759.75 15.49
3293.00 12.20 762.25 8.44
3309.00 12.20 760.12 16.69
3325.25 12.15 764.50 4.85
3342.00 12.20 775.62 20.95
3358.25 12.15 769.62 6.20
3375.00 12.20 763.87 12.83
3391.00 12.20 770.12 3.44
3407.25 12.15 770.62 4.12
3424.00 12.20 770.12 0.60
3440.25 12.15 769.87 0.93
3457.25 12.15 771.62 3.84
3473.37 12.14 774.37 8.21
3489.50 12.12 781.25 27.14
3506.37 12.14 771.87 1.83
3522.50 12.12 768.87 6.66
3538.87 11.95 771.62 1.58
3555.37 12.14 773.00 1.73
3571.50 12.12 773.25 1.92
3588.37 12.14 774.87 1.83
3604.50 12.12 770.62 12.00
3621.62 13.91 775.50 1.80
3638.00 13.77 783.87 20.10
3654.25 14.08 776.50 1.50
3671.12 13.75 775.37 3.46
3687.25 13.74 781.50 12.70
3703.62 13.95 789.25 20.95
3720.12 13.75 776.12 1.45
3736.37 14.06 783.00 6.67
3753.12 13.75 760.37 46.29
3769.25 13.74 784.87 13.33
3785.37 14.06 781.50 5.00
3802.12 13.75 779.75 4.35
3818.37 14.06 778.87 4.51
3835.00 13.76 781.62 1.58
3851.25 13.74 780.62 2.34
3867.50 13.99 782.12 0.60
3884.25 13.68 783.12 4.04
3900.50 13.99 782.50 0.87
3917.12 13.70 766.25 36.20
3933.37 13.66 784.50 2.24
3949.50 13.99 783.00 4.06
3966.25 13.68 785.37 5.05
3982.50 13.99 792.62 22.07
3999.00 13.75 785.75 0.66
4015.37 13.66 784.87 1.76
4031.50 13.99 783.00 7.07
4048.25 13.68 786.87 1.06
4065.25 13.51 787.50 2.60
4082.37 13.33 788.00 1.32
4098.62 13.26 774.50 36.11
4115.00 13.55 786.75 4.15
4131.50 13.30 796.50 11.55
4147.87 13.23 790.00 1.41
4164.37 13.33 795.62 15.75
4180.62 13.26 783.12 11.72
4197.00 13.55 790.25 0.97
4213.50 13.30 789.75 2.63
4229.87 13.23 792.50 2.83
4246.12 13.47 791.62 0.69
4262.62 13.26 792.00 1.23
4279.00 13.55 775.00 28.61
4295.37 13.33 793.00 1.00
4311.75 13.24 789.37 13.38
4328.12 13.49 794.00 2.12
4344.62 13.26 793.00 2.35
4361.00 13.55 793.12 2.20
4377.37 13.33 796.12 2.42
4393.75 13.24 794.50 2.18
4410.00 13.55 812.25 44.13
4426.62 13.26 795.62 0.99
4443.00 13.55 776.25 31.53
4459.62 13.28 782.37 36.08
4475.87 13.21 796.62 0.69
4492.12 13.53 797.25 7.51
4508.75 13.24 796.12 3.10
4525.00 13.21 796.87 1.62
4541.62 13.28 798.75 0.83
4557.75 13.24 787.87 27.58
4574.12 13.53 795.75 5.63
4590.62 13.28 798.12 5.71
4607.00 13.21 799.62 0.99
4623.50 13.30 800.00 1.22
4639.87 13.57 800.87 1.62
4656.12 13.53 798.75 2.54
4673.12 13.21 802.00 1.00
4689.62 13.48 803.62 6.59
4706.00 13.24 803.12 3.02
4722.37 13.49 798.50 6.69
4738.62 13.48 787.50 36.50
4755.12 13.21 801.50 1.94
4771.50 13.49 802.75 0.97
4787.75 13.41 803.37 0.86
4804.37 13.49 800.75 8.91
4820.62 13.48 803.00 1.00
4837.12 13.21 804.25 0.83
4853.37 13.49 808.50 7.76
4870.25 13.13 804.00 1.73
4886.87 12.83 801.62 29.69
4903.25 13.13 805.75 4.47
4919.62 12.93 805.87 2.09
4936.00 13.15 808.12 6.94
4952.25 13.13 808.87 13.52
4968.87 12.83 808.12 2.89
4985.25 13.13 803.50 14.36
5001.62 12.93 805.37 6.00
5018.00 13.15 806.87 1.45
5034.25 13.13 807.37 5.07
5050.75 12.88 807.62 1.66
5067.37 13.12 808.25 1.30
5083.75 12.90 809.12 1.36
5100.25 13.09 808.25 5.33
5116.50 13.08 809.75 3.27
5133.00 12.82 806.25 6.96
5149.50 13.08 810.87 2.47
5165.75 12.90 813.25 5.74
5182.25 13.09 807.62 5.57
5198.50 13.08 809.75 1.98
5215.00 12.82 811.25 1.48
5231.50 13.08 811.00 1.12
5247.62 13.00 811.00 1.32
5264.25 13.09 812.25 1.20
5280.50 13.08 811.12 5.64
5297.00 12.82 811.75 0.66
5313.37 13.08 811.62 0.70
5329.62 13.00 816.37 5.94
5346.12 12.77 812.50 1.00
5362.50 13.08 813.37 1.22
5379.00 12.82 814.37 4.80
5395.25 13.09 813.75 0.66
5411.62 13.00 813.62 1.22
5428.12 12.77 814.50 2.50
5444.50 13.08 806.00 20.83
5461.37 12.82 810.12 13.29
5477.87 13.04 815.12 1.27
5494.25 12.93 818.00 6.22
5510.62 12.72 814.25 3.19
5527.12 13.01 815.50 2.00
5543.37 12.82 817.62 3.71
5559.87 13.04 815.12 2.85
5576.12 13.01 816.50 0.50
5592.50 12.78 817.37 2.78
5609.12 13.01 826.87 25.86
5625.37 12.82 816.87 1.27
5641.87 13.04 817.62 0.48
5658.12 13.01 821.00 7.16
5675.37 12.88 819.00 4.44
5691.87 13.10 819.37 1.41
5708.12 12.90 819.37 1.73
5724.75 13.12 818.50 1.73
5740.87 13.10 820.37 2.91
5757.37 12.88 815.87 12.09
5773.87 13.10 820.12 0.78
5790.00 13.01 821.62 2.78
5806.75 13.12 825.25 7.74
5822.87 13.10 820.50 0.70
5839.37 12.88 820.87 0.60
5855.75 13.12 814.25 13.07
5872.12 12.95 820.37 5.02
5888.87 13.06 824.50 8.17
5905.00 13.04 821.37 1.66
5921.37 12.87 817.62 9.27
5937.87 13.06 824.62 4.92
5954.12 12.95 823.75 2.28
5970.75 13.06 830.37 20.68
5987.00 13.04 824.50 7.16
6003.37 12.87 823.50 0.87
6019.87 13.06 837.12 37.78
6036.00 13.04 815.25 19.82
6053.00 13.03 824.37 2.12
6069.12 13.02 825.25 7.74
6085.62 12.75 826.25 8.33
6102.25 12.97 822.87 12.19
6118.37 12.96 824.87 1.76
6134.87 12.72 822.62 7.83
6151.25 12.97 833.25 20.72
6167.62 12.75 826.37 1.41
6184.25 12.97 825.37 1.73
6200.37 12.96 808.25 22.72
6216.87 12.72 825.75 1.30
6233.25 12.97 826.25 1.20
6249.50 12.86 827.87 5.82
6266.25 12.97 826.50 1.22
6282.37 12.96 828.87 3.55
6298.75 12.78 827.87 2.47
6315.25 12.97 840.00 30.68
6331.50 12.86 832.75 24.10
6348.25 12.97 827.25 0.97
6364.25 12.97 828.75 2.33
6380.75 12.78 826.25 4.41
6397.25 12.97 822.12 19.88
6413.50 12.86 824.50 12.32
6430.12 12.97 847.25 50.57
6446.25 12.97 831.00 14.33
6462.87 12.78 829.50 1.80
6479.37 12.97 829.50 2.06
6495.62 12.86 825.25 11.89
6512.37 12.97 830.00 2.24
6528.37 12.97 830.75 1.30
6544.75 12.74 827.12 6.49
6561.37 12.97 832.37 5.27
6577.50 12.96 837.50 13.22
6594.12 12.72 838.50 22.19
6610.37 12.97 830.25 2.99
6626.75 12.74 826.37 13.42
6643.37 12.97 827.62 10.14
6659.50 12.96 830.37 5.29
6676.37 13.07 828.37 7.76
6692.50 13.01 833.25 4.68
6709.00 12.83 831.62 3.08
6725.50 13.01 829.25 10.40
6741.62 13.00 830.87 5.21
6758.25 13.13 826.75 15.45
6774.50 13.01 835.75 4.57
6790.87 12.95 833.75 1.56
6807.50 13.01 836.25 6.76
6823.50 13.01 833.75 0.97
6840.00 12.83 834.12 0.60
6856.50 13.01 839.37 7.79
6872.87 12.84 834.87 2.09
6889.62 12.95 821.12 34.83
6905.62 12.95 836.00 7.23
6922.25 12.71 841.50 23.52
6938.62 12.95 831.12 9.89
6954.87 12.84 835.50 0.86
6971.62 12.95 850.62 35.05
6987.62 12.95 833.87 6.93
7004.12 12.76 835.37 2.91
7020.62 12.95 835.25 25.33
7036.75 12.94 836.75 0.83
7053.62 13.00 836.25 2.49
7069.87 12.94 826.87 26.66
7086.25 12.75 838.25 2.44
7102.75 12.94 835.62 2.23
7118.87 12.94 835.87 5.53
7135.75 12.94 839.00 1.73
7151.75 12.94 843.12 14.33
7168.25 12.75 837.75 1.48
7184.75 12.94 838.12 2.85
7200.87 12.94 835.87 7.22
7217.62 13.00 841.00 6.87
7233.75 12.94 839.37 0.99
7250.12 12.88 833.87 10.59
7266.75 12.94 839.37 1.32
7282.87 12.94 834.37 14.19
7299.37 12.70 839.12 2.15
7315.75 12.94 825.75 38.46
7332.00 12.83 838.00 7.28
7348.75 12.94 841.62 3.74
7364.87 12.94 840.37 1.73
7381.37 12.70 830.12 25.02
7397.75 12.94 845.00 7.31
7414.00 12.83 845.87 15.18
7430.75 12.94 827.25 36.77
7446.87 12.94 841.87 4.68
7463.37 12.76 842.75 1.20
7479.87 12.95 839.37 4.39
7496.12 12.84 845.25 4.82
7512.75 12.94 857.87 42.01
7529.00 12.94 843.25 2.28
7545.37 12.76 839.12 8.85
7561.87 12.95 840.25 5.47
7578.00 12.94 842.25 1.30
7594.75 12.94 847.00 16.90
7610.87 12.95 843.12 1.36
7627.37 12.76 842.50 1.73
7643.87 12.95 841.75 5.91
7660.25 13.03 844.37 2.50
7676.87 13.10 843.50 1.23
7693.12 13.04 827.37 37.84
7709.50 12.80 848.50 13.08
7726.12 13.04 840.00 9.50
7742.25 13.03 843.75 2.28
7758.75 13.05 846.50 4.50
7775.12 13.04 844.12 0.78
7791.37 12.93 854.25 20.20
7808.12 13.04 847.12 2.26
7824.25 13.03 846.25 2.11
7840.75 13.05 848.12 7.26
7857.12 13.04 845.37 1.41
7873.37 12.93 845.87 0.93
7890.12 13.04 845.00 0.71
7906.25 13.03 837.12 17.97
7922.75 13.05 847.37 3.39
7939.12 13.04 846.37 1.22
7955.37 12.93 846.62 1.11
7972.00 13.04 846.62 1.41
7988.25 13.03 846.75 1.39
8004.62 12.74 846.37 0.99
8021.12 13.04 846.25 4.15
8037.25 13.03 847.00 1.73
8054.37 13.05 846.75 1.30
8070.50 13.05 858.75 29.61
8086.87 12.75 847.37 0.69
8103.50 13.05 842.62 17.59
8119.50 13.05 859.37 17.91
8136.37 13.05 849.12 1.54
8152.50 13.05 851.50 6.12
8168.75 12.81 850.25 14.25
8185.50 13.05 849.37 2.18
8201.50 13.05 838.50 26.31
8218.25 13.00 848.12 3.51
8234.50 13.05 849.00 1.50
8250.62 12.94 852.37 9.72
8267.50 13.05 849.25 2.95
8283.50 13.05 854.87 13.31
8300.12 12.98 849.62 0.70
8316.50 13.05 847.50 3.32
8332.62 12.94 837.37 21.84
8349.50 13.05 851.87 3.22
8365.50 13.05 852.87 5.42
8382.00 13.05 853.12 6.21
8398.50 13.05 850.37 0.99
