0 0
2 2
6 4
10 9
13 13
16 16
20 20
22 22
26 26
29 29
33 33
43 35
40 39
44 42
45 49
49 49
53 51
57 55
61 57
62 59
68 59
71 65
54 68
77 71
81 73
85 75
87 77
90 81
95 83
108 85
100 87
105 89
107 86
111 93
113 94
117 96
122 97
124 100
128 100
130 96
134 103
140 104
141 106
145 107
147 108
150 109
155 110
159 111
161 112
165 113
169 114
172 115
175 115
177 117
182 118
185 125
190 118
192 120
195 120
199 121
201 122
205 123
208 122
211 127
217 124
219 125
223 125
225 126
230 126
232 127
236 128
240 128
242 129
246 129
250 130
253 130
256 131
260 131
263 133
266 130
272 132
277 133
277 134
280 134
285 134
287 135
291 135
295 135
298 135
302 136
305 136
287 137
311 137
318 137
318 138
323 138
326 139
329 139
333 139
336 139
340 139
344 129
347 140
351 141
360 141
358 141
361 142
365 142
368 142
372 143
376 143
379 143
382 144
386 143
389 140
394 144
394 145
400 145
404 144
407 145
411 145
415 146
418 146
422 146
425 147
429 147
433 148
436 147
439 148
443 147
447 148
450 148
454 148
459 148
462 150
465 148
492 149
472 150
476 142
479 150
488 150
488 150
492 150
495 150
498 151
502 151
506 151
509 151
514 152
517 147
520 152
525 153
531 152
533 152
536 153
540 153
543 153
546 153
551 153
554 154
558 153
561 156
565 160
569 155
575 154
576 154
581 154
584 155
588 156
592 155
596 155
599 155
603 155
607 150
610 156
616 157
617 156
620 156
626 157
630 157
633 157
638 156
641 157
646 157
649 157
655 157
675 157
661 159
665 157
671 158
673 158
676 158
680 158
684 158
688 158
692 158
696 162
700 159
703 160
707 159
710 159
712 159
719 160
722 160
727 160
731 160
735 160
739 159
743 159
747 160
750 161
755 152
760 161
762 161
767 161
770 161
774 161
778 161
782 162
787 162
790 161
794 162
812 162
802 164
806 162
807 162
812 162
818 162
822 162
826 162
830 163
834 163
838 163
843 163
845 163
850 163
854 164
858 164
861 163
866 164
869 164
874 164
878 164
881 165
886 164
890 164
894 164
898 164
904 165
906 165
909 165
914 165
918 165
927 165
931 172
934 166
