0 0
3 3
3 7
9 15
11 13
16 16
19 19
23 23
26 26
30 30
33 33
36 36
39 39
44 43
47 46
50 49
54 52
57 55
60 58
63 61
67 65
71 67
73 70
78 72
80 75
85 78
88 80
91 82
94 85
98 87
101 89
105 92
108 94
111 95
115 97
119 99
122 99
125 103
130 110
131 105
132 107
138 108
141 109
145 109
148 111
151 112
155 114
158 114
162 116
164 116
168 117
171 119
175 119
179 120
182 121
185 122
188 122
192 123
196 124
199 124
202 125
206 126
209 127
214 127
221 128
218 129
223 129
227 129
229 130
233 131
236 131
240 132
243 133
247 131
250 136
254 134
258 134
260 134
264 135
267 135
270 135
275 136
277 136
282 137
284 138
288 131
292 138
296 138
295 139
302 139
305 140
309 140
312 141
316 140
319 141
322 143
326 142
330 142
334 142
336 142
340 143
346 143
347 143
351 144
355 144
358 144
362 144
364 145
369 145
372 144
397 146
381 148
383 146
393 146
390 146
393 147
397 147
401 148
405 148
407 149
411 150
415 150
422 151
423 152
426 152
430 153
433 154
437 154
441 155
444 155
448 156
451 155
455 154
459 155
463 155
466 156
471 155
474 155
476 155
480 155
484 155
488 155
491 155
495 155
499 155
481 155
508 155
510 149
513 155
522 155
520 155
524 155
528 155
532 156
536 156
539 155
542 156
547 156
551 155
555 153
560 156
562 156
565 156
570 157
573 157
577 157
581 158
585 158
588 158
592 158
596 158
600 156
603 158
583 159
620 159
614 159
618 159
623 158
626 156
630 159
644 160
638 160
642 160
646 176
648 161
653 161
662 161
661 161
665 161
669 161
673 154
677 166
681 162
684 162
688 162
692 163
697 162
700 163
701 163
708 163
711 163
715 162
720 166
723 163
728 164
732 163
735 164
739 163
744 164
747 164
750 165
755 165
758 164
763 164
769 163
770 165
775 164
778 165
784 163
787 164
791 163
795 165
801 165
802 166
807 165
810 166
814 166
818 166
822 166
826 166
830 165
835 166
838 166
843 166
839 166
850 166
854 166
858 166
863 167
866 167
870 167
874 167
878 167
882 166
885 168
889 166
894 167
898 167
902 168
906 167
910 167
913 168
918 168
927 168
931 173
935 169
