1.87 0.33 117.12 4.94
22.87 12.15 104.25 39.90
39.37 11.96 132.00 6.54
55.50 11.91 135.87 4.07
71.87 12.15 150.12 25.70
88.37 11.96 154.00 15.53
104.75 12.19 163.87 21.37
121.12 12.06 164.62 7.95
137.50 11.91 143.75 37.57
154.00 12.48 174.12 5.84
170.50 12.29 181.12 5.35
187.00 12.48 182.87 3.82
203.37 12.35 195.50 13.22
219.87 12.52 199.37 5.63
236.12 12.43 206.00 5.43
252.62 12.25 206.00 16.96
269.00 12.48 220.87 8.42
285.37 12.35 225.62 4.64
301.75 12.19 231.37 4.92
318.12 12.43 228.25 27.97
334.62 12.25 244.62 5.19
351.00 12.48 250.75 4.94
367.25 12.40 258.12 11.06
383.75 12.20 276.25 30.84
400.25 12.40 258.00 35.45
416.75 12.20 277.25 4.49
433.12 12.43 311.25 68.17
449.25 12.40 282.87 28.95
465.75 12.20 298.25 6.92
482.25 12.40 291.12 30.23
498.75 12.20 291.75 29.37
515.00 12.48 315.37 4.77
531.25 12.40 324.37 8.34
547.75 12.20 327.25 6.81
564.25 12.40 333.37 4.18
580.62 12.26 348.25 15.94
597.12 12.43 362.00 21.06
613.50 12.30 359.50 14.53
629.87 12.16 362.37 10.90
646.37 12.35 367.00 5.76
662.75 12.21 372.87 10.37
679.12 12.43 379.75 4.97
695.50 12.30 386.87 4.91
711.87 12.16 388.87 5.44
728.37 12.35 400.50 10.09
744.75 12.21 405.37 3.70
761.00 12.10 412.62 3.57
777.50 12.30 416.37 8.20
794.00 12.11 436.75 33.40
810.50 12.31 431.37 5.63
826.87 12.17 437.87 5.30
843.00 12.11 438.75 15.71
859.62 12.26 451.37 6.04
876.00 12.11 458.50 5.68
892.37 12.35 496.00 91.49
908.62 12.26 472.00 5.87
925.00 12.11 480.50 8.53
941.62 12.26 485.12 10.80
958.00 12.11 490.87 8.09
974.37 12.35 483.87 29.43
990.87 12.15 502.00 5.50
1007.37 11.96 510.12 4.51
1023.87 12.15 510.62 10.68
1040.25 12.01 528.87 16.78
1056.62 12.25 529.25 5.04
1072.87 12.15 549.37 24.37
1089.37 11.96 542.62 4.55
1105.75 12.20 548.25 4.99
1122.25 12.01 561.62 15.61
1138.62 12.25 560.75 6.99
1155.00 12.48 567.00 5.02
1171.50 12.67 573.87 6.07
1188.25 12.43 592.75 30.03
1204.62 12.27 594.62 16.41
1221.12 12.47 593.75 5.17
1237.37 12.37 600.00 5.54
1253.62 12.27 602.00 7.55
1270.25 12.43 612.00 4.41
1286.62 12.27 618.87 5.90
1302.87 12.54 625.87 8.25
1319.37 12.37 629.75 9.97
1335.62 12.27 638.12 5.06
1352.12 12.47 643.12 4.88
1368.50 12.32 658.00 53.52
1385.12 12.46 657.50 4.77
1401.62 12.30 663.50 3.84
1417.87 12.19 673.87 16.58
1434.37 12.39 662.75 35.37
1450.62 12.30 687.75 14.51
1467.12 12.46 685.00 16.57
1483.62 12.30 692.62 7.62
1499.87 12.19 690.25 35.64
1516.37 12.39 705.75 5.80
1532.62 12.30 712.25 4.97
1549.12 12.46 717.25 5.38
1565.50 12.36 725.62 3.39
1581.87 12.19 732.00 5.12
1598.50 12.34 743.37 11.57
1614.75 12.24 746.62 5.22
1631.12 12.47 750.37 3.50
1647.75 12.24 756.87 6.57
1664.00 12.14 764.00 4.56
1680.50 12.34 771.25 6.99
1696.75 12.24 774.00 5.74
1713.00 12.14 778.75 5.07
1729.50 12.34 782.25 15.34
1746.00 12.14 792.37 6.46
1762.25 12.42 777.00 62.08
1778.75 12.24 807.25 7.22
1796.00 12.02 803.25 21.18
1812.37 12.24 819.37 7.48
1828.87 12.00 824.37 7.28
1845.25 12.28 830.75 4.81
1861.62 12.12 836.37 3.60
1878.00 12.02 842.37 5.22
1894.37 12.24 853.75 12.74
1910.75 12.07 851.87 23.73
1927.25 12.28 862.00 4.47
1943.62 12.12 874.62 13.54
1960.00 12.02 881.25 10.70
1976.37 12.24 880.50 4.47
1994.37 11.48 885.37 8.64
2010.75 11.79 893.25 4.81
2027.25 11.55 899.12 3.51
2043.50 11.47 901.87 12.60
2059.87 11.73 911.37 6.14
2076.25 11.55 918.25 4.41
2092.75 11.79 922.62 5.48
2109.25 11.55 929.75 5.19
2125.37 11.48 935.25 4.97
2141.87 11.73 943.00 5.41
2158.25 11.55 949.87 3.69
2174.75 11.79 956.37 5.52
2191.12 11.65 962.62 6.65
2207.50 11.42 967.50 5.29
2224.00 11.68 979.87 15.28
2240.37 11.50 982.75 8.20
2256.87 11.73 996.25 27.87
2273.12 11.65 990.25 6.06
2289.50 11.42 1008.50 26.32
2306.00 11.68 1005.12 4.19
2322.37 11.50 1016.87 15.66
2338.87 11.73 1019.75 7.96
2355.12 11.65 1033.50 23.18
2371.50 11.42 1032.12 10.76
2388.37 11.53 1037.87 7.66
2404.75 11.36 1043.75 4.29
2421.12 11.26 1051.62 7.48
2437.50 11.50 1053.00 4.90
2453.87 11.28 1059.25 9.32
2470.37 11.53 1068.75 4.44
2486.75 11.36 1074.75 5.31
2503.00 11.27 1081.12 9.99
2519.50 11.50 1085.25 5.45
2535.75 11.36 1091.75 5.91
2552.25 11.58 1096.87 1.54
2568.75 11.36 1102.87 5.32
2585.00 11.21 1110.37 4.95
2601.62 11.42 1115.50 4.21
2618.00 11.21 1092.62 77.52
2634.37 11.51 1129.50 4.61
2650.87 11.28 1143.12 22.00
2667.00 11.21 1139.25 6.67
2683.62 11.42 1141.12 21.70
2700.00 11.21 1158.62 15.11
2716.37 11.51 1169.00 21.41
2732.87 11.28 1167.75 5.85
2749.00 11.21 1157.87 27.68
2765.62 11.42 1179.87 11.43
2782.12 11.21 1183.50 5.45
2798.50 11.51 1215.62 95.36
2815.00 11.28 1192.62 60.34
2831.12 11.21 1202.62 4.77
2847.62 11.45 1211.75 5.52
2864.12 11.21 1214.50 5.61
2880.37 11.19 1220.37 5.36
2896.75 11.42 1232.25 15.82
2913.12 11.21 1234.87 6.27
2929.62 11.45 1233.75 16.47
2946.12 11.21 1247.62 6.04
2962.37 11.19 1249.25 7.51
2978.87 11.40 1259.12 4.45
2995.25 11.19 1272.50 16.29
3011.75 11.46 1271.50 4.24
3028.12 11.26 1277.75 5.28
3044.50 11.18 1284.00 4.47
3061.00 11.37 1290.12 3.41
3077.25 11.19 1296.37 3.77
3093.75 11.46 1302.25 4.15
3110.12 11.26 1308.75 4.35
3126.50 11.18 1317.50 7.43
3143.00 11.37 1332.87 30.68
3159.25 11.19 1325.62 5.98
3175.75 11.46 1331.37 10.84
3192.75 11.10 1334.37 12.67
3209.12 10.99 1349.87 8.39
3225.62 11.21 1354.00 17.02
3241.87 11.01 1364.87 20.15
3258.25 11.31 1367.75 10.81
3274.75 11.10 1370.25 5.95
3291.00 11.00 1376.50 4.30
3307.50 11.26 1371.50 33.32
3323.87 11.01 1398.12 21.09
3340.25 11.31 1395.12 5.80
3356.62 11.21 1402.50 4.18
3372.87 11.01 1412.37 21.70
3390.25 11.13 1413.87 3.72
3406.50 10.92 1432.62 37.03
3423.00 11.20 1424.50 5.27
3439.25 11.13 1434.37 4.74
3455.50 10.92 1426.12 36.49
3472.12 11.15 1445.00 3.20
3488.37 11.01 1449.00 7.66
3505.00 11.20 1461.62 15.77
3521.25 11.13 1461.87 6.27
3537.50 10.92 1465.87 10.81
3554.12 11.15 1476.62 4.41
3570.37 11.01 1482.87 4.75
3587.25 11.04 1480.87 22.26
3603.50 10.96 1495.50 4.27
3619.62 10.84 1507.12 9.78
3636.37 10.99 1505.12 7.17
3652.62 10.84 1518.87 14.11
3669.00 10.80 1521.87 4.54
3685.50 10.96 1527.25 4.76
3701.62 10.84 1532.50 4.47
3718.25 11.04 1539.12 3.55
3734.62 10.84 1550.37 9.08
3750.87 10.82 1552.12 5.94
3767.50 10.96 1557.87 6.68
3783.87 10.82 1569.87 25.03
3800.50 11.03 1529.62 80.33
3816.87 10.82 1575.37 4.53
3832.87 10.82 1582.00 4.00
3849.75 10.95 1586.50 8.26
3865.87 10.82 1583.00 27.20
3882.50 11.03 1601.50 5.41
3898.75 10.95 1606.37 2.91
3914.87 10.82 1613.62 4.52
3931.62 10.97 1620.62 7.03
3947.87 10.82 1627.12 4.13
3964.50 11.03 1609.37 60.80
3981.00 10.91 1637.50 4.97
3997.12 10.77 1643.12 4.22
4013.87 10.94 1667.87 33.65
4030.12 10.77 1656.62 3.77
4046.62 11.01 1662.62 3.50
4063.00 10.91 1661.62 14.87
4079.12 10.77 1675.62 3.87
4095.87 10.94 1682.37 4.66
4112.12 10.77 1686.37 4.00
4128.25 10.78 1693.12 4.48
4145.00 10.91 1698.12 5.21
4161.12 10.77 1705.62 6.36
4177.87 10.94 1710.00 7.26
4194.25 10.76 1718.62 3.84
4210.50 11.07 1737.25 33.92
4227.12 10.89 1725.25 18.18
4243.25 10.76 1736.25 3.11
4259.87 10.92 1750.12 14.56
4276.25 10.76 1737.50 27.88
4292.37 11.07 1756.12 3.69
4309.12 10.89 1762.87 4.75
4325.25 10.76 1757.75 32.57
4341.87 10.92 1775.50 5.48
4358.12 10.89 1780.00 6.20
4374.25 10.76 1782.62 6.34
4391.12 10.89 1783.37 29.60
4407.37 10.76 1802.75 11.29
4423.87 10.92 1803.87 7.20
4440.12 10.89 1812.62 4.71
4456.37 10.76 1836.37 48.40
4473.12 10.89 1824.75 3.99
4489.37 10.76 1839.62 18.98
4505.75 10.98 1837.12 7.35
4522.12 10.89 1842.12 4.11
4538.37 10.76 1845.00 7.55
4555.00 10.91 1855.25 6.24
4571.37 10.76 1874.12 41.15
4587.87 10.85 1854.00 31.64
4604.50 10.69 1873.87 4.10
4620.75 10.54 1879.37 6.12
4637.25 10.77 1889.12 11.36
4653.62 10.55 1892.37 4.30
4669.87 10.85 1885.62 31.47
4686.50 10.69 1902.75 9.00
4702.75 10.54 1910.50 4.97
4719.12 10.79 1916.75 5.09
4735.62 10.55 1924.25 5.61
4751.87 10.85 1930.00 4.72
4768.50 10.69 1934.62 1.93
4785.12 10.56 1941.25 4.79
4801.50 10.83 1953.25 21.52
4818.00 10.57 1956.12 10.07
4834.25 10.59 1962.62 5.07
4850.87 10.72 1965.00 7.19
4867.12 10.56 1972.87 4.10
4883.50 10.83 1978.62 3.70
4899.87 10.72 1989.37 13.95
4916.25 10.59 1989.50 6.46
4932.87 10.72 1996.37 7.43
4949.12 10.56 1996.37 16.66
4965.37 10.89 1985.37 73.71
4982.25 10.70 2018.75 5.70
4998.62 10.56 2022.87 4.67
5015.12 10.73 2016.50 57.29
5031.50 10.53 2034.62 4.63
5047.87 10.79 2044.12 3.25
5064.25 10.70 2047.62 8.20
5080.62 10.56 2053.87 4.22
5097.00 10.79 2060.62 4.33
5113.37 10.55 2065.75 4.68
5129.87 10.79 2072.75 4.18
5146.25 10.70 2078.62 4.79
5162.62 10.56 2077.25 17.33
5178.87 10.79 2092.12 4.83
5195.37 10.55 2097.50 5.12
5211.87 10.83 2104.75 7.01
5228.25 10.70 2112.75 7.96
5244.62 10.51 2104.37 24.41
5261.00 10.76 2124.00 7.65
5277.37 10.55 2128.87 3.18
5293.87 10.83 2133.75 4.84
5310.25 10.70 2145.12 12.32
5326.62 10.51 2148.50 40.26
5343.00 10.76 2152.37 4.21
5359.25 10.70 2158.25 5.38
5375.87 10.83 2163.25 4.15
5392.25 10.70 2171.25 4.23
5408.62 10.51 2177.37 4.15
5425.00 10.76 2182.00 2.78
5441.25 10.70 2178.87 28.81
5457.87 10.83 2166.12 55.18
5474.25 10.70 2203.25 15.88
5490.62 10.51 2208.75 4.44
5507.00 10.76 2214.75 5.49
5523.25 10.70 2220.62 5.05
5539.75 10.53 2242.25 39.15
5556.12 10.76 2233.75 3.31
5572.50 10.53 2251.37 23.90
5589.12 10.69 2242.50 12.09
5605.37 10.64 2251.50 4.44
5621.87 10.47 2260.25 8.58
5638.25 10.64 2264.12 2.42
5654.62 10.47 2270.00 5.00
5671.00 10.77 2275.87 4.86
5687.37 10.64 2283.25 4.11
5703.75 10.45 2288.62 4.69
5720.25 10.64 2304.75 26.51
5736.62 10.47 2300.50 4.33
5753.00 10.77 2305.37 5.05
5769.37 10.64 2322.00 25.56
5786.50 10.72 2319.75 4.94
5802.87 10.87 2332.75 20.57
5819.37 10.76 2332.62 3.50
5835.62 11.01 2338.25 4.46
5852.00 10.86 2343.37 12.98
5868.50 10.72 2353.50 10.99
5884.75 10.93 2351.12 48.03
5901.12 10.93 2360.00 6.02
5917.62 11.01 2369.00 4.69
5934.00 10.86 2378.75 6.18
5950.50 10.72 2379.50 3.28
5966.75 10.93 2377.37 25.56
5983.75 11.05 2396.25 5.82
6000.12 10.82 2402.12 6.01
6016.50 10.94 2413.87 22.55
6033.00 10.86 2412.50 4.27
6049.37 11.01 2419.12 3.62
6065.75 11.05 2428.00 8.00
6082.12 10.82 2430.50 3.64
6098.50 10.94 2437.62 4.21
6115.00 10.86 2442.62 8.19
6131.37 11.01 2449.50 3.60
6147.75 11.05 2438.25 48.67
6164.12 10.82 2455.87 17.87
6180.50 10.94 2468.12 4.20
6197.00 10.86 2474.12 3.33
6213.37 11.01 2480.62 5.02
6229.62 10.99 2487.25 4.35
6246.12 10.82 2494.37 21.63
6262.50 10.94 2497.62 5.38
6279.00 10.86 2508.75 33.27
6295.37 11.01 2512.37 4.21
6311.62 10.99 2517.12 4.51
6328.12 10.82 2515.75 20.73
6344.37 11.01 2529.87 4.25
6360.75 11.05 2536.50 4.90
6377.25 11.10 2540.75 15.03
6393.50 10.94 2548.00 4.00
6410.12 10.82 2543.62 21.62
6426.37 11.01 2551.37 18.92
6442.87 11.03 2564.50 4.77
6459.25 11.10 2584.50 30.05
6475.50 10.94 2584.25 15.18
6492.12 10.82 2584.12 5.13
6508.37 11.01 2570.62 45.96
6524.87 11.03 2597.00 5.66
6541.12 10.82 2611.25 21.41
6557.50 10.94 2608.75 5.61
6574.00 10.86 2608.25 27.46
6591.12 10.75 2620.25 5.49
6607.37 10.85 2627.00 4.24
6623.87 10.57 2632.75 4.35
6640.12 10.75 2634.75 11.82
6656.62 10.64 2645.87 4.86
6673.12 10.75 2627.37 62.05
6689.25 10.79 2658.50 4.24
6705.75 10.59 2663.87 4.40
6722.12 10.75 2668.87 4.91
6738.62 10.64 2676.62 5.02
6755.12 10.75 2684.25 4.32
6771.25 10.79 2688.50 15.73
6787.75 10.59 2694.25 4.11
6804.25 10.81 2694.75 22.00
6820.62 10.64 2709.25 6.65
6837.00 10.85 2713.25 3.53
6853.25 10.81 2712.50 13.74
6869.75 10.59 2716.87 20.85
6886.25 10.81 2731.12 5.53
6902.50 10.82 2739.62 10.87
6919.00 10.85 2743.50 5.07
6935.25 10.81 2749.12 7.70
6951.75 10.59 2755.00 5.27
6968.25 10.81 2763.75 8.20
6984.62 10.86 2771.12 14.74
7001.00 10.62 2773.12 4.22
7017.50 10.90 2785.50 14.19
7033.75 10.68 2783.62 5.81
7050.25 10.79 2791.62 5.61
7066.50 10.90 2792.12 14.13
7083.00 10.62 2802.62 4.74
7099.50 10.90 2809.62 3.80
7115.75 10.68 2807.50 17.57
7132.25 10.79 2821.00 3.64
7148.50 10.90 2827.25 3.73
7164.87 10.63 2838.00 9.81
7181.50 10.90 2839.62 4.50
7197.75 10.68 2848.00 5.54
7214.25 10.79 2851.62 4.47
7230.50 10.90 2857.87 5.37
7246.87 10.63 2870.37 13.28
7263.37 10.85 2870.00 4.95
7279.75 10.68 2883.00 15.85
7296.25 10.79 2905.00 64.03
7312.50 10.90 2887.87 4.28
7328.87 10.63 2900.37 14.79
7345.37 10.85 2898.25 5.42
7361.62 10.86 2906.12 4.57
7378.12 10.89 2906.37 20.57
7394.50 10.90 2917.50 4.47
7410.87 10.63 2913.12 27.16
7427.37 10.85 2934.62 10.23
7443.62 10.86 2944.00 21.94
7460.12 10.89 2937.87 22.76
7476.50 10.90 2938.75 24.38
7492.87 10.63 2955.50 6.80
7509.25 10.79 2964.50 9.87
7525.62 10.86 2966.12 3.95
7542.00 10.62 2971.12 4.51
7558.50 10.90 2978.25 5.28
7574.75 10.68 2988.87 17.80
7591.25 10.79 2989.75 3.70
7607.75 10.85 2995.12 4.40
7624.00 10.62 2996.50 17.35
7640.50 10.90 3008.62 6.32
7656.87 10.67 3014.50 4.58
7673.25 10.79 3019.12 3.89
7689.75 10.85 3025.50 4.21
7706.00 10.62 3030.87 4.59
7722.37 10.85 3037.37 4.00
7738.87 10.67 3057.37 37.93
7755.25 10.79 3048.62 4.77
7771.62 10.88 3058.12 18.56
7788.00 10.62 3060.87 3.85
7804.37 10.85 3065.00 9.71
7820.87 10.67 3068.00 14.77
7837.12 10.89 3078.50 4.36
7853.62 10.88 3080.12 12.23
7870.00 10.62 3098.00 19.75
7886.37 10.85 3092.12 11.68
7902.75 10.85 3102.50 4.03
7919.12 10.89 3108.75 4.49
7935.62 10.88 3115.75 5.35
7952.00 10.62 3119.75 6.40
7968.37 10.85 3126.12 4.22
7984.75 10.85 3140.50 27.00
8001.12 10.67 3138.87 3.95
8017.62 10.88 3143.62 8.00
8034.00 10.72 3151.37 7.36
8050.50 10.90 3155.12 4.96
8066.75 10.85 3165.12 13.23
8083.12 10.67 3168.00 4.06
8099.50 10.90 3173.75 4.52
8115.87 10.67 3181.62 6.04
8132.50 10.90 3185.87 4.80
8148.75 10.85 3190.25 6.12
8165.12 10.67 3194.25 9.02
8181.50 10.90 3203.75 4.23
8197.87 10.67 3209.87 4.34
8214.50 10.90 3214.75 5.09
8230.62 10.88 3219.12 7.80
8247.12 10.67 3211.25 35.99
8263.50 10.90 3233.62 4.30
8279.87 10.67 3231.75 17.33
8296.37 10.84 3235.00 23.05
8312.62 10.88 3250.87 3.58
8329.12 10.67 3256.37 4.53
8345.50 10.90 3254.87 16.68
8361.75 10.85 3268.00 4.74
8378.25 10.94 3272.37 10.87
8394.62 10.88 3273.75 17.30
