0 0
3 3
7 6
10 12
13 13
16 16
20 20
23 24
27 27
30 29
34 29
35 37
40 41
44 43
47 47
52 50
54 54
57 57
61 61
65 65
67 68
72 72
75 75
78 78
82 82
84 86
88 89
92 91
96 96
99 99
103 102
107 106
110 109
113 112
117 110
127 119
123 122
127 126
130 132
133 132
138 135
141 138
145 140
149 142
152 145
155 147
159 146
163 152
166 153
162 156
173 155
177 159
179 160
183 162
187 162
189 164
193 166
196 166
200 168
203 169
207 169
210 170
213 172
218 172
220 173
224 174
227 174
231 176
233 174
237 177
240 177
244 179
247 179
251 181
255 180
256 181
261 181
265 182
268 182
271 183
275 183
278 184
282 184
285 185
289 186
292 185
296 186
298 187
303 187
306 187
310 187
313 188
317 188
320 188
323 189
327 189
331 189
336 189
337 190
325 191
351 191
348 191
351 191
355 192
358 192
362 192
366 192
369 193
373 192
376 193
378 194
384 194
381 194
391 194
395 195
397 195
401 195
405 195
408 196
412 196
415 196
419 197
423 196
426 196
424 197
433 197
437 198
441 198
444 198
448 198
451 198
455 198
458 199
463 199
466 199
473 199
473 199
477 200
481 199
484 200
488 200
491 200
495 200
499 200
502 196
506 201
509 201
514 202
522 201
527 202
524 202
528 202
532 202
535 202
539 203
542 203
547 203
550 204
554 203
557 203
561 203
568 203
569 204
573 204
576 204
581 204
584 204
588 205
592 206
596 205
600 206
603 204
607 205
605 206
614 205
618 205
622 206
626 206
630 206
634 206
637 206
642 206
645 206
649 207
654 206
658 207
660 207
664 207
668 207
672 208
676 209
680 208
684 207
687 208
691 206
695 208
699 208
694 208
707 208
711 209
715 208
719 209
722 209
726 209
729 209
734 209
742 209
742 209
746 217
748 210
753 210
758 210
762 210
766 209
770 213
774 210
777 210
782 211
786 210
789 211
793 211
798 211
807 211
805 211
809 211
814 211
817 212
821 211
825 211
825 212
839 212
837 211
841 206
844 212
849 212
853 212
857 212
861 213
865 213
869 212
872 213
877 213
881 213
885 214
889 208
893 215
897 214
899 214
905 213
909 213
912 213
917 214
920 214
933 214
935 214
939 215
