0 0
3 4
6 6
10 10
13 13
17 16
20 19
26 23
27 27
30 30
33 34
15 37
50 40
51 43
47 47
52 50
54 55
58 57
61 61
64 65
68 68
71 71
73 80
76 78
83 82
85 85
89 89
92 92
96 96
100 99
102 103
106 106
107 109
114 113
117 117
120 120
126 124
128 127
132 131
135 135
139 139
142 143
145 146
150 150
153 153
158 157
160 162
163 164
161 168
172 172
175 175
179 179
182 182
186 186
190 189
194 193
197 197
201 201
205 204
221 209
210 212
216 216
219 219
223 223
227 227
231 231
235 234
238 238
242 242
245 246
250 244
253 254
257 257
253 261
264 265
268 269
272 272
276 276
280 280
284 284
288 287
291 292
295 295
299 298
303 302
306 307
311 310
314 314
318 318
323 322
326 326
331 330
334 333
338 338
335 341
345 345
349 349
353 352
357 356
361 361
365 364
368 368
373 373
377 377
381 381
385 384
389 389
393 394
397 396
408 400
404 403
408 408
412 411
416 416
420 420
424 423
429 427
432 431
442 435
440 440
444 443
420 448
452 452
456 455
460 460
463 464
469 467
472 472
476 476
481 482
484 484
488 489
494 489
496 496
500 500
504 504
509 508
513 512
517 516
521 520
525 525
529 529
536 532
537 537
541 541
545 545
549 549
554 553
557 557
562 562
567 566
571 570
573 574
579 578
583 583
587 587
591 592
595 595
600 599
604 604
608 608
613 612
617 616
621 620
625 624
629 629
633 632
638 637
645 641
647 646
651 650
654 654
659 658
663 663
667 666
672 675
679 675
680 680
685 685
689 688
693 693
698 697
711 701
706 705
710 710
715 714
719 718
724 722
728 729
732 732
737 736
741 741
745 745
750 749
754 753
758 757
763 762
767 767
772 771
775 774
782 780
784 784
789 789
793 793
798 797
802 802
807 806
811 811
815 815
820 819
824 824
829 828
833 832
837 837
842 841
847 846
851 850
855 854
860 860
864 863
869 867
873 872
878 877
882 881
886 885
891 889
895 894
900 898
904 903
908 907
913 912
917 916
921 921
927 925
931 930
910 934
940 939
944 943
948 948
953 952
957 956
962 960
965 965
970 969
974 974
978 980
983 982
987 987
992 991
996 995
1000 1000
1005 1004
1009 1009
1019 1012
1023 990
1023 1023
