2 1661
145 198
252 2329
358 3053
465 711
571 414
677 2773
784 2729
890 361
998 3180
1104 1190
1210 211
1317 2375
1423 3029
1530 668
1636 449
1742 2811
1849 2673
1955 318
2114 2169
2221 162
2327 1443
2434 3169
2540 1540
2646 196
2753 2057
2859 3083
2966 946
3073 3121
3180 2038
3286 161
3392 1581
3499 3175
3605 1422
3711 206
3818 2150
3924 3043
4063 385
4169 979
4276 3044
4382 2071
4488 175
4595 1515
4701 3156
4808 1520
4914 143
5046 1338
5152 3158
5259 1717
5365 150
5471 1856
5578 3140
5684 1193
5791 263
5897 2334
6017 193
6124 1629
6230 3179
6337 1421
6443 199
6549 2111
6656 3070
6762 946
6869 375
6975 2549
7082 154
7189 1474
7295 3166
7402 1567
7508 186
7614 2013
7721 3101
7827 1013
7934 350
8078 2782
8185 2720
8291 346
8398 857
8504 3071
8610 2209
8717 171
8823 1374
8930 3180
9037 432
9144 2792
9250 2692
9356 334
9463 890
9569 3088
9676 2157
9782 159
9888 1463
10003 282
10109 2583
10216 2901
10322 494
10429 645
10535 2966
10641 2426
10748 215
10854 1186
10960 3151
11123 2595
11230 2754
11336 488
11442 844
11549 2980
11655 2200
11762 205
11868 1422
11974 3162
12146 1972
12253 3106
12359 1042
12466 344
12572 2518
12678 2821
12785 545
12891 772
12999 1521
13105 196
13212 2065
13318 3085
13424 960
13531 381
13637 2569
13743 2784
13850 518
13956 783
14116 807
14223 3047
14329 2277
14435 180
14542 1312
14648 3156
14755 1737
14861 140
14967 1828
15075 407
15181 752
15288 3010
15394 2351
15500 197
15607 1214
15713 3157
15820 1855
15926 165
16066 2075
16172 160
16279 1499
16385 3166
16491 1555
16598 192
16704 2038
16811 3095
16917 988
17025 3108
17131 2083
17237 150
17344 1529
17450 3171
17557 1478
17663 196
17769 2096
17876 3064
17982 832
18090 3005
18196 2227
18302 216
18409 1365
18515 3163
18621 1647
18728 168
18834 1943
18941 3152
19090 2287
19197 3065
19303 735
19409 397
19516 2759
19622 2749
19729 363
19835 838
19941 3074
20049 204
20155 2360
20262 3034
20368 686
20475 432
20581 2792
20687 2704
20794 335
20900 876
21023 3179
21129 1714
21235 153
21342 1892
21448 3132
21555 1126
21661 298
21767 2430
21874 2888
21980 616
22087 849
22193 2978
22299 2199
22406 207
22512 1411
22619 3158
22725 1577
22831 143
22938 2028
23085 3030
23192 2087
23298 185
23405 1523
23511 3178
23617 1486
23724 154
23830 2097
23937 3132
24083 3136
24190 1963
24296 175
24403 1635
24509 3178
24615 1389
24722 215
24828 2157
24934 3047
25080 197
25186 2101
25293 3073
25399 947
25505 380
25612 2559
25718 2803
25825 544
25931 734
26039 1566
26145 178
26251 1985
26358 3116
26464 1091
26571 311
26677 2433
26783 2898
26890 646
27005 142
27112 1816
27218 3145
27325 1233
27431 255
27537 2319
27644 2956
27750 728
27856 550
27963 2769
28070 159
28177 1809
28283 3146
28390 1217
28496 258
28602 2338
28709 2940
28815 705
28922 561
29058 431
29165 916
29271 3012
29378 2133
29484 192
29590 1479
29697 3160
29803 1524
29910 150
30017 2569
30123 364
30230 1032
30336 3069
30443 1993
30549 169
30655 1626
30762 3146
30868 1360
30975 185
31147 520
31253 606
31360 2944
31466 2435
31572 224
31679 1153
31785 3153
31892 1854
31999 2670
32105 2837
32212 428
32318 735
32425 3019
32531 2325
32637 186
32744 1278
32850 3155
32957 1728
33117 845
33223 339
33330 2675
33436 2843
33542 429
33649 712
33755 3004
33862 2371
33968 199
34075 3102
34182 829
34288 340
34395 2677
34501 2841
34607 442
34714 700
34820 2987
34927 2403
35067 3167
35173 1532
35280 191
35386 2028
35492 3100
35599 1024
35705 339
35812 2495
35918 2858
36025 1404
36132 3155
36238 1634
36345 167
36451 1936
36557 3121
36664 1103
36770 309
36877 2449
36985 2367
37092 2924
37198 666
37304 607
37411 2814
37517 2481
37624 321
37730 1104
37836 3093
37943 1921
38094 246
38200 1071
38307 3137
38413 1963
38519 184
38626 1639
38732 3177
38839 1374
38945 217
39053 2478
39159 233
39265 1125
39372 3142
39478 1937
39584 153
39691 1674
39797 3162
39904 1328
40029 781
40135 497
40241 2724
40348 2613
40454 396
40561 967
40667 3037
40773 2082
40880 185
40987 2966
41094 741
41200 534
41306 2757
41413 2556
41519 363
41626 1031
41732 3067
41838 2001
41945 170
42097 2911
42204 504
42310 629
42416 2960
42523 2438
42629 217
42736 1174
42842 3154
42948 1837
43056 2677
43162 2831
43269 428
43375 743
43481 3020
43588 2327
43694 191
43801 1264
43907 3162
44034 1320
44140 3167
44247 1703
44353 157
44460 1884
44566 3134
44672 1167
44779 280
44885 2380
44993 175
45099 1285
45206 3163
45312 1763
45418 145
45525 1808
45631 3148
45738 1247
45844 242
45950 2282
46106 335
46213 2658
46319 2861
46425 472
46532 648
46638 2956
46745 2464
46851 234
46957 1080
47065 963
47171 274
47278 2559
47384 2939
47491 534
47597 572
47703 2912
47810 2521
47916 250
48049 3101
48156 819
48262 344
48368 2689
48475 2825
48581 420
48688 733
48794 3012
48900 2346
49023 256
49130 2334
49236 2948
49342 703
49449 569
49555 2793
49662 2503
49768 331
49874 1107
49981 1116
50088 231
50195 2454
50301 2989
50407 593
50514 523
50620 2882
50727 2566
50833 265
50939 1038
51047 983
51153 275
51260 2570
51366 2910
51472 503
51579 631
51685 2960
51792 2427
51898 213
52019 944
52126 291
52232 2601
52338 2894
52445 482
52551 658
52658 2979
52764 2409
52870 210
52977 1190
53084 840
53191 337
53297 2678
53403 2834
53510 437
53616 720
53723 3006
53829 2364
53935 197
54081 2942
54188 549
54294 566
54401 2904
54507 2542
54613 264
54720 1021
54826 3119
54933 2049
55077 1178
55183 208
55290 2351
55396 3045
55502 710
