2 1039
55 1030
71 1012
88 1001
104 989
120 970
137 960
153 951
169 935
186 924
202 916
218 900
235 890
251 877
267 868
284 854
300 843
316 827
333 819
349 806
365 800
382 785
398 772
414 760
431 752
447 740
463 726
480 710
496 704
512 691
529 688
545 672
561 660
578 653
594 639
610 617
627 619
643 614
659 597
676 589
692 582
708 570
725 561
741 550
757 540
774 529
790 523
806 514
823 506
839 495
855 485
872 476
888 469
904 459
921 453
937 449
953 424
970 431
987 419
1004 414
1020 402
1036 397
1053 390
1069 380
1085 374
1102 367
1118 363
1134 355
1151 348
1167 311
1183 334
1200 328
1216 318
1232 315
1249 308
1265 302
1281 296
1298 296
1314 284
1330 281
1347 273
1363 269
1379 266
1396 259
1412 255
1428 249
1445 231
1461 242
1477 236
1494 241
1510 229
1526 224
1543 220
1559 216
1575 212
1592 209
1608 205
1624 201
1641 203
1657 199
1673 196
1690 197
1706 192
1722 186
1739 186
1755 183
1771 181
1788 179
1804 174
1820 175
1837 173
1853 170
1869 172
1886 168
1902 163
1918 178
1935 163
1951 159
1967 178
1985 163
2001 174
2017 167
2034 202
2050 221
2066 241
2083 273
2099 302
2115 340
2132 379
2148 422
2164 473
2181 524
2197 582
2213 640
2230 703
2246 769
2262 839
2279 910
2295 984
2311 1060
2328 1139
2344 1217
2360 1296
2377 1379
2393 1475
2409 1543
2426 1629
2442 1723
2458 1797
2475 1881
2491 1958
2507 2038
2524 2119
2540 2197
2556 2274
2573 2351
2589 2421
2605 2490
2622 2559
2638 2626
2654 2687
2671 2745
2687 2804
2703 2854
2720 2908
2736 2946
2752 2984
2769 3027
2785 3057
2801 3075
2818 3105
2834 3123
2850 3138
2867 3138
2883 3160
2899 3164
2916 3164
2932 3163
2948 3164
2965 3155
2981 3161
2998 3156
3015 3157
3031 3155
3047 3154
3064 3148
3080 3152
3096 3147
3113 3146
3129 3143
3145 3141
3162 3138
3178 3137
3194 3134
3211 3133
3227 3129
3243 3138
3260 3124
3276 3124
3292 3118
3309 3117
3325 3114
3341 3097
3358 3108
3374 3106
3390 3100
3407 3098
3423 3095
3439 3091
3456 3079
3472 3086
3488 3078
3505 3074
3521 3071
3537 3066
3554 3060
3570 3056
3586 3051
3603 3046
3619 3042
3635 3034
3652 3031
3668 3040
3684 3018
3701 3013
3717 3016
3733 3000
3750 2996
3766 2992
3782 2986
3799 2981
3815 2972
3831 2970
3848 2961
3864 2946
3880 2948
3897 2939
3913 2936
3929 2927
3946 2922
3962 2914
3978 2904
3996 2895
4012 2889
4029 2885
4045 2872
4061 2865
4078 2858
4094 2849
4110 2836
4127 2835
4143 2824
4159 2815
4176 2809
4192 2809
4208 2790
4225 2782
4241 2770
4257 2762
4274 2753
4290 2740
4306 2734
4323 2726
4339 2710
4355 2703
4372 2696
4388 2685
4404 2675
4421 2665
4437 2655
4453 2648
4470 2634
4486 2625
4502 2616
4519 2605
4535 2592
4551 2580
4568 2570
4584 2558
4600 2548
4617 2544
4633 2526
4649 2516
4666 2503
4682 2495
4698 2482
4715 2470
4731 2458
4747 2444
4764 2434
4780 2423
4796 2410
4813 2401
4829 2390
4845 2372
4862 2365
4878 2354
4894 2343
4911 2328
4927 2316
4943 2298
4960 2293
4976 2279
4993 2271
5010 2251
5026 2240
5042 2228
5059 2213
5075 2201
5091 2252
5108 2173
5124 2161
5140 2142
5157 2139
5173 2124
5189 2110
5206 2097
5222 2083
5238 2071
5255 2060
5271 2046
5287 2032
5304 2024
5320 2005
5336 1994
5353 1981
5369 1967
5385 1956
5402 1941
5418 1925
5434 1913
5451 1898
5467 1892
5483 1873
5500 1859
5516 1848
5532 1833
5549 1819
5565 1806
5581 1790
5598 1776
5614 1763
5630 1748
5647 1735
5663 1721
5679 1707
5696 1693
5712 1678
5728 1664
5745 1647
5761 1636
5777 1622
5794 1606
5810 1591
5826 1579
5843 1556
5859 1549
5875 1544
5892 1519
5908 1512
5924 1496
5941 1483
5957 1467
5973 1454
5991 1442
6007 1425
6023 1412
6040 1406
6056 1385
6072 1369
6089 1359
6105 1344
6121 1330
6138 1317
6154 1302
6170 1289
6187 1277
6203 1264
6219 1250
6236 1237
6252 1225
6268 1216
6285 1199
6301 1197
6317 1160
6334 1160
6350 1145
6366 1071
6383 1121
6399 1108
6415 1091
6432 1079
6448 1070
6464 1052
6481 1043
6497 1029
6513 1014
6530 1005
6546 990
6562 980
6579 968
6595 953
6611 948
6628 929
6644 919
6660 906
6677 897
6693 873
6709 872
6726 860
6742 840
6758 838
6775 826
6791 814
6807 804
6824 792
6840 788
6856 767
6873 756
6889 749
6905 734
6922 728
6938 712
6954 703
6971 696
6988 678
7005 669
7021 660
7037 648
7054 638
7070 627
7086 621
7103 607
7119 597
7135 589
7152 578
7168 545
7184 557
7201 550
7217 515
7233 522
7250 525
7266 511
7282 505
7299 494
7315 484
7331 479
7348 469
7364 464
7380 452
7397 450
7413 434
7429 428
7446 417
7462 413
7478 404
7495 398
7511 393
7527 382
7544 378
7560 366
7576 358
7593 353
7609 346
7625 340
7642 348
7658 327
7674 324
7691 316
7707 310
7723 303
7740 299
7756 291
7772 286
7789 277
7805 279
7821 272
7838 264
7854 261
7870 253
7887 251
7903 246
7919 240
7936 232
7952 232
7968 237
7986 224
8002 221
8018 215
8035 216
8051 210
8067 209
8084 202
8100 203
8116 215
8133 194
8149 194
8165 189
8182 187
8198 185
8214 182
8231 181
8247 177
8263 175
8280 175
8296 171
8312 171
8329 169
8345 164
8361 165
8378 163
8394 160
8410 161
8427 156
8443 141
8459 176
8476 189
8492 178
8508 222
8525 245
8541 277
8557 308
8574 344
8590 388
8606 431
8623 477
8639 534
8655 588
8672 646
8688 711
8704 782
8721 848
8737 918
8753 992
8770 1070
8786 1148
8802 1227
8819 1303
8835 1387
8851 1465
8868 1543
8884 1639
8900 1723
8917 1801
8933 1890
8949 1968
8966 2047
8982 2132
8999 2210
9016 2287
9032 2365
9048 2432
9065 2505
9081 2571
9097 2637
9114 2700
9130 2756
9146 2814
9163 2864
9179 2910
9195 2952
9212 2992
9228 3025
9244 3056
9261 3085
9277 3106
9293 3123
9310 3141
9326 3151
9342 3163
9359 3166
9375 3162
9391 3152
9408 3163
9424 3161
9440 3158
9457 3158
9473 3155
9489 3153
9506 3152
9522 3150
9538 3149
9555 3148
9571 3144
9587 3138
9604 3138
9620 3142
9636 3132
9653 3134
9669 3132
9685 3129
9702 3123
9718 3114
9734 3123
9751 3120
9767 3122
9783 3117
9800 3111
9816 3105
9832 3103
9849 3103
9865 3097
9881 3095
9898 3091
9914 3087
9930 3080
9947 3075
9963 3074
9979 3070
9996 3061
10013 3059
10029 3054
10045 3049
10062 3043
10078 3055
10094 3034
10111 3029
10127 3029
10143 3019
10160 3013
10176 3006
10192 3003
10209 2994
10225 2988
10241 2983
10258 2976
10274 2969
10290 2965
10307 2958
10323 2945
10339 2946
10356 2938
10372 2930
10388 2922
10405 2915
10421 2908
10437 2900
10454 2893
10470 2887
10486 2879
10503 2870
10519 2861
10535 2857
10552 2846
10568 2838
10584 2834
10601 2820
10617 2807
10633 2806
10650 2795
10666 2788
10682 2777
10699 2769
10715 2758
10731 2749
10748 2737
10764 2727
10780 2720
10797 2708
10813 2700
10829 2690
10846 2682
10862 2671
10878 2663
10895 2654
10911 2642
10927 2625
10944 2621
10960 2606
10976 2597
10994 2585
11010 2575
11027 2565
11043 2554
11059 2531
11076 2531
11092 2518
11108 2506
11125 2495
11141 2478
11157 2472
11174 2462
11190 2458
11206 2437
11223 2426
11239 2418
11255 2402
11272 2390
11288 2374
11304 2369
11321 2356
11337 2337
11353 2334
11370 2320
11386 2309
11402 2293
11419 2280
11435 2268
11451 2183
11468 2244
11484 2228
11500 2215
11517 2205
11533 2196
11549 2177
11566 2165
11582 2154
11598 2141
11615 2132
11631 2111
11647 2104
11664 2086
11680 2073
11696 2060
11713 2047
11729 2036
11745 2022
11762 2010
11778 1994
11794 1981
11811 1968
11827 1953
11843 1939
11860 1929
11876 1917
11892 1901
11909 1889
11925 1871
11941 1861
11958 1846
11974 1832
11991 1820
12008 1803
12024 1791
12040 1775
12057 1761
12073 1748
12089 1735
12106 1720
12122 1710
12138 1693
12155 1678
12171 1663
12187 1649
12204 1635
12220 1621
12236 1609
12253 1591
12269 1581
12285 1565
12302 1551
12318 1538
12334 1525
12351 1505
12367 1497
12383 1483
12400 1467
12416 1455
12432 1441
12449 1428
12465 1412
12481 1400
12498 1387
12514 1374
12530 1339
12547 1346
12563 1331
12579 1317
12596 1309
12612 1291
12628 1277
12645 1266
12661 1252
12677 1242
12694 1221
12710 1213
12726 1200
12743 1187
12759 1173
12775 1161
12792 1148
12808 1133
12824 1101
12841 1109
12857 1093
12873 1082
12890 1067
12906 1055
12922 1042
12939 1031
12955 1012
12971 1006
12989 991
13005 976
13021 966
13038 951
13054 943
13070 930
13087 915
13103 905
13119 892
13136 881
13152 866
13168 857
13185 843
13201 832
13217 790
13234 806
13250 795
13266 786
13283 773
13299 764
13315 752
13332 735
13348 726
13364 717
13381 706
13397 703
13413 685
13430 671
13446 666
13462 652
13479 640
13495 631
13511 619
13528 613
13544 600
13560 589
13577 580
13593 571
13609 559
13626 552
13642 543
13658 536
13675 525
13691 518
13707 504
13724 497
13740 489
13756 476
13773 470
13789 464
13805 451
13822 447
13838 436
13854 428
13871 419
13887 411
13903 403
13920 396
13936 387
13952 382
13969 376
13986 366
14003 370
14019 354
14035 347
14052 336
14068 339
14084 322
14101 319
14117 318
14133 309
14150 303
14166 318
14182 291
14199 286
14215 281
14231 275
14248 268
14264 267
14280 256
14297 252
14313 250
14329 246
14346 245
14362 235
14378 234
14395 229
14411 224
14427 235
14444 226
14460 214
14476 210
14493 206
14509 204
14525 199
14542 197
14558 195
14574 192
14591 189
14607 184
14623 186
14640 181
14656 178
14672 177
14689 179
14705 171
14721 180
14738 169
14754 170
14770 165
14787 162
14803 162
14819 165
14836 163
14852 161
14868 163
14885 175
14901 187
14917 204
14934 225
14950 247
14966 278
14983 308
15000 348
15016 385
15033 433
15049 481
15065 537
15082 588
15098 654
15114 708
15131 782
15147 852
15163 921
15180 997
15196 1071
15212 1146
15229 1228
15245 1319
15261 1387
15278 1471
15294 1553
15310 1636
15327 1721
15343 1800
15359 1885
15376 1966
15392 2050
15408 2123
15425 2202
15441 2277
15457 2350
15474 2429
15490 2493
15506 2561
15523 2629
15539 2686
15555 2746
15572 2802
15588 2854
15604 2902
15621 2943
15637 2985
15653 3020
15670 3052
15686 3080
15702 3101
15719 3122
15735 3134
15751 3147
15768 3160
15784 3162
15800 3166
15817 3161
15833 3156
15849 3199
15866 3160
15882 3158
15898 3155
15915 3155
15931 3155
15947 3150
15964 3151
15980 3146
15996 3146
16013 3144
16029 3142
16045 3140
16062 3133
16078 3133
16094 3132
16111 3136
16127 3126
16143 3130
16160 3123
16176 3122
16192 3120
16209 3113
16225 3113
16241 3104
16258 3105
16274 3102
16290 3096
16307 3096
16323 3105
16339 3087
16356 3084
16372 3083
16388 3076
16405 3070
16421 3066
16437 3058
16454 3055
16470 3054
16486 3044
16503 3041
16519 3041
16535 3031
16552 3034
16568 3016
16584 3014
16601 3011
16617 3002
16633 2999
16650 2990
16666 2989
16682 2977
16699 2972
16715 2966
16731 2958
16748 2954
16764 2946
16780 2936
16797 2930
16813 2923
16829 2915
16846 2909
16862 2900
16878 2893
16895 2887
16911 2880
16927 2858
16944 2862
16960 2855
16976 2844
16994 2836
17010 2828
17027 2818
17043 2810
17059 2807
17076 2792
17092 2780
17108 2769
17125 2762
17141 2746
17157 2743
17174 2734
17190 2728
17206 2719
17223 2705
17239 2698
17255 2680
17272 2675
17288 2669
17304 2651
17321 2643
17337 2630
17353 2621
17370 2614
17386 2602
17402 2591
17419 2580
17435 2569
17451 2544
17468 2548
17484 2534
17500 2522
17517 2515
17533 2502
17549 2491
17566 2478
17582 2470
17598 2456
17615 2444
17631 2433
17647 2421
17664 2413
17680 2398
17696 2386
17713 2377
17729 2366
17745 2336
17762 2339
17778 2329
17794 2312
17811 2299
17827 2289
17843 2270
17860 2260
17876 2232
17892 2235
17909 2222
17925 2208
17941 2199
17958 2187
17974 2174
17991 2161
18008 2146
18024 2137
18040 2113
18057 2108
18073 2093
18089 2080
18106 2068
18122 2053
18138 2043
18155 2029
18171 2014
18187 1999
18204 1986
18220 1977
18236 1959
18253 1947
18269 1941
18285 1920
18302 1910
18318 1892
18334 1879
18351 1874
18367 1853
18383 1840
18400 1821
18416 1807
18432 1797
18449 1782
18465 1768
18481 1752
18498 1741
18514 1728
18530 1725
18547 1693
18563 1683
18579 1670
18596 1655
18612 1640
18628 1626
18645 1610
18661 1599
18677 1584
18694 1568
18710 1554
18726 1559
18743 1526
18759 1511
18775 1500
18792 1486
18808 1470
18824 1458
18841 1444
18857 1390
18873 1417
18890 1403
18906 1386
18922 1373
18939 1360
18955 1347
18971 1332
18989 1319
19005 1306
19021 1293
19038 1289
19054 1269
19070 1252
19087 1237
19103 1228
19119 1215
19136 1201
19152 1190
19168 1175
19185 1161
19201 1148
19217 1131
19234 1120
19250 1095
19266 1093
19283 1079
19299 1064
19315 1052
19332 1042
19348 1031
19364 1018
19381 1003
19397 991
19413 983
19430 970
19446 955
19462 941
19479 935
19495 917
19511 904
19528 894
19544 880
19560 868
19577 858
19593 845
19609 831
19626 821
19642 788
19658 797
19675 789
19691 774
19707 762
19724 755
19740 742
19756 731
19773 727
19789 708
19805 696
19822 680
19838 677
19854 665
19871 654
19887 645
19903 635
19920 622
19936 614
19952 604
19969 593
19986 578
20003 573
20019 561
20035 555
20052 543
20068 534
20084 514
20101 515
20117 506
20133 501
20150 488
20166 472
20182 472
20199 463
20215 450
20231 446
20248 440
20264 430
20280 421
20297 418
20313 405
20329 397
20346 391
20362 385
20378 374
20395 373
20411 364
20427 372
20444 349
20460 345
20476 334
20493 331
20509 323
20525 317
20542 309
20558 307
20574 299
20591 293
20607 289
20623 282
20640 277
20656 271
20672 263
20689 259
20705 256
20721 262
20738 246
20754 242
20770 232
20787 233
20803 230
20819 224
20836 223
20852 217
20868 213
20885 203
20901 209
20917 205
20934 202
20950 200
20966 196
20983 194
21000 192
21016 188
21033 159
21049 181
21065 180
21082 177
21098 178
21114 164
21131 174
21147 170
21163 173
21180 167
21196 165
21212 163
21229 163
21245 171
21261 159
21278 163
21294 167
21310 181
21327 196
21343 213
21359 236
21376 261
21392 292
21408 327
21425 364
21441 410
21457 455
21474 509
21490 565
21506 623
21523 686
21539 753
21555 822
21572 892
21588 959
21604 1038
21621 1117
21637 1192
21653 1273
21670 1358
21686 1436
21702 1521
21719 1606
21735 1688
21751 1773
21768 1856
21784 1939
21800 2018
21817 2080
21833 2179
21849 2254
21866 2332
21882 2407
21898 2477
21915 2545
21931 2613
21947 2673
21964 2736
21980 2785
21996 2846
22013 2895
22029 2938
22045 2978
22062 3014
22078 3046
22094 3073
22111 3098
22127 3120
22143 3135
22160 3146
22176 3156
22192 3168
22209 3166
22225 3165
22241 3164
22258 3160
22274 3161
22290 3165
22307 3157
22323 3155
22339 3152
22356 3151
22372 3151
22388 3154
22405 3147
22421 3144
22437 3141
22454 3138
22470 3136
22486 3136
22503 3132
22519 3129
22535 3127
22552 3124
22568 3123
22584 3120
22601 3120
22617 3119
22633 3112
22650 3109
22666 3124
22682 3102
22699 3099
22715 3096
22731 3091
22748 3090
22764 3082
22780 3078
22797 3076
22813 3072
22829 3063
22846 3063
22862 3055
22878 3053
22895 3047
22911 3044
22927 3037
22944 3035
22960 3028
22976 3022
22994 3016
23010 3010
23027 3004
23043 2984
23059 2991
23076 2986
23092 2994
23108 2975
23125 2968
23141 2964
23157 2949
23174 2947
23190 2941
23206 2932
23223 2927
23239 2919
23255 2910
23272 2908
23288 2900
23304 2890
23321 2884
23337 2875
23353 2868
23370 2859
23386 2846
23402 2843
23419 2833
23435 2828
23451 2817
23468 2811
23484 2802
23500 2792
23517 2780
23533 2773
23549 2763
23566 2754
23582 2746
23598 2734
23615 2731
23631 2716
23647 2708
23664 2700
23680 2690
23696 2678
23713 2669
23729 2661
23745 2648
23762 2639
23778 2629
23794 2615
23811 2608
23827 2596
23843 2586
23860 2573
23876 2565
23892 2546
23909 2541
23925 2529
23941 2506
23958 2507
23974 2500
23991 2481
24008 2473
24024 2460
24040 2451
24057 2437
24073 2425
24089 2418
24106 2405
24122 2389
24138 2382
24155 2367
24171 2355
24187 2344
24204 2325
24220 2313
24236 2306
24253 2294
24269 2280
24285 2267
24302 2256
24318 2254
24334 2232
24351 2220
24367 2196
24383 2191
24400 2181
24416 2156
24432 2156
24449 2143
24465 2127
24481 2112
24498 2100
24514 2087
24530 2073
24547 2060
24563 2049
24579 2035
24596 2021
24612 2011
24628 1995
24645 1982
24661 1968
24677 1956
24694 1943
24710 1929
24726 1915
24743 1899
24759 1888
24775 1876
24792 1860
24808 1846
24824 1834
24841 1821
24857 1806
24873 1791
24890 1776
24906 1765
24922 1748
24939 1735
24955 1719
24971 1706
24989 1693
25005 1678
25021 1665
25038 1651
25054 1636
25070 1623
25087 1607
25103 1594
25119 1581
25136 1570
25152 1549
25168 1537
25185 1525
25201 1511
25217 1492
25234 1483
25250 1467
25266 1468
25283 1437
25299 1421
25315 1409
25332 1395
25348 1386
25364 1367
25381 1356
25397 1343
25413 1328
25430 1316
25446 1300
25462 1288
25479 1276
25495 1263
25511 1249
25528 1235
25544 1224
25560 1209
25577 1197
25593 1188
25609 1169
25626 1157
25642 1120
25658 1132
25675 1118
25691 1095
25707 1092
25724 1079
25740 1065
25756 1051
25773 1039
25789 1025
25805 1013
25822 1002
25838 989
25854 973
25871 963
25887 954
25903 937
25920 921
25936 913
25952 900
25969 890
25986 877
26003 864
26019 853
26035 842
26052 830
26068 835
26084 807
26101 798
26117 782
26133 774
26150 759
26166 784
26182 738
26199 728
26215 714
26231 705
26248 690
26264 682
26280 670
26297 665
26313 652
26329 638
26346 629
26362 617
26378 608
26395 599
26411 589
26427 578
26444 565
26460 562
26476 551
26493 544
26509 532
26525 524
26542 533
26558 505
26574 495
26591 487
26607 478
26623 469
26640 459
26656 455
26672 443
26689 436
26705 430
26721 420
26738 411
26754 405
26770 399
26787 392
26803 386
26819 377
26836 369
26852 371
26868 356
26885 347
26901 346
26917 309
26934 334
26950 326
26966 318
26983 313
27000 305
27016 317
27033 295
27049 288
27065 283
27082 282
27098 272
27114 269
27131 263
27147 257
27163 255
27180 246
27196 247
27212 240
27229 233
27245 234
27261 229
27278 225
27294 221
27310 216
27327 211
27343 210
27359 206
27376 201
27392 191
27408 199
27425 193
27441 162
27457 189
27474 185
27490 185
27506 185
27523 180
27539 179
27555 171
27572 174
27588 173
27604 169
27621 168
27637 168
27653 162
27670 164
27686 163
27702 160
27719 159
27735 167
27751 177
27768 212
27784 205
27800 225
27817 268
27833 279
27849 313
27866 343
27882 393
27898 437
27915 484
27931 541
27947 593
27964 656
27980 728
27996 788
28013 860
28029 933
28045 1004
28062 1081
28078 1160
28094 1236
28111 1314
28127 1398
28143 1481
28160 1564
28176 1648
28192 1751
28209 1816
28225 1903
28241 1980
28258 2060
28274 2149
28290 2219
28307 2297
28323 2369
28339 2443
28356 2506
28372 2576
28388 2644
28405 2707
28421 2769
28437 2816
28454 2869
28470 2914
28486 2955
28503 2994
28519 3028
28535 3061
28552 3088
28568 3109
28584 3129
28601 3142
28617 3152
28633 3164
28650 3162
28666 3163
28682 3161
28699 3157
28715 3163
28731 3160
28748 3157
28764 3154
28780 3155
28797 3155
28813 3149
28829 3150
28846 3148
28862 3146
28878 3141
28895 3141
28911 3136
28927 3136
28944 3136
28960 3134
28976 3131
28994 3126
29010 3124
29027 3122
29043 3119
29059 3117
29076 3114
29092 3128
29108 3106
29125 3106
29141 3075
29157 3097
29174 3095
29190 3089
29206 3087
29223 3083
29239 3076
29255 3070
29272 3068
29288 3066
29304 3060
29321 3056
29337 3054
29353 3047
29370 3044
29386 3041
29402 3030
29419 3031
29435 3022
29451 3013
29468 3022
29484 3004
29500 2998
29517 3006
29533 2986
29549 2979
29566 2968
29582 2967
29598 2954
29615 2956
29631 2946
29647 2940
29664 2933
29680 2929
29696 2918
29713 2911
29729 2904
29745 2895
29762 2883
29778 2885
29794 2873
29811 2864
29827 2859
29843 2847
29860 2841
29876 2832
29892 2827
29909 2811
29925 2807
29941 2799
29958 2786
29974 2777
29991 2764
30008 2764
30024 2755
30040 2749
30057 2734
30073 2723
30089 2720
30106 2704
30122 2692
30138 2682
30155 2674
30171 2661
30187 2653
30204 2644
30220 2636
30236 2620
30253 2610
30269 2598
30285 2586
30302 2578
30318 2565
30334 2554
30351 2554
30367 2530
30383 2521
30400 2513
30416 2497
30432 2485
30449 2479
30465 2461
30481 2454
30498 2442
30514 2429
30530 2390
30547 2407
30563 2396
30579 2383
30596 2370
30612 2359
30628 2345
30645 2334
30661 2321
30677 2308
30694 2293
30710 2286
30726 2272
30743 2260
30759 2245
30775 2237
30792 2218
30808 2209
30824 2196
30841 2181
30857 2183
30873 2151
30890 2145
30906 2133
30922 2117
30939 2106
30955 2095
30971 2078
30989 2062
31005 2039
31021 2036
31038 2024
31054 2006
31070 1998
31087 1983
31103 1970
31119 1955
31136 1948
31152 1926
31168 1916
31185 1908
31201 1890
31217 1856
31234 1862
31250 1849
31266 1830
31283 1822
31299 1807
31315 1791
31332 1784
31348 1756
31364 1749
31381 1737
31397 1716
31413 1706
31430 1696
31446 1680
31462 1668
31479 1661
31495 1637
31511 1624
31528 1608
31544 1594
31560 1577
31577 1567
31593 1552
31609 1536
31626 1525
31642 1502
31658 1494
31675 1482
31691 1467
31707 1449
31724 1437
31740 1425
31756 1409
31773 1408
31789 1384
31805 1367
31822 1350
31838 1344
31854 1324
31871 1313
31887 1302
31903 1286
31920 1276
31936 1262
31952 1248
31969 1235
31986 1221
32003 1213
32019 1193
32035 1180
32052 1166
32068 1154
32084 1140
32101 1127
32117 1118
32133 1100
32150 1092
32166 1068
32182 1060
32199 1050
32215 1035
32231 1021
32248 1017
32264 999
32280 986
32297 946
32313 962
32329 947
32346 932
32362 924
32378 911
32395 896
32411 885
32427 870
32444 861
32460 850
32476 844
32493 826
32509 815
32525 802
32542 793
32558 783
32574 772
32591 759
32607 746
32623 734
32640 720
32656 714
32672 700
32689 690
32705 680
32721 668
32738 659
32754 646
32770 641
32787 627
32803 616
32819 603
32836 597
32852 586
32868 578
32885 565
32901 510
32917 547
32934 537
32950 529
32966 519
32983 510
33000 499
33016 493
33033 466
33049 475
33065 465
33082 462
33098 449
33114 446
33131 432
33147 424
33163 417
33180 411
33196 401
33212 400
33229 391
33245 380
33261 371
33278 368
33294 358
33310 354
33327 347
33343 338
33359 330
33376 327
33392 319
33408 312
33425 365
33441 302
33457 292
33474 289
33490 283
33506 276
33523 273
33539 272
33555 262
33572 260
33588 253
33604 251
33621 243
33637 238
33653 235
33670 229
33686 230
33702 221
33719 288
33735 217
33751 212
33768 207
33784 205
33800 206
33817 198
33833 195
33849 205
33866 189
33882 189
33898 192
33915 185
33931 180
33947 183
33964 174
33980 176
33996 171
34013 173
34029 176
34045 168
34062 169
34078 165
34094 164
34111 162
34127 159
34143 157
34160 169
34176 177
34192 188
34209 208
34225 228
34241 248
34258 284
34274 317
34290 354
34307 399
34323 437
34339 491
34356 552
34372 603
34388 665
34405 733
34421 801
34437 866
34454 939
34470 1014
34486 1092
34503 1164
34519 1245
34535 1322
34552 1405
34568 1489
34584 1571
34601 1657
34617 1740
34633 1824
34650 1908
34666 1988
34682 2067
34699 2143
34715 2225
34731 2298
34748 2370
34764 2446
34780 2512
34797 2571
34813 2646
34829 2706
34846 2765
34862 2816
34878 2868
34895 2911
34911 2957
34927 2996
34944 3029
34960 3061
34976 3088
34994 3113
35010 3127
35027 3142
35043 3159
35059 3162
35076 3165
35092 3170
35108 3164
35125 3163
35141 3165
35157 3159
35174 3157
35190 3153
35206 3153
35223 3152
35239 3152
35255 3149
35272 3145
35288 3145
35304 3140
35321 3136
35337 3140
35353 3138
35370 3134
35386 3130
35402 3130
35419 3131
35435 3131
35451 3120
35468 3123
35484 3118
35500 3113
35517 3112
35533 3110
35549 3103
35566 3103
35582 3101
35598 3092
35615 3087
35631 3086
35647 3083
35664 3077
35680 3074
35696 3072
35713 3064
35729 3062
35745 3056
35762 3052
35778 3046
35794 3040
35811 3038
35827 3034
35843 3029
35860 3020
35876 3015
35892 3007
35909 3004
35925 3000
35941 2990
35958 2984
35974 2979
35991 2972
36008 2964
36024 2961
36040 2953
36057 2880
36073 2936
36089 2936
36106 2924
36122 2917
36138 2906
36155 2901
36171 2889
36187 2889
36204 2884
36220 2872
36236 2867
36253 2856
36269 2853
36285 2838
36302 2832
36318 2819
36334 2811
36351 2802
36367 2796
36383 2788
36400 2791
36416 2770
36432 2761
36449 2753
36465 2745
36481 2729
36498 2727
36514 2714
36530 2706
36547 2693
36563 2684
36579 2669
36596 2663
36612 2651
36628 2643
36645 2631
36661 2620
36677 2608
36694 2606
36710 2584
36726 2574
36743 2564
36759 2553
36775 2543
36792 2531
36808 2517
36824 2508
36841 2496
36857 2484
36873 2473
36890 2461
36906 2447
36922 2437
36939 2425
36955 2415
36971 2402
36989 2390
37005 2378
37021 2361
37038 2353
37054 2336
37070 2324
37087 2317
37103 2303
37119 2288
37136 2272
37152 2263
37168 2249
37185 2237
37201 2224
37217 2205
37234 2198
37250 2185
37266 2172
37283 2162
37299 2148
37315 2132
37332 2121
37348 2114
37364 2089
37381 2079
37397 2066
37413 2053
37430 2039
37446 2026
37462 2016
37479 2006
37495 1989
37511 1974
37528 1965
37544 1948
37560 1934
37577 1923
37593 1908
37609 1893
37626 1878
37642 1882
37658 1850
37675 1837
37691 1825
37707 1810
37724 1796
37740 1781
37756 1765
37773 1767
37789 1738
37805 1723
37822 1718
37838 1696
37854 1682
37871 1671
37887 1655
37903 1644
37920 1628
37936 1615
37952 1599
37969 1582
37986 1569
38003 1554
38019 1540
38035 1525
38052 1513
38068 1496
38084 1482
38101 1468
38117 1456
38133 1441
38150 1430
38166 1433
38182 1400
38199 1386
38215 1374
38231 1357
38248 1347
38264 1331
38280 1320
38297 1297
38313 1289
38329 1277
38346 1264
38362 1250
38378 1237
38395 1225
38411 1210
38427 1195
38444 1181
38460 1170
38476 1154
38493 1143
38509 1125
38525 1118
38542 1105
38558 1092
38574 1079
38591 1067
38607 1053
38623 1037
38640 1028
38656 1012
38672 1005
38689 984
38705 976
38721 961
38738 949
38754 936
38770 926
38787 909
38803 898
38819 884
38836 874
38852 860
38868 850
38885 840
38901 803
38917 816
38934 804
38950 792
38966 790
38983 759
39000 758
39016 747
39033 729
39049 724
39065 712
39082 700
39098 689
39114 680
39131 664
39147 656
39163 643
39180 635
39196 621
39212 617
39229 604
39245 595
39261 588
39278 574
39294 561
39310 553
39327 544
39343 536
39359 528
39376 516
39392 508
39408 499
39425 471
39441 482
39457 474
39474 462
39490 455
39506 446
39523 437
39539 431
39555 423
39572 415
39588 409
39604 402
39621 390
39637 382
39653 378
39670 376
39686 365
39702 359
39719 307
39735 341
39751 334
39768 330
39784 325
39800 319
39817 313
39833 309
39849 313
39866 293
39882 290
39898 280
39915 276
39931 272
39947 268
39964 262
39980 260
39996 251
40013 249
40029 245
40045 240
40062 235
40078 233
40094 227
40111 223
40127 220
40143 215
40160 212
40176 209
40192 192
40209 202
40225 200
40241 197
40258 192
40274 191
40290 188
40307 188
40323 182
40339 182
40356 181
40372 181
40388 174
40405 175
40421 173
40437 171
40454 167
40470 166
40486 165
40503 198
40519 161
40535 160
40552 157
40568 165
40584 177
40601 189
40617 216
40633 224
40650 252
40666 281
40682 317
40699 354
40715 395
40731 443
40748 492
40764 539
40780 602
40797 709
40813 730
40829 799
40846 869
40862 942
40878 1014
40895 1094
40911 1168
40927 1263
40944 1328
40960 1411
40976 1493
40994 1584
41010 1667
41027 1754
41043 1836
41059 1916
41076 1997
41092 2078
41108 2157
41125 2236
41141 2315
41157 2387
41174 2456
41190 2527
41206 2594
41223 2660
41239 2720
41255 2776
41272 2832
41288 2878
41304 2927
41321 2976
41337 3004
41353 3039
41370 3070
41386 3099
41402 3115
41419 3131
41435 3148
41451 3167
41468 3174
41484 3164
41500 3168
41517 3162
41533 3162
41549 3158
41566 3157
41582 3159
41598 3156
41615 3159
41631 3152
41647 3151
41664 3146
41680 3145
41696 3146
41713 3142
41729 3138
41745 3148
41762 3139
41778 3136
41794 3131
41811 3129
41827 3128
41843 3127
41860 3123
41876 3119
41892 3112
41909 3116
41925 3111
41941 3104
41958 3103
41974 3101
41991 3095
42008 3094
42024 3090
42040 3085
42057 3081
42073 3077
42089 3073
42106 3072
42122 3064
42138 3055
42155 3054
42171 3056
42187 3048
42204 3041
42220 3044
42236 3029
42253 3028
42269 3017
42285 3013
42302 3007
42318 3001
42334 2995
42351 2991
42367 2985
42383 2977
42400 2971
42416 2965
42432 2960
42449 2952
42465 2944
42481 2939
42498 2932
42514 2925
42530 2917
42547 2912
42563 2902
42579 2897
42596 2890
42612 2877
42628 2873
42645 2862
42661 2854
42677 2850
42694 2840
42710 2833
42726 2823
42743 2826
42759 2804
42775 2797
42792 2793
42808 2779
42824 2771
42841 2752
42857 2752
42873 2744
42890 2732
42906 2724
42922 2717
42939 2706
42955 2695
42971 2686
42989 2673
43005 2666
43021 2648
43038 2641
43054 2632
43070 2622
43087 2611
43103 2602
43119 2588
43136 2579
43152 2568
43168 2560
43185 2548
43201 2536
43217 2535
43234 2513
43250 2501
43266 2493
43283 2479
43299 2467
43315 2461
43332 2444
43348 2434
43364 2425
43381 2410
43397 2396
43413 2382
43430 2373
43446 2360
43462 2348
43479 2338
43495 2326
43511 2315
43528 2302
43544 2289
43560 2276
43577 2264
43593 2248
43609 2236
43626 2225
43642 2211
43658 2197
43675 2190
43691 2174
43707 2160
43724 2147
43740 2132
43756 2122
43773 2107
43789 2091
43805 2082
43822 2069
43838 2055
43854 2046
43871 2032
43887 2018
43903 2007
43920 1992
43936 1976
43952 1966
43969 1951
43986 1936
44003 1923
44019 1914
44035 1897
44052 1883
44068 1869
44084 1856
44101 1840
44117 1837
44133 1812
44150 1798
44166 1791
44182 1770
44199 1762
44215 1745
44231 1730
44248 1718
44264 1704
44280 1687
44297 1673
44313 1665
44329 1644
44346 1629
44362 1611
44378 1605
44395 1590
44411 1573
44427 1561
44444 1545
44460 1531
44476 1516
44493 1496
44509 1490
44525 1476
44542 1466
44558 1447
44574 1437
44591 1420
44607 1408
44623 1394
44640 1377
44656 1373
44672 1348
44689 1341
44705 1324
44721 1310
44738 1297
44754 1284
44770 1269
44787 1258
44803 1244
44819 1233
44836 1210
44852 1204
44868 1190
44885 1177
44901 1163
44917 1151
44934 1138
44950 1125
44966 1108
44983 1096
45000 1085
45016 1059
45033 1056
45049 1043
45065 1038
45082 1020
45098 1006
45114 994
45131 980
45147 969
45163 952
45180 939
45196 930
45212 918
45229 902
45245 893
45261 883
45278 871
45294 860
45310 851
45327 835
45343 823
45359 810
45376 797
45392 806
45408 776
45425 761
45441 761
45457 741
45474 728
45490 717
45506 708
45523 694
45539 685
45555 673
45572 661
45588 654
45604 640
45621 633
45637 621
45653 611
45670 600
45686 594
45702 583
45719 571
45735 562
45751 553
45768 544
45784 534
45800 525
45817 521
45833 505
45849 493
45866 459
45882 477
45898 469
45915 459
45931 451
45947 445
45964 434
45980 430
45996 420
46013 421
46029 404
46045 403
46062 393
46078 384
46094 370
46111 370
46127 362
46143 354
46160 349
46176 340
46192 341
46209 325
46225 321
46241 336
46258 310
46274 301
46290 327
46307 297
46323 285
46339 279
46356 280
46372 270
46388 267
46405 261
46421 256
46437 252
46454 247
46470 244
46486 237
46503 233
46519 230
46535 229
46552 221
46568 220
46584 216
46601 214
46617 211
46633 205
46650 197
46666 175
46682 195
46699 195
46715 191
46731 190
46748 187
46764 181
46780 182
46797 180
46813 182
46829 175
46846 174
46862 171
46878 168
46895 168
46911 168
46927 163
46944 164
46960 162
46976 156
46994 156
47010 166
47027 177
47043 191
47059 208
47076 228
47092 261
47108 282
47125 319
47141 357
47157 399
47174 448
47190 495
47206 554
47223 606
47239 670
47255 734
47272 802
47288 874
47304 944
47321 1016
47337 1090
47353 1173
47370 1251
47386 1332
47402 1414
47419 1497
47435 1583
47451 1666
47468 1741
47484 1836
47500 1915
47517 1996
47533 2075
47549 2154
47566 2230
47582 2308
47598 2382
47615 2451
47631 2520
47647 2589
47664 2649
47680 2719
47696 2770
47713 2824
47729 2874
47745 2921
47762 2962
47778 3002
47794 3036
47811 3067
47827 3097
47843 3117
47860 3130
47876 3145
47892 3130
47909 3166
47925 3166
47941 3145
47958 3164
47974 3162
47991 3167
48008 3160
48024 3155
48040 3156
48057 3153
48073 3149
48089 3149
48106 3150
48122 3147
48138 3144
48155 3145
48171 3139
48187 3137
48204 3136
48220 3133
48236 3133
48253 3132
48269 3127
48285 3127
48302 3121
48318 3117
48334 3118
48351 3116
48367 3103
48383 3105
48400 3104
48416 3097
48432 3096
48449 3094
48465 3093
48481 3089
48498 3082
48514 3075
48530 3078
48547 3070
48563 3067
48579 3061
48596 3056
48612 3077
48628 3046
48645 3042
48661 3034
48677 3032
48694 3025
48710 3020
48726 3015
48743 3008
48759 3001
48775 2997
48792 2986
48808 2989
48824 2980
48841 2958
48857 2968
48873 2962
48890 2958
48906 2947
48922 2940
48939 2939
48955 2926
48971 2918
48989 2910
49005 2905
49021 2895
49038 2890
49054 2884
49070 2875
49087 2868
49103 2859
49119 2849
49136 2841
49152 2834
49168 2825
49185 2819
49201 2809
49217 2786
49234 2791
49250 2785
49266 2774
49283 2761
49299 2759
49315 2755
49332 2738
49348 2727
49364 2718
49381 2711
49397 2699
49413 2689
49430 2680
49446 2668
49462 2657
49479 2646
49495 2637
49511 2625
49528 2621
49544 2603
49560 2594
49577 2577
49593 2572
49609 2563
49626 2551
49642 2538
49658 2527
49675 2519
49691 2513
49707 2494
49724 2483
49740 2472
49756 2460
49773 2449
49789 2434
49805 2423
49822 2411
49838 2401
49854 2388
49871 2376
49887 2367
49903 2352
49920 2342
49936 2334
49952 2318
49969 2305
49986 2284
50003 2284
50019 2262
50035 2253
50052 2240
50068 2229
50084 2214
50101 2200
50117 2181
50133 2175
50150 2163
50166 2148
50182 2135
50199 2123
50215 2107
50231 2096
50248 2083
50264 2071
50280 2058
50297 2042
50313 2030
50329 2017
50346 2001
50362 1995
50378 1974
50395 1965
50411 1953
50427 1937
50444 1925
50460 1912
50476 1895
50493 1872
50509 1869
50525 1853
50542 1840
50558 1826
50574 1811
50591 1801
50607 1785
50623 1771
50640 1757
50656 1742
50672 1728
50689 1710
50705 1701
50721 1683
50738 1677
50754 1660
50770 1642
50787 1629
50803 1616
50819 1599
50836 1591
50852 1571
50868 1558
50885 1545
50901 1532
50917 1515
50934 1502
50950 1497
50966 1473
50983 1462
51000 1443
51016 1428
51033 1419
51049 1401
51065 1392
51082 1375
51098 1361
51114 1328
51131 1334
51147 1324
51163 1309
51180 1293
51196 1280
51212 1268
51229 1250
51245 1241
51261 1226
51278 1212
51294 1200
51310 1186
51327 1170
51343 1160
51359 1146
51376 1130
51392 1117
51408 1105
51425 1102
51441 1081
51457 1065
51474 1056
51490 1040
51506 1027
51523 1014
51539 1003
51555 990
51572 975
51588 962
51604 950
51621 937
51637 923
51653 915
51670 901
51686 891
51702 877
51719 864
51735 853
51751 838
51768 831
51784 815
51800 807
51817 794
51833 781
51849 777
51866 755
51882 746
51898 734
51915 722
51931 712
51947 700
51964 687
51980 674
51996 666
52013 661
52029 641
52045 638
52062 626
52078 606
52094 607
52111 595
52127 586
52143 580
52160 563
52176 557
52192 576
52209 537
52225 525
52241 518
52258 507
52274 497
52290 488
52307 482
52323 472
52339 463
52356 455
52372 449
52388 441
52405 432
52421 424
52437 414
52454 409
52470 397
52486 391
52503 383
52519 388
52535 371
52552 362
52568 357
52584 349
52601 344
52617 327
52633 329
52650 324
52666 317
52682 308
52699 306
52715 300
52731 294
52748 290
52764 286
52780 276
52797 271
52813 277
52829 263
52846 250
52862 244
52878 247
52895 246
52911 239
52927 247
52944 231
52960 225
52976 220
52994 218
53010 215
53027 210
53043 209
53059 204
53076 203
53092 200
53108 192
53125 193
53141 190
53157 187
53174 187
53190 181
53206 176
53223 181
53239 179
53255 172
53272 172
53288 171
53304 169
53321 153
53337 163
53353 161
53370 163
53386 161
53402 158
53419 157
53435 166
53451 193
53468 191
53484 210
53500 232
53517 256
53533 287
53549 321
53566 360
53582 403
53598 448
53615 496
53631 553
53647 612
53664 672
53680 739
53696 804
53713 875
53729 953
53745 1028
53762 1100
53778 1177
53794 1253
53811 1331
53827 1417
53843 1498
53860 1584
53876 1668
53892 1754
53909 1838
53925 1913
53941 1999
53958 2079
53974 2158
53991 2237
54008 2314
54024 2388
54040 2458
54057 2530
54073 2592
54089 2661
54106 2718
54122 2775
54138 2803
54155 2881
54171 2927
54187 2969
54204 3005
54220 3040
54236 3071
54253 3094
54269 3107
54285 3132
54302 3146
54318 3156
54334 3164
54351 3168
54367 3164
54383 3162
54400 3167
54416 3159
54432 3156
54449 3157
54465 3155
54481 3153
54498 3152
54514 3151
54530 3114
54547 3144
54563 3146
54579 3140
54596 3143
54612 3140
54628 3137
54645 3136
54661 3131
54677 3130
54694 3131
54710 3125
54726 3122
54743 3119
54759 3118
54775 3111
54792 3111
54808 3113
54824 3066
54841 3100
54857 3096
54873 3096
54890 3090
54906 3094
54922 3078
54939 3080
54955 3075
54971 3070
54989 3066
55005 3053
55021 3061
55038 3051
55054 3048
55070 3042
55087 3036
55103 3032
55119 3024
55136 3014
55152 3013
55168 3008
55185 3003
55201 2997
55217 2982
55234 2985
55250 2976
55266 2973
55283 2966
55299 2961
55315 2953
55332 2946
55348 2939
55364 2932
55381 2928
55397 2919
55413 2912
55430 2905
55446 2898
55462 2890
55479 2881
55495 2873
55511 2865
55528 2855
55544 2849
55560 2840
55577 2835
55593 2828
55609 2819
55626 2808
55642 2792
55658 2792
55675 2781
55691 2770
55707 2765
55724 2761
55740 2745
55756 2736
55773 2729
55789 2717
55805 2707
55822 2700
55838 2686
55854 2677
55871 2668
55887 2656
55903 2644
55920 2636
55936 2625
55952 2595
55969 2607
55986 2592
56003 2578
56019 2570
56035 2560
56052 2548
56068 2544
56084 2513
56101 2517
56117 2504
56133 2491
56150 2478
56166 2469
56182 2454
56199 2445
56215 2432
56231 2420
56248 2409
56264 2398
56280 2384
56297 2380
56313 2362
56329 2350
56346 2338
56362 2324
56378 2314
56395 2301
56411 2289
56427 2275
56444 2264
56460 2250
56476 2274
56493 2223
56509 2212
56525 2196
56542 2184
56558 2172
56574 2157
56591 2144
56607 2132
56623 2117
56640 2107
56656 2094
56672 2080
56689 2069
56705 2055
56721 2039
56738 2026
56754 2014
56770 2047
56787 1988
56803 1973
56819 1957
56836 1946
56852 1932
56868 1917
56885 1902
56901 1897
56917 1872
56934 1861
56950 1849
56966 1832
56983 1819
57000 1802
57016 1787
57033 1774
57049 1759
57065 1750
57082 1728
57098 1717
57114 1703
57131 1686
57147 1671
57163 1660
57180 1647
57196 1628
57212 1614
57229 1601
57245 1586
57261 1569
57278 1556
57294 1542
57310 1528
57327 1515
57343 1502
57359 1486
57376 1472
57392 1457
57408 1445
57425 1429
57441 1416
57457 1403
57474 1387
57490 1376
57506 1364
57523 1348
57539 1336
57555 1319
57572 1308
57588 1294
57604 1278
57621 1270
57637 1253
57653 1241
57670 1225
57686 1215
57702 1201
57719 1188
57735 1173
57751 1160
57768 1155
57784 1135
57800 1122
57817 1107
57833 1094
57849 1080
57866 1067
57882 1052
57898 1041
57915 1029
57931 1014
57947 1002
57964 986
57980 969
57996 964
58013 949
58029 936
58045 924
58062 914
58078 904
58094 886
58111 879
58127 866
58143 852
58160 843
58176 830
58192 811
58209 800
58225 793
58241 781
58258 772
58274 757
58290 747
58307 735
58323 723
58339 712
58356 702
58372 693
58388 677
58405 667
58421 659
58437 645
58454 635
58470 626
58486 613
58503 631
58519 595
58535 588
58552 576
58568 564
58584 556
58601 546
58617 549
58633 527
58650 522
58666 508
58682 499
58699 488
58715 479
58731 469
58748 463
58764 454
58780 448
58797 452
58813 429
58829 420
58846 420
58862 402
58878 395
58895 391
58911 384
58927 357
58944 370
58960 361
58976 355
58994 346
59010 341
59027 336
59043 328
59059 321
59076 315
59092 309
59108 303
59125 297
59141 291
59157 283
59174 282
59190 275
59206 268
59223 269
59239 261
59255 254
59272 250
59288 247
59304 240
59321 237
59337 233
59353 226
59370 222
59386 222
59402 216
59419 212
59435 210
59451 220
59468 204
59484 203
59500 197
59517 195
59533 196
59549 189
59566 189
59582 187
59598 183
59615 179
59631 180
59647 177
59664 172
59680 174
59696 170
59713 169
59729 165
59745 185
59762 159
59778 162
59794 160
59811 155
59827 163
59843 172
59860 184
59876 181
59892 219
59909 239
59925 268
59941 297
59958 334
59974 375
59991 421
60008 472
60024 519
60040 577
60057 636
60073 698
60089 764
60106 835
60122 906
60138 930
60155 1055
60171 1132
60187 1216
60204 1295
60220 1373
60236 1456
60253 1541
60269 1634
60285 1709
60302 1796
60318 1883
60334 1958
60351 2040
60367 2115
60383 2196
60400 2273
60416 2347
60432 2422
60449 2493
60465 2557
60481 2625
60498 2688
60514 2745
60530 2801
60547 2856
60563 2901
60579 2947
60596 2988
60612 3045
60628 3055
60645 3082
60661 3103
60677 3124
60694 3144
60710 3152
60726 3158
60743 3165
60759 3166
60775 3165
60792 3161
60808 3160
60824 3154
60841 3158
60857 3156
60873 3156
60890 3153
60906 3153
60922 3148
60939 3150
60955 3157
60971 3143
60989 3142
61005 3152
61021 3137
61038 3135
61054 3132
61070 3128
61087 3130
61103 3127
61119 3123
61136 3125
61152 3115
61168 3112
61185 3111
61201 3107
61217 3100
61234 3102
61250 3098
61266 3088
61283 3095
61299 3089
61315 3084
61332 3081
61348 3112
61364 3073
61381 3070
61397 3066
61413 3061
61430 3055
61446 3050
61462 3045
61479 3041
61495 3038
61511 3028
61528 3022
61544 3018
61560 3013
61577 3007
61593 3000
61609 3001
61626 2988
61642 2984
61658 2980
61675 2974
61691 2965
61707 2960
61724 2951
61740 2946
61756 2938
61773 2935
61789 2927
61805 2918
61822 2915
61838 2906
61854 2897
61871 2891
61887 2882
61903 2873
61920 2865
61936 2858
61952 2865
61969 2842
61986 2834
62003 2826
62019 2816
62035 2809
62052 2801
62068 2793
62084 2780
62101 2768
62117 2764
62133 2746
62150 2746
62166 2736
62182 2727
62199 2718
62215 2706
62231 2726
62248 2684
62264 2678
62280 2668
62297 2656
62313 2648
62329 2641
62346 2626
62362 2613
62378 2603
62395 2593
62411 2582
62427 2571
62444 2561
62460 2553
62476 2536
62493 2525
62509 2516
62525 2505
62542 2493
62558 2482
62574 2468
62591 2457
62607 2445
62623 2434
62640 2423
62656 2410
62672 2402
62689 2388
62705 2379
62721 2364
62738 2354
62754 2341
62770 2328
62787 2318
62803 2305
62819 2290
62836 2280
62852 2266
62868 2252
62885 2240
62901 2229
62917 2203
62934 2199
62950 2188
62966 2171
62983 2160
63000 2151
63016 2127
63033 2117
63049 2112
63065 2080
63082 2085
63098 2070
63114 2058
63131 2044
63147 2032
63163 2016
63180 2003
63196 1994
63212 1980
63229 1965
63245 1955
63261 1939
63278 1926
63294 1910
63310 1897
63327 1886
63343 1870
63359 1857
63376 1845
63392 1834
63408 1817
63425 1801
63441 1781
63457 1773
63474 1763
63490 1771
63506 1732
63523 1717
63539 1707
63555 1689
63572 1676
63588 1661
63604 1646
63621 1632
63637 1614
63653 1604
63670 1588
63686 1574
63702 1561
63719 1547
63735 1532
63751 1522
63768 1504
63784 1493
63800 1478
63817 1472
63833 1446
63849 1440
63866 1418
63882 1409
63898 1393
63915 1381
63931 1366
63947 1354
63964 1339
63980 1326
63996 1310
64013 1299
64029 1283
64045 1267
64062 1258
64078 1243
64094 1233
64111 1220
64127 1198
64143 1197
64160 1178
64176 1166
64192 1154
64209 1138
64225 1130
64241 1105
64258 1102
64274 1086
64290 1072
64307 1059
64323 1046
64339 1030
64356 1022
64372 1005
64388 996
64405 977
64421 967
64437 950
64454 947
64470 933
64486 919
64503 905
64519 893
64535 884
64552 873
64568 856
64584 844
64601 837
64617 829
64633 810
64650 800
64666 781
64682 772
64699 763
64715 662
64731 739
64748 727
64764 721
64780 704
64797 694
64813 686
64829 674
64846 664
64862 656
64878 643
64895 631
64911 620
64927 612
64944 600
64960 589
64976 581
64994 574
65010 560
65027 550
65043 543
65059 530
65076 520
65092 515
65108 500
65125 496
65141 487
65157 477
65174 469
65190 460
65206 456
65223 440
65239 435
65255 427
65272 416
65288 415
65304 404
65321 394
65337 390
65353 380
65370 373
65386 366
65402 360
65419 351
65435 347
65451 337
65468 330
65484 323
65500 317
65517 313
65533 309
65549 301
65566 297
65582 291
65598 281
65615 278
65631 273
65647 268
65664 263
65680 258
65696 251
65713 248
65729 244
65745 240
65762 236
65778 233
65794 225
65811 221
65827 219
65843 214
65860 212
65876 212
65892 197
65909 205
65925 195
65941 197
65958 194
65974 191
65991 198
66008 187
66024 187
66040 186
66057 179
66073 177
66089 178
66106 173
66122 165
66138 173
66155 169
66171 164
66187 167
66204 162
66220 161
66236 161
66253 158
66269 173
66285 174
66302 190
66318 211
66334 223
66351 254
66367 264
66383 317
66400 355
66416 389
66432 441
66449 491
66465 543
66481 602
66498 661
66514 728
66530 794
66547 865
66563 935
66579 1012
66596 1086
66612 1169
66628 1246
66645 1326
66661 1403
66677 1485
66694 1573
66710 1655
66726 1744
66743 1825
66759 1909
66775 1988
66792 2075
66808 2147
66824 2226
66841 2307
66857 2373
66873 2446
66890 2513
66906 2584
66922 2649
66939 2715
66955 2768
66971 2828
66989 2881
67005 2921
67022 2963
67038 2999
67055 3041
67071 3069
67087 3092
67104 3118
67120 3132
67137 3146
67153 3156
67170 3165
67186 3164
67202 3161
67219 3158
67235 3168
67252 3160
67268 3158
67285 3158
67301 3154
67317 3151
67334 3149
67350 3150
67367 3147
67383 3146
67400 3146
67416 3147
67432 3141
67449 3138
67465 3114
67482 3134
67498 3130
67515 3128
67531 3124
67547 3123
67564 3122
67580 3119
67597 3118
67613 3112
67630 3110
67646 3106
67662 3100
67679 3100
67695 3096
67712 3096
67728 3087
67745 3083
67761 3080
67777 3079
67794 3075
67810 3067
67827 3063
67843 3060
67860 3054
67876 3048
67892 3048
67909 3041
67925 3036
67942 3024
67958 3025
67975 3017
67992 3025
68009 3006
68025 3004
68041 2991
68058 2991
68074 2984
68091 2986
68107 2971
68124 2966
68140 2909
68156 2950
68173 2944
68189 2940
68206 2932
68222 2926
68239 2917
68255 2911
68271 2902
68288 2891
68304 2881
68321 2879
68337 2874
68354 2865
68370 2858
68386 2852
68403 2840
68419 2835
68436 2820
68452 2815
68469 2807
68485 2797
68501 2790
68518 2778
68534 2772
68551 2761
68567 2752
68584 2743
68600 2733
68616 2722
68633 2711
68649 2706
68666 2678
68682 2687
68699 2674
68715 2601
68731 2657
68748 2640
68764 2631
68781 2624
68797 2605
68814 2598
68830 2592
68846 2582
68863 2570
68879 2558
68896 2548
68912 2543
68929 2532
68945 2513
68961 2502
68978 2490
68995 2478
69012 2468
69028 2456
69045 2446
69061 2433
69078 2421
69094 2409
69110 2396
69127 2388
69143 2374
69160 2361
69176 2352
69193 2341
69209 2327
69225 2313
69242 2283
69258 2296
69275 2276
69291 2257
69308 2253
69324 2237
69340 2232
69357 2213
69373 2199
69390 2187
69406 2170
69423 2159
69439 2143
69455 2132
69472 2123
69488 2109
69505 2090
69521 2081
69538 2067
69554 2046
69570 2042
69587 2030
69603 2015
69620 2003
69636 1986
69653 1975
69669 1964
69685 1946
69702 1938
69718 1920
69735 1912
69751 1892
69768 1880
69784 1866
69800 1852
69817 1831
69833 1826
69850 1813
69866 1798
69883 1780
69899 1763
69915 1753
69932 1739
69948 1721
69965 1711
69981 1694
69999 1677
70015 1706
70032 1650
70048 1634
70064 1621
70081 1608
70097 1595
70114 1577
70130 1565
70147 1551
70163 1537
70179 1521
70196 1509
70212 1485
70229 1482
70245 1466
70262 1453
70278 1436
70294 1424
70311 1409
70327 1392
70344 1379
70360 1369
70377 1352
70393 1343
70409 1329
70426 1313
70442 1302
70459 1288
70475 1272
70492 1263
70508 1244
70524 1232
70541 1218
70557 1202
70574 1191
70590 1179
70607 1164
70623 1156
70639 1138
70656 1124
70672 1112
70689 1104
70705 1084
70722 1073
70738 1056
70754 1044
70771 1033
70787 1019
70804 1005
70820 985
70837 978
70853 964
70869 953
70886 942
70902 929
70919 916
70935 909
70952 892
70968 879
70986 866
71002 865
71018 840
71035 831
71051 818
71068 806
71084 792
71101 783
71117 774
71133 758
71150 748
71166 736
71183 708
71199 712
71216 701
71232 692
71248 685
71265 713
71281 658
71298 645
71314 636
71331 624
71347 612
71363 608
71380 593
71396 585
71413 572
71429 564
71446 550
71462 543
71478 535
71495 524
71511 516
71528 504
71544 496
71561 488
71577 476
71593 471
71610 459
71626 454
71643 443
71659 438
71676 430
71692 383
71708 414
71725 406
71741 389
71758 389
71774 384
71791 377
71807 367
71823 350
71840 353
71856 346
71873 335
71889 330
71906 326
71922 319
71938 315
71955 307
71971 304
71989 296
72005 299
72022 284
72038 280
72055 269
72071 271
72087 263
72104 260
72120 253
72137 247
72153 244
72170 240
72186 232
72202 228
72219 225
72235 220
72252 216
72268 166
72285 214
72301 207
72317 208
72334 206
72350 199
72367 196
72383 194
72400 191
72416 191
72432 185
72449 185
72465 181
72482 177
72498 176
72515 173
72531 173
72547 170
72564 169
72580 168
72597 165
72613 165
72630 163
72646 162
72662 161
72679 159
72695 169
72712 180
72728 195
72745 230
72761 233
72777 260
72794 295
72810 328
72827 366
72843 407
72860 454
72876 505
72892 563
72909 621
72925 687
72942 752
72958 823
72975 891
72992 970
73008 1047
73025 1126
73041 1203
73058 1280
73074 1366
73091 1447
73107 1532
73123 1617
73140 1702
73156 1786
73173 1876
73189 1951
73206 2033
73222 2114
73238 2191
73255 2271
73271 2348
73288 2416
73304 2488
73321 2564
73337 2624
73353 2687
73370 2747
73386 2805
73403 2854
73419 2901
73436 2946
73452 2999
73468 3022
73485 3053
73501 3083
73518 3105
73534 3125
73551 3139
73567 3151
73583 3162
73600 3165
73616 3165
73633 3164
73649 3163
73666 3160
73682 3160
73698 3157
73715 3156
73731 3154
73748 3152
73764 3152
73781 3155
73797 3144
73813 3146
73830 3143
73846 3146
73863 3143
73879 3137
73896 3137
73912 3131
73928 3132
73945 3127
73961 3126
73978 3125
73995 3120
74012 3120
74028 3112
74045 3113
74061 3108
74077 3105
74094 3101
74110 3097
74127 3096
74143 3091
74160 3088
74176 3083
74192 3081
74209 3077
74225 3074
74242 3065
74258 3063
74275 3056
74291 3053
74307 3047
74324 3043
74340 3039
74357 3032
74373 3022
74390 3019
74406 3014
74422 3010
74439 3003
74455 2998
74472 2992
74488 2991
74505 2981
74521 2973
74537 2968
74554 2964
74570 2954
74587 2948
74603 2942
74620 2935
74636 2930
74652 2920
74669 2914
74685 2908
74702 2896
74718 2885
74735 2883
74751 2877
74767 2868
74784 2858
74800 2853
74817 2845
74833 2833
74850 2830
74866 2818
74882 2812
74899 2800
74915 2792
74932 2777
74948 2774
74965 2764
74981 2755
74999 2745
75015 2735
75031 2726
75048 2717
75064 2708
75081 2698
75097 2686
75114 2676
75130 2665
75146 2655
75163 2648
75179 2638
75196 2623
75212 2617
75229 2604
75245 2593
75261 2583
75278 2570
75294 2559
75311 2550
75327 2538
75344 2520
75360 2516
75376 2504
75393 2494
75409 2481
75426 2498
75442 2457
75459 2448
75475 2437
75491 2423
75508 2412
75524 2400
75541 2388
75557 2377
75574 2364
75590 2353
75606 2342
75623 2328
75639 2322
75656 2300
75672 2289
75689 2278
75705 2263
75721 2252
75738 2239
75754 2227
75771 2196
75787 2201
75804 2186
75820 2175
75836 2162
75853 2149
75869 2136
75886 2120
75902 2105
75919 2096
75935 2083
75951 2071
75968 2058
75985 2044
76002 2030
76018 2016
76035 2002
76051 1991
76068 1977
76084 1943
76100 1950
76117 1939
76133 1923
76150 1905
76166 1902
76183 1880
76199 1867
76215 1853
76232 1839
76248 1825
76265 1810
76281 1796
76298 1781
76314 1769
76330 1753
76347 1724
76363 1726
76380 1712
76396 1698
76413 1682
76429 1668
76445 1654
76462 1638
76478 1625
76495 1609
76511 1594
76528 1579
76544 1567
76560 1553
76577 1538
76593 1523
76610 1513
76626 1493
76643 1479
76659 1467
76675 1451
76692 1493
76708 1423
76725 1410
76741 1403
76758 1377
76774 1367
76790 1353
76807 1338
76823 1338
76840 1311
76856 1298
76873 1279
76889 1270
76905 1255
76922 1242
76938 1225
76955 1216
76971 1200
76989 1187
77005 1175
77022 1158
77038 1146
77054 1126
77071 1113
77087 1104
77104 1092
77120 1077
77137 1062
77153 1048
77169 1036
77186 1022
77202 1010
77219 1000
77235 979
77252 975
77268 969
77284 944
77301 935
77317 920
77334 908
77350 902
77367 885
77383 870
77399 856
77416 847
77432 833
77449 822
77465 812
77482 801
77498 790
77514 777
77531 765
77547 752
77564 737
77580 728
77597 716
77613 706
77629 694
77646 689
77662 673
77679 664
77695 649
77712 641
77728 632
77744 616
77761 605
77777 596
77794 588
77810 579
77827 570
77843 559
77859 550
77876 548
77892 529
77909 521
77925 509
77942 502
77958 496
77974 482
77992 474
78008 466
78025 455
78041 449
78058 461
78074 431
78091 422
78107 414
78123 407
78140 403
78156 392
78173 383
78189 375
78206 365
78222 361
78238 354
78255 346
78271 341
78288 336
78304 324
78321 322
78337 317
78353 309
78370 298
78386 297
78403 291
78419 287
78436 280
78452 271
78468 269
78485 263
78501 255
78518 254
78534 249
78551 244
78567 242
78583 237
78600 231
78616 231
78633 224
78649 222
78666 217
78682 212
78698 208
78715 208
78731 202
78748 201
78764 196
78781 193
78797 186
78813 188
78830 184
78846 184
78863 181
78879 177
78896 177
78912 175
78928 172
78945 171
78961 172
78978 169
78995 167
79012 163
79028 163
79044 159
79061 158
79077 159
79094 170
79110 178
79127 193
79143 208
79159 232
79176 260
79192 291
79209 327
79225 364
79242 407
79258 459
79274 503
79291 562
79307 619
79324 682
79340 748
79357 816
79373 903
79389 959
79406 1038
79422 1109
79439 1194
79455 1273
79472 1351
79488 1434
79504 1521
79521 1608
79537 1686
79554 1776
79570 1860
79587 1940
79603 2019
79619 2102
79636 2180
79652 2260
79669 2337
79685 2409
79702 2478
79718 2566
79734 2614
79751 2679
79767 2736
79784 2795
79800 2847
79817 2896
79833 2941
79849 2977
79866 3019
79882 3053
79899 3079
79915 3103
79932 3124
79948 3138
79964 3149
79981 3162
79999 3167
80015 3165
80031 3161
80048 3162
80064 3160
80081 3161
80097 3156
80114 3152
80130 3155
80146 3155
80163 3149
80179 3151
80196 3148
80212 3145
80229 3144
80245 3139
80261 3139
80278 3138
80294 3135
80311 3133
80327 3130
80344 3126
80360 3124
80376 3120
80393 3119
80409 3118
80426 3118
80442 3112
80459 3108
80475 3110
80491 3100
80508 3098
80524 3093
80541 3091
80557 3086
80574 3087
80590 3079
80606 3077
80623 3074
80639 3068
80656 3060
80672 3058
80689 3055
80705 3047
80721 3049
80738 3037
80754 3032
80771 3023
80787 3023
80804 3015
80820 3015
80836 3005
80853 3000
80869 3001
80886 2987
80902 2989
80919 2977
80935 2971
80951 2965
80968 2958
80985 2952
81002 2944
81018 2936
81035 2930
81051 2923
81067 2908
81084 2923
81100 2904
81117 2896
81133 2885
81150 2876
81166 2873
81182 2861
81199 2856
81215 2844
81232 2833
81248 2830
81265 2823
81281 2815
81297 2805
81314 2798
81330 2787
81347 2792
81363 2767
81380 2759
81396 2748
81412 2742
81429 2732
81445 2723
81462 2714
81478 2704
81495 2692
81511 2682
81527 2675
81544 2664
81560 2654
81577 2645
81593 2633
81610 2624
81626 2614
81642 2600
81659 2589
81675 2578
81692 2579
81708 2558
81725 2548
81741 2543
81757 2525
81774 2513
81790 2504
81807 2491
81823 2478
81840 2465
81856 2459
81872 2448
81889 2433
81905 2425
81922 2412
81938 2402
81955 2387
81971 2375
81989 2361
82005 2341
82021 2337
82038 2326
82054 2316
82071 2302
82087 2287
82104 2275
82120 2263
82136 2247
82153 2236
82169 2227
82186 2213
82202 2201
82219 2186
82235 2173
82251 2161
82268 2152
82284 2135
82301 2117
82317 2109
82334 2095
82350 2082
82366 2070
82383 2053
82399 2042
82416 2026
82432 2011
82449 2001
82465 1991
82481 1978
82498 1961
82514 1953
82531 1938
82547 1922
82564 1909
82580 1895
82596 1881
82613 1870
82629 1853
82646 1840
82662 1831
82679 1814
82695 1799
82711 1782
82728 1769
82744 1755
82761 1741
82777 1727
82794 1715
82810 1700
82826 1683
82843 1670
82859 1657
82876 1644
82892 1629
82909 1614
82925 1600
82941 1587
82958 1568
82974 1555
82992 1532
83008 1526
83025 1512
83041 1499
83058 1483
83074 1464
83090 1451
83107 1443
83123 1428
83140 1377
83156 1400
83173 1387
83189 1375
83205 1355
83222 1343
83238 1330
83255 1314
83271 1301
83288 1292
83304 1277
83320 1266
83337 1246
83353 1236
83370 1220
83386 1212
83403 1195
83419 1183
83435 1171
83452 1161
83468 1144
83485 1131
83501 1116
83518 1097
83534 1088
83550 1078
83567 1062
83583 1052
83600 1037
83616 1026
83633 1011
83649 997
83665 1000
83682 970
83698 958
83715 1016
83731 935
83748 923
83764 910
83780 899
83797 886
83813 876
83830 862
83846 843
83863 835
83879 824
83895 814
83912 800
83928 788
83945 781
83961 766
83978 753
83995 740
84012 730
84028 719
84044 708
84061 695
84077 686
84094 675
84110 662
84127 652
84143 639
84159 630
84176 619
84192 612
84209 599
84225 591
84242 597
84258 570
84274 560
84291 549
84307 541
84324 530
84340 518
84357 513
84373 504
84389 495
84406 485
84422 477
84439 468
84455 460
84472 450
84488 442
84504 432
84521 421
84537 418
84554 411
84570 401
84587 395
84603 387
84619 376
84636 367
84652 362
84669 357
84685 351
84702 347
84718 340
84734 331
84751 322
84767 319
84784 312
84800 309
84817 294
84833 294
84849 286
84866 276
84882 278
84899 273
84915 258
84932 260
84948 254
84964 250
84981 249
84998 244
85015 226
85031 234
85048 230
85064 223
85080 217
85097 218
85113 215
85130 212
85146 207
85163 206
85179 203
85195 197
85212 197
85228 192
85245 192
85261 186
85278 183
85294 187
85310 180
85327 179
85343 176
85360 177
85376 175
85393 171
85409 167
85425 166
85442 164
85458 160
85475 161
85491 160
85508 157
85524 165
85540 177
85557 187
85573 203
85590 222
85606 247
85623 273
85639 304
85655 348
85672 384
85688 430
85705 478
85721 531
85738 584
85754 643
85770 711
85787 779
85803 851
85820 919
85836 994
85853 1070
85869 1148
85885 1228
85902 1303
85918 1388
85935 1470
85951 1553
85968 1637
85985 1728
86002 1811
86018 1895
86034 1976
86051 2053
86067 2130
86084 2207
86100 2291
86117 2364
86133 2434
86149 2509
86166 2569
86182 2632
86199 2699
86215 2758
86232 2814
86248 2870
86264 2909
86281 2956
86297 2994
86314 3026
86330 3060
86347 3088
86363 3104
86379 3126
86396 3138
86412 3152
86429 3163
86445 3166
86462 3168
86478 3161
86494 3162
86511 3166
86527 3160
86544 3158
86560 3156
86577 3155
86593 3151
86609 3151
86626 3151
86642 3147
86659 3146
86675 3139
86692 3160
86708 3141
86724 3137
86741 3115
86757 3134
86774 3131
86790 3129
86807 3125
86823 3123
86839 3123
86856 3119
86872 3115
86889 3111
86905 3109
86922 3105
86938 3103
86954 3102
86971 3098
86988 3093
87005 3089
87021 3085
87038 3081
87054 3080
87071 3072
87087 3077
87103 3066
87120 3058
87136 3056
87153 3052
87169 3048
87186 3041
87202 3038
87218 3031
87235 3025
87251 3022
87268 3015
87284 3009
87301 2998
87317 2993
87333 2991
87350 2985
87366 2980
87383 2974
87399 2967
87416 2970
87432 2955
87448 2949
87465 2976
87481 2930
87498 2925
87514 2917
87531 2915
87547 2905
87563 2899
87580 2891
87596 2883
87613 2873
87629 2864
87646 2857
87662 2850
87678 2843
87695 2836
87711 2826
87728 2818
87744 2810
87761 2798
87777 2791
87793 2783
87810 2774
87826 2764
87843 2756
87859 2745
87876 2737
87892 2727
87908 2726
87925 2709
87941 2695
87958 2689
87974 2678
87992 2629
88008 2660
88025 2648
88041 2638
88057 2626
88074 2618
88090 2604
88107 2595
88123 2583
88140 2576
88156 2562
88172 2550
88189 2541
88205 2530
88222 2518
88238 2500
88255 2496
88271 2483
88287 2470
88304 2459
88320 2449
88337 2435
88353 2427
88370 2417
88386 2401
88402 2391
88419 2380
88435 2366
88452 2356
88468 2344
88485 2332
88501 2320
88517 2306
88534 2293
88550 2274
88567 2268
88583 2256
88600 2242
88616 2223
88632 2220
88649 2206
88665 2202
88682 2180
88698 2166
88715 2151
88731 2141
88747 2128
88764 2110
88780 2104
88797 2091
88813 2075
88830 2063
88846 2047
88862 2039
88879 2022
88895 2008
88912 1993
88928 1981
88945 1968
88961 1957
88977 1945
88995 1930
89011 1919
89028 1904
89044 1888
89061 1878
89077 1863
89093 1847
89110 1831
89126 1820
89143 1805
89159 1792
89176 1777
89192 1764
89208 1748
89225 1732
89241 1712
89258 1706
89274 1691
89291 1665
89307 1663
89323 1645
89340 1631
89356 1623
89373 1606
89389 1594
89406 1579
89422 1561
89438 1550
89455 1535
89471 1522
89488 1507
89504 1493
89521 1477
89537 1458
89553 1449
89570 1429
89586 1423
89603 1408
89619 1396
89636 1381
89652 1365
89668 1352
89685 1339
89701 1324
89718 1310
89734 1299
89751 1285
89767 1269
89783 1256
89800 1243
89816 1248
89833 1214
89849 1204
89866 1206
89882 1176
89898 1163
89915 1156
89931 1136
89948 1122
89964 1115
89981 1094
89998 1083
90015 1017
90031 1056
90048 1041
90064 1032
90080 1016
90097 1003
90113 988
90130 974
90146 961
90163 948
90179 937
90195 927
90212 912
90228 900
90245 891
90261 872
90278 864
90294 853
90310 841
90327 830
90343 817
90360 804
90376 793
90393 781
90409 767
90425 758
90442 740
90458 732
90475 721
90491 710
90508 699
90524 690
90540 692
90557 667
90573 654
90590 646
90606 635
90623 624
90639 610
90655 602
90672 591
90688 583
90705 573
90721 561
90738 553
90754 541
90770 531
90787 531
90803 512
90820 506
90836 496
90853 485
90869 478
90885 470
90902 457
90918 452
90935 442
90951 433
90968 425
90985 418
91002 410
91018 403
91034 394
91051 387
91067 379
91084 373
91100 363
91117 355
91133 352
91149 344
91166 339
91182 332
91199 318
91215 321
91232 312
91248 306
91264 304
91281 294
91297 289
91314 280
91330 274
91347 272
91363 267
91379 263
91396 254
91412 250
91429 244
91445 242
91462 236
91478 235
91494 230
91511 228
91527 223
91544 217
91560 214
91577 208
91593 209
91609 201
91626 200
91642 199
91659 194
91675 192
91692 169
91708 185
91724 180
91741 169
91757 179
91774 176
91790 175
91807 174
91823 168
91839 169
91856 167
91872 160
91889 163
91905 165
91922 161
91938 161
91954 157
91971 162
91988 176
92005 181
92021 206
92038 228
92054 252
92071 287
92087 317
92103 356
92120 399
92136 448
92153 495
92169 552
92186 608
92202 672
92218 736
92235 805
92251 875
92268 890
92284 1022
92301 1101
92317 1181
92333 1260
92350 1343
92366 1422
92383 1508
92399 1590
92416 1674
92432 1759
92448 1844
92465 1932
92481 2010
92498 2090
92514 2168
92531 2248
92547 2323
92563 2395
92580 2467
92596 2539
92613 2599
92629 2669
92646 2727
92662 2789
92678 2837
92695 2888
92711 2936
92728 2978
92744 3014
92761 3046
92777 3077
92793 3101
92810 3120
92826 3138
92843 3148
92859 3159
92876 3180
92892 3167
92908 3165
92925 3165
92941 3161
92958 3160
92974 3158
92992 3155
93008 3153
93025 3155
93041 3154
93057 3126
93074 3146
93090 3144
93107 3145
93123 3142
93140 3139
93156 3139
93172 3133
93189 3132
93205 3131
93222 3127
93238 3126
93255 3122
93271 3124
93287 3118
93304 3114
93320 3110
93337 3110
93353 3107
93370 3102
93386 3103
93402 3098
93419 3092
93435 3087
93452 3074
93468 3082
93485 3077
93501 3077
93517 3068
93534 3062
93550 3060
93567 3054
93583 3048
93600 3041
93616 3038
93632 3032
93649 3027
93665 3024
93682 3016
93698 3013
93715 3007
93731 3007
93747 2996
93764 2989
93780 2984
93797 2981
93813 2965
93830 2967
93846 2956
93862 2950
93879 2945
93895 2939
93912 2928
93928 2921
93945 2915
93961 2908
93977 2905
93995 2894
94011 2887
94028 2880
94044 2870
94061 2862
94077 2853
94093 2846
94110 2839
94126 2828
94143 2823
94159 2814
94176 2804
94192 2795
94208 2788
94225 2777
94241 2766
94258 2760
94274 2748
94291 2742
94307 2733
94323 2719
94340 2713
94356 2698
94373 2686
94389 2681
94406 2672
94422 2667
94438 2652
94455 2644
94471 2631
94488 2620
94504 2608
94521 2601
94537 2586
94553 2576
94570 2566
94586 2551
94603 2542
94619 2532
94636 2524
94652 2511
94668 2500
94685 2489
94701 2476
94718 2470
94734 2453
94751 2444
94767 2434
94783 2420
94800 2407
94816 2395
94833 2385
94849 2375
94866 2359
94882 2346
94898 2334
94915 2326
94931 2311
94948 2301
94964 2287
94981 2271
94998 2260
95015 2248
95031 2245
95048 2221
95064 2208
95080 2198
95097 2183
95113 2158
95130 2158
95146 2143
95163 2129
95179 2118
95195 2103
95212 2092
95228 2078
95245 2065
95261 2052
95278 2041
95294 2021
95310 2012
95327 2001
95343 1983
95360 1970
95376 1962
95393 1948
95409 1933
95425 1910
95442 1905
95458 1894
95475 1877
95491 1867
95508 1850
95524 1837
95540 1826
95557 1810
95573 1796
95590 1781
95606 1769
95623 1744
95639 1740
95655 1725
95672 1711
95688 1699
95705 1682
95721 1672
95738 1650
95754 1640
95770 1624
95787 1608
95803 1596
95820 1579
95836 1568
95853 1554
95869 1541
95885 1527
95902 1511
95918 1497
95935 1484
95951 1469
95968 1455
95985 1443
96002 1425
96018 1413
96034 1398
96051 1383
96067 1370
96084 1355
96100 1341
96117 1323
96133 1313
96149 1301
96166 1288
96182 1275
96199 1261
96215 1246
96232 1234
96248 1213
96264 1208
96281 1191
96297 1179
96314 1166
96330 1153
96347 1142
96363 1127
96379 1114
96396 1100
96412 1085
96429 1072
96445 1056
96462 1045
96478 1031
96494 1018
96511 1011
96527 995
96544 979
96560 965
96577 953
96593 942
96609 929
96626 916
96642 902
96659 889
96675 876
96692 845
96708 853
96724 837
96741 825
96757 817
96774 805
96790 792
96807 780
96823 768
96839 748
96856 744
96872 728
96889 720
96905 709
96922 699
96938 691
96954 674
96971 665
96988 652
97005 643
97021 629
97038 616
97054 607
97071 596
97087 588
97103 577
97120 570
97136 553
97153 552
97169 541
97186 528
97202 516
97218 510
97235 499
97251 491
97268 501
97284 472
97301 466
97317 456
97333 449
97350 437
97366 426
97383 422
97399 404
97416 406
97432 395
97448 398
97465 382
97481 379
97498 370
97514 360
97531 350
97547 349
97563 342
97580 334
97596 325
97613 321
97629 317
97646 306
97662 305
97678 296
97695 291
97711 283
97728 279
97744 274
97761 269
97777 272
97793 263
97810 258
97826 248
97843 245
97859 238
97876 223
97892 231
97908 229
97925 218
97941 218
97958 217
97974 214
97992 207
98008 204
98025 201
98041 199
98057 196
98074 192
98090 194
98107 190
98123 186
98140 156
98156 178
98172 178
98189 177
98205 174
98222 174
98238 171
98255 169
98271 165
98287 164
98304 159
98320 158
98337 159
98353 159
98370 167
98386 174
98402 186
98419 198
98435 215
98452 246
98468 268
98485 299
98501 334
98517 376
98534 419
98550 467
98567 522
98583 575
98600 636
98616 691
98632 764
98649 834
98665 905
98682 980
98698 1056
98715 1137
98731 1214
98747 1292
98764 1371
98780 1458
98797 1551
98813 1624
98830 1710
98846 1797
98862 1878
98879 1960
98895 2041
98912 2118
98928 2192
98945 2275
98961 2357
98977 2424
98995 2497
99011 2567
99028 2629
99044 2701
99061 2755
99077 2815
99093 2860
99110 2906
99126 2953
99143 2991
99159 3032
99176 3059
99192 3084
99208 3107
99225 3127
99241 3160
99258 3150
99274 3162
99291 3164
99307 3162
99323 3162
99340 3160
99356 3164
99373 3153
99389 3157
99406 3153
99422 3154
99438 3155
99455 3150
99471 3148
99488 3148
99504 3147
99521 3143
99537 3141
99553 3140
99570 3134
99586 3133
99603 3133
99619 3131
99636 3130
99652 3125
99668 3124
99685 3122
99701 3121
99718 3109
99734 3106
99751 3106
99767 3105
99783 3103
99800 3099
99816 3097
99833 3093
99849 3101
99866 3083
99882 3078
99898 3076
99915 3069
99931 3069
99948 3061
99964 3057
99981 3055
99998 3047
100015 3046
100031 3040
100048 3035
100064 3027
100080 3022
100097 3018
100113 3008
100130 3005
100146 3000
100163 2994
100179 2985
100195 2979
100212 2972
100228 2968
100245 2967
100261 2955
100278 2950
100294 2938
100310 2936
100327 2931
100343 2923
100360 2919
100376 2906
100393 2898
100409 2893
100425 2902
100442 2877
100458 2867
100475 2862
100491 2850
100508 2838
100524 2837
100540 2830
100557 2818
100573 2812
100590 2804
100606 2791
100623 2782
100639 2777
100655 2773
100672 2762
100689 2747
100705 2739
100721 2731
100737 2722
100754 2713
100770 2697
100786 2693
100803 2682
100819 2679
100835 2661
100851 2653
100868 2644
100884 2631
100900 2608
100917 2610
100933 2600
100949 2591
100965 2580
100982 2566
100999 2558
101015 2545
101032 2525
101048 2524
101064 2515
101080 2495
101097 2492
101113 2484
101129 2468
101146 2456
101162 2447
101178 2436
101194 2424
101211 2409
101227 2398
101243 2347
101260 2374
101276 2364
101292 2356
101308 2345
101325 2329
101341 2315
101357 2305
101374 2288
101390 2279
101406 2264
101422 2256
101439 2240
101455 2229
101471 2217
101488 2205
101504 2192
101520 2179
101536 2168
101553 2155
101569 2140
101585 2126
101602 2116
101618 2100
101634 2087
101650 2075
101667 2064
101683 2051
101699 2039
101716 2026
101732 2018
101748 1997
101764 1987
101781 1972
101797 1969
101813 1946
101830 1935
101846 1920
101862 1912
101878 1892
101895 1881
101911 1868
101927 1861
101944 1840
101960 1826
101976 1809
101994 1796
102010 1782
102026 1768
102042 1754
102059 1743
102075 1729
102091 1713
102108 1700
102124 1683
102140 1671
102156 1656
102173 1644
102189 1630
102205 1614
102222 1601
102238 1586
102254 1571
102270 1558
102287 1546
102303 1530
102319 1516
102336 1500
102352 1487
102368 1473
102384 1461
102401 1444
102417 1432
102433 1421
102450 1381
102466 1389
102482 1376
102498 1361
102515 1348
102531 1336
102547 1325
102564 1306
102580 1295
102596 1281
102612 1271
102629 1255
102645 1243
102661 1230
102678 1216
102694 1202
102710 1190
102726 1174
102743 1163
102759 1148
102775 1136
102792 1127
102808 1109
102824 1089
102840 1074
102857 1070
102873 1055
102889 1048
102906 1033
102922 1022
102938 1006
102954 994
102971 982
102988 972
103004 953
103021 941
103037 928
103053 916
103070 903
103086 890
103102 878
103118 869
103135 849
103151 843
103167 829
103184 822
103200 806
103216 794
103232 783
103249 772
103265 764
103281 750
103298 740
103314 727
103330 717
103346 709
103363 700
103379 681
103395 670
103412 661
103428 652
103444 639
103460 630
103477 615
103493 608
103509 598
103526 589
103542 579
103558 568
103574 563
103591 550
103607 539
103623 536
103640 536
103656 512
103672 500
103688 493
103705 485
103721 477
103737 468
103754 457
103770 449
103786 439
103802 432
103819 429
103835 421
103851 410
103868 401
103884 392
103900 388
103916 372
103933 371
103949 371
103965 362
103982 350
103999 345
104015 328
104032 333
104048 323
104064 317
104080 313
104097 306
104113 300
104129 296
104146 290
104162 282
104178 278
104194 271
104211 269
104227 261
104243 256
104260 252
104276 247
104292 242
104308 240
104325 235
104341 235
104357 225
104374 222
104390 225
104406 215
104422 211
104439 214
104455 206
104471 210
104488 195
104504 195
104520 188
104536 192
104553 189
104569 186
104585 183
104602 178
104618 176
104634 177
104650 172
104667 172
104683 168
104699 170
104716 168
104732 166
104748 163
104764 150
104781 160
104797 158
104813 165
104830 168
104846 182
104862 202
104878 212
104895 232
104911 263
104927 294
104944 327
104960 364
104976 409
104994 457
105010 508
105026 561
105042 620
105059 685
105075 747
105091 805
105108 886
105124 959
105140 1012
105156 1112
105173 1183
105189 1268
105205 1344
105222 1425
105238 1508
105254 1589
105270 1674
105287 1759
105303 1842
105319 1923
105336 2002
105352 2077
105368 2155
105384 2232
105401 2310
105417 2384
105433 2452
105450 2523
105466 2589
105482 2656
105498 2712
105515 2774
105531 2821
105547 2875
105564 2920
105580 2964
105596 3003
105612 3032
105629 3065
105645 3090
105661 3111
105678 3130
105694 3143
105710 3155
105726 3169
105743 3166
105759 3164
105775 3162
105792 3159
105808 3160
105824 3159
105840 3162
105857 3156
105873 3154
105889 3153
105906 3151
105922 3150
105938 3147
105954 3147
105971 3144
105988 3138
106004 3142
106021 3140
106037 3139
106053 3134
106070 3131
106086 3129
106102 3122
106118 3123
106135 3120
106151 3117
106167 3114
106184 3111
106200 3109
106216 3111
106232 3104
106249 3102
106265 3095
106281 3092
106298 3089
106314 3087
106330 3080
106346 3079
106363 3072
106379 3067
106395 3063
106412 3056
106428 3055
106444 3048
106460 3046
106477 3041
106493 3031
106509 3030
106526 3020
106542 3017
106558 3012
106574 3006
106591 3004
106607 2999
106623 2991
106640 2959
106656 2982
106672 2973
106688 2969
106705 2966
106721 2955
106737 2948
106754 2941
106770 2933
106786 2927
106802 2920
106819 2915
106835 2908
106851 2900
106868 2891
106884 2883
106900 2875
106916 2881
106933 2860
106949 2854
106965 2859
106982 2838
106999 2831
107015 2838
107032 2812
107048 2801
107064 2793
107080 2787
107097 2779
107113 2773
107129 2763
107146 2753
107162 2747
107178 2733
107194 2726
107211 2716
107227 2706
107243 2696
107260 2685
107276 2676
107292 2664
107308 2656
107325 2646
107341 2628
107357 2627
107374 2617
107390 2609
107406 2596
107422 2584
107439 2573
107455 2563
107471 2552
107488 2540
107504 2527
107520 2515
107536 2507
107553 2493
107569 2485
107585 2472
107602 2463
107618 2450
107634 2440
107650 2425
107667 2417
107683 2404
107699 2391
107716 2375
107732 2370
107748 2355
107764 2302
107781 2335
107797 2323
107813 2311
107830 2290
107846 2287
107862 2268
107878 2261
107895 2248
107911 2235
107927 2222
107944 2211
107960 2198
107976 2184
107994 2169
108010 2157
108026 2146
108042 2129
108059 2125
108075 2105
108091 2106
108108 2081
108124 2070
108140 2068
108156 2043
108173 2029
108189 2017
108205 2004
108222 1991
108238 1978
108254 1966
108270 1952
108287 1941
108303 1924
108319 1913
108336 1898
108352 1884
108368 1873
108384 1859
108401 1844
108417 1830
108433 1816
108450 1799
108466 1789
108482 1772
108498 1761
108515 1749
108531 1735
108547 1724
108564 1703
108580 1691
108596 1678
108612 1664
108629 1647
108645 1633
108661 1629
108678 1608
108694 1593
108710 1578
108726 1566
108743 1552
108759 1538
108775 1522
108792 1505
108808 1493
108824 1476
108840 1467
108857 1453
108873 1437
108889 1484
108906 1412
108922 1396
108938 1382
108954 1371
108971 1354
108988 1342
109004 1328
109021 1313
109037 1312
109053 1287
109070 1273
109086 1262
109102 1249
109118 1236
109135 1224
109151 1210
109167 1196
109184 1184
109200 1168
109216 1160
109232 1142
109249 1129
109265 1106
109281 1103
109298 1091
109314 1078
109330 1063
109346 1050
109363 1036
109379 1029
109395 1012
109412 1001
109428 987
109444 974
109460 962
109477 947
109493 936
109509 921
109526 912
109542 898
109558 885
109574 876
109591 864
109607 852
109623 837
109640 803
109656 817
109672 805
109688 788
109705 778
109721 768
109737 757
109754 747
109770 734
109786 723
109802 710
109819 700
109835 688
109851 677
109868 666
109884 659
109900 641
109916 631
109933 627
109949 613
109965 575
109982 593
109999 581
110015 551
110032 562
110048 552
110064 546
110080 533
110097 525
110113 517
110129 505
110146 494
110162 487
110178 478
110194 469
110211 463
110227 452
110243 444
110260 435
110276 428
110292 419
110308 412
110325 403
110341 412
110357 390
110374 382
110390 373
110406 368
110422 361
110439 355
110455 345
110471 336
110488 334
110504 334
110520 330
110536 316
110553 310
110569 302
110585 296
110602 290
110618 285
110634 280
110650 275
110667 288
110683 265
110699 257
110716 253
110732 246
110748 244
110764 238
110781 231
110797 239
110813 227
110830 223
110846 221
110862 215
110878 212
110895 206
110911 205
110927 198
110944 201
110960 197
110976 191
110993 190
111010 188
111026 184
111042 183
111059 181
111075 180
111091 176
111107 174
111124 173
111140 172
111156 170
111173 169
111189 161
111205 165
111221 162
111238 161
111254 154
111270 160
111287 171
111303 184
111319 96
111335 214
111352 238
111368 261
111384 294
111401 328
111417 368
111433 409
111449 473
111466 507
111482 562
111498 622
111515 680
111531 748
111547 814
111563 888
111580 958
111596 1032
111612 1105
111629 1188
111645 1269
111661 1347
111677 1429
111694 1511
111710 1596
111726 1678
111743 1764
111759 1848
111775 1927
111791 2004
111808 2086
111824 2164
111840 2241
111857 2318
111873 2392
111889 2462
111905 2531
111922 2597
111938 2661
111954 2722
111971 2778
111988 2836
112004 2895
112021 2928
112037 2972
112053 3008
112069 3041
112086 3072
112102 3100
112118 3117
112135 3139
112151 3144
112167 3156
112183 3164
112200 3165
112216 3161
112232 3164
112249 3166
112265 3157
112281 3159
112297 3158
112314 3158
112330 3160
112346 3147
112363 3150
112379 3148
112395 3148
112411 3146
112428 3143
112444 3143
112460 3140
112477 3133
112493 3133
112509 3133
112525 3130
112542 3125
112558 3119
112574 3123
112591 3117
112607 3115
112623 3113
112639 3141
112656 3103
112672 3107
112688 3104
112705 3098
112721 3094
112737 3093
112753 3089
112770 3080
112786 3078
112802 3076
112819 3070
112835 3066
112851 3062
112867 3061
112884 3053
112900 3041
112916 3043
112933 3037
112949 3035
112965 3026
112981 3021
112999 3016
113015 3010
113031 3006
113048 2999
113064 2998
113080 2992
113097 2982
113113 2973
113129 2965
113145 2960
113162 2953
113178 2950
113194 2943
113211 2937
113227 2928
113243 2930
113259 2915
113276 2907
113292 2900
113308 2892
113325 2883
113341 2877
113357 2869
113373 2867
113390 2855
113406 2852
113422 2836
113439 2834
113455 2826
113471 2814
113487 2804
113504 2795
113520 2784
113536 2780
113553 2769
113569 2759
113585 2751
113601 2743
113618 2731
113634 2723
113650 2714
113667 2705
113683 2693
113699 2683
113715 2672
113732 2664
113748 2653
113764 2645
113781 2636
113797 2628
113813 2615
113829 2601
113846 2609
113862 2577
113878 2572
113895 2561
113911 2549
113927 2546
113943 2527
113960 2514
113976 2501
113993 2493
114010 2482
114026 2471
114042 2458
114059 2446
114075 2432
114091 2424
114107 2411
114124 2399
114140 2389
114156 2378
114173 2367
114189 2352
114205 2340
114221 2328
114238 2317
114254 2306
114270 2291
114287 2282
114303 2268
114319 2276
114335 2244
114352 2231
114368 2217
114384 2205
114401 2193
114417 2177
114433 2165
114449 2148
114466 2140
114482 2127
114498 2113
114515 2103
114531 2089
114547 2076
114563 2066
114580 2051
114596 2036
114612 2021
114629 2007
114645 1998
114661 1984
114677 1972
114694 1960
114710 1946
114726 1932
114743 1924
114759 1904
114775 1894
114791 1880
114808 1866
114824 1850
114840 1839
114857 1822
114873 1809
114889 1796
114905 1782
114922 1769
114938 1758
114954 1740
114971 1725
114988 1711
115004 1702
115021 1681
115037 1670
115053 1655
115069 1640
115086 1627
115102 1613
115118 1600
115135 1591
115151 1572
115167 1553
115183 1541
115200 1529
115216 1524
115232 1501
115249 1485
115265 1475
115281 1460
115297 1446
115314 1432
115330 1418
115346 1413
115363 1389
115379 1377
115395 1363
115411 1352
115428 1337
115444 1324
115460 1311
115477 1276
115493 1284
115509 1269
115525 1256
115542 1244
115558 1228
115574 1218
115591 1202
115607 1191
115623 1173
115639 1178
115656 1151
115672 1137
115688 1133
115705 1114
115721 1098
115737 1083
115753 1074
115770 1074
115786 1046
115802 1032
115819 1019
115835 1006
115851 993
115867 980
115884 968
115900 960
115916 942
115933 934
115949 917
115965 902
115981 891
115999 879
116015 868
116031 857
116048 844
116064 833
116080 820
116097 812
116113 788
116129 793
116145 770
116162 766
116178 751
116194 737
116211 726
116227 716
116243 708
116259 692
116276 681
116292 670
116308 655
116325 649
116341 639
116357 624
116373 616
116390 606
116406 595
116422 593
116439 574
116455 565
116471 566
116487 547
116504 543
116520 527
116536 521
116553 508
116569 502
116585 492
116601 481
116618 472
116634 464
116650 459
116667 445
116683 437
116699 431
116715 417
116732 412
116748 406
116764 397
116781 390
116797 373
116813 377
116829 371
116846 361
116862 352
116878 343
116895 338
116911 334
116927 333
116943 322
116960 313
116976 307
116993 304
117010 296
117026 288
117042 286
117059 272
117075 271
117091 265
117107 264
117124 257
117140 251
117156 247
117173 243
117189 237
117205 228
117221 229
117238 227
117254 220
117270 219
117287 214
117303 209
117319 223
117335 207
117352 205
117368 201
117384 197
117401 194
117417 190
117433 187
117449 176
117466 184
117482 180
117498 178
117515 177
117531 173
117547 173
117563 171
117580 170
117596 168
117612 162
117629 162
117645 162
117661 159
117677 158
117694 165
117710 176
117726 186
117743 198
117759 220
117775 246
117791 272
117808 304
117824 335
117840 373
117857 422
117873 470
117889 522
117905 577
117922 640
117938 703
117954 768
117971 835
117988 908
118004 982
118021 1055
118037 1147
118053 1214
118069 1293
118086 1371
118102 1452
118118 1537
118135 1622
118151 1706
118167 1790
118183 1867
118200 1953
118216 2015
118232 2110
118249 2184
118265 2267
118281 2342
118297 2413
118314 2482
118330 2552
118346 2610
118363 2677
118379 2739
118395 2793
118411 2846
118428 2892
118444 2939
118460 2977
118477 3027
118493 3050
118509 3076
118525 3101
118542 3119
118558 3136
118574 3146
118591 3156
118607 3165
118623 3165
118639 3179
118656 3161
118672 3162
118688 3161
118705 3159
118721 3157
118737 3155
118753 3155
118770 3155
118786 3150
118802 3152
118819 3148
118835 3143
118851 3141
118867 3143
118884 3136
118900 3138
118916 3135
118933 3134
118949 3131
118965 3125
118981 3123
118999 3119
119015 3117
119031 3117
119048 3116
119064 3110
119080 3104
119097 3106
119113 3099
119129 3095
119145 3094
119162 3093
119178 3087
119194 3082
119211 3074
119227 3074
119243 3052
119259 3066
119276 3061
119292 3056
119308 3054
119325 3044
119341 3041
119357 3033
119373 3028
119390 3024
119406 3018
119422 3011
119439 3010
119455 3001
119471 2997
119487 2989
119504 2988
119520 2975
119536 2973
119553 2970
119569 2961
119585 2954
119601 2947
119618 2939
119634 2933
119650 2926
119667 2922
119683 2909
119699 2904
119715 2896
119732 2889
119748 2885
119764 2873
119781 2866
119797 2866
119813 2852
119829 2842
119846 2836
119862 2828
119878 2819
119895 2809
119911 2805
119927 2798
119943 2787
119960 2773
119976 2765
119993 2759
120010 2747
120026 2736
120042 2728
120058 2720
120075 2706
120091 2698
120107 2691
120124 2678
120140 2670
120156 2661
120172 2648
120189 2639
120205 2628
120221 2618
120238 2607
120254 2600
120270 2589
120286 2576
120303 2569
120319 2540
120335 2544
120352 2534
120368 2517
120384 2512
120400 2502
120417 2489
120433 2483
120449 2454
120466 2453
120482 2441
120498 2430
120514 2421
120531 2409
120547 2396
120563 2386
120580 2376
120596 2366
120612 2351
120628 2341
120645 2327
120661 2316
120677 2303
120694 2292
120710 2277
120726 2270
120742 2255
120759 2242
120775 2230
120791 2216
120808 2203
120824 2191
120840 2176
120856 2161
120873 2151
120889 2138
120905 2123
120922 2112
120938 2100
120954 2088
120970 2074
120988 2063
121004 2054
121020 2036
121037 2023
121053 2010
121069 1998
121086 1984
121102 1970
121118 1958
121134 1937
121151 1931
121167 1919
121183 1905
121200 1893
121216 1886
121232 1862
121248 1851
121265 1835
121281 1822
121297 1807
121314 1798
121330 1781
121346 1779
121362 1753
121379 1741
121395 1728
121411 1712
121428 1701
121444 1691
121460 1672
121476 1669
121493 1644
121509 1629
121525 1616
121542 1602
121558 1589
121574 1572
121590 1562
121607 1536
121623 1534
121639 1515
121656 1503
121672 1490
121688 1472
121704 1462
121721 1452
121737 1433
121753 1422
121770 1407
121786 1399
121802 1380
121818 1367
121835 1352
121851 1340
121867 1324
121884 1312
121900 1288
121916 1288
121932 1275
121949 1261
121965 1248
121981 1231
121999 1218
122015 1207
122031 1189
122048 1178
122064 1167
122080 1154
122097 1140
122113 1102
122129 1114
122145 1099
122162 1088
122178 1074
122194 1061
122211 1048
122227 1035
122243 1021
122259 1010
122276 997
122292 991
122308 972
122325 959
122341 940
122357 934
122373 921
122390 907
122406 894
122422 884
122439 876
122455 861
122471 847
122487 837
122504 827
122520 814
122536 802
122553 789
122569 775
122585 764
122601 755
122618 745
122634 734
122650 724
122667 707
122683 697
122699 687
122715 676
122732 666
122748 653
122764 642
122781 631
122797 631
122813 611
122829 603
122846 591
122862 583
122878 575
122895 564
122911 555
122927 545
122943 534
122960 527
122976 515
122993 504
123010 498
123026 493
123042 477
123059 469
123075 462
123091 449
123107 439
123124 436
123140 429
123156 420
123173 409
123189 402
123205 398
123221 386
123238 382
123254 377
123270 370
123287 360
123303 353
123319 346
123335 339
123352 334
123368 326
123384 321
123401 316
123417 308
123433 302
123449 297
123466 290
123482 286
123498 281
123515 270
123531 270
123547 262
123563 257
123580 250
123596 249
123612 247
123629 241
123645 236
123661 231
123677 231
123694 224
123710 220
123726 211
123743 215
123759 203
123775 211
123791 206
123808 202
123824 199
123840 196
123857 196
123873 189
123889 156
123905 184
123922 180
123938 180
123954 175
123971 177
123988 178
124004 173
124021 170
124037 164
124053 166
124069 165
124086 162
124102 161
124118 160
124135 180
124151 168
124167 181
124183 194
124200 210
124216 236
124232 255
124249 283
124265 308
124281 358
124297 398
124314 443
124330 496
124346 552
124363 610
124379 666
124395 737
124411 796
124428 870
124444 938
124460 1015
124477 1091
124493 1168
124509 1243
124525 1320
124542 1408
124558 1486
124574 1570
124591 1653
124607 1738
124623 1816
124639 1895
124656 1983
124672 2060
124688 2139
124705 2216
124721 2296
124737 2368
124753 2440
124770 2510
124786 2575
124802 2640
124819 2701
124835 2759
124851 2812
124867 2863
124884 2911
124900 2954
124916 2995
124933 3028
124949 3061
124965 3088
124981 3106
124999 3125
125015 3141
125031 3152
125048 3163
125064 3187
125080 3166
125097 3166
125113 3166
125129 3164
125145 3160
125162 3162
125178 3157
125194 3154
125211 3155
125227 3152
125243 3149
125259 3147
125276 3145
125292 3145
125308 3143
125325 3141
125341 3120
125357 3136
125373 3130
125390 3124
125406 3126
125422 3129
125439 3124
125455 3122
125471 3115
125487 3116
125504 3107
125520 3111
125536 3105
125553 3102
125569 3099
125585 3096
125601 3091
125618 3084
125634 3083
125650 3081
125667 3077
125683 3070
125699 3069
125715 3070
125732 3057
125748 3052
125764 3066
125781 3044
125797 3038
125813 3033
125829 3030
125846 3025
125862 3018
125878 3012
125895 3008
125911 3000
125927 2994
125943 2988
125960 2982
125976 2976
125993 2970
126010 2963
126026 2957
126042 2951
126058 2944
126075 2939
126091 2925
126107 2924
126124 2916
126140 2908
126156 2900
126172 2893
126189 2888
126205 2882
126221 2873
126238 2870
126254 2855
126270 2848
126286 2841
126303 2829
126319 2821
126335 2816
126352 2803
126368 2798
126384 2790
126400 2780
126417 2771
126433 2764
126449 2756
126466 2754
126482 2738
126498 2727
126514 2716
126531 2707
126547 2697
126563 2688
126580 2677
126596 2670
126612 2659
126628 2650
126645 2640
126661 2631
126677 2620
126694 2609
126710 2599
126726 2588
126742 2575
126759 2568
126775 2559
126791 2541
126808 2533
126824 2524
126840 2515
126856 2502
126873 2489
126889 2572
126905 2469
126922 2457
126938 2441
126954 2434
126970 2422
126988 2414
127004 2401
127020 2393
127037 2377
127053 2365
127069 2357
127086 2344
127102 2332
127118 2318
127134 2306
127151 2294
127167 2285
127183 2274
127200 2257
127216 2232
127232 2236
127248 2221
127265 2225
127281 2194
127297 2181
127314 2169
127330 2156
127346 2150
127362 2133
127379 2120
127395 2107
127411 2098
127428 2081
127444 2067
127460 2056
127476 2045
127493 2030
127509 2016
127525 2005
127542 1989
127558 1979
127574 1966
127590 1950
127607 1937
127623 1926
127639 1903
127656 1897
127672 1883
127688 1869
127704 1856
127721 1843
127737 1827
127753 1817
127770 1803
127786 1788
127802 1776
127818 1761
127835 1746
127851 1733
127867 1717
127884 1698
127900 1691
127916 1681
127932 1665
127949 1650
127965 1627
127981 1620
127999 1605
128015 1594
128031 1579
128048 1565
128064 1536
128080 1535
128097 1524
128113 1508
128129 1497
128145 1477
128162 1476
128178 1452
128194 1439
128211 1424
128227 1413
128243 1396
128259 1383
128276 1373
128292 1357
128308 1345
128325 1332
128341 1322
128357 1305
128373 1291
128390 1267
128406 1262
128422 1251
128439 1237
128455 1222
128471 1211
128487 1204
128504 1184
128520 1174
128536 1156
128553 1147
128569 1133
128585 1120
128601 1107
128618 1091
128634 1081
128650 1067
128667 1052
128683 1043
128699 1030
128715 1015
128732 1000
128748 990
128764 977
128781 961
128797 951
128813 938
128829 927
128846 915
128862 906
128878 891
128895 880
128911 866
128927 854
128943 842
128960 832
128976 817
128993 812
129010 791
129026 783
129042 775
129059 758
129075 750
129091 740
129107 728
129124 716
129140 709
129156 694
129173 680
129189 572
129205 659
129221 649
129238 636
129254 630
129270 621
129287 609
129303 597
129319 588
129335 580
129352 569
129368 556
129384 551
129401 540
129417 537
129433 520
129449 513
129466 521
129482 492
129498 485
129515 456
129531 465
129547 456
129563 449
129580 440
129596 432
129612 423
129629 416
129645 415
129661 397
129677 394
129694 385
129710 379
129726 373
129743 365
129759 360
129775 350
129791 343
129808 336
129824 330
129840 331
129857 317
129873 314
129889 319
129905 301
129922 292
129938 282
129954 281
129971 276
129988 270
130004 265
130021 264
130037 256
130053 251
130069 251
130086 243
130102 238
130118 233
130135 231
130151 224
130167 224
130183 215
130200 216
130216 209
130232 208
130249 204
130265 211
130281 194
130297 193
130314 193
130330 188
130346 186
130363 187
130379 182
130395 181
130411 173
130428 176
130444 177
130460 170
130477 176
130493 167
130509 171
130525 163
130542 165
130558 164
130574 159
130591 158
130607 164
130623 174
130639 195
130656 201
130672 225
130688 248
130705 274
130721 308
130737 345
130753 387
130770 431
130786 479
130802 529
130819 591
130835 647
130851 709
130867 776
130884 851
130900 916
130916 992
130933 1067
130949 1143
130965 1220
130981 1306
130999 1387
131015 1466
131031 1554
131048 1634
131064 1717
131080 1805
131097 1886
131113 1968
131129 2046
131145 2123
131162 2199
131178 2282
131194 2356
131211 2424
131227 2495
131243 2564
131259 2628
131276 2692
131292 2752
131308 2806
131325 2858
131341 2897
131357 2947
131373 2986
131390 3031
131406 3050
131422 3080
131439 3104
131455 3121
131471 3138
131487 3151
131504 3162
131520 3165
131536 3164
131553 3165
131569 3162
131585 3160
131601 3163
131618 3158
131634 3155
131650 3155
131667 3154
131683 3154
131699 3150
131715 3149
131732 3145
131748 3142
131764 3141
131781 3139
131797 3155
131813 3133
131829 3130
131846 3136
131862 3128
131878 3123
131895 3125
131911 3124
131927 3117
131943 3118
131960 3113
131976 3110
131993 3105
132010 3101
132026 3100
132042 3094
132058 3090
132075 3090
132091 3085
132107 3079
132124 3079
132140 3071
132156 3064
132172 3059
132189 3083
132205 3052
132221 3046
132238 3041
132254 3039
132270 3034
132286 3029
132303 3022
132319 3018
132335 3011
132352 3003
132368 3002
132384 2992
132400 2989
132417 2982
132433 2976
132449 2962
132466 2962
132482 2960
132498 2952
132514 2944
132531 2937
132547 2928
132563 2922
132580 2912
132596 2908
132612 2901
132628 2893
132645 2886
132661 2879
132677 2873
132694 2860
132710 2857
132726 2846
132742 2840
132759 2829
132775 2825
132791 2819
132808 2808
132824 2800
132840 2784
132856 2782
132873 2771
132889 2772
132905 2754
132922 2746
132938 2734
132954 2722
132970 2712
132988 2702
133004 2696
133020 2687
133037 2676
133053 2667
133069 2657
133086 2645
133102 2641
133118 2626
133134 2611
133151 2606
133167 2596
133183 2583
133200 2573
133216 2554
133232 2551
133248 2542
133265 2521
133281 2517
133297 2505
133314 2494
133330 2479
133346 2470
133362 2460
133379 2448
133395 2440
133411 2429
133428 2416
133444 2400
133460 2394
133476 2379
133493 2376
133509 2356
133525 2345
133542 2331
133558 2318
133574 2309
133590 2294
133607 2283
133623 2268
133639 2260
133656 2248
133672 2234
133688 2218
133704 2204
133721 2196
133737 2181
133753 2169
133770 2157
133786 2145
133802 2131
133818 2119
133835 2106
133851 2093
133867 2083
133884 2070
133900 2058
133916 2038
133932 2030
133949 2015
133965 1997
133981 1989
133999 1975
134015 1962
134031 1949
134048 1931
134064 1921
