2 1496
1047 475
2100 413
3108 1613
4202 2949
5209 1836
6371 3041
7641 1371
9049 681
10105 2962
11197 204
12351 3087
13358 545
14619 3017
16028 3122
17068 1321
18076 3090
19149 2914
20157 156
21284 724
22495 204
23848 198
25256 382
26449 2318
27456 2768
28783 352
29791 2961
31199 2478
32354 1551
33362 321
34625 2886
35633 417
37041 246
38091 263
39098 2493
40186 3085
41194 199
42345 2940
43598 1255
44606 992
46014 798
47046 304
48053 1931
49111 334
50119 2902
51220 207
52389 1302
53397 3079
54684 1643
55691 882
57100 1116
58188 3126
59196 217
60349 3046
61357 190
62617 3143
63624 969
65033 206
66077 2562
67085 730
68163 286
69171 1433
70307 2469
71315 1777
72547 697
73934 1932
75343 2627
76593 293
77601 2944
79009 2952
80038 540
81086 1294
82093 2171
83178 3088
84185 1753
85331 208
86574 178
87582 1322
88990 3039
90006 535
91014 2255
92045 132
93053 2148
94110 213
95206 1469
96365 576
97632 216
98639 1811
100047 3055
101101 2014
102109 1363
103204 2847
104212 2408
105375 622
106383 338
107660 1585
108668 826
110076 2749
111149 2987
112157 173
113284 2961
114495 1611
115503 2555
116860 2983
118269 2587
119470 378
120478 3133
121819 268
122826 3080
124235 3103
125414 1887
126712 733
127719 3100
129128 2908
130235 3099
131414 3101
132422 1773
133725 593
134733 2244
136141 2889
137258 2182
138452 3107
139459 214
140788 837
141795 2468
143204 151
144362 3087
145626 3158
146633 759
148041 922
149091 3003
150175 2442
151182 419
152326 2332
153567 2996
154967 2334
155974 433
157382 456
158660 313
159667 3128
161076 689
162149 2786
163270 1606
164473 2763
165810 1785
166818 220
168226 373
169399 3081
170688 2428
172096 3116
173182 3134
174190 382
175338 361
176346 1115
177599 220
178607 1184
180015 3112
181047 2989
182101 2290
183191 264
184341 919
185349 3077
186603 564
188012 1457
189042 1837
190049 1849
191105 1895
192112 1150
193209 138
194371 1510
195379 277
196654 1665
197662 3114
199070 2871
200139 227
201146 3100
202267 2423
203467 578
204474 3060
205813 301
206820 527
208229 1662
209404 3136
210411 429
211708 2983
212715 482
214123 428
215228 2999
216236 213
217415 969
218423 876
219727 210
221135 1654
222248 140
223436 1663
224749 2959
225757 2827
227165 2221
228298 688
229305 3102
230531 259
231908 2758
232916 283
234324 789
235562 1719
236570 800
237972 2056
238980 2333
239989 938
240997 2681
242017 300
243024 1990
244063 550
245128 1030
246135 236
247248 3130
248256 796
249449 3088
250456 569
251783 1157
252790 419
254198 2449
255353 380
256361 2457
257624 1724
259032 1460
260076 2652
261083 1599
262161 377
263169 2926
264303 1124
265311 3068
266541 1618
267924 1151
269332 327
270576 2841
271583 357
272991 190
274008 1357
275016 2559
276049 2906
277056 2741
278116 212
279124 2834
280228 1113
281403 2107
282411 857
283707 2970
284714 1212
286122 1360
287227 2919
288234 2655
289413 2900
290420 173
291723 202
292730 3118
294139 3016
295253 3098
296261 1777
297457 1012
298465 3055
299797 464
301205 3084
302365 1009
303372 3055
304643 3117
305651 1810
307059 732
308120 220
309223 337
310395 2252
311402 1761
312693 1584
314101 3114
315191 3035
316198 1965
317353 1842
318360 193
319623 834
320630 1811
322039 402
323087 806
324094 2893
325180 638
326187 3135
327334 1793
328342 3075
329592 2450
331000 2927
332023 2516
333031 1596
334074 222
335081 1801
336158 3037
337165 2615
338298 939
339305 2853
340531 1087
341539 2362
342921 1590
343928 374
345336 1488
346583 2136
347991 1973
349008 1571
350015 2131
351048 2432
352102 3083
353110 158
354206 1847
355213 3013
356378 207
357652 2217
359060 2532
360123 957
361228 1904
362235 1368
363415 2286
364422 157
365726 1609
366734 2965
368142 3000
369259 2585
370455 1337
371462 2645
372793 210
373800 2614
375209 2995
376370 2691
377378 2945
378652 2494
379659 1261
381067 486
382135 3119
383142 219
384260 1149
385267 3108
386468 1430
387476 3021
388815 1746
389823 1572
391231 235
392408 2599
393702 1448
394709 2415
396117 1576
397218 2400
398386 2936
399666 3022
401074 2028
402146 211
403154 3103
404279 2165
405286 2560
406500 354
407507 2196
408868 171
409876 3158
411284 1617
412496 2626
413503 1411
414861 2858
415869 1035
417277 743
418484 2912
419491 244
420841 2651
421849 799
423257 3135
424451 804
425774 2401
426782 431
428190 197
429340 1032
430347 1940
431601 1366
432609 2564
434017 1750
435050 2807
436106 3086
437114 2235
438212 1447
439220 2580
440389 669
441671 1250
442678 1265
444087 3135
445167 277
446301 3117
447308 1224
448536 1015
449544 2022
450928 1921
451936 436
453344 2601
454596 395
456004 2537
457030 1240
458037 3079
459085 1350
460092 992
461176 2826
462184 171
463329 1966
464336 669
465583 154
466591 2471
467999 2277
469021 1655
470057 2213
471065 748
472130 875
473239 2587
474247 226
475434 1105
476745 2794
478153 2540
479278 442
480286 2197
481498 1076
482506 2640
483866 581
484873 3106
486281 3111
487491 213
488842 2427
490250 3014
491439 2102
492446 2802
493766 207
494774 2428
496182 3107
497326 2897
498565 2742
499965 2814
500972 213
502381 2339
503657 3053
504664 897
506073 208
507144 1156
508262 3134
509459 250
510787 3036
511795 204
513203 166
514361 1277
515624 1813
516632 3009
518040 2655
519089 1796
520097 641
521184 263
522191 2440
523341 2802
524349 252
525604 1042
526612 3049
528020 3057
529056 3007
530063 1103
531128 1337
532135 3011
533248 2875
534255 1056
535448 458
536769 389
538177 1195
539318 2620
540552 2406
541560 214
542956 870
543963 3132
545372 2631
546642 2207
547649 2584
549057 1862
550118 1664
551220 2993
552227 604
553401 788
554409 2012
555703 1948
557112 322
558208 1433
559216 3070
560382 1177
561390 3046
562672 1818
563680 1290
565088 1687
566169 267
567177 1796
568317 230
569325 3130
570564 207
571963 3023
573371 2446
574640 2971
576049 2478
577103 881
578111 899
579207 1005
580215 1852
581381 1347
582657 2660
583665 2299
585073 610
586144 2878
587263 1754
588460 1506
589468 2961
