2 2887
55 2908
71 2930
88 2944
104 2966
120 2982
137 3004
153 3019
169 3040
186 3044
202 3076
218 3096
235 3116
251 3135
267 3145
284 3170
300 3187
316 3205
333 3225
349 3245
365 3247
382 3229
398 3214
414 3196
431 3179
447 3164
463 3153
480 3128
496 3117
512 3097
529 3080
545 3064
561 3060
578 3032
594 3018
610 3005
627 2985
643 2968
659 2947
676 2931
692 2914
708 2897
725 2898
741 2866
757 2849
774 2835
790 2811
806 2793
823 2782
839 2764
855 2746
872 2730
888 2713
904 2694
921 2679
937 2662
953 2643
970 2630
987 2608
1004 2591
1020 2574
1036 2555
1053 2540
1069 2523
1085 2504
1102 2492
1118 2471
1134 2452
1151 2436
1167 2421
1183 2401
1200 2399
1216 2367
1232 2348
1249 2330
1265 2313
1281 2298
1298 2278
1314 2262
1330 2240
1347 2226
1363 2209
1379 2189
1396 2172
1412 2156
1428 2140
1445 2120
1461 2104
1477 2085
1494 2068
1510 2052
1526 2033
1543 2016
1559 1996
1575 1972
1592 1962
1608 1945
1624 1939
1641 1908
1657 1891
1673 1865
1690 1854
1706 1838
1722 1822
1739 1800
1755 1783
1771 1765
1788 1748
1804 1732
1820 1714
1837 1693
1853 1676
1869 1659
1886 1640
1902 1625
1918 1608
1935 1586
1951 1568
1967 1552
1985 1533
2001 1521
2017 1499
2034 1478
2050 1454
2066 1442
2083 1425
2099 1396
2115 1389
2132 1371
2148 1350
2164 1337
2181 1318
2197 1297
2213 1285
2230 1263
2246 1243
2262 1228
2279 1211
2295 1191
2311 1174
2328 1159
2344 1137
2360 1120
2377 1104
2393 1082
2409 1064
2426 1039
2442 1030
2458 1012
2475 988
2491 975
2507 959
2524 940
2540 922
2556 907
2573 885
2589 868
2605 851
2622 837
2638 816
2654 799
2671 779
2687 761
2703 744
2720 730
2736 709
2752 697
2769 673
2785 659
2801 637
2818 621
2834 601
2850 594
2867 572
2883 554
2899 536
2916 519
2932 500
2948 483
2965 467
2981 448
2999 432
3015 414
3031 397
3048 380
3064 363
3080 346
3097 329
3113 310
3129 293
3146 276
3162 263
3178 242
3195 226
3211 211
3227 193
3244 176
3260 160
3276 143
3293 126
3309 109
3325 88
3342 98
3358 114
3374 137
3391 151
3407 168
3423 188
3440 206
3456 224
3472 237
3489 258
3505 276
3521 291
3538 318
3554 336
3570 355
3587 370
3603 387
3619 408
3636 426
3652 444
3668 463
3685 484
3701 497
3717 518
3734 537
3750 551
3766 575
3783 596
3799 554
3815 634
3832 650
3848 673
3864 688
3881 709
3897 727
3913 750
3930 769
3946 790
3962 807
3979 831
3996 850
4013 868
4029 889
4045 912
4062 928
4078 943
4094 969
4111 988
4127 1007
4143 1027
4160 1045
4176 1111
4192 1086
4209 1106
4225 1138
4241 1144
4258 1168
4274 1184
4290 1207
4307 1227
4323 1248
4339 1266
4356 1286
4372 1308
4388 1323
4405 1346
4421 1363
4437 1385
4454 1404
4470 1426
4486 1446
4503 1466
4519 1482
4535 1504
4552 1524
4568 1543
4584 1562
4601 1584
4617 1603
4633 1626
4650 1642
4666 1664
4682 1690
4699 1700
4715 1725
4731 1742
4748 1765
4764 1782
4780 1803
4797 1820
4813 1842
4829 1864
4846 1884
4862 1900
4878 1920
4895 1939
4911 1962
4927 1981
4944 1999
4960 2017
4976 2040
4994 2065
5010 2082
5026 2100
5043 2124
5059 2141
5075 2162
5092 2178
5108 2204
5124 2215
5141 2238
5157 2261
5173 2280
5190 2298
5206 2317
5222 2335
5239 2357
5255 2378
5271 2389
5288 2414
5304 2434
5320 2455
5337 2476
5353 2495
5369 2517
5386 2530
5402 2555
5418 2570
5435 2587
5451 2576
5467 2631
5484 2649
5500 2680
5516 2685
5533 2706
5549 2728
5565 2747
5582 2761
5598 2784
5614 2800
5631 2818
5647 2840
5663 2862
5680 2879
5696 2900
5712 2916
5729 2938
5745 2956
5761 2974
5778 2994
5794 3011
5810 3030
5827 3048
5843 3070
5859 3087
5876 3110
5892 3126
5908 3143
5925 3161
5941 3179
5957 3197
5974 3216
5991 3236
6007 3256
6024 3239
6040 3225
6056 3207
6073 3194
6089 3171
6105 3155
6122 3147
6138 3121
6154 3105
6171 3091
6187 3073
6203 3053
6220 3040
6236 3025
6252 3005
6269 2991
6285 2972
6301 2956
6318 2941
6334 2926
6350 2910
6367 2891
6383 2875
6399 2855
6416 2843
6432 2824
6448 2803
6465 2788
6481 2774
6497 2753
6514 2742
6530 2722
6546 2701
6563 2688
6579 2672
6595 2654
6612 2638
6628 2621
6644 2602
6661 2583
6677 2569
6693 2549
6710 2531
6726 2529
6742 2499
6759 2481
6775 2468
6791 2449
6808 2431
6824 2396
6840 2398
6857 2377
6873 2364
6889 2343
6906 2325
6922 2310
6938 2293
6955 2273
6971 2256
6989 2238
7005 2219
7021 2198
7038 2184
7054 2166
7070 2149
7087 2132
7103 2116
7119 2103
7136 2081
7152 2061
7168 2049
7185 2025
7201 2017
7217 1992
7234 1973
7250 1957
7266 1939
7283 1924
7299 1902
7315 1886
7332 1869
7348 1851
7364 1833
7381 1813
7397 1794
7413 1779
7430 1764
7446 1744
7462 1725
7479 1709
7495 1692
7511 1667
7528 1657
7544 1640
7560 1619
7577 1604
7593 1582
7609 1566
7626 1548
7642 1531
7658 1514
7675 1495
7691 1477
7707 1457
7724 1438
7740 1421
7756 1407
7773 1393
7789 1369
7805 1353
7822 1336
7838 1322
7854 1299
7871 1281
7887 1262
7903 1247
7920 1226
7936 1210
7952 1194
7969 1172
7986 1154
8002 1138
8019 1120
8035 1103
8051 1084
8068 1062
8084 1047
8100 1041
8117 1011
8133 996
8149 981
8166 955
8182 946
8198 929
8215 904
8231 892
8247 872
8264 849
8280 838
8296 816
8313 799
8329 785
8345 766
8362 748
8378 731
8394 712
8411 696
8427 675
8443 660
8460 640
8476 611
8492 610
8509 591
8525 580
8541 557
8558 543
8574 536
8590 507
8607 488
8623 472
8639 455
8656 439
8672 422
8688 402
8705 384
8721 371
8737 352
8754 332
8770 316
8786 303
8803 282
8819 268
8835 251
8852 232
8868 216
8884 202
8901 182
8917 167
8933 149
8950 132
8966 115
8982 103
9000 77
9016 106
9032 128
9049 144
9065 162
9081 183
9098 204
9114 223
9130 236
9147 258
9163 273
9179 294
9196 315
9212 334
9228 351
9245 372
9261 400
9277 410
9294 429
9310 447
9326 465
9343 486
9359 505
9375 523
9392 542
9408 563
9424 583
9441 602
9457 622
9473 637
9490 659
9506 678
9522 698
9539 713
9555 741
9571 757
9588 774
9604 797
9620 817
9637 836
9653 856
9669 874
9686 892
9702 913
9718 936
9735 955
9751 979
9767 994
9784 1016
9800 1034
9816 1051
9833 1072
9849 1090
9865 1114
9882 1135
9898 1154
9914 1171
9931 1195
9947 1214
9963 1233
9980 1254
9996 1275
10013 1293
10029 1320
10045 1337
10062 1354
10078 1368
10094 1392
10111 1415
10127 1433
10143 1453
10160 1473
10176 1495
10192 1515
10209 1574
10225 1554
10241 1572
10258 1594
10274 1615
10290 1632
10307 1655
10323 1673
10339 1694
10356 1713
10372 1732
10388 1754
10405 1773
10421 1788
10437 1814
10454 1828
10470 1853
10486 1872
10503 1893
10519 1924
10535 1930
10552 1950
10568 1969
10584 1992
10601 2009
10617 2031
10633 2053
10650 2069
10666 2090
10682 2109
10699 2141
10715 2148
10731 2170
10748 2190
10764 2205
10780 2232
10797 2247
10813 2265
10829 2277
10846 2306
10862 2326
10878 2346
10895 2364
10911 2382
10927 2403
10944 2422
10960 2438
10976 2460
10994 2481
11010 2510
11027 2519
11043 2540
11059 2561
11076 2578
11092 2596
11108 2615
11125 2635
11141 2665
11157 2674
11174 2692
11190 2711
11206 2730
11223 2751
11239 2767
11255 2785
11272 2805
11288 2823
11304 2842
11321 2861
11337 2880
11353 2889
11370 2919
11386 2936
11402 2953
11419 2973
11435 2992
11451 3012
11468 3028
11484 3013
11500 3068
11517 3085
11533 3105
11549 3123
11566 3143
11582 3158
11598 3178
11615 3194
11631 3212
11647 3231
11664 3248
11680 3241
11696 3227
11713 3205
11729 3193
11745 3175
11762 3159
11778 3135
11794 3129
11811 3110
11827 3095
11843 3076
11860 3061
11876 3038
11892 3026
11909 3013
11925 2991
11941 2977
11958 2960
11974 2942
11991 2925
12008 2906
12024 2894
12040 2874
12057 2858
12073 2843
12089 2830
12106 2808
12122 2797
12138 2775
12155 2762
12171 2742
12187 2722
12204 2705
12220 2690
12236 2672
12253 2654
12269 2636
12285 2621
12302 2595
12318 2586
12334 2568
12351 2550
12367 2533
12383 2517
12400 2499
12416 2483
12432 2466
12449 2447
12465 2430
12481 2417
12498 2390
12514 2379
12530 2364
12547 2342
12563 2323
12579 2308
12596 2290
12612 2250
12628 2257
12645 2240
12661 2217
12677 2201
12694 2186
12710 2167
12726 2149
12743 2132
12759 2112
12775 2101
12792 2077
12808 2063
12824 2046
12841 2029
12857 2010
12873 1993
12890 1975
12906 1931
12922 1940
12939 1922
12955 1900
12971 1887
12989 1868
13005 1850
13021 1830
13038 1820
13054 1797
13070 1779
13087 1763
13103 1746
13119 1728
13136 1711
13152 1692
13168 1672
13185 1656
13201 1639
13217 1622
13234 1603
13250 1586
13266 1570
13283 1550
13299 1533
13315 1515
13332 1497
13348 1480
13364 1465
13381 1442
13397 1426
13413 1409
13430 1433
13446 1371
13462 1355
13479 1340
13495 1317
13511 1303
13528 1285
13544 1266
13560 1268
13577 1234
13593 1214
13609 1203
13626 1182
13642 1161
13658 1145
13675 1128
13691 1108
13707 1093
13724 1064
13740 1055
13756 1038
13773 1019
13789 1005
13805 983
13822 971
13838 951
13854 948
13871 915
13887 898
13903 882
13920 862
13936 843
13952 830
13969 810
13986 788
14003 774
14019 754
14035 738
14052 719
14068 702
14084 686
14101 665
14117 649
14133 635
14150 616
14166 557
14182 582
14199 564
14215 545
14231 530
14248 512
14264 488
14280 477
14297 461
14313 445
14329 427
14346 409
14362 393
14378 376
14395 359
14411 343
14427 333
14444 308
14460 291
14476 279
14493 258
14509 247
14525 226
14542 210
14558 188
14574 175
14591 159
14607 140
14623 128
14640 108
14656 89
14672 98
14689 115
14705 131
14721 153
14738 172
14754 190
14770 208
14787 231
14803 250
14819 265
14836 283
14852 299
14868 323
14885 344
14901 360
14917 380
14934 396
14950 416
14966 437
14983 514
15000 474
15016 496
15033 515
15049 536
15065 552
15082 573
15098 593
15114 609
15131 633
15147 652
15163 667
15180 690
15196 680
15212 729
15229 749
15245 779
15261 789
15278 806
15294 828
15310 848
15327 845
15343 890
15359 909
15376 934
15392 946
15408 967
15425 988
15441 1008
15457 1043
15474 1049
15490 1068
15506 1083
15523 1108
15539 1126
15555 1146
15572 1167
15588 1187
15604 1207
15621 1227
15637 1250
15653 1265
15670 1289
15686 1308
15702 1326
15719 1348
15735 1368
15751 1411
15768 1416
15784 1427
15800 1450
15817 1468
15833 1488
15849 1509
15866 1528
15882 1551
15898 1565
15915 1587
15931 1606
15947 1628
15964 1646
15980 1666
15996 1688
16013 1707
16029 1728
16045 1746
16062 1760
16078 1787
16094 1806
16111 1827
16127 1845
16143 1865
16160 1884
16176 1907
16192 1927
16209 1948
16225 1964
16241 1986
16258 2005
16274 2020
16290 2047
16307 2067
16323 2081
16339 2106
16356 2124
16372 2142
16388 2166
16405 2197
16421 2202
16437 2225
16454 2243
16470 2261
16486 2287
16503 2303
16519 2320
16535 2335
16552 2361
16568 2383
16584 2402
16601 2418
16617 2438
16633 2459
16650 2473
16666 2497
16682 2520
16699 2624
16715 2558
16731 2575
16748 2595
16764 2614
16780 2634
16797 2650
16813 2670
16829 2689
16846 2709
16862 2730
16878 2750
16895 2764
16911 2785
16927 2807
16944 2823
16960 2842
16976 2859
16994 2880
17010 2900
17027 2921
17043 2938
17059 2956
17076 2976
17092 2997
17108 3014
17125 3034
17141 3052
17157 3068
17174 3087
17190 3107
17206 3126
17223 3154
17239 3161
17255 3182
17272 3203
17288 3215
17304 3234
17321 3253
17337 3236
17353 3220
17370 3205
17386 3194
17402 3173
17419 3155
17435 3136
17451 3123
17468 3109
17484 3083
17500 3073
17517 3057
17533 3039
17549 3021
17566 3008
17582 2986
17598 2970
17615 2956
17631 2936
17647 2917
17664 2904
17680 2886
17696 2863
17713 2856
17729 2837
17745 2820
17762 2800
17778 2776
17794 2768
17811 2752
17827 2733
17843 2716
17860 2702
17876 2683
17892 2661
17909 2648
17925 2629
17941 2612
17958 2597
17974 2577
17991 2558
18008 2542
18024 2523
18040 2508
18057 2489
18073 2472
18089 2457
18106 2441
18122 2422
18138 2407
18155 2386
18171 2370
18187 2352
18204 2333
18220 2313
18236 2302
18253 2282
18269 2263
18285 2246
18302 2216
18318 2211
18334 2194
18351 2176
18367 2151
18383 2137
18400 2121
18416 2101
18432 2088
18449 2066
18465 2050
18481 2033
18498 2014
18514 1998
18530 1979
18547 1964
18563 1943
18579 1927
18596 1907
18612 1895
18628 1874
18645 1855
18661 1838
18677 1818
18694 1800
18710 1782
18726 1763
18743 1744
18759 1728
18775 1706
18792 1694
18808 1677
18824 1649
18841 1645
18857 1624
18873 1607
18890 1587
18906 1566
18922 1553
18939 1534
18955 1516
18971 1501
18989 1478
19005 1460
19021 1446
19038 1427
19054 1406
19070 1390
19087 1373
19103 1354
19119 1337
19136 1323
19152 1297
19168 1281
19185 1268
19201 1246
19217 1231
19234 1212
19250 1191
19266 1179
19283 1161
19299 1132
19315 1123
19332 1103
19348 1088
19364 1072
19381 1051
19397 1035
19413 1016
19430 1000
19446 978
19462 964
19479 942
19495 925
19511 912
19528 895
19544 875
19560 859
19577 840
19593 822
19609 805
19626 791
19642 768
19658 754
19675 734
19691 715
19707 703
19724 676
19740 664
19756 648
19773 625
19789 609
19805 593
19822 575
19838 560
19854 544
19871 528
19887 509
19903 494
19920 476
19936 454
19952 443
19969 420
19986 406
20003 387
20019 370
20035 356
20052 340
20068 321
20084 303
20101 298
20117 267
20133 252
20150 240
20166 219
20182 204
20199 188
20215 170
20231 157
20248 137
20264 119
20280 107
20297 89
20313 101
20329 123
20346 140
20362 156
20378 175
20395 196
20411 209
20427 234
20444 250
20460 269
20476 286
20493 306
20509 325
20525 333
20542 362
20558 381
20574 386
20591 422
20607 439
20623 459
20640 479
20656 499
20672 513
20689 535
20705 552
20721 572
20738 595
20754 613
20770 634
20787 651
20803 670
20819 691
20836 711
20852 727
20868 747
20885 767
20901 790
20917 808
20934 829
20950 840
20966 876
20983 889
21000 906
21016 930
21033 948
21049 969
21065 991
21082 1007
21098 1029
21114 1047
21131 1065
21147 1088
21163 1107
21180 1123
21196 1148
21212 1167
21229 1184
21245 1204
21261 1229
21278 1246
21294 1265
21310 1286
21327 1303
21343 1322
21359 1348
21376 1361
21392 1383
21408 1407
21425 1428
21441 1445
21457 1465
21474 1437
21490 1504
21506 1523
21523 1544
21539 1563
21555 1582
21572 1604
21588 1623
21604 1641
21621 1661
21637 1682
21653 1704
21670 1721
21686 1742
21702 1759
21719 1784
21735 1799
21751 1821
21768 1842
21784 1859
21800 1865
21817 1898
21833 1920
21849 1922
21866 1960
21882 1978
21898 1996
21915 2020
21931 2037
21947 2054
21964 2074
21980 2095
21996 2118
22013 2136
22029 2154
22045 2172
22062 2192
22078 2214
22094 2233
22111 2251
22127 2273
22143 2291
22160 2306
22176 2327
22192 2352
22209 2369
22225 2383
22241 2406
22258 2427
22274 2438
22290 2464
22307 2482
22323 2496
22339 2522
22356 2540
22372 2560
22388 2578
22405 2601
22421 2608
22437 2639
22454 2655
22470 2668
22486 2692
22503 2711
22519 2728
22535 2747
22552 2767
22568 2785
22584 2803
22601 2817
22617 2839
22633 2859
22650 2878
22666 2894
22682 2915
22699 2947
22715 2950
22731 2970
22748 2994
22764 3003
22780 3025
22797 3050
22813 3063
22829 3078
22846 3099
22862 3116
22878 3134
22895 3152
22911 3171
22927 3189
22944 3207
22960 3225
22976 3243
22994 3247
23010 3232
23027 3211
23043 3196
23059 3181
23076 3156
23092 3148
23108 3130
23125 3100
23141 3098
23157 3080
23174 3067
23190 3048
23206 3027
23223 3015
23239 2996
23255 2977
23272 2963
23288 2946
23304 2925
23321 2912
23337 2893
23353 2879
23370 2861
23386 2842
23402 2824
23419 2810
23435 2790
23451 2774
23468 2761
23484 2740
23500 2727
23517 2708
23533 2686
23549 2665
23566 2655
23582 2633
23598 2617
23615 2601
23631 2583
23647 2564
23664 2549
23680 2530
23696 2514
23713 2494
23729 2477
23745 2460
23762 2441
23778 2424
23794 2408
23811 2392
23827 2369
23843 2358
23860 2337
23876 2316
23892 2309
23909 2282
23925 2265
23941 2250
23958 2231
23974 2207
23991 2195
24008 2178
24024 2154
24040 2141
24057 2124
24073 2102
24089 2087
24106 2070
24122 2055
24138 2035
24155 2019
24171 1996
24187 1981
24204 1964
24220 1946
24236 1928
24253 1911
24269 1891
24285 1876
24302 1857
24318 1839
24334 1822
24351 1819
24367 1787
24383 1768
24400 1749
24416 1730
24432 1713
24449 1677
24465 1677
24481 1662
24498 1644
24514 1628
24530 1604
24547 1591
24563 1569
24579 1548
24596 1536
24612 1513
24628 1497
24645 1482
24661 1463
24677 1446
24694 1423
24710 1409
24726 1392
24743 1374
24759 1356
24775 1353
24792 1317
24808 1301
24824 1297
24841 1265
24857 1249
24873 1231
24890 1209
24906 1194
24922 1179
24939 1156
24955 1142
24971 1126
24989 1102
25005 1087
25021 1067
25038 1050
25054 1030
25070 1011
25087 994
25103 975
25119 961
25136 943
25152 923
25168 906
25185 890
25201 871
25217 852
25234 834
25250 817
25266 801
25283 781
25299 769
25315 747
25332 732
25348 708
25364 695
25381 678
25397 658
25413 643
25430 624
25446 603
25462 588
25479 572
25495 553
25511 536
25528 520
25544 502
25560 485
25577 471
25593 450
25609 432
25626 415
25642 402
25658 381
25675 364
25691 347
25707 333
25724 355
25740 297
25756 284
25773 267
25789 245
25805 232
25822 212
25838 195
25854 181
25871 164
25887 148
25903 133
25920 115
25936 97
25952 93
25969 106
25986 130
26003 148
26019 167
26035 185
26052 204
26068 224
26084 240
26101 265
26117 281
26133 299
26150 313
26166 335
26182 356
26199 399
26215 392
26231 410
26248 431
26264 449
26280 472
26297 490
26313 509
26329 529
26346 546
26362 566
26378 587
26395 608
26411 626
26427 646
26444 665
26460 682
26476 707
26493 725
26509 744
26525 765
26542 784
26558 803
26574 828
26591 845
26607 864
26623 886
26640 905
26656 925
26672 947
26689 967
26705 984
26721 1004
26738 1025
26754 1046
26770 1066
26787 1086
26803 1106
26819 1124
26836 1145
26852 1168
26868 1189
26885 1202
26901 1226
26917 1247
26934 1268
26950 1280
26966 1309
26983 1332
27000 1352
27016 1370
27033 1389
27049 1425
27065 1430
27082 1451
27098 1471
27114 1492
27131 1515
27147 1533
27163 1553
27180 1571
27196 1594
27212 1610
27229 1634
27245 1652
27261 1672
27278 1695
27294 1713
27310 1735
27327 1757
27343 1777
27359 1796
27376 1817
27392 1836
27408 1856
27425 1876
27441 1898
27457 1917
27474 1913
27490 1958
27506 1977
27523 1998
27539 2019
27555 2038
27572 2057
27588 2078
27604 2096
27621 2119
27637 2137
27653 2156
27670 2180
27686 2199
27702 2219
27719 2240
27735 2258
27751 2279
27768 2301
27784 2316
27800 2341
27817 2362
27833 2377
27849 2399
27866 2418
27882 2433
27898 2458
27915 2479
27931 2496
27947 2510
27964 2534
27980 2554
27996 2573
28013 2595
28029 2615
28045 2634
28062 2654
28078 2675
28094 2692
28111 2714
28127 2730
28143 2751
28160 2769
28176 2791
28192 2811
28209 2827
28225 2832
28241 2867
28258 2888
28274 2886
28290 2925
28307 2941
28323 2959
28339 2982
28356 3000
28372 3018
28388 3038
28405 3057
28421 3078
28437 3095
28454 3116
28470 3133
28486 3150
28503 3171
28519 3189
28535 3208
28552 3225
28568 3243
28584 3245
28601 3229
28617 3210
28633 3198
28650 3179
28666 3159
28682 3146
28699 3122
28715 3109
28731 3096
28748 3079
28764 3062
28780 3047
28797 3026
28813 3009
28829 2998
28846 2981
28862 2957
28878 2946
28895 2931
28911 2909
28927 2895
28944 2880
28960 2865
28976 2844
28994 2828
29010 2808
29027 2790
29043 2774
29059 2759
29076 2741
29092 2726
29108 2707
29125 2693
29141 2674
29157 2655
29174 2639
29190 2627
29206 2605
29223 2589
29239 2570
29255 2553
29272 2535
29288 2518
29304 2502
29321 2494
29337 2465
29353 2448
29370 2432
29386 2413
29402 2395
29419 2379
29435 2366
29451 2340
29468 2328
29484 2308
29500 2294
29517 2273
29533 2257
29549 2239
29566 2223
29582 2216
29598 2186
29615 2167
29631 2152
29647 2130
29664 2113
29680 2096
29696 2077
29713 2061
29729 2045
29745 2025
29762 2007
29778 1990
29794 1972
29811 1956
29827 1937
29843 1921
29860 1903
29876 1881
29892 1862
29909 1851
29925 1830
29941 1813
29958 1812
29974 1780
29991 1758
30008 1741
30024 1723
30040 1705
30057 1683
30073 1667
30089 1643
30106 1631
30122 1614
30138 1599
30155 1580
30171 1559
30187 1541
30204 1525
30220 1505
30236 1489
30253 1470
30269 1454
30285 1435
30302 1421
30318 1400
30334 1380
30351 1364
30367 1346
30383 1327
30400 1309
30416 1291
30432 1271
30449 1256
30465 1236
30481 1220
30498 1201
30514 1188
30530 1166
30547 1147
30563 1129
30579 1114
30596 1094
30612 1078
30628 1061
30645 1041
30661 1021
30677 1006
30694 986
30710 967
30726 952
30743 936
30759 915
30775 896
30792 880
30808 864
30824 846
30841 825
30857 809
30873 790
30890 776
30906 768
30922 740
30939 723
30955 705
30971 686
30989 668
31005 651
31021 633
31038 612
31054 598
31070 580
31087 563
31103 546
31119 528
31136 513
31152 493
31168 475
31185 459
31201 441
31217 427
31234 406
31250 391
31266 372
31283 355
31299 339
31315 321
31332 307
31348 289
31364 270
31381 257
31397 240
31413 222
31430 204
31446 187
31462 172
31479 155
31495 134
31511 122
31528 105
31544 85
31560 97
31577 119
31593 136
31609 156
31626 173
31642 192
31658 213
31675 230
31691 246
31707 268
31724 286
31740 302
31756 319
31773 332
31789 357
31805 380
31822 397
31838 415
31854 430
31871 450
31887 470
31903 488
31920 509
31936 528
31952 548
31969 573
31986 589
32003 604
32019 623
32035 644
32052 665
32068 679
32084 703
32101 720
32117 741
32133 761
32150 779
32166 799
32182 820
32199 836
32215 857
32231 878
32248 848
32264 917
32280 937
32297 955
32313 976
32329 996
32346 1015
32362 1035
32378 1063
32395 1073
32411 1094
32427 1115
32444 1131
32460 1153
32476 1171
32493 1192
32509 1203
32525 1230
32542 1251
32558 1271
32574 1293
32591 1313
32607 1330
32623 1348
32640 1371
32656 1388
32672 1409
32689 1430
32705 1449
32721 1472
32738 1487
32754 1508
32770 1527
32787 1548
32803 1564
32819 1589
32836 1607
32852 1624
32868 1647
32885 1669
32901 1686
32917 1707
32934 1722
32950 1748
32966 1768
32983 1796
33000 1811
33016 1828
33033 1848
33049 1871
33065 1888
33082 1908
33098 1930
33114 1927
33131 1970
33147 1988
33163 2008
33180 2028
33196 2048
33212 2069
33229 2091
33245 2114
33261 2128
33278 2148
33294 2166
33310 2186
33327 2211
33343 2233
33359 2245
33376 2268
33392 2287
33408 2307
33425 2329
33441 2348
33457 2367
33474 2389
33490 2408
33506 2427
33523 2447
33539 2467
33555 2486
33572 2506
33588 2529
33604 2547
33621 2564
33637 2587
33653 2604
33670 2624
33686 2643
33702 2666
33719 2686
33735 2703
33751 2726
33768 2744
33784 2761
33800 2781
33817 2799
33833 2820
33849 2834
33866 2860
33882 2879
33898 2895
33915 2917
33931 2934
33947 2951
33964 2971
33980 2990
33996 3007
34013 3024
34029 3044
34045 3063
34062 3079
34078 3104
34094 3122
34111 3137
34127 3159
34143 3182
34160 3196
34176 3212
34192 3232
34209 3251
34225 3242
34241 3225
34258 3206
34274 3198
34290 3174
34307 3157
34323 3144
34339 3126
34356 3108
34372 3091
34388 3073
34405 3052
34421 3041
34437 3027
34454 3011
34470 2993
34486 2976
34503 2959
34519 2946
34535 2930
34552 2907
34568 2895
34584 2875
34601 2858
34617 2843
34633 2826
34650 2809
34666 2792
34682 2776
34699 2753
34715 2739
34731 2723
34748 2708
34764 2689
34780 2672
34797 2661
34813 2639
34829 2620
34846 2605
34862 2590
34878 2573
34895 2550
34911 2537
34927 2525
34944 2499
34960 2486
34976 2469
34994 2450
35010 2440
35027 2415
35043 2395
35059 2377
35076 2361
35092 2344
35108 2326
35125 2312
35141 2291
35157 2273
35174 2258
35190 2238
35206 2224
35223 2207
35239 2188
35255 2172
35272 2148
35288 2135
35304 2116
35321 2102
35337 2079
35353 2111
35370 2049
35386 2028
35402 2012
35419 1993
35435 1972
35451 1955
35468 1940
35484 1919
35500 1904
35517 1886
35533 1867
35549 1846
35566 1834
35582 1811
35598 1798
35615 1779
35631 1759
35647 1743
35664 1722
35680 1709
35696 1691
35713 1673
35729 1653
35745 1636
35762 1619
35778 1599
35794 1580
35811 1565
35827 1533
35843 1524
35860 1511
35876 1490
35892 1475
35909 1456
35925 1441
35941 1422
35958 1411
35974 1386
35991 1368
36008 1347
36024 1333
36040 1313
36057 1296
36073 1276
36089 1244
36106 1238
36122 1220
36138 1206
36155 1184
36171 1167
36187 1156
36204 1130
36220 1117
36236 1097
36253 1080
36269 1061
36285 1041
36302 1025
36318 1007
36334 987
36351 974
36367 955
36383 934
36400 916
36416 901
36432 883
36449 864
36465 847
36481 891
36498 810
36514 794
36530 777
36547 757
36563 741
36579 722
36596 704
36612 688
36628 669
36645 651
36661 636
36677 617
36694 603
36710 585
36726 565
36743 544
36759 526
36775 555
36792 494
36808 481
36824 464
36841 442
36857 425
36873 409
36890 387
36906 371
36922 360
36939 340
36955 322
36971 309
36989 291
37005 272
37021 253
37038 241
37054 222
37070 205
37087 189
37103 171
37119 156
37136 139
37152 121
37168 100
37185 86
37201 99
37217 119
37234 137
37250 160
37266 176
37283 195
37299 211
37315 234
37332 255
37348 270
37364 290
37381 308
37397 325
37413 344
37430 360
37446 383
37462 403
37479 420
37495 442
37511 460
37528 475
37544 495
37560 516
37577 534
37593 553
37609 570
37626 592
37642 613
37658 629
37675 651
37691 671
37707 692
37724 706
37740 731
37756 749
37773 768
37789 787
37805 808
37822 827
37838 847
37854 867
37871 888
37887 905
37903 924
37920 947
37936 963
37952 984
37969 1005
37986 1027
38003 1045
38019 1068
38035 1088
38052 1104
38068 1128
38084 1148
38101 1170
38117 1183
38133 1207
38150 1233
38166 1244
38182 1268
38199 1265
38215 1307
38231 1325
38248 1345
38264 1366
38280 1386
38297 1406
38313 1425
38329 1447
38346 1469
38362 1486
38378 1510
38395 1527
38411 1549
38427 1572
38444 1587
38460 1607
38476 1629
38493 1648
38509 1666
38525 1702
38542 1708
38558 1726
38574 1758
38591 1766
38607 1787
38623 1811
38640 1830
38656 1845
38672 1867
38689 1889
38705 1907
38721 1931
38738 1950
38754 1972
38770 1990
38787 2011
38803 2033
38819 2050
38836 2069
38852 2091
38868 2112
38885 2130
38901 2150
38917 2172
38934 2190
38950 2198
38966 2230
38983 2255
39000 2290
39016 2291
39033 2314
39049 2348
39065 2350
39082 2375
39098 2389
39114 2412
39131 2431
39147 2447
39163 2470
39180 2491
39196 2509
39212 2526
39229 2550
39245 2571
39261 2588
39278 2608
39294 2627
39310 2645
39327 2666
39343 2684
39359 2705
39376 2722
39392 2744
39408 2762
39425 2782
39441 2804
39457 2822
39474 2839
39490 2863
39506 2878
39523 2902
39539 2919
39555 2935
39572 2954
39588 2974
39604 2991
39621 3016
39637 3030
39653 3049
39670 3066
39686 3086
39702 3104
39719 3121
39735 3140
39751 3162
39768 3181
39784 3201
39800 3206
39817 3236
39833 3266
39849 3236
39866 3224
39882 3201
39898 3207
39915 3171
39931 3154
39947 3136
39964 3121
39980 3106
39996 3087
40013 3070
40029 3056
40045 3036
40062 3019
40078 3006
40094 2990
40111 2974
40127 2957
40143 2940
40160 2922
40176 2903
40192 2889
40209 2870
40225 2839
40241 2840
40258 2823
40274 2792
40290 2787
40307 2772
40323 2755
40339 2736
40356 2719
40372 2701
40388 2684
40405 2669
40421 2648
40437 2634
40454 2618
40470 2598
40486 2588
40503 2567
40519 2550
40535 2533
40552 2513
40568 2498
40584 2482
40601 2462
40617 2445
40633 2428
40650 2408
40666 2392
40682 2377
40699 2363
40715 2338
40731 2325
40748 2306
40764 2286
40780 2271
40797 2251
40813 2234
40829 2217
40846 2203
40862 2184
40878 2163
40895 2150
40911 2133
40927 2106
40944 2095
40960 2080
40976 2060
40994 2045
41010 2022
41027 2008
41043 1988
41059 1969
41076 1953
41092 1930
41108 1916
41125 1898
41141 1881
41157 1863
41174 1836
41190 1829
41206 1810
41223 1803
41239 1773
41255 1758
41272 1734
41288 1719
41304 1704
41321 1685
41337 1666
41353 1649
41370 1634
41386 1613
41402 1594
41419 1578
41435 1561
41451 1540
41468 1525
41484 1506
41500 1499
41517 1472
41533 1455
41549 1419
41566 1417
41582 1402
41598 1390
41615 1363
41631 1345
41647 1328
41664 1309
41680 1290
41696 1282
41713 1258
41729 1240
41745 1223
41762 1205
41778 1185
41794 1170
41811 1148
41827 1129
41843 1113
41860 1097
41876 1078
41892 1061
41909 1046
41925 1020
41941 1010
41958 987
41974 986
41991 953
42008 936
42024 916
42040 900
42057 884
42073 866
42089 847
42106 829
42122 815
42138 788
42155 775
42171 760
42187 739
42204 724
42220 705
42236 689
42253 668
42269 654
42285 635
42302 616
42318 603
42334 582
42351 568
42367 545
42383 533
42400 516
42416 495
42432 480
42449 461
42465 443
42481 431
42498 411
42514 392
42530 377
42547 359
42563 340
42579 325
42596 311
42612 290
42628 276
42645 256
42661 237
42677 228
42694 207
42710 190
42726 174
42743 156
42759 139
42775 126
42792 106
42808 89
42824 102
42841 119
42857 131
42873 102
42890 168
42906 185
42922 203
42939 223
42955 243
42971 261
42989 284
43005 299
43021 322
43038 330
43054 349
43070 370
43087 391
43103 413
43119 432
43136 448
43152 468
43168 489
43185 501
43201 519
43217 540
43234 558
43250 589
43266 599
43283 616
43299 630
43315 654
43332 675
43348 689
43364 714
43381 732
43397 747
43413 771
43430 788
43446 806
43462 827
43479 844
43495 864
43511 885
43528 905
43544 920
43560 943
43577 963
43593 979
43609 999
43626 1018
43642 1036
43658 1061
43675 1080
43691 1099
43707 1117
43724 1136
43740 1155
43756 1175
43773 1196
43789 1214
43805 1238
43822 1257
43838 1273
43854 1297
43871 1317
43887 1335
43903 1354
43920 1374
43936 1390
43952 1414
43969 1432
43986 1453
44003 1471
44019 1492
44035 1518
44052 1527
44068 1554
44084 1575
44101 1596
44117 1612
44133 1635
44150 1632
44166 1674
44182 1694
44199 1714
44215 1732
44231 1754
44248 1776
44264 1790
44280 1810
44297 1828
44313 1854
44329 1873
44346 1891
44362 1915
44378 1930
44395 1951
44411 1972
44427 1992
44444 2012
44460 2029
44476 2052
44493 2070
44509 2094
44525 2096
44542 2131
44558 2150
44574 2171
44591 2191
44607 2208
44623 2225
44640 2248
44656 2264
44672 2285
44689 2306
44705 2324
44721 2341
44738 2367
44754 2384
44770 2402
44787 2425
44803 2441
44819 2461
44836 2483
44852 2500
44868 2513
44885 2540
44901 2560
44917 2578
44934 2597
44950 2614
44966 2636
44983 2652
45000 2684
45016 2691
45033 2711
45049 2746
45065 2752
45082 2768
45098 2786
45114 2806
45131 2828
45147 2844
45163 2864
45180 2884
45196 2905
45212 2924
45229 2941
45245 2959
45261 2978
45278 2997
45294 3015
45310 3033
45327 3053
45343 3070
45359 3087
45376 3111
45392 3129
45408 3144
45425 3186
45441 3182
45457 3200
45474 3233
45490 3237
45506 3253
45523 3240
45539 3216
45555 3203
45572 3180
45588 3168
45604 3154
45621 3135
45637 3117
45653 3102
45670 3089
45686 3068
45702 3052
45719 3036
45735 3017
45751 3001
45768 2987
45784 2970
45800 2960
45817 2936
45833 2923
45849 2906
45866 2886
45882 2869
45898 2849
45915 2834
45931 2818
45947 2803
45964 2785
45980 2769
45996 2753
46013 2736
46029 2718
46045 2695
46062 2684
46078 2664
46094 2650
46111 2632
46127 2614
46143 2599
46160 2583
46176 2567
46192 2550
46209 2530
46225 2520
46241 2495
46258 2479
46274 2464
46290 2444
46307 2425
46323 2320
46339 2390
46356 2377
46372 2356
46388 2340
46405 2324
46421 2302
46437 2287
46454 2269
46470 2251
46486 2235
46503 2220
46519 2198
46535 2185
46552 2167
46568 2149
46584 2133
46601 2116
46617 2095
46633 2082
46650 2061
46666 2036
46682 2025
46699 2001
46715 1989
46731 1972
46748 1956
46764 1938
46780 1917
46797 1897
46813 1881
46829 1864
46846 1844
46862 1826
46878 1814
46895 1795
46911 1774
46927 1760
46944 1742
46960 1723
46976 1707
46994 1686
47010 1668
47027 1649
47043 1633
47059 1614
47076 1595
47092 1579
47108 1562
47125 1546
47141 1526
47157 1507
47174 1494
47190 1472
47206 1454
47223 1436
47239 1420
47255 1403
47272 1386
47288 1366
47304 1349
47321 1331
47337 1313
47353 1296
47370 1280
47386 1261
47402 1242
47419 1224
47435 1206
47451 1184
47468 1171
47484 1149
47500 1118
47517 1117
47533 1098
47549 1085
47566 1067
47582 1044
47598 1029
47615 1011
47631 993
47647 976
47664 959
47680 941
47696 920
47713 908
47729 888
47745 871
47762 852
47778 833
47794 816
47811 800
47827 780
47843 763
47860 743
47876 727
47892 710
47909 700
47925 678
47941 660
47958 639
47974 625
47991 606
48008 584
48024 572
48040 557
48057 537
48073 521
48089 508
48106 483
48122 467
48138 451
48155 432
48171 418
48187 402
48204 383
48220 367
48236 349
48253 332
48269 315
48285 300
48302 283
48318 265
48334 249
48351 228
48367 214
48383 198
48400 181
48416 164
48432 145
48449 132
48465 113
48481 71
48498 89
48514 104
48530 128
48547 141
48563 163
48579 180
48596 199
48612 220
48628 241
48645 256
48661 277
48677 295
48694 314
48710 332
48726 352
48743 369
48759 389
48775 383
48792 431
48808 455
48824 468
48841 489
48857 507
48873 524
48890 545
48906 557
48922 581
48939 603
48955 620
48971 637
48989 663
49005 680
49021 701
49038 722
49054 738
49070 762
49087 780
49103 796
49119 824
49136 838
49152 859
49168 878
49185 898
49201 917
49217 939
49234 959
49250 979
49266 999
49283 1018
49299 1011
49315 1059
49332 1079
49348 1099
49364 1120
49381 1140
49397 1158
49413 1180
49430 1212
49446 1218
49462 1239
49479 1260
49495 1272
49511 1297
49528 1316
49544 1339
49560 1374
49577 1379
49593 1399
49609 1420
49626 1439
49642 1461
49658 1478
49675 1499
49691 1519
49707 1538
49724 1560
49740 1583
49756 1599
49773 1619
49789 1639
49805 1660
49822 1680
49838 1698
49854 1715
49871 1740
49887 1757
49903 1776
49920 1798
49936 1817
49952 1838
49969 1856
49986 1880
50003 1899
50019 1919
50035 1936
50052 1960
50068 1980
50084 1999
50101 2020
50117 2041
50133 2060
50150 2079
50166 2106
50182 2119
50199 2138
50215 2156
50231 2177
50248 2199
50264 2214
50280 2238
50297 2262
50313 2272
50329 2292
50346 2314
50362 2333
50378 2352
50395 2375
50411 2394
50427 2413
50444 2437
50460 2452
50476 2469
50493 2490
50509 2524
50525 2526
50542 2548
50558 2569
50574 2586
50591 2604
50607 2624
50623 2641
50640 2664
50656 2680
50672 2698
50689 2720
50705 2737
50721 2758
50738 2775
50754 2789
50770 2814
50787 2835
50803 2860
50819 2873
50836 2888
50852 2907
50868 2929
50885 2946
50901 2965
50917 2985
50934 3005
50950 3020
50966 3041
50983 3054
51000 3076
51016 3095
51033 3112
51049 3132
51065 3150
51082 3168
51098 3183
51114 3203
51131 3225
51147 3242
51163 3246
51180 3229
51196 3205
51212 3198
51229 3182
51245 3166
51261 3146
51278 3131
51294 3114
51310 3102
51327 3083
51343 3068
51359 3049
51376 3026
51392 3014
51408 2999
51425 2981
51441 2965
51457 2953
51474 2931
51490 2914
51506 2901
51523 2885
51539 2865
51555 2850
51572 2833
51588 2815
51604 2796
51621 2781
51637 2765
51653 2748
51670 2730
51686 2713
51702 2696
51719 2678
51735 2660
51751 2643
51768 2628
51784 2610
51800 2592
51817 2572
51833 2559
51849 2542
51866 2525
51882 2506
51898 2489
51915 2473
51931 2454
51947 2435
51964 2423
51980 2401
51996 2386
52013 2367
52029 2347
52045 2333
52062 2322
52078 2295
52094 2280
52111 2263
52127 2242
52143 2225
52160 2209
52176 2196
52192 2186
52209 2156
52225 2140
52241 2125
52258 2104
52274 2096
52290 2072
52307 2048
52323 2034
52339 2015
52356 1995
52372 1979
52388 1966
52405 1939
52421 1926
52437 1910
52454 1896
52470 1871
52486 1855
52503 1840
52519 1818
52535 1803
52552 1787
52568 1768
52584 1745
52601 1733
52617 1714
52633 1696
52650 1680
52666 1663
52682 1641
52699 1603
52715 1605
52731 1589
52748 1569
52764 1555
52780 1536
52797 1517
52813 1500
52829 1482
52846 1461
52862 1445
52878 1423
52895 1408
52911 1394
52927 1374
52944 1358
52960 1342
52976 1322
52994 1304
53010 1269
53027 1270
53043 1252
53059 1232
53076 1217
53092 1196
53108 1180
53125 1163
53141 1194
53157 1123
53174 1115
53190 1091
53206 1070
53223 1054
53239 1039
53255 1021
53272 1012
53288 986
53304 968
53321 954
53337 933
53353 911
53370 900
53386 881
53402 863
53419 847
53435 829
53451 810
53468 794
53484 776
53500 760
53517 737
53533 723
53549 709
53566 691
53582 671
53598 655
53615 638
53631 621
53647 603
53664 589
53680 574
53696 555
53713 537
53729 519
53745 500
53762 487
53778 469
53794 448
53811 437
53827 415
53843 399
53860 381
53876 366
53892 347
53909 330
53925 315
53941 296
53958 298
53974 268
53991 249
54008 231
54024 211
54040 195
54057 179
54073 166
54089 145
54106 129
54122 115
54138 96
54155 93
54171 105
54187 130
54204 144
54220 166
54236 184
54253 202
54269 221
54285 239
54302 258
54318 279
54334 300
54351 317
54367 333
54383 357
54400 373
54416 391
54432 411
54449 431
54465 453
54481 475
54498 489
54514 504
54530 529
54547 546
54563 567
54579 581
54596 604
54612 632
54628 641
54645 661
54661 682
54677 700
54694 722
54710 742
54726 762
54743 779
54759 799
54775 824
54792 840
54808 860
54824 881
54841 900
54857 921
54873 940
54890 960
54906 970
54922 1000
54939 1018
54955 1039
54971 1056
54989 1079
55005 1102
55021 1122
55038 1142
55054 1162
55070 1183
55087 1204
55103 1218
55119 1243
55136 1265
55152 1282
55168 1303
55185 1323
55201 1342
55217 1363
55234 1382
55250 1405
55266 1422
55283 1445
55299 1426
55315 1482
55332 1503
55348 1521
55364 1545
55381 1564
55397 1585
55413 1603
55430 1616
55446 1642
55462 1659
55479 1681
55495 1703
55511 1722
55528 1744
55544 1764
55560 1787
55577 1806
55593 1823
55609 1843
55626 1864
55642 1879
55658 1901
55675 1923
55691 1941
55707 1960
55724 1979
55740 2001
55756 2025
55773 2047
55789 2059
55805 2086
55822 2105
55838 2120
55854 2150
55871 2160
55887 2184
55903 2203
55920 2222
55936 2241
55952 2262
55969 2281
55986 2297
56003 2319
56019 2340
56035 2355
56052 2377
56068 2400
56084 2418
56101 2440
56117 2460
56133 2481
56150 2495
56166 2515
56182 2531
56199 2554
56215 2575
56231 2587
56248 2613
56264 2632
56280 2650
56297 2671
56313 2688
56329 2713
56346 2723
56362 2745
56378 2765
56395 2782
56411 2801
56427 2821
56444 2843
56460 2859
56476 2878
56493 2899
56509 2917
56525 2932
56542 2956
56558 2978
56574 2989
56591 3009
56607 3025
56623 3048
56640 3066
56656 3085
56672 3102
56689 3122
56705 3140
56721 3160
56738 3176
56754 3196
56770 3207
56787 3231
56803 3250
56819 3241
56836 3221
56852 3208
56868 3193
56885 3173
56901 3156
56917 3142
56934 3122
56950 3116
56966 3094
56983 3076
57000 3055
57016 3040
57033 3026
57049 3008
57065 2987
57082 2972
57098 2910
57114 2939
57131 2923
57147 2907
57163 2890
57180 2872
57196 2859
57212 2837
57229 2822
57245 2808
57261 2784
57278 2771
57294 2752
57310 2735
57327 2718
57343 2702
57359 2683
57376 2667
57392 2650
57408 2629
57425 2659
57441 2598
57457 2579
57474 2575
57490 2547
57506 2529
57523 2513
57539 2494
57555 2476
57572 2460
57588 2440
57604 2422
57621 2406
57637 2387
57653 2372
57670 2354
57686 2336
57702 2319
57719 2303
57735 2284
57751 2267
57768 2250
57784 2227
57800 2210
57817 2195
57833 2178
57849 2158
57866 2143
57882 2124
57898 2105
57915 2091
57931 2074
57947 2048
57964 2039
57980 2019
57996 2008
58013 1985
58029 1965
58045 1949
58062 1932
58078 1911
58094 1892
58111 1875
58127 1854
58143 1837
58160 1820
58176 1800
58192 1787
58209 1767
58225 1748
58241 1733
58258 1718
58274 1699
58290 1677
58307 1662
58323 1655
58339 1624
58356 1608
58372 1589
58388 1572
58405 1552
58421 1534
58437 1517
58454 1500
58470 1481
58486 1460
58503 1445
58519 1425
58535 1406
58552 1390
58568 1376
58584 1356
58601 1337
58617 1317
58633 1302
58650 1283
58666 1267
58682 1250
58699 1226
58715 1220
58731 1194
58748 1179
58764 1159
58780 1143
58797 1124
58813 1105
58829 1089
58846 1070
58862 1048
58878 1032
58895 1014
58911 997
58927 984
58944 963
58960 946
58976 932
58994 910
59010 892
59027 872
59043 858
59059 834
59076 821
59092 802
59108 786
59125 775
59141 751
59157 733
59174 713
59190 693
59206 677
59223 661
59239 646
59255 629
59272 613
59288 593
59304 575
59321 555
59337 541
59353 526
59370 504
59386 492
59402 474
59419 455
59435 439
59451 422
59468 405
59484 387
59500 371
59517 356
59533 342
59549 323
59566 305
59582 287
59598 262
59615 253
59631 236
59647 221
59664 204
59680 187
59696 174
59713 147
59729 130
59745 116
59762 112
59778 85
59794 107
59811 121
59827 140
59843 159
59860 175
59876 193
59892 215
59909 235
59925 267
59941 268
59958 289
59974 308
59991 330
60008 349
60024 388
60040 389
60057 404
60073 427
60089 445
60106 463
60122 482
60138 502
60155 521
60171 541
60187 561
60204 577
60220 599
60236 617
60253 636
60269 652
60285 672
60302 694
60318 711
60334 734
60351 754
60367 775
60383 793
60400 799
60416 833
60432 851
60449 875
60465 898
60481 913
60498 931
60514 953
60530 970
60547 989
60563 1010
60579 1033
60596 1047
60612 1072
60628 1090
60645 1108
60661 1130
60677 1152
60694 1171
60710 1190
60726 1220
60743 1231
60759 1250
60775 1272
60792 1291
60808 1310
60824 1332
60841 1352
60857 1371
60873 1392
60890 1410
60906 1426
60922 1450
60939 1471
60955 1469
60971 1510
60989 1531
61005 1547
61021 1571
61038 1590
61054 1631
61070 1630
61087 1653
61103 1671
61119 1691
61136 1711
61152 1730
61168 1756
61185 1770
61201 1792
61217 1813
61234 1829
61250 1851
61266 1871
61283 1891
61299 1908
61315 1928
61332 1948
61348 1965
61364 1985
61381 2006
61397 2025
61413 2049
61430 2071
61446 2088
61462 2108
61479 2128
61495 2147
61511 2167
61528 2182
61544 2204
61560 2224
61577 2245
61593 2262
61609 2283
61626 2303
61642 2321
61658 2344
61675 2360
61691 2377
61707 2398
61724 2431
61740 2439
61756 2456
61773 2477
61789 2497
61805 2516
61822 2537
61838 2556
61854 2569
61871 2591
61887 2611
61903 2632
61920 2651
61936 2670
61952 2687
61969 2706
61986 2727
62003 2742
62019 2759
62035 2780
62052 2800
62068 2819
62084 2840
62101 2852
62117 2876
62133 2897
62150 2915
62166 2934
62182 2952
62199 2967
62215 2987
62231 3008
62248 3023
62264 3043
62280 3062
62297 3078
62313 3098
62329 3115
62346 3131
62362 3152
62378 3171
62395 3188
62411 3205
62427 3225
62444 3243
62460 3247
62476 3230
62493 3214
62509 3200
62525 3184
62542 3165
62558 3150
62574 3135
62591 3116
62607 3098
62623 3083
62640 3065
62656 3047
62672 3031
62689 3014
62705 2998
62721 2981
62738 2963
62754 2945
62770 2934
62787 2916
62803 2894
62819 2881
62836 2863
62852 2846
62868 2829
62885 2813
62901 2796
62917 2779
62934 2761
62950 2751
62966 2727
62983 2709
63000 2694
63016 2675
63033 2657
63049 2645
63065 2622
63082 2606
63098 2563
63114 2568
63131 2550
63147 2535
63163 2517
63180 2503
63196 2484
63212 2468
63229 2451
63245 2429
63261 2413
63278 2398
63294 2379
63310 2356
63327 2346
63343 2327
63359 2304
63376 2295
63392 2273
63408 2251
63425 2241
63441 2218
63457 2199
63474 2198
63490 2164
63506 2144
63523 2142
63539 2111
63555 2092
63572 2068
63588 2059
63604 2040
63621 2023
63637 2003
63653 1984
63670 1970
63686 1946
63702 1932
63719 1912
63735 1894
63751 1875
63768 1860
63784 1842
63800 1822
63817 1804
63833 1788
63849 1766
63866 1752
63882 1734
63898 1714
63915 1699
63931 1679
63947 1662
63964 1644
63980 1639
63996 1605
64013 1591
64029 1565
64045 1554
64062 1534
64078 1518
64094 1499
64111 1496
64127 1464
64143 1446
64160 1427
64176 1407
64192 1391
64209 1372
64225 1356
64241 1333
64258 1319
64274 1303
64290 1283
64307 1265
64323 1248
64339 1229
64356 1211
64372 1200
64388 1175
64405 1154
64421 1145
64437 1125
64454 1105
64470 1088
64486 1066
64503 1042
64519 1035
64535 1015
64552 998
64568 979
64584 962
64601 943
64617 926
64633 911
64650 890
64666 874
64682 857
64699 836
64715 820
64731 803
64748 785
64764 765
64780 748
64797 730
64813 714
64829 697
64846 676
64862 660
64878 646
64895 626
64911 608
64927 591
64944 575
64960 554
64976 539
64994 520
65010 507
65027 486
65043 472
65059 449
65076 434
65092 414
65108 405
65125 383
65141 372
65157 350
65174 332
65190 317
65206 298
65223 276
65239 261
65255 246
65272 231
65288 211
65304 197
65321 178
65337 160
65353 148
65370 131
65386 112
65402 90
65419 92
65435 110
65451 128
65468 147
65484 164
65500 182
65517 201
65533 290
65549 239
65566 262
65582 278
65598 296
65615 314
65631 331
65647 352
65664 372
65680 392
65696 412
65713 431
65729 449
65745 470
65762 488
65778 505
65794 527
65811 547
65827 563
65843 581
65860 602
65876 621
65892 640
65909 662
65925 681
65941 700
65958 721
65974 741
65991 762
66008 782
66024 799
66040 826
66057 839
66073 860
66089 882
66106 900
66122 920
66138 939
66155 960
66171 982
66187 1002
66204 1019
66220 1042
66236 1062
66253 1081
66269 1102
66285 1122
66302 1138
66318 1164
66334 1181
66351 1231
66367 1224
66383 1244
66400 1263
66416 1287
66432 1306
66449 1325
66465 1346
66481 1376
66498 1384
66514 1406
66530 1428
66547 1448
66563 1467
66579 1487
66596 1506
66612 1521
66628 1547
66645 1568
66661 1587
66677 1605
66694 1628
66710 1649
66726 1668
66743 1689
66759 1710
66775 1736
66792 1750
66808 1772
66824 1792
66841 1810
66857 1832
66873 1852
66890 1871
66906 1887
66922 1913
66939 1929
66955 1955
66971 1973
66989 1995
67005 2013
67022 2033
67038 2054
67055 2072
67071 2094
67087 2108
67104 2135
67120 2159
67137 2176
67153 2198
67170 2217
67186 2233
67202 2254
67219 2277
67235 2294
67252 2315
67268 2335
67285 2357
67301 2376
67317 2393
67334 2414
67350 2435
67367 2453
67383 2473
67400 2495
67416 2514
67432 2534
67449 2556
67465 2572
67482 2594
67498 2610
67515 2635
67531 2650
67547 2671
67564 2695
67580 2712
67597 2730
67613 2749
67630 2770
67646 2789
67662 2808
67679 2826
67695 2843
67712 2865
67728 2885
67745 2907
67761 2923
67777 2944
67794 2964
67810 2983
67827 2986
67843 3021
67860 3041
67876 3059
67892 3077
67909 3095
67925 3115
67942 3134
67958 3144
67975 3170
67992 3191
68009 3211
68025 3230
68041 3244
68058 3243
68074 3228
68091 3210
68107 3192
68124 3177
68140 3158
68156 3144
68173 3126
68189 3112
68206 3095
68222 3056
68239 3061
68255 3043
68271 3027
68288 3009
68304 2992
68321 2978
68337 2962
68354 2939
68370 2927
68386 2910
68403 2909
68419 2874
68436 2861
68452 2841
68469 2825
68485 2808
68501 2792
68518 2774
68534 2758
68551 2741
68567 2724
68584 2706
68600 2689
68616 2672
68633 2654
68649 2637
68666 2622
68682 2607
68699 2584
68715 2568
68731 2553
68748 2539
68764 2519
68781 2499
68797 2484
68814 2462
68830 2450
68846 2431
68863 2412
68879 2388
68896 2378
68912 2357
68929 2339
68945 2323
68961 2307
68978 2289
68995 2270
69012 2245
69028 2232
69045 2217
69061 2197
69078 2184
69094 2162
69110 2141
69127 2125
69143 2109
69160 2090
69176 2075
69193 2058
69209 2039
69225 2021
69242 2001
69258 1984
69275 1974
69291 1948
69308 1934
69324 1911
69340 1893
69357 1879
69373 1860
69390 1840
69406 1823
69423 1806
69439 1788
69455 1782
69472 1752
69488 1733
69505 1716
69521 1696
69538 1680
69554 1659
69570 1643
69587 1638
69603 1606
69620 1584
69636 1571
69653 1555
69669 1534
69685 1515
69702 1499
69718 1479
69735 1464
69751 1444
69768 1428
69784 1407
69800 1394
69817 1372
69833 1353
69850 1334
69866 1318
69883 1300
69899 1281
69915 1268
69932 1249
69948 1229
69965 1212
69981 1187
69999 1171
70015 1156
70032 1138
70048 1120
70064 1101
70081 1082
70097 1064
70114 1060
70130 1033
70147 1010
70163 993
70179 973
70196 943
70212 937
70229 931
70245 907
70262 886
70278 867
70294 848
70311 833
70327 812
70344 795
70360 781
70377 810
70393 741
70409 725
70426 711
70442 688
70459 671
70475 653
70492 633
70508 633
70524 603
70541 586
70557 566
70574 550
70590 531
70607 514
70623 499
70639 480
70656 464
70672 445
70689 429
70705 410
70722 391
70738 375
70754 359
70771 344
70787 325
70804 305
70820 290
70837 274
70853 256
70869 239
70886 223
70902 209
70919 189
70935 170
70952 157
70968 143
70986 121
71002 106
71018 89
71035 89
71051 120
71068 138
71084 157
71101 174
71117 188
71133 208
71150 230
71166 250
71183 266
71199 288
71216 304
71232 325
71248 345
71265 361
71281 381
71298 392
71314 417
71331 438
71347 458
71363 476
71380 495
71396 514
71413 528
71429 550
71446 573
71462 590
71478 613
71495 629
71511 649
71528 669
71544 685
71561 683
71577 725
71593 743
71610 763
71626 785
71643 803
71659 825
71676 845
71692 861
71708 884
71725 895
71741 922
71758 941
71774 962
71791 980
71807 1000
71823 1023
71840 1035
71856 1062
71873 1080
71889 1100
71906 1103
71922 1137
71938 1157
71955 1178
71971 1198
71989 1219
72005 1239
72022 1261
72038 1279
72055 1299
72071 1317
72087 1333
72104 1360
72120 1380
72137 1406
72153 1418
72170 1449
72186 1455
72202 1479
72219 1504
72235 1521
72252 1537
72268 1559
72285 1580
72301 1598
72317 1620
72334 1640
72350 1657
72367 1675
72383 1698
72400 1717
72416 1735
72432 1756
72449 1780
72465 1797
72482 1819
72498 1842
72515 1858
72531 1874
72547 1895
72564 1917
72580 1936
72597 1953
72613 1979
72630 1997
72646 2014
72662 2031
72679 2058
72695 2076
72712 2093
72728 2116
72745 2131
72761 2156
72777 2169
72794 2197
72810 2215
72827 2249
72843 2255
72860 2269
72876 2289
72892 2315
72909 2331
72925 2352
72942 2373
72958 2396
72975 2410
72992 2427
73008 2451
73025 2471
73041 2489
73058 2510
73074 2528
73091 2552
73107 2572
73123 2587
73140 2615
73156 2624
73173 2644
73189 2666
73206 2686
73222 2703
73238 2723
73255 2743
73271 2764
73288 2779
73304 2799
73321 2816
73337 2839
73353 2857
73370 2881
73386 2898
73403 2864
73419 2939
73436 2957
73452 2976
73468 2994
73485 3014
73501 3032
73518 3051
73534 3071
73551 3088
73567 3107
73583 3127
73600 3144
73616 3164
73633 3183
73649 3202
73666 3221
73682 3243
73698 3263
73715 3234
73731 3223
73748 3200
73764 3187
73781 3165
73797 3151
73813 3135
73830 3119
73846 3101
73863 3087
73879 3079
73896 3053
73912 3037
73928 3020
73945 2999
73961 2984
73978 2967
73995 2950
74012 2931
74028 2918
74045 2903
74061 2885
74077 2868
74094 2849
74110 2830
74127 2817
74143 2800
74160 2782
74176 2766
74192 2746
74209 2731
74225 2710
74242 2696
74258 2680
74275 2668
74291 2640
74307 2629
74324 2611
74340 2588
74357 2571
74373 2562
74390 2542
74406 2525
74422 2511
74439 2488
74455 2455
74472 2455
74488 2439
74505 2421
74521 2404
74537 2384
74554 2367
74570 2347
74587 2326
74603 2314
74620 2297
74636 2283
74652 2263
74669 2246
74685 2226
74702 2214
74718 2194
74735 2175
74751 2157
74767 2135
74784 2122
74800 2103
74817 2083
74833 2066
74850 2050
74866 2032
74882 2012
74899 2015
74915 1979
74932 1961
74948 1960
74965 1928
74981 1909
74999 1887
75015 1874
75031 1848
75048 1840
75064 1819
75081 1799
75097 1783
75114 1767
75130 1742
75146 1729
75163 1710
75179 1694
75196 1671
75212 1656
75229 1637
75245 1625
75261 1602
75278 1583
75294 1566
75311 1549
75327 1531
75344 1519
75360 1492
75376 1476
75393 1456
75409 1441
75426 1423
75442 1405
75459 1388
75475 1368
75491 1350
75508 1330
75524 1285
75541 1297
75557 1277
75574 1262
75590 1242
75606 1228
75623 1214
75639 1188
75656 1170
75672 1152
75689 1142
75705 1118
75721 1097
75738 1084
75754 1064
75771 1048
75787 1026
75804 1011
75820 987
75836 970
75853 953
75869 935
75886 912
75902 904
75919 887
75935 865
75951 849
75968 832
75985 811
76002 795
76018 772
76035 758
76051 739
76068 719
76084 703
76100 687
76117 666
76133 650
76150 631
76166 616
76183 599
76199 581
76215 565
76232 547
76248 546
76265 511
76281 494
76298 490
76314 460
76330 442
76347 425
76363 408
76380 389
76396 374
76413 356
76429 336
76445 322
76462 303
76478 286
76495 271
76511 255
76528 237
76544 220
76560 205
76577 184
76593 171
76610 151
76626 132
76643 118
76659 102
76675 86
76692 101
76708 123
76725 140
76741 157
76758 178
76774 199
76790 217
76807 236
76823 251
76840 275
76856 292
76873 304
76889 331
76905 350
76922 371
76938 390
76955 413
76971 424
76989 444
77005 465
77022 483
77038 505
77054 523
77071 538
77087 560
77104 586
77120 598
77137 621
77153 637
77169 658
77186 680
77202 697
77219 717
77235 737
77252 758
77268 776
77284 796
77301 813
77317 835
77334 857
77350 876
77367 899
77383 913
77399 933
77416 954
77432 978
77449 1011
77465 1016
77482 1035
77498 1054
77514 1074
77531 1096
77547 1116
77564 1137
77580 1153
77597 1176
77613 1195
77629 1217
77646 1239
77662 1259
77679 1274
77695 1291
77712 1316
77728 1335
77744 1355
77761 1378
77777 1395
77794 1418
77810 1438
77827 1457
77843 1482
77859 1499
77876 1522
77892 1537
77909 1556
77925 1580
77942 1596
77958 1620
77974 1636
77992 1657
78008 1680
78025 1701
78041 1722
78058 1740
78074 1739
78091 1780
78107 1802
78123 1824
78140 1843
78156 1864
78173 1871
78189 1903
78206 1921
78222 1943
78238 1960
78255 1983
78271 2000
78288 2023
78304 2042
78321 2055
78337 2080
78353 2102
78370 2117
78386 2141
78403 2162
78419 2178
78436 2200
78452 2222
78468 2247
78485 2261
78501 2280
78518 2303
78534 2320
78551 2342
78567 2362
78583 2381
78600 2400
78616 2422
78633 2439
78649 2460
78666 2479
78682 2499
78698 2513
78715 2541
78731 2560
78748 2588
78764 2601
78781 2618
78797 2645
78813 2657
78830 2678
78846 2698
78863 2719
78879 2734
78896 2754
78912 2775
78928 2795
78945 2818
78961 2831
78978 2851
78995 2872
79012 2887
79028 2910
79044 2931
79061 2948
79077 2967
79094 2990
79110 3006
79127 3024
79143 3043
79159 3062
79176 3084
79192 3099
79209 3119
79225 3139
79242 3158
79258 3175
79274 3207
79291 3211
79307 3232
79324 3252
79340 3239
79357 3223
79373 3210
79389 3191
79406 3175
79422 3158
79439 3141
79455 3124
79472 3109
79488 3091
79504 3076
79521 3057
79537 3042
79554 3024
79570 3004
79587 2992
79603 2974
79619 2956
79636 2939
79652 2921
79669 2909
79685 2891
79702 2875
79718 2857
79734 2841
79751 2824
79767 2805
79784 2790
79800 2770
79817 2754
79833 2740
79849 2696
79866 2704
79882 2686
79899 2672
79915 2650
79932 2636
79948 2611
79964 2600
79981 2582
79999 2570
80015 2550
80031 2531
80048 2512
80064 2496
80081 2479
80097 2460
80114 2446
80130 2426
80146 2411
80163 2392
80179 2372
80196 2356
80212 2337
80229 2319
80245 2303
80261 2287
80278 2271
80294 2250
80311 2234
80327 2217
80344 2199
80360 2177
80376 2164
80393 2146
80409 2128
80426 2121
80442 2091
80459 2074
80475 2059
80491 2039
80508 2020
80524 2003
80541 1983
80557 1966
80574 1940
80590 1931
80606 1913
80623 1890
80639 1876
80656 1860
80672 1842
80689 1826
80705 1809
80721 1791
80738 1770
80754 1754
80771 1735
80787 1716
80804 1697
80820 1677
80836 1661
80853 1644
80869 1627
80886 1608
80902 1589
80919 1569
80935 1556
80951 1537
80968 1519
80985 1502
81002 1483
81018 1465
81035 1449
81051 1435
81067 1412
81084 1395
81100 1376
81117 1357
81133 1339
81150 1326
81166 1299
81182 1285
81199 1271
81215 1246
81232 1232
81248 1208
81265 1199
81281 1178
81297 1137
81314 1142
81330 1122
81347 1104
81363 1089
81380 1069
81396 1050
81412 1034
81429 1018
81445 998
81462 978
81478 961
81495 942
81511 926
81527 910
81544 887
81560 873
81577 859
81593 838
81610 818
81626 801
81642 785
81659 766
81675 746
81692 732
81708 715
81725 698
81741 678
81757 660
81774 644
81790 624
81807 609
81823 601
81840 570
81856 554
81872 514
81889 521
81905 504
81922 487
81938 470
81955 449
81971 433
81989 417
82005 398
82021 380
82038 364
82054 348
82071 328
82087 314
82104 296
82120 277
82136 265
82153 245
82169 230
82186 214
82202 194
82219 180
82235 164
82251 147
82268 127
82284 113
82301 97
82317 93
82334 111
82350 129
82366 151
82383 166
82399 206
82416 203
82432 221
82449 217
82465 258
82481 275
82498 298
82514 315
82531 332
82547 349
82564 369
82580 389
82596 404
82613 427
82629 443
82646 466
82662 480
82679 501
82695 518
82711 537
82728 556
82744 578
82761 596
82777 614
82794 632
82810 655
82826 670
82843 690
82859 712
82876 732
82892 750
82909 770
82925 788
82941 807
82958 827
82974 843
82992 868
83008 887
83025 903
83041 925
83058 947
83074 964
83090 984
83107 1006
83123 1022
83140 1043
83156 1059
83173 1174
83189 1102
83205 1123
83222 1141
83238 1161
83255 1183
83271 1196
83288 1223
83304 1241
83320 1258
83337 1280
83353 1292
83370 1317
83386 1336
83403 1355
83419 1374
83435 1396
83452 1414
83468 1434
83485 1455
83501 1473
83518 1493
83534 1513
83550 1537
83567 1554
83583 1571
83600 1592
83616 1614
83633 1631
83649 1654
83665 1670
83682 1687
83698 1707
83715 1727
83731 1748
83748 1748
83764 1791
83780 1812
83797 1826
83813 1850
83830 1866
83846 1890
83863 1908
83879 1929
83895 1947
83912 1966
83928 1986
83945 2001
83961 2028
83978 2047
83995 2068
84012 2087
84028 2107
84044 2128
84061 2149
84077 2167
84094 2184
84110 2207
84127 2220
84143 2246
84159 2267
84176 2285
84192 2307
84209 2324
84225 2344
84242 2364
84258 2385
84274 2382
84291 2423
84307 2442
84324 2464
84340 2478
84357 2502
84373 2527
84389 2539
84406 2557
84422 2575
84439 2597
84455 2618
84472 2634
84488 2655
84504 2676
84521 2694
84537 2715
84554 2736
84570 2754
84587 2771
84603 2789
84619 2808
84636 2828
84652 2845
84669 2863
84685 2884
84702 2904
84718 2926
84734 2941
84751 2960
84767 2980
84784 3000
84800 3016
84817 3036
84833 3055
84849 3097
84866 3092
84882 3108
84899 3126
84915 3147
84932 3165
84948 3184
84964 3202
84981 3220
84998 3244
85015 3253
85031 3234
85048 3218
85064 3199
85080 3185
85097 3168
85113 3149
85130 3136
85146 3117
85163 3100
85179 3081
85195 3065
85212 3048
85228 3031
85245 3016
85261 2976
85278 2981
85294 2966
85310 2951
85327 2932
85343 2915
85360 2901
85376 2881
85393 2862
85409 2848
85425 2830
85442 2811
85458 2796
85475 2779
85491 2761
85508 2747
85524 2723
85540 2710
85557 2692
85573 2678
85590 2659
85606 2640
85623 2625
85639 2609
85655 2590
85672 2574
85688 2555
85705 2536
85721 2519
85738 2503
85754 2485
85770 2467
85787 2452
85803 2437
85820 2414
85836 2400
85853 2400
85869 2366
85885 2344
85902 2323
85918 2308
85935 2292
85951 2274
85968 2259
85985 2240
86002 2223
86018 2204
86034 2168
86051 2172
86067 2152
86084 2133
86100 2116
86117 2098
86133 2083
86149 2065
86166 2045
86182 2029
86199 2008
86215 1990
86232 1973
86248 1965
86264 1938
86281 1920
86297 1902
86314 1886
86330 1868
86347 1848
86363 1830
86379 1815
86396 1795
86412 1778
86429 1762
86445 1743
86462 1726
86478 1708
86494 1687
86511 1670
86527 1651
86544 1636
86560 1615
86577 1601
86593 1580
86609 1567
86626 1548
86642 1528
86659 1510
86675 1492
86692 1472
86708 1454
86724 1449
86741 1421
86757 1402
86774 1386
86790 1368
86807 1350
86823 1328
86839 1312
86856 1294
86872 1275
86889 1258
86905 1235
86922 1226
86938 1207
86954 1194
86971 1170
86988 1152
87005 1134
87021 1117
87038 1100
87054 1082
87071 1063
87087 1051
87103 1028
87120 1007
87136 992
87153 973
87169 954
87186 934
87202 920
87218 901
87235 886
87251 866
87268 846
87284 827
87301 817
87317 798
87333 779
87350 762
87366 743
87383 725
87399 707
87416 690
87432 673
87448 652
87465 638
87481 612
87498 603
87514 583
87531 567
87547 544
87563 534
87580 517
87596 502
87613 486
87629 464
87646 444
87662 434
87678 411
87695 393
87711 380
87728 360
87744 345
87761 327
87777 310
87793 293
87810 275
87826 302
87843 244
87859 230
87876 209
87892 191
87908 177
87925 160
87941 145
87958 122
87974 110
87992 93
88008 96
88025 117
88041 135
88057 151
88074 173
88090 192
88107 210
88123 229
88140 233
88156 269
88172 288
88189 310
88205 326
88222 356
88238 365
88255 386
88271 401
88287 423
88304 441
88320 462
88337 482
88353 500
88370 523
88386 536
88402 544
88419 579
88435 598
88452 615
88468 638
88485 659
88501 677
88517 703
88534 714
88550 735
88567 759
88583 777
88600 799
88616 817
88632 840
88649 859
88665 877
88682 898
88698 899
88715 939
88731 956
88747 978
88764 999
88780 1022
88797 1040
88813 1065
88830 1078
88846 1100
88862 1117
88879 1137
88895 1162
88912 1181
88928 1196
88945 1220
88961 1242
88977 1262
88995 1283
89011 1302
89028 1320
89044 1340
89061 1369
89077 1380
89093 1405
89110 1425
89126 1439
89143 1460
89159 1488
89176 1502
89192 1525
89208 1546
89225 1566
89241 1585
89258 1602
89274 1612
89291 1648
89307 1663
89323 1684
89340 1707
89356 1726
89373 1745
89389 1766
89406 1788
89422 1808
89438 1828
89455 1846
89471 1865
89488 1886
89504 1905
89521 1928
89537 1949
89553 1968
89570 1988
89586 1977
89603 2028
89619 2047
89636 2068
89652 2087
89668 2106
89685 2127
89701 2145
89718 2169
89734 2188
89751 2207
89767 2228
89783 2243
89800 2266
89816 2286
89833 2307
89849 2330
89866 2345
89882 2362
89898 2386
89915 2405
89931 2436
89948 2443
89964 2462
89981 2486
89998 2502
90015 2526
90031 2544
90048 2563
90064 2585
90080 2601
90097 2621
90113 2618
90130 2656
90146 2676
90163 2702
90179 2718
90195 2741
90212 2754
90228 2773
90245 2795
90261 2812
90278 2831
90294 2850
90310 2866
90327 2888
90343 2910
90360 2927
90376 2946
90393 2969
90409 2984
90425 2996
90442 3019
90458 3038
90475 3060
90491 3075
90508 3097
90524 3115
90540 3133
90557 3149
90573 3171
90590 3185
90606 3205
90623 3224
90639 3242
90655 3248
90672 3231
90688 3216
90705 3197
90721 3186
90738 3164
90754 3146
90770 3131
90787 3113
90803 3099
90820 3081
90836 3065
90853 3044
90869 3031
90885 3014
90902 2996
90918 2980
90935 2962
90951 2945
90968 2928
90985 2914
91002 2897
91018 2880
91034 2841
91051 2848
91067 2827
91084 2811
91100 2793
91117 2775
91133 2760
91149 2741
91166 2715
91182 2707
91199 2685
91215 2668
91232 2652
91248 2639
91264 2621
91281 2606
91297 2592
91314 2568
91330 2548
91347 2533
91363 2514
91379 2500
91396 2482
91412 2464
91429 2444
91445 2430
91462 2410
91478 2397
91494 2374
91511 2362
91527 2342
91544 2324
91560 2304
91577 2288
91593 2271
91609 2254
91626 2236
91642 2218
91659 2203
91675 2183
91692 2166
91708 2147
91724 2132
91741 2113
91757 2093
91774 2077
91790 2059
91807 2040
91823 2022
91839 2005
91856 1983
91872 1965
91889 1950
91905 1929
91922 1919
91938 1897
91954 1881
91971 1863
91988 1841
92005 1824
92021 1809
92038 1787
92054 1772
92071 1752
92087 1715
92103 1719
92120 1700
92136 1682
92153 1665
92169 1645
92186 1627
92202 1610
92218 1596
92235 1572
92251 1556
92268 1540
92284 1516
92301 1499
92317 1482
92333 1468
92350 1447
92366 1430
92383 1413
92399 1394
92416 1374
92432 1358
92448 1342
92465 1323
92481 1301
92498 1287
92514 1267
92531 1250
92547 1233
92563 1215
92580 1198
92596 1180
92613 1161
92629 1142
92646 1127
92662 1110
92678 1092
92695 1076
92711 1052
92728 1038
92744 1018
92761 1001
92777 984
92793 966
92810 948
92826 919
92843 913
92859 892
92876 879
92892 869
92908 841
92925 825
92941 808
92958 778
92974 770
92992 753
93008 731
93025 717
93041 701
93057 681
93074 664
93090 644
93107 628
93123 609
93140 597
93156 578
93172 562
93189 545
93205 528
93222 500
93238 492
93255 477
93271 460
93287 435
93304 427
93320 406
93337 392
93353 371
93370 357
93386 340
93402 360
93419 304
93435 289
93452 269
93468 252
93485 243
93501 222
93517 206
93534 185
93550 175
93567 152
93583 157
93600 124
93616 108
93632 92
93649 98
93665 120
93682 138
93698 155
93715 177
93731 193
93747 245
93764 232
93780 251
93797 265
93813 289
93830 310
93846 326
93862 347
93879 366
93895 390
93912 408
93928 423
93945 444
93961 461
93977 484
93995 500
94011 524
94028 541
94044 560
94061 578
94077 601
94093 620
94110 639
94126 661
94143 676
94159 698
94176 720
94192 738
94208 756
94225 779
94241 796
94258 817
94274 797
94291 856
94307 875
94323 899
94340 916
94356 938
94373 958
94389 978
94406 995
94422 1019
94438 1039
94455 1058
94471 1082
94488 1097
94504 1125
94521 1139
94537 1156
94553 1178
94570 1200
94586 1219
94603 1242
94619 1258
94636 1279
94652 1300
94668 1319
94685 1343
94701 1358
94718 1382
94734 1400
94751 1421
94767 1443
94783 1461
94800 1484
94816 1501
94833 1523
94849 1560
94866 1562
94882 1584
94898 1601
94915 1625
94931 1642
94948 1677
94964 1686
94981 1705
94998 1722
95015 1745
95031 1766
95048 1781
95064 1807
95080 1826
95097 1842
95113 1869
95130 1889
95146 1907
95163 1929
95179 1948
95195 1967
95212 1989
95228 2009
95245 2029
95261 2049
95278 2068
95294 2086
95310 2108
95327 2128
95343 2148
95360 2170
95376 2189
95393 2208
95409 2228
95425 2249
95442 2267
95458 2285
95475 2310
95491 2329
95508 2352
95524 2351
95540 2392
95557 2407
95573 2428
95590 2450
95606 2467
95623 2480
95639 2505
95655 2524
95672 2542
95688 2563
95705 2587
95721 2601
95738 2621
95754 2643
95770 2661
95787 2682
95803 2700
95820 2719
95836 2738
95853 2759
95869 2777
95885 2797
95902 2813
95918 2835
95935 2849
95951 2872
95968 2889
95985 2915
96002 2930
96018 2950
96034 2968
96051 2987
96067 3004
96084 3026
96100 3043
96117 3057
96133 3079
96149 3100
96166 3118
96182 3136
96199 3153
96215 3170
96232 3191
96248 3205
96264 3228
96281 3246
96297 3235
96314 3226
96330 3211
96347 3200
96363 3178
96379 3160
96396 3145
96412 3127
96429 3108
96445 3089
96462 3076
96478 3060
96494 3046
96511 3026
96527 3009
96544 2992
96560 2972
96577 2956
96593 2941
96609 2921
96626 2910
96642 2890
96659 2873
96675 2860
96692 2839
96708 2820
96724 2805
96741 2787
96757 2772
96774 2770
96790 2735
96807 2718
96823 2702
96839 2685
96856 2666
96872 2678
96889 2633
96905 2615
96922 2599
96938 2580
96954 2563
96971 2546
96988 2528
97005 2510
97021 2485
97038 2477
97054 2461
97071 2441
97087 2425
97103 2403
97120 2387
97136 2371
97153 2352
97169 2335
97186 2314
97202 2296
97218 2279
97235 2262
97251 2247
97268 2227
97284 2212
97301 2192
97317 2174
97333 2150
97350 2139
97366 2121
97383 2103
97399 2083
97416 2069
97432 2052
97448 2035
97465 2011
97481 1996
97498 1973
97514 1959
97531 1941
97547 1925
97563 1909
97580 1889
97596 1878
97613 1852
97629 1835
97646 1816
97662 1799
97678 1782
97695 1763
97711 1745
97728 1726
97744 1707
97761 1692
97777 1670
97793 1655
97810 1636
97826 1618
97843 1601
97859 1581
97876 1563
97892 1542
97908 1527
97925 1511
97941 1491
97958 1475
97974 1413
97992 1437
98008 1418
98025 1401
98041 1381
98057 1365
98074 1342
98090 1325
98107 1312
98123 1297
98140 1272
98156 1253
98172 1222
98189 1223
98205 1201
98222 1181
98238 1166
98255 1148
98271 1129
98287 1109
98304 1094
98320 1069
98337 1056
98353 1038
98370 1021
98386 1003
98402 985
98419 966
98435 945
98452 929
98468 911
98485 893
98501 878
98517 858
98534 841
98550 824
98567 807
98583 791
98600 772
98616 753
98632 733
98649 720
98665 701
98682 682
98698 667
98715 647
98731 630
98747 602
98764 592
98780 572
98797 560
98813 541
98830 525
98846 503
98862 492
98879 460
98895 454
98912 438
98928 420
98945 401
98961 389
98977 370
98995 358
99011 334
99028 320
99044 301
99061 284
99077 269
99093 250
99110 234
99126 216
99143 198
99159 182
99176 166
99192 150
99208 133
99225 114
99241 99
99258 90
99274 119
99291 125
99307 143
99323 158
99340 183
99356 201
99373 229
99389 237
99406 259
99422 221
99438 297
99455 316
99471 335
99488 354
99504 373
99521 389
99537 412
99553 431
99570 445
99586 466
99603 489
99619 510
99636 528
99652 549
99668 566
99685 587
99701 608
99718 627
99734 646
99751 670
99767 686
99783 708
99800 725
99816 746
99833 764
99849 789
99866 806
99882 827
99898 853
99915 864
99931 887
99948 887
99964 925
99981 948
99998 944
100015 986
100031 1008
100048 1028
100064 1047
100080 1065
100097 1087
100113 1108
100130 1127
100146 1147
100163 1171
100179 1189
100195 1210
100212 1229
100228 1252
100245 1267
100261 1292
100278 1307
100294 1330
100310 1354
100327 1368
100343 1388
100360 1409
100376 1431
100393 1453
100409 1472
100425 1493
100442 1512
100458 1533
100475 1553
100491 1575
100508 1590
100524 1619
100540 1632
100557 1653
100573 1671
100590 1693
100606 1714
100623 1727
100639 1755
100655 1774
100672 1791
100689 1813
100705 1835
100721 1849
100737 1871
100754 1892
100770 1912
100786 1934
100803 1950
100819 1968
100835 1993
100851 2013
100868 2033
100884 2051
100900 2074
100917 2092
100933 2108
100949 2135
100965 2150
100982 2167
100999 2192
101015 2209
101032 2227
101048 2234
101064 2267
101080 2290
101097 2306
101113 2324
101129 2348
101146 2366
101162 2383
101178 2406
101194 2427
101211 2446
101227 2464
101243 2483
101260 2501
101276 2520
101292 2542
101308 2560
101325 2585
101341 2599
101357 2616
101374 2634
101390 2654
101406 2671
101422 2690
101439 2708
101455 2729
101471 2749
101488 2769
101504 2785
101520 2805
101536 2826
101553 2842
101569 2861
101585 2882
101602 2900
101618 2920
101634 2938
101650 2957
101667 2976
101683 2994
101699 3012
101716 3029
101732 3047
101748 3024
101764 3082
101781 3102
101797 3123
101813 3137
101830 3156
101846 3175
101862 3195
101878 3211
101895 3232
101911 3248
101927 3239
101944 3224
101960 3206
101976 3188
101994 3178
102010 3179
102026 3144
102042 3126
102059 3109
102075 3092
102091 3077
102108 3062
102124 3043
102140 3025
102156 3008
102173 2995
102189 2976
102205 2956
102222 2945
102238 2924
102254 2912
102270 2894
102287 2881
102303 2862
102319 2839
102336 2828
102352 2819
102368 2790
102384 2772
102401 2759
102417 2742
102433 2722
102450 2706
102466 2692
102482 2673
102498 2658
102515 2636
102531 2618
102547 2604
102564 2585
102580 2567
102596 2553
102612 2533
102629 2518
102645 2502
102661 2482
102678 2471
102694 2478
102710 2434
102726 2413
102743 2395
102759 2380
102775 2361
102792 2342
102808 2328
102824 2310
102840 2291
102857 2273
102873 2254
102889 2237
102906 2215
102922 2200
102938 2184
102954 2166
102971 2146
102988 2131
103004 2114
103021 2094
103037 2078
103053 2059
103070 2045
103086 2022
103102 2007
103118 1989
103135 1972
103151 1951
103167 1938
103184 1917
103200 1899
103216 1883
103232 1863
103249 1845
103265 1825
103281 1808
103298 1788
103314 1770
103330 1752
103346 1737
103363 1720
103379 1701
103395 1684
103412 1666
103428 1646
103444 1627
103460 1610
103477 1594
103493 1572
103509 1554
103526 1538
103542 1519
103558 1455
103574 1484
103591 1464
103607 1448
103623 1427
103640 1413
103656 1391
103672 1372
103688 1356
103705 1337
103721 1325
103737 1306
103754 1286
103770 1268
103786 1251
103802 1232
103819 1211
103835 1194
103851 1171
103868 1159
103884 1142
103900 1125
103916 1105
103933 1088
103949 1069
103965 1051
103982 1032
103999 1015
104015 998
104032 978
104048 959
104064 944
104080 923
104097 908
104113 869
104129 873
104146 853
104162 840
104178 818
104194 807
104211 783
104227 765
104243 757
104260 734
104276 712
104292 697
104308 679
104325 657
104341 638
104357 627
104374 612
104390 590
104406 578
104422 559
104439 538
104455 508
104471 510
104488 488
104504 470
104520 455
104536 436
104553 418
104569 404
104585 398
104602 370
104618 352
104634 330
104650 317
104667 301
104683 283
104699 265
104716 251
104732 233
104748 287
104764 199
104781 179
104797 167
104813 147
104830 132
104846 114
104862 99
104878 88
104895 106
104911 125
104927 140
104944 163
104960 184
104976 200
104994 220
105010 229
105026 257
105042 275
105059 290
105075 311
105091 329
105108 349
105124 369
105140 400
105156 405
105173 423
105189 442
105205 460
105222 485
105238 499
105254 526
105270 542
105287 562
105303 576
105319 602
105336 619
105352 615
105368 655
105384 677
105401 696
105417 715
105433 733
105450 753
105466 772
105482 797
105498 813
105515 832
105531 847
105547 873
105564 892
105580 909
105596 929
105612 951
105629 972
105645 990
105661 1010
105678 1031
105694 1068
105710 1071
105726 1093
105743 1105
105759 1133
105775 1143
105792 1169
105808 1189
105824 1208
105840 1233
105857 1250
105873 1271
105889 1289
105906 1311
105922 1330
105938 1350
105954 1370
105971 1388
105988 1410
106004 1432
106021 1454
106037 1471
106053 1495
106070 1513
106086 1534
106102 1552
106118 1574
106135 1593
106151 1614
106167 1637
106184 1650
106200 1675
106216 1695
106232 1715
106249 1735
106265 1756
106281 1773
106298 1795
106314 1815
106330 1834
106346 1854
106363 1871
106379 1897
106395 1917
106412 1938
106428 1958
106444 1977
106460 1993
106477 2015
106493 2032
106509 2057
106526 2077
106542 2098
106558 2096
106574 2136
106591 2155
106607 2177
106623 2196
106640 2217
106656 2235
106672 2253
106688 2276
106705 2293
106721 2313
106737 2334
106754 2356
106770 2375
106786 2395
106802 2413
106819 2445
106835 2450
106851 2473
106868 2493
106884 2517
106900 2528
106916 2553
106933 2571
106949 2590
106965 2607
106982 2646
106999 2650
107015 2672
107032 2687
107048 2707
107064 2729
107080 2745
107097 2766
107113 2787
107129 2809
107146 2824
107162 2842
107178 2860
107194 2875
107211 2899
107227 2918
107243 2936
107260 2960
107276 2977
107292 2996
107308 3015
107325 3040
107341 3051
107357 3072
107374 3089
107390 3109
107406 3129
107422 3142
107439 3162
107455 3192
107471 3200
107488 3220
107504 3238
107520 3252
107536 3235
107553 3219
107569 3203
107585 3190
107602 3171
107618 3146
107634 3136
107650 3123
107667 3107
107683 3088
107699 3071
107716 3055
107732 3041
107748 3058
107764 3005
107781 2989
107797 2973
107813 2956
107830 2936
107846 2921
107862 2904
107878 2891
107895 2872
107911 2856
107927 2841
107944 2822
107960 2813
107976 2790
107994 2767
108010 2759
108026 2736
108042 2719
108059 2702
108075 2686
108091 2668
108108 2653
108124 2635
108140 2623
108156 2603
108173 2582
108189 2565
108205 2550
108222 2534
108238 2516
108254 2497
108270 2480
108287 2463
108303 2448
108319 2432
108336 2411
108352 2384
108368 2376
108384 2359
108401 2331
108417 2328
108433 2309
108450 2290
108466 2273
108482 2267
108498 2238
108515 2222
108531 2204
108547 2181
108564 2165
108580 2150
108596 2130
108612 2114
108629 2095
108645 2081
108661 2064
108678 2045
108694 2023
108710 2011
108726 1991
108743 1967
108759 1960
108775 1948
108792 1921
108808 1904
108824 1885
108840 1869
108857 1849
108873 1831
108889 1816
108906 1796
108922 1778
108938 1758
108954 1741
108971 1722
108988 1703
109004 1690
109021 1669
109037 1653
109053 1635
109070 1616
109086 1596
109102 1580
109118 1562
109135 1544
109151 1528
109167 1511
109184 1493
109200 1472
109216 1457
109232 1438
109249 1418
109265 1402
109281 1383
109298 1369
109314 1343
109330 1331
109346 1312
109363 1293
109379 1276
109395 1260
109412 1240
109428 1219
109444 1205
109460 1185
109477 1170
109493 1156
109509 1134
109526 1121
109542 1101
109558 1068
109574 1060
109591 1044
109607 1025
109623 1008
109640 994
109656 973
109672 954
109688 930
109705 919
109721 901
109737 883
109754 865
109770 850
109786 833
109802 814
109819 796
109835 779
109851 761
109868 744
109884 727
109900 709
109916 690
109933 671
109949 656
109965 639
109982 597
109999 600
110015 582
110032 568
110048 548
110064 530
110080 513
110097 497
110113 477
110129 460
110146 446
110162 428
110178 412
110194 383
110211 376
110227 361
110243 331
110260 328
110276 312
110292 293
110308 278
110325 261
110341 243
110357 228
110374 212
110390 193
110406 177
110422 162
110439 139
110455 124
110471 107
110488 91
110504 91
110520 110
110536 132
110553 150
110569 165
110585 190
110602 205
110618 224
110634 244
110650 262
110667 279
110683 299
110699 317
110716 337
110732 349
110748 380
110764 392
110781 411
110797 429
110813 447
110830 465
110846 486
110862 506
110878 521
110895 544
110911 560
110927 586
110944 599
110960 624
110976 639
110993 660
111010 689
111026 704
111042 718
111059 738
111075 758
111091 776
111107 795
111124 816
111140 817
111156 852
111173 873
111189 892
111205 911
111221 928
111238 949
111254 971
111270 987
111287 1012
111303 1026
111319 1049
111335 1072
111352 1103
111368 1115
111384 1129
111401 1147
111417 1173
111433 1187
111449 1209
111466 1228
111482 1235
111498 1266
111515 1285
111531 1299
111547 1324
111563 1347
111580 1366
111596 1382
111612 1403
111629 1422
111645 1443
111661 1462
111677 1483
111694 1478
111710 1524
111726 1542
111743 1563
111759 1573
111775 1595
111791 1621
111808 1637
111824 1668
111840 1677
111857 1701
111873 1719
111889 1738
111905 1761
111922 1780
111938 1800
111954 1817
111971 1833
111988 1859
112004 1875
112021 1895
112037 1919
112053 1938
112069 1955
112086 1980
112102 1995
112118 2016
112135 2035
112151 2058
112167 2075
112183 2093
112200 2118
112216 2131
112232 2153
112249 2171
112265 2190
112281 2210
112297 2228
112314 2247
112330 2267
112346 2288
112363 2305
112379 2325
112395 2343
112411 2362
112428 2383
112444 2403
112460 2424
112477 2446
112493 2461
112509 2479
112525 2499
112542 2516
112558 2538
112574 2558
112591 2576
112607 2595
112623 2615
112639 2635
112656 2653
112672 2669
112688 2692
112705 2711
112721 2724
112737 2746
112753 2764
112770 2785
112786 2801
112802 2825
112819 2843
112835 2861
112851 2879
112867 2900
112884 2918
112900 2936
112916 2954
112933 2975
112949 3019
112965 3012
112981 3035
112999 3077
113015 3069
113031 3087
113048 3101
113064 3124
113080 3144
113097 3159
113113 3181
113129 3196
113145 3216
113162 3235
113178 3254
113194 3235
113211 3220
113227 3208
113243 3191
113259 3176
113276 3159
113292 3144
113308 3125
113325 3111
113341 3094
113357 3078
113373 3042
113390 3044
113406 3029
113422 3013
113439 2993
113455 2982
113471 2961
113487 2944
113504 2930
113520 2914
113536 2899
113553 2879
113569 2864
113585 2846
113601 2832
113618 2817
113634 2799
113650 2782
113667 2765
113683 2748
113699 2734
113715 2713
113732 2699
113748 2680
113764 2662
113781 2648
113797 2599
113813 2612
113829 2595
113846 2578
113862 2559
113878 2539
113895 2525
113911 2507
113927 2491
113943 2476
113960 2456
113976 2441
113993 2423
114010 2404
114026 2387
114042 2370
114059 2353
114075 2337
114091 2322
114107 2300
114124 2302
114140 2266
114156 2249
114173 2238
114189 2211
114205 2192
114221 2175
114238 2160
114254 2142
114270 2125
114287 2106
114303 2088
114319 2078
114335 2055
114352 2038
114368 2023
114384 2003
114401 1984
114417 1969
114433 1949
114449 1931
114466 1917
114482 1898
114498 1877
114515 1862
114531 1844
114547 1834
114563 1808
114580 1791
114596 1772
114612 1754
114629 1734
114645 1716
114661 1700
114677 1682
114694 1658
114710 1652
114726 1632
114743 1613
114759 1598
114775 1577
114791 1558
114808 1542
114824 1519
114840 1506
114857 1494
114873 1470
114889 1454
114905 1437
114922 1419
114938 1401
114954 1384
114971 1365
114988 1345
115004 1327
115021 1311
115037 1292
115053 1277
115069 1260
115086 1238
115102 1222
115118 1205
115135 1185
115151 1170
115167 1152
115183 1132
115200 1115
115216 1099
115232 1080
115249 1061
115265 1046
115281 1026
115297 1006
115314 992
115330 973
115346 956
115363 936
115379 920
115395 903
115411 882
115428 867
115444 849
115460 826
115477 814
115493 799
115509 777
115525 759
115542 744
115558 726
115574 712
115591 690
115607 675
115623 656
115639 639
115656 620
115672 602
115688 588
115705 569
115721 556
115737 531
115753 519
115770 496
115786 481
115802 464
115819 450
115835 431
115851 414
115867 397
115884 380
115900 363
115916 346
115933 328
115949 280
115965 297
115981 278
115999 261
116015 242
116031 226
116048 187
116064 193
116080 175
116097 158
116113 143
116129 130
116145 110
116162 92
116178 96
116194 112
116211 130
116227 150
116243 169
116259 186
116276 200
116292 225
116308 242
116325 260
116341 279
116357 299
116373 319
116390 336
116406 355
116422 346
116439 392
116455 413
116471 427
116487 449
116504 468
116520 487
116536 509
116553 527
116569 542
116585 567
116601 585
116618 598
116634 623
116650 641
116667 663
116683 679
116699 702
116715 721
116732 739
116748 765
116764 779
116781 797
116797 804
116813 838
116829 866
116846 874
116862 896
116878 917
116895 937
116911 955
116927 972
116943 995
116960 1014
116976 1035
116993 1057
117010 1074
117026 1097
117042 1117
117059 1134
117075 1152
117091 1173
117107 1190
117124 1204
117140 1235
117156 1254
117173 1276
117189 1293
117205 1315
117221 1331
117238 1348
117254 1371
117270 1394
117287 1411
117303 1433
117319 1445
117335 1478
117352 1492
117368 1515
117384 1527
117401 1555
117417 1573
117433 1593
117449 1612
117466 1632
117482 1652
117498 1672
117515 1689
117531 1714
117547 1737
117563 1750
117580 1772
117596 1792
117612 1812
117629 1834
117645 1845
117661 1870
117677 1891
117694 1907
117710 1930
117726 1950
117743 1971
117759 1989
117775 2010
117791 2030
117808 2049
117824 2068
117840 2086
117857 2113
117873 2130
117889 2150
117905 2166
117922 2185
117938 2208
117954 2228
117971 2246
117988 2264
118004 2284
118021 2305
118037 2325
118053 2344
118069 2365
118086 2385
118102 2406
118118 2426
118135 2443
118151 2462
118167 2483
118183 2501
118200 2522
118216 2539
118232 2559
118249 2566
118265 2598
118281 2618
118297 2651
118314 2655
118330 2675
118346 2693
118363 2712
118379 2730
118395 2751
118411 2769
118428 2789
118444 2807
118460 2831
118477 2844
118493 2865
118509 2884
118525 2904
118542 2922
118558 2942
118574 2960
118591 2981
118607 3001
118623 3023
118639 3037
118656 3054
118672 3074
118688 3091
118705 3111
118721 3132
118737 3147
118753 3166
118770 3187
118786 3203
118802 3222
118819 3240
118835 3246
118851 3230
118867 3215
118884 3198
118900 3183
118916 3169
118933 3148
118949 3119
118965 3118
118981 3099
118999 3067
119015 3065
119031 3046
119048 3050
119064 3017
119080 2998
119097 2983
119113 2966
119129 2948
119145 2932
119162 2920
119178 2900
119194 2882
119211 2868
119227 2851
119243 2833
119259 2815
119276 2800
119292 2783
119308 2761
119325 2750
119341 2733
119357 2716
119373 2699
119390 2681
119406 2666
119422 2665
119439 2629
119455 2613
119471 2600
119487 2579
119504 2561
119520 2544
119536 2530
119553 2509
119569 2493
119585 2476
119601 2459
119618 2442
119634 2426
119650 2408
119667 2391
119683 2372
119699 2355
119715 2339
119732 2319
119748 2297
119764 2287
119781 2268
119797 2238
119813 2232
119829 2215
119846 2200
119862 2180
119878 2164
119895 2146
119911 2128
119927 2109
119943 2090
119960 2072
119976 2057
119993 2038
120010 2022
120026 2007
120042 1987
120058 1970
120075 1950
120091 1934
120107 1917
120124 1924
120140 1882
120156 1863
120172 1848
120189 1826
120205 1810
120221 1793
120238 1773
120254 1747
120270 1738
120286 1719
120303 1702
120319 1685
120335 1663
120352 1651
120368 1632
120384 1615
120400 1596
120417 1578
120433 1561
120449 1543
120466 1528
120482 1507
120498 1490
120514 1472
120531 1454
120547 1437
120563 1422
120580 1400
120596 1383
120612 1365
120628 1346
120645 1329
120661 1309
120677 1293
120694 1287
120710 1257
120726 1241
120742 1224
120759 1208
120775 1191
120791 1174
120808 1151
120824 1136
120840 1113
120856 1098
120873 1082
120889 1065
120905 1047
120922 1028
120938 1010
120954 995
120970 975
120988 955
121004 937
121020 919
121037 900
121053 883
121069 865
121086 851
121102 833
121118 816
121134 798
121151 776
121167 763
121183 742
121200 729
121216 707
121232 693
121248 674
121265 658
121281 635
121297 619
121314 604
121330 588
121346 568
121362 554
121379 536
121395 516
121411 501
121428 480
121444 467
121460 450
121476 432
121493 416
121509 397
121525 383
121542 364
121558 366
121574 334
121590 313
121607 298
121623 284
121639 265
121656 248
121672 230
121688 216
121704 198
121721 177
121737 163
121753 147
121770 131
121786 112
121802 99
121818 87
121835 107
121851 124
121867 144
121884 163
121900 182
121916 201
121932 223
121949 238
121965 254
121981 282
121999 290
122015 311
122031 333
122048 347
122064 368
122080 387
122097 405
122113 408
122129 440
122145 458
122162 485
122178 495
122194 516
122211 536
122227 555
122243 567
122259 591
122276 613
122292 629
122308 647
122325 686
122341 687
122357 705
122373 725
122390 751
122406 764
122422 784
122439 804
122455 825
122471 840
122487 861
122504 886
122520 893
122536 916
122553 937
122569 958
122585 977
122601 995
122618 1019
122634 1036
122650 1056
122667 1074
122683 1092
122699 1117
122715 1131
122732 1153
122748 1170
122764 1191
122781 1211
122797 1230
122813 1251
122829 1269
122846 1289
122862 1310
122878 1315
122895 1350
122911 1365
122927 1382
122943 1402
122960 1424
122976 1445
122993 1468
123010 1494
123026 1503
123042 1529
123059 1543
123075 1573
123091 1582
123107 1606
123124 1619
123140 1645
123156 1661
123173 1682
123189 1700
123205 1719
123221 1731
123238 1761
123254 1778
123270 1794
123287 1814
123303 1833
123319 1851
123335 1873
123352 1900
123368 1914
123384 1933
123401 1949
123417 1970
123433 1988
123449 2011
123466 2024
123482 2052
123498 2064
123515 2087
123531 2102
123547 2125
123563 2143
123580 2160
123596 2182
123612 2200
123629 2220
123645 2241
123661 2256
123677 2274
123694 2296
123710 2314
123726 2333
123743 2351
123759 2375
123775 2400
123791 2415
123808 2434
123824 2453
123840 2466
123857 2491
123873 2508
123889 2526
123905 2548
123922 2565
123938 2584
123954 2609
123971 2623
123988 2645
124004 2662
124021 2679
124037 2699
124053 2720
124069 2738
124086 2737
124102 2776
124118 2794
124135 2815
124151 2834
124167 2854
124183 2872
124200 2891
124216 2908
124232 2926
124249 2942
124265 2964
124281 2984
124297 3003
124314 3019
124330 3038
124346 3059
124363 3076
124379 3095
124395 3113
124411 3129
124428 3117
124444 3166
124460 3184
124477 3206
124493 3222
124509 3238
124525 3250
124542 3232
124558 3219
124574 3200
124591 3183
124607 3168
124623 3148
124639 3130
124656 3117
124672 3102
124688 3085
124705 3068
124721 3049
124737 3034
124753 3017
124770 3001
124786 2984
124802 2964
124819 2949
124835 2934
124851 2921
124867 2900
124884 2882
124900 2868
124916 2848
124933 2833
124949 2814
124965 2799
124981 2762
124999 2767
125015 2747
125031 2729
125048 2713
125064 2697
125080 2679
125097 2661
125113 2643
125129 2627
125145 2610
125162 2587
125178 2574
125194 2559
125211 2541
125227 2520
125243 2509
125259 2488
125276 2471
125292 2450
125308 2439
125325 2403
125341 2398
125357 2387
125373 2367
125390 2349
125406 2331
125422 2315
125439 2298
125455 2275
125471 2262
125487 2244
125504 2227
125520 2209
125536 2192
125553 2176
125569 2157
125585 2139
125601 2119
125618 2101
125634 2089
125650 2069
125667 2054
125683 2036
125699 2016
125715 1997
125732 1985
125748 1964
125764 1948
125781 1926
125797 1912
125813 1892
125829 1875
125846 1858
125862 1840
125878 1832
125895 1806
125911 1789
125927 1767
125943 1750
125960 1731
125976 1714
125993 1697
126010 1677
126026 1660
126042 1643
126058 1625
126075 1609
126091 1592
126107 1575
126124 1557
126140 1537
126156 1520
126172 1502
126189 1485
126205 1466
126221 1452
126238 1430
126254 1411
126270 1393
126286 1381
126303 1358
126319 1341
126335 1325
126352 1310
126368 1289
126384 1277
126400 1256
126417 1236
126433 1221
126449 1198
126466 1192
126482 1168
126498 1140
126514 1123
126531 1114
126547 1099
126563 1075
126580 1062
126596 1041
126612 1022
126628 1005
126645 988
126661 971
126677 952
126694 935
126710 915
126726 897
126742 883
126759 862
126775 840
126791 830
126808 812
126824 791
126840 777
126856 761
126873 738
126889 732
126905 701
126922 690
126938 672
126954 658
126970 637
126988 624
127004 602
127020 581
127037 567
127053 548
127069 531
127086 523
127102 496
127118 481
127134 464
127151 449
127167 431
127183 412
127200 394
127216 387
127232 363
127248 346
127265 322
127281 312
127297 298
127314 278
127330 263
127346 245
127362 228
127379 212
127395 195
127411 179
127428 154
127444 144
127460 129
127476 112
127493 94
127509 93
127525 111
127542 128
127558 146
127574 165
127590 188
127607 208
127623 225
127639 242
127656 264
127672 278
127688 300
127704 321
127721 338
127737 355
127753 376
127770 390
127786 411
127802 432
127818 451
127835 472
127851 491
127867 509
127884 527
127900 550
127916 569
127932 581
127949 609
127965 630
127981 643
127999 669
128015 689
128031 705
128048 725
128064 746
128080 766
128097 787
128113 809
128129 828
128145 846
128162 869
128178 888
128194 909
128211 925
128227 945
128243 967
128259 985
128276 1010
128292 1023
128308 1047
128325 1066
128341 1088
128357 1114
128373 1130
128390 1148
128406 1169
128422 1189
128439 1208
128455 1232
128471 1251
128487 1268
128504 1289
128520 1312
128536 1330
128553 1352
128569 1369
128585 1388
128601 1406
128618 1429
128634 1452
128650 1468
128667 1491
128683 1512
128699 1531
128715 1551
128732 1572
128748 1588
128764 1611
128781 1634
128797 1660
128813 1674
128829 1691
128846 1711
128862 1731
128878 1759
128895 1774
128911 1790
128927 1813
128943 1835
128960 1847
128976 1871
128993 1893
129010 1896
129026 1931
129042 1951
129059 1972
129075 1993
129091 2014
129107 2028
129124 2053
129140 2075
129156 2094
129173 2109
129189 2130
129205 2154
129221 2190
129238 2190
129254 2213
129270 2230
129287 2250
129303 2270
129319 2289
129335 2308
129352 2319
129368 2349
129384 2367
129401 2384
129417 2408
129433 2429
129449 2446
129466 2465
129482 2485
129498 2505
129515 2525
129531 2544
129547 2560
129563 2585
129580 2605
129596 2620
129612 2641
129629 2660
129645 2679
129661 2700
129677 2718
129694 2744
129710 2752
129726 2774
129743 2792
129759 2810
129775 2829
129791 2851
129808 2869
129824 2886
129840 2907
129857 2924
129873 2942
129889 2962
129905 2974
129922 3002
129938 3017
129954 3032
129971 3051
129988 3074
130004 3093
130021 3113
130037 3128
130053 3148
130069 3169
130086 3174
130102 3202
130118 3220
130135 3240
130151 3250
130167 3231
130183 3214
130200 3198
130216 3177
130232 3164
130249 3149
130265 3133
130281 3117
130297 3100
130314 3084
130330 3066
130346 3048
130363 3033
130379 3018
130395 3002
130411 2981
130428 2913
130444 2951
130460 2932
130477 2917
130493 2900
130509 2883
130525 2865
130542 2850
130558 2831
130574 2818
130591 2799
130607 2786
130623 2765
130639 2747
130656 2730
130672 2712
130688 2697
130705 2682
130721 2663
130737 2648
130753 2632
130770 2612
130786 2595
130802 2579
130819 2560
130835 2541
130851 2524
130867 2508
130884 2487
130900 2475
130916 2454
130933 2441
130949 2418
130965 2408
130981 2388
130999 2363
131015 2352
131031 2335
131048 2317
131064 2300
131080 2280
131097 2266
131113 2248
131129 2229
131145 2210
131162 2191
131178 2176
131194 2156
131211 2140
131227 2126
131243 2104
131259 2088
131276 2069
131292 2053
131308 2033
131325 2023
131341 1998
131357 1982
131373 1964
131390 1947
131406 1930
131422 1910
131439 1893
131455 1873
131471 1856
131487 1839
131504 1819
131520 1803
131536 1787
131553 1769
131569 1757
131585 1732
131601 1712
131618 1698
131634 1679
131650 1662
131667 1641
131683 1628
131699 1608
131715 1589
131732 1568
131748 1554
131764 1538
131781 1519
131797 1506
131813 1486
131829 1466
131846 1447
131862 1429
131878 1414
131895 1389
131911 1377
131927 1362
131943 1341
131960 1323
131976 1305
131993 1285
132010 1269
132026 1252
132042 1233
132058 1215
132075 1199
132091 1178
132107 1162
132124 1133
132140 1126
132156 1110
132172 1093
132189 1071
132205 1057
132221 1035
132238 1021
132254 1003
132270 985
132286 968
132303 948
132319 928
132335 912
132352 895
132368 876
132384 858
132400 843
132417 831
132433 807
132449 789
132466 773
132482 756
132498 741
132514 719
132531 700
132547 682
132563 667
132580 649
132596 628
132612 617
132628 597
132645 580
132661 564
132677 546
132694 526
132710 508
132726 497
132742 476
132759 459
132775 444
132791 427
132808 409
132824 390
132840 376
132856 359
132873 345
132889 325
132905 310
132922 394
132938 275
132954 257
132970 240
132988 224
133004 206
133020 188
133037 175
133053 159
133069 141
133086 123
133102 109
133118 96
133134 92
133151 113
133167 129
133183 153
133200 168
133216 184
133232 209
133248 186
133265 245
133281 260
133297 264
133314 299
133330 321
133346 336
133362 358
133379 377
133395 392
133411 414
133428 434
133444 453
133460 473
133476 491
133493 510
133509 530
133525 549
133542 567
133558 587
133574 614
133590 629
133607 650
133623 678
133639 688
133656 710
133672 727
133688 753
133704 770
133721 791
133737 807
133753 831
133770 850
133786 868
133802 888
133818 907
133835 929
133851 946
133867 969
133884 986
133900 1004
133916 1027
133932 1045
133949 1068
133965 1086
133981 1111
133999 1131
134015 1148
134031 1169
134048 1187
134064 1211
