2 174
55 174
71 173
88 172
104 170
120 173
137 171
153 173
169 171
186 171
202 175
218 171
235 170
251 167
267 173
284 168
300 174
316 173
333 170
349 173
365 170
382 168
398 173
414 172
431 169
447 173
463 173
480 166
496 173
512 175
529 173
545 178
561 168
578 173
594 171
610 171
627 172
643 177
659 166
676 169
692 170
708 169
725 170
741 172
757 171
774 171
790 172
806 173
823 168
839 176
855 170
872 178
888 176
904 176
921 174
937 172
953 174
970 173
987 171
1004 174
1020 171
1036 173
1053 165
1069 167
1085 172
1102 172
1118 168
1134 166
1151 174
1167 173
1183 139
1200 173
1216 170
1232 170
1249 176
1265 170
1281 173
1298 172
1314 172
1330 175
1347 170
1363 173
1379 174
1396 168
1412 173
1428 170
1445 172
1461 169
1477 173
1494 172
1510 189
1526 176
1543 172
1559 177
1575 176
1592 174
1608 169
1624 173
1641 173
1657 169
1673 172
1690 173
1706 176
1722 177
1739 172
1755 172
1771 176
1788 173
1804 173
1820 172
1837 174
1853 171
1869 171
1886 175
1902 171
1918 174
1935 173
1951 169
1967 170
1985 169
2001 175
2017 176
2034 167
2050 173
2066 174
2083 170
2099 173
2115 174
2132 166
2148 171
2164 172
2181 167
2197 172
2213 173
2230 173
2246 172
2262 162
2279 174
2295 172
2311 171
2328 171
2344 173
2360 172
2377 171
2393 173
2409 172
2426 170
2442 172
2458 177
2475 170
2491 167
2507 175
2524 166
2540 173
2556 170
2573 173
2589 173
2605 177
2622 174
2638 171
2654 172
2671 173
2687 172
2703 171
2720 169
2736 172
2752 172
2769 171
2785 158
2801 176
2818 173
2834 172
2850 171
2867 171
2883 169
2899 171
2916 172
2932 173
2948 174
2965 175
2981 172
2998 171
3015 176
3031 172
3047 172
3064 172
3080 174
3096 172
3113 171
3129 174
3145 177
3162 173
3178 172
3194 173
3211 170
3227 172
3243 171
3260 175
3276 172
3292 174
3309 172
3325 175
3341 173
3358 175
3374 176
3390 174
3407 169
3423 176
3439 176
3456 172
3472 174
3488 166
3505 172
3521 175
3537 172
3554 170
3570 161
3586 171
3603 170
3619 173
3635 173
3652 173
3668 173
3684 172
3701 187
3717 172
3733 169
3750 171
3766 173
3782 173
3799 171
3815 169
3831 174
3848 171
3864 172
3880 170
3897 172
3913 178
3929 169
3946 171
3962 171
3978 172
3996 173
4012 168
4029 172
4045 172
4061 172
4078 171
4094 192
4110 157
4127 175
4143 174
4159 171
4176 171
4192 174
4208 171
4225 172
4241 173
4257 166
4274 172
4290 173
4306 169
4323 172
4339 170
4355 171
4372 171
4388 181
4404 176
4421 172
4437 171
4453 173
4470 174
4486 170
4502 171
4519 145
4535 170
4551 170
4568 171
4584 168
4600 170
4617 171
4633 170
4649 172
4666 169
4682 170
4698 171
4715 175
4731 172
4747 171
4764 171
4780 171
4796 172
4813 177
4829 172
4845 174
4862 171
4878 170
4894 173
4911 170
4927 172
4943 172
4960 173
4976 168
4993 169
5010 171
5026 170
5042 174
5059 171
5075 173
5091 172
5108 175
5124 170
5140 173
5157 172
5173 169
5189 171
5206 171
5222 172
5238 169
5255 184
5271 173
5287 172
5304 170
5320 172
5336 180
5353 169
5369 170
5385 171
5402 172
5418 175
5434 173
5451 172
5467 166
5483 173
5500 170
5516 175
5532 174
5549 171
5565 171
5581 173
5598 170
5614 174
5630 172
5647 173
5663 172
5679 171
5696 171
5712 171
5728 171
5745 171
5761 173
5777 176
5794 173
5810 173
5826 174
5843 172
5859 172
5875 175
5892 175
5908 172
5924 174
5941 173
5957 170
5973 174
5991 168
6007 170
6023 171
6040 170
6056 170
6072 168
6089 172
6105 171
6121 168
6138 173
6154 175
6170 171
6187 171
6203 175
6219 173
6236 175
6252 189
6268 175
6285 156
6301 173
6317 172
6334 177
6350 171
6366 172
6383 170
6399 169
6415 168
6432 172
6448 171
6464 173
6481 169
6497 173
6513 171
6530 171
6546 174
6562 171
6579 168
6595 190
6611 172
6628 172
6644 171
6660 172
6677 169
6693 174
6709 171
6726 163
6742 176
6758 171
6775 170
6791 171
6807 171
6824 170
6840 168
6856 169
6873 171
6889 172
6905 173
6922 171
6938 164
6954 171
6971 173
6988 171
7005 174
7021 173
7037 173
7054 172
7070 171
7086 171
7103 172
7119 206
7135 172
7152 172
7168 172
7184 172
7201 173
7217 171
7233 174
7250 170
7266 170
7282 172
7299 174
7315 170
7331 173
7348 171
7364 170
7380 172
7397 173
7413 202
7429 171
7446 170
7462 168
7478 172
7495 170
7511 170
7527 171
7544 182
7560 172
7576 172
7593 170
7609 169
7625 174
7642 171
7658 164
7674 182
7691 171
7707 171
7723 174
7740 168
7756 149
7772 174
7789 171
7805 172
7821 171
7838 170
7854 170
7870 172
7887 168
7903 170
7919 174
7936 168
7952 171
7968 173
7986 169
8002 172
8018 178
8035 168
8051 174
8067 169
8084 171
8100 168
8116 177
8133 175
8149 170
8165 171
8182 170
8198 173
8214 172
8231 171
8247 176
8263 173
8280 172
8296 174
8312 171
8329 171
8345 172
8361 171
8378 172
8394 177
8410 176
8427 168
8443 172
8459 170
8476 171
8492 179
8508 163
8525 169
8541 172
8557 169
8574 179
8590 173
8606 173
8623 159
8639 173
8655 174
8672 168
8688 175
8704 173
8721 173
8737 169
8753 168
8770 174
8786 172
8802 173
8819 173
8835 170
8851 177
8868 168
8884 170
8900 173
8917 172
8933 172
8949 173
8966 175
8982 174
8999 174
9016 168
9032 176
9048 169
9065 176
9081 176
9097 167
9114 175
9130 174
9146 189
9163 174
9179 174
9195 174
9212 173
9228 173
9244 171
9261 173
9277 171
9293 174
9310 169
9326 171
9342 174
9359 172
9375 175
9391 169
9408 172
9424 172
9440 183
9457 173
9473 170
9489 174
9506 172
9522 168
9538 172
9555 174
9571 166
9587 169
9604 169
9620 170
9636 169
9653 173
9669 171
9685 172
9702 171
9718 171
9734 172
9751 171
9767 171
9783 171
9800 169
9816 172
9832 174
9849 174
9865 173
9881 170
9898 173
9914 170
9930 169
9947 170
9963 177
9979 171
9996 174
10013 173
10029 169
10045 172
10062 175
10078 171
10094 164
10111 174
10127 172
10143 171
10160 173
10176 172
10192 171
10209 172
10225 170
10241 171
10258 143
10274 169
10290 171
10307 173
10323 171
10339 174
10356 172
10372 171
10388 156
10405 172
10421 170
10437 173
10454 172
10470 171
10486 172
10503 171
10519 169
10535 171
10552 171
10568 172
10584 173
10601 170
10617 172
10633 172
10650 171
10666 170
10682 173
10699 170
10715 173
10731 178
10748 175
10764 171
10780 173
10797 171
10813 174
10829 174
10846 173
10862 172
10878 175
10895 173
10911 178
10927 172
10944 171
10960 183
10976 173
10994 169
11010 170
11027 168
11043 158
11059 174
11076 174
11092 179
11108 171
11125 174
11141 176
11157 172
11174 173
11190 172
11206 174
11223 173
11239 173
11255 173
11272 172
11288 172
11304 173
11321 173
11337 192
11353 171
11370 174
11386 171
11402 173
11419 173
11435 176
11451 175
11468 176
11484 172
11500 173
11517 172
11533 173
11549 171
11566 172
11582 173
11598 172
11615 173
11631 173
11647 170
11664 172
11680 173
11696 173
11713 171
11729 170
11745 172
11762 171
11778 170
11794 172
11811 178
11827 172
11843 178
11860 185
11876 165
11892 176
11909 173
11925 170
11941 172
11958 171
11974 170
11991 174
12008 174
12024 172
12040 173
12057 172
12073 173
12089 172
12106 173
12122 174
12138 176
12155 171
12171 140
12187 175
12204 170
12220 173
12236 172
12253 172
12269 173
12285 170
12302 171
12318 170
12334 175
12351 170
12367 176
12383 170
12400 168
12416 172
12432 171
12449 170
12465 150
12481 173
12498 174
12514 172
12530 172
12547 168
12563 172
12579 173
12596 180
12612 170
12628 173
12645 170
12661 168
12677 174
12694 171
12710 173
12726 171
12743 175
12759 172
12775 171
12792 169
12808 145
12824 172
12841 169
12857 175
12873 171
12890 170
12906 174
12922 170
12939 221
12955 173
12971 172
12989 139
13005 173
13021 171
13038 172
13054 170
13070 171
13087 171
13103 168
13119 188
13136 172
13152 173
13168 170
13185 173
13201 173
13217 171
13234 171
13250 172
13266 171
13283 141
13299 172
13315 171
13332 172
13348 174
13364 174
13381 173
13397 173
13413 182
13430 176
13446 173
13462 167
13479 171
13495 172
13511 175
13528 174
13544 177
13560 173
13577 174
13593 169
13609 172
13626 170
13642 171
13658 169
13675 174
13691 173
13707 170
13724 170
13740 173
13756 172
13773 170
13789 173
13805 174
13822 170
13838 172
13854 172
13871 175
13887 169
13903 169
13920 172
13936 174
13952 169
13969 170
13986 178
14003 170
14019 172
14035 173
14052 172
14068 178
14084 173
14101 174
14117 171
14133 174
14150 172
14166 171
14182 171
14199 171
14215 171
14231 172
14248 172
14264 170
14280 170
14297 172
14313 173
14329 172
14346 172
14362 178
14378 173
14395 173
14411 175
14427 171
14444 174
14460 171
14476 171
14493 169
14509 174
14525 169
14542 170
14558 169
14574 172
14591 172
14607 170
14623 173
14640 173
14656 171
14672 173
14689 168
14705 172
14721 172
14738 175
14754 170
14770 171
14787 173
14803 171
14819 193
14836 173
14852 169
14868 172
14885 172
14901 170
14917 171
14934 171
14950 169
14966 171
14983 165
15000 172
15016 174
15033 174
15049 172
15065 170
15082 172
15098 172
15114 171
15131 172
15147 172
15163 172
15180 172
15196 172
15212 170
15229 172
15245 172
15261 169
15278 173
15294 171
15310 170
15327 174
15343 170
15359 178
15376 173
15392 173
15408 171
15425 174
15441 171
15457 172
15474 171
15490 172
15506 177
15523 173
15539 173
15555 166
15572 174
15588 172
15604 169
15621 170
15637 172
15653 170
15670 173
15686 173
15702 171
15719 170
15735 174
15751 173
15768 174
15784 169
15800 172
15817 171
15833 162
15849 171
15866 172
15882 172
15898 172
15915 170
15931 170
15947 167
15964 168
15980 181
15996 170
16013 171
16029 171
16045 172
16062 174
16078 172
16094 173
16111 172
16127 174
16143 174
16160 184
16176 170
16192 175
16209 176
16225 173
16241 171
16258 142
16274 173
16290 173
16307 174
16323 171
16339 171
16356 169
16372 172
16388 169
16405 171
16421 174
16437 171
16454 172
16470 173
16486 172
16503 170
16519 170
16535 173
16552 168
16568 174
16584 191
16601 170
16617 172
16633 185
16650 172
16666 177
16682 169
16699 170
16715 172
16731 166
16748 170
16764 174
16780 168
16797 172
16813 174
16829 171
16846 170
16862 175
16878 172
16895 171
16911 173
16927 170
16944 171
16960 170
16976 172
16994 174
17010 169
17027 170
17043 175
17059 170
17076 171
17092 170
17108 179
17125 170
17141 174
17157 170
17174 171
17190 179
17206 171
17223 173
17239 173
17255 171
17272 171
17288 174
17304 173
17321 169
17337 173
17353 171
17370 172
17386 172
17402 169
17419 171
17435 167
17451 168
17468 171
17484 163
17500 171
17517 167
17533 194
17549 172
17566 172
17582 175
17598 170
17615 171
17631 171
17647 172
17664 173
17680 171
17696 171
17713 172
17729 170
17745 170
17762 166
17778 173
17794 171
17811 170
17827 172
17843 172
17860 165
17876 168
17892 172
17909 186
17925 168
17941 174
17958 173
17974 177
17991 169
18008 238
18024 170
18040 173
18057 166
18073 169
18089 171
18106 169
18122 171
18138 169
18155 171
18171 171
18187 173
18204 170
18220 171
18236 170
18253 172
18269 172
18285 166
18302 171
18318 176
18334 170
18351 172
18367 174
18383 175
18400 170
18416 174
18432 171
18449 170
18465 172
18481 167
18498 171
18514 170
18530 169
18547 171
18563 176
18579 168
18596 173
18612 172
18628 170
18645 174
18661 172
18677 172
18694 174
18710 174
18726 173
18743 174
18759 167
18775 173
18792 176
18808 168
18824 171
18841 171
18857 170
18873 170
18890 174
18906 173
18922 174
18939 171
18955 170
18971 174
18989 174
19005 174
19021 172
19038 173
19054 176
19070 176
19087 175
19103 174
19119 173
19136 173
19152 172
19168 170
19185 177
19201 174
19217 171
19234 175
19250 174
19266 172
19283 113
19299 173
19315 174
19332 168
19348 172
19364 174
19381 174
19397 175
19413 171
19430 174
19446 175
19462 170
19479 172
19495 174
19511 170
19528 171
19544 172
19560 172
19577 171
19593 172
19609 161
19626 175
19642 175
19658 166
19675 172
19691 173
19707 170
19724 173
19740 171
19756 178
19773 172
19789 173
19805 176
19822 170
19838 172
19854 173
19871 172
19887 171
19903 170
19920 173
19936 171
19952 173
19969 173
19986 171
20003 170
20019 173
20035 177
20052 173
20068 173
20084 148
20101 172
20117 171
20133 147
20150 173
20166 172
20182 172
20199 172
20215 169
20231 171
20248 169
20264 171
20280 174
20297 173
20313 170
20329 171
20346 174
20362 169
20378 171
20395 174
20411 172
20427 173
20444 170
20460 173
20476 169
20493 175
20509 167
20525 170
20542 174
20558 185
20574 173
20591 172
20607 172
20623 172
20640 175
20656 170
20672 171
20689 173
20705 170
20721 172
20738 175
20754 172
20770 167
20787 174
20803 174
20819 173
20836 174
20852 172
20868 172
20885 187
20901 172
20917 172
20934 168
20950 173
20966 170
20983 177
21000 173
21016 172
21033 146
21049 172
21065 175
21082 170
21098 173
21114 172
21131 166
21147 173
21163 173
21180 171
21196 175
21212 170
21229 169
21245 172
21261 173
21278 171
21294 169
21310 171
21327 168
21343 168
21359 148
21376 173
21392 174
21408 148
21425 173
21441 171
21457 174
21474 169
21490 173
21506 175
21523 171
21539 172
21555 177
21572 170
21588 172
21604 173
21621 169
21637 171
21653 179
21670 167
21686 173
21702 172
21719 171
21735 175
21751 172
21768 172
21784 169
21800 173
21817 173
21833 172
21849 174
21866 171
21882 170
21898 168
21915 173
21931 173
21947 172
21964 171
21980 173
21996 168
22013 171
22029 171
22045 171
22062 169
22078 174
22094 172
22111 173
22127 169
22143 169
22160 171
22176 172
22192 172
22209 172
22225 170
22241 169
22258 169
22274 172
22290 170
22307 176
22323 173
22339 171
22356 168
22372 169
22388 172
22405 165
22421 171
22437 174
22454 172
22470 173
22486 171
22503 174
22519 175
22535 171
22552 177
22568 172
22584 165
22601 174
22617 174
22633 148
22650 173
22666 171
22682 192
22699 172
22715 174
22731 174
22748 172
22764 173
22780 172
22797 173
22813 174
22829 175
22846 177
22862 174
22878 173
22895 171
22911 172
22927 179
22944 173
22960 175
22976 172
22994 173
23010 174
23027 171
23043 173
23059 169
23076 171
23092 171
23108 172
23125 169
23141 173
23157 171
23174 166
23190 173
23206 172
23223 172
23239 174
23255 163
23272 172
23288 176
23304 171
23321 171
23337 172
23353 173
23370 173
23386 174
23402 172
23419 172
23435 173
23451 172
23468 171
23484 173
23500 174
23517 171
23533 171
23549 170
23566 172
23582 170
23598 174
23615 172
23631 171
23647 174
23664 171
23680 172
23696 170
23713 171
23729 173
23745 170
23762 169
23778 166
23794 169
23811 172
23827 169
23843 172
23860 182
23876 171
23892 173
23909 175
23925 173
23941 170
23958 136
23974 171
23991 170
24008 160
24024 170
24040 171
24057 173
24073 171
24089 172
24106 170
24122 169
24138 169
24155 170
24171 169
24187 170
24204 170
24220 173
24236 171
24253 171
24269 173
24285 168
24302 171
24318 168
24334 176
24351 172
24367 169
24383 166
24400 169
24416 174
24432 171
24449 165
24465 171
24481 173
24498 170
24514 171
24530 171
24547 169
24563 170
24579 173
24596 173
24612 173
24628 172
24645 169
24661 175
24677 172
24694 171
24710 172
24726 175
24743 172
24759 173
24775 171
24792 171
24808 176
24824 171
24841 174
24857 171
24873 171
24890 171
24906 176
24922 175
24939 177
24955 174
24971 172
24989 172
25005 170
25021 171
25038 174
25054 172
25070 171
25087 175
25103 173
25119 171
25136 176
25152 172
25168 172
25185 170
25201 168
25217 170
25234 173
25250 171
25266 173
25283 179
25299 170
25315 173
25332 174
25348 173
25364 168
25381 173
25397 172
25413 171
25430 173
25446 169
25462 174
25479 172
25495 172
25511 173
25528 171
25544 173
25560 170
25577 168
25593 172
25609 160
25626 172
25642 172
25658 181
25675 168
25691 173
25707 167
25724 169
25740 176
25756 170
25773 169
25789 173
25805 171
25822 172
25838 173
25854 170
25871 174
25887 171
25903 169
25920 169
25936 169
25952 172
25969 170
25986 169
26003 173
26019 173
26035 173
26052 172
26068 181
26084 189
26101 171
26117 174
26133 178
26150 170
26166 172
26182 171
26199 171
26215 173
26231 172
26248 169
26264 169
26280 169
26297 170
26313 171
26329 172
26346 172
26362 171
26378 171
26395 172
26411 173
26427 172
26444 171
26460 173
26476 173
26493 172
26509 171
26525 176
26542 164
26558 171
26574 173
26591 171
26607 170
26623 171
26640 170
26656 168
26672 170
26689 171
26705 170
26721 172
26738 173
26754 171
26770 171
26787 173
26803 171
26819 169
26836 172
26852 171
26868 184
26885 164
26901 171
26917 170
26934 171
26950 170
26966 172
26983 172
27000 171
27016 192
27033 169
27049 172
27065 166
27082 172
27098 173
27114 168
27131 174
27147 173
27163 172
27180 172
27196 172
27212 176
27229 172
27245 171
27261 171
27278 172
27294 173
27310 175
27327 172
27343 172
27359 168
27376 173
27392 171
27408 171
27425 172
27441 170
27457 173
27474 171
27490 172
27506 173
27523 171
27539 170
27555 171
27572 171
27588 172
27604 170
27621 176
27637 171
27653 168
27670 164
27686 172
27702 174
27719 169
27735 171
27751 170
27768 170
27784 168
27800 171
27817 169
27833 165
27849 169
27866 170
27882 172
27898 173
27915 170
27931 170
27947 172
27964 175
27980 171
27996 173
28013 171
28029 171
28045 169
28062 172
28078 169
28094 131
28111 173
28127 174
28143 171
28160 174
28176 174
28192 168
28209 172
28225 173
28241 172
28258 170
28274 172
28290 173
28307 178
28323 175
28339 172
28356 172
28372 174
28388 122
28405 170
28421 172
28437 170
28454 171
28470 170
28486 166
28503 172
28519 172
28535 169
28552 171
28568 173
28584 171
28601 170
28617 173
28633 170
28650 172
28666 174
28682 170
28699 175
28715 173
28731 178
28748 169
28764 171
28780 208
28797 170
28813 171
28829 170
28846 172
28862 170
28878 173
28895 170
28911 173
28927 170
28944 175
28960 167
28976 172
28994 172
29010 174
29027 172
29043 172
29059 172
29076 169
29092 169
29108 171
29125 169
29141 170
29157 170
29174 170
29190 165
29206 172
29223 172
29239 172
29255 171
29272 171
29288 172
29304 172
29321 171
29337 170
29353 173
29370 171
29386 172
29402 172
29419 172
29435 172
29451 169
29468 168
29484 173
29500 170
29517 157
29533 173
29549 172
29566 171
29582 172
29598 165
29615 167
29631 171
29647 166
29664 172
29680 170
29696 172
29713 172
29729 173
29745 174
29762 173
29778 177
29794 176
29811 172
29827 170
29843 172
29860 193
29876 172
29892 171
29909 173
29925 171
29941 172
29958 173
29974 174
29991 170
30008 175
30024 172
30040 180
30057 172
30073 171
30089 171
30106 174
30122 173
30138 173
30155 172
30171 149
30187 172
30204 171
30220 171
30236 171
30253 178
30269 173
30285 172
30302 172
30318 175
30334 175
30351 173
30367 173
30383 172
30400 172
30416 174
30432 174
30449 172
30465 178
30481 172
30498 173
30514 170
30530 169
30547 173
30563 170
30579 169
30596 166
30612 172
30628 174
30645 175
30661 175
30677 173
30694 172
30710 172
30726 188
30743 174
30759 172
30775 172
30792 174
30808 187
30824 172
30841 170
30857 172
30873 169
30890 172
30906 172
30922 171
30939 168
30955 170
30971 173
30989 173
31005 174
31021 173
31038 172
31054 175
31070 171
31087 171
31103 174
31119 163
31136 172
31152 172
31168 174
31185 170
31201 172
31217 170
31234 170
31250 173
31266 171
31283 169
31299 167
31315 171
31332 171
31348 171
31364 170
31381 174
31397 173
31413 166
31430 171
31446 172
31462 170
31479 170
31495 170
31511 171
31528 171
31544 177
31560 172
31577 171
31593 169
31609 168
31626 171
31642 169
31658 172
31675 170
31691 172
31707 168
31724 176
31740 166
31756 189
31773 173
31789 173
31805 169
31822 173
31838 173
31854 175
31871 173
31887 172
31903 174
31920 174
31936 166
31952 170
31969 171
31986 170
32003 173
32019 175
32035 169
32052 173
32068 171
32084 171
32101 170
32117 180
32133 171
32150 170
32166 174
32182 172
32199 177
32215 171
32231 172
32248 173
32264 171
32280 172
32297 172
32313 170
32329 171
32346 171
32362 167
32378 173
32395 173
32411 185
32427 168
32444 179
32460 173
32476 175
32493 173
32509 171
32525 172
32542 172
32558 172
32574 173
32591 173
32607 173
32623 173
32640 170
32656 171
32672 176
32689 172
32705 172
32721 173
32738 175
32754 175
32770 174
32787 170
32803 175
32819 171
32836 177
32852 176
32868 173
32885 170
32901 172
32917 171
32934 169
32950 174
32966 173
32983 168
33000 169
33016 196
33033 171
33049 171
33065 173
33082 172
33098 171
33114 171
33131 168
33147 172
33163 174
33180 174
33196 172
33212 173
33229 170
33245 173
33261 171
33278 171
33294 172
33310 203
33327 168
33343 168
33359 173
33376 174
33392 172
33408 170
33425 172
33441 179
33457 175
33474 174
33490 171
33506 173
33523 173
33539 174
33555 173
33572 172
33588 175
33604 173
33621 165
33637 175
33653 173
33670 172
33686 174
33702 171
33719 164
33735 171
33751 173
33768 170
33784 174
33800 174
33817 168
33833 180
33849 172
33866 172
33882 181
33898 172
33915 169
33931 172
33947 171
33964 170
33980 174
33996 171
34013 173
34029 169
34045 171
34062 168
34078 172
34094 170
34111 168
34127 171
34143 171
34160 172
34176 172
34192 171
34209 171
34225 173
34241 171
34258 175
34274 169
34290 168
34307 175
34323 170
34339 170
34356 171
34372 172
34388 167
34405 171
34421 171
34437 175
34454 169
34470 169
34486 174
34503 174
34519 171
34535 172
34552 171
34568 170
34584 173
34601 170
34617 171
34633 171
34650 170
34666 176
34682 172
34699 168
34715 172
34731 169
34748 173
34764 170
34780 162
34797 172
34813 171
34829 170
34846 171
34862 172
34878 172
34895 174
34911 151
34927 172
34944 172
34960 168
34976 171
34994 171
35010 172
35027 171
35043 168
35059 170
35076 171
35092 172
35108 171
35125 170
35141 168
35157 168
35174 168
35190 171
35206 171
35223 172
35239 169
35255 175
35272 172
35288 172
35304 172
35321 172
35337 170
35353 176
35370 172
35386 172
35402 173
35419 171
35435 173
35451 173
35468 171
35484 175
35500 170
35517 176
35533 171
35549 172
35566 169
35582 172
35598 172
35615 178
35631 172
35647 171
35664 170
35680 172
35696 172
35713 169
35729 174
35745 170
35762 172
35778 172
35794 167
35811 173
35827 172
35843 177
35860 172
35876 171
35892 240
35909 171
35925 172
35941 167
35958 172
35974 171
35991 171
36008 173
36024 178
36040 173
36057 173
36073 171
36089 173
36106 170
36122 173
36138 171
36155 172
36171 172
36187 170
36204 171
36220 169
36236 168
36253 171
36269 169
36285 172
36302 171
36318 169
36334 171
36351 172
36367 170
36383 169
36400 169
36416 176
36432 231
36449 173
36465 170
36481 180
36498 173
36514 170
36530 178
36547 173
36563 171
36579 169
36596 170
36612 170
36628 168
36645 173
36661 170
36677 172
36694 173
36710 170
36726 174
36743 173
36759 177
36775 172
36792 174
36808 171
36824 172
36841 174
36857 172
36873 172
36890 173
36906 167
36922 172
36939 169
36955 165
36971 173
36989 172
37005 172
37021 170
37038 172
37054 173
37070 173
37087 172
37103 179
37119 172
37136 173
37152 171
37168 169
37185 175
37201 168
37217 172
37234 171
37250 170
37266 171
37283 178
37299 169
37315 170
37332 165
37348 173
37364 171
37381 176
37397 169
37413 171
37430 171
37446 171
37462 175
37479 176
37495 166
37511 174
37528 170
37544 172
37560 172
37577 174
37593 171
37609 178
37626 179
37642 172
37658 179
37675 171
37691 169
37707 155
37724 175
37740 172
37756 174
37773 172
37789 175
37805 173
37822 173
37838 170
37854 172
37871 171
37887 169
37903 170
37920 170
37936 173
37952 170
37969 171
37986 171
38003 169
38019 168
38035 171
38052 172
38068 173
38084 174
38101 172
38117 171
38133 187
38150 173
38166 172
38182 141
38199 173
38215 172
38231 173
38248 172
38264 170
38280 171
38297 170
38313 171
38329 169
38346 170
38362 170
38378 170
38395 170
38411 172
38427 171
38444 171
38460 169
38476 171
38493 172
38509 174
38525 171
38542 169
38558 151
38574 169
38591 172
38607 161
38623 169
38640 174
38656 173
38672 172
38689 168
38705 171
38721 169
38738 172
38754 172
38770 169
38787 173
38803 170
38819 171
38836 174
38852 171
38868 172
38885 171
38901 174
38917 172
38934 177
38950 174
38966 171
38983 172
39000 175
39016 171
39033 169
39049 172
39065 171
39082 171
39098 176
39114 174
39131 176
39147 172
39163 171
39180 171
39196 172
39212 173
39229 179
39245 174
39261 173
39278 171
39294 175
39310 171
39327 173
39343 173
39359 170
39376 169
39392 173
39408 186
39425 171
39441 172
39457 211
39474 170
39490 178
39506 172
39523 173
39539 174
39555 173
39572 173
39588 175
39604 173
39621 166
39637 172
39653 170
39670 174
39686 173
39702 172
39719 173
39735 172
39751 174
39768 170
39784 154
39800 174
39817 171
39833 182
39849 175
39866 174
39882 175
39898 174
39915 172
39931 175
39947 175
39964 173
39980 170
39996 171
40013 172
40029 169
40045 172
40062 170
40078 172
40094 171
40111 171
40127 171
40143 169
40160 172
40176 171
40192 170
40209 174
40225 173
40241 171
40258 175
40274 173
40290 174
40307 173
40323 172
40339 172
40356 175
40372 171
40388 172
40405 175
40421 170
40437 173
40454 173
40470 171
40486 170
40503 169
40519 172
40535 172
40552 175
40568 170
40584 175
40601 171
40617 173
40633 171
40650 171
40666 171
40682 160
40699 172
40715 169
40731 172
40748 173
40764 173
40780 168
40797 171
40813 174
40829 171
40846 170
40862 170
40878 171
40895 171
40911 176
40927 170
40944 172
40960 172
40976 170
40994 172
41010 173
41027 177
41043 170
41059 185
41076 174
41092 172
41108 168
41125 172
41141 173
41157 159
41174 170
41190 172
41206 171
41223 171
41239 172
41255 172
41272 170
41288 175
41304 174
41321 169
41337 174
41353 170
41370 173
41386 174
41402 173
41419 178
41435 172
41451 172
41468 171
41484 171
41500 169
41517 172
41533 170
41549 168
41566 170
41582 173
41598 174
41615 173
41631 169
41647 173
41664 172
41680 169
41696 171
41713 165
41729 175
41745 171
41762 170
41778 172
41794 171
41811 175
41827 171
41843 172
41860 174
41876 175
41892 171
41909 170
41925 171
41941 169
41958 171
41974 175
41991 172
42008 189
42024 172
42040 172
42057 168
42073 169
42089 172
42106 168
42122 172
42138 171
42155 168
42171 173
42187 172
42204 172
42220 172
42236 170
42253 170
42269 171
42285 169
42302 172
42318 175
42334 172
42351 172
42367 173
42383 167
42400 171
42416 172
42432 188
42449 172
42465 173
42481 173
42498 172
42514 171
42530 173
42547 173
42563 176
42579 174
42596 172
42612 179
42628 173
42645 171
42661 172
42677 172
42694 175
42710 174
42726 172
42743 174
42759 187
42775 171
42792 172
42808 171
42824 171
42841 175
42857 168
42873 172
42890 174
42906 167
42922 172
42939 173
42955 171
42971 170
42989 172
43005 169
43021 172
43038 173
43054 172
43070 171
43087 173
43103 170
43119 173
43136 171
43152 172
43168 172
43185 178
43201 174
43217 172
43234 171
43250 173
43266 172
43283 190
43299 168
43315 172
43332 170
43348 171
43364 170
43381 170
43397 168
43413 171
43430 173
43446 173
43462 173
43479 171
43495 174
43511 173
43528 173
43544 172
43560 166
43577 170
43593 173
43609 168
43626 171
43642 174
43658 144
43675 171
43691 170
43707 170
43724 171
43740 173
43756 171
43773 170
43789 171
43805 168
43822 171
43838 170
43854 165
43871 172
43887 173
43903 168
43920 172
43936 168
43952 174
43969 170
43986 170
44003 171
44019 171
44035 170
44052 171
44068 169
44084 171
44101 172
44117 171
44133 164
44150 171
44166 174
44182 99
44199 171
44215 171
44231 170
44248 173
44264 171
44280 166
44297 172
44313 170
44329 169
44346 173
44362 171
44378 170
44395 171
44411 170
44427 172
44444 173
44460 172
44476 169
44493 176
44509 169
44525 168
44542 174
44558 165
44574 169
44591 172
44607 172
44623 170
44640 174
44656 177
44672 169
44689 173
44705 176
44721 171
44738 173
44754 169
44770 170
44787 171
44803 176
44819 172
44836 174
44852 173
44868 170
44885 172
44901 172
44917 171
44934 175
44950 173
44966 171
44983 168
45000 174
45016 173
45033 185
45049 169
45065 171
45082 171
45098 174
45114 172
45131 170
45147 175
45163 172
45180 176
45196 172
45212 172
45229 171
45245 170
45261 173
45278 171
45294 171
45310 171
45327 168
45343 175
45359 175
45376 171
45392 172
45408 164
45425 174
45441 169
45457 174
45474 170
45490 163
45506 174
45523 171
45539 171
45555 172
45572 170
45588 167
45604 168
45621 169
45637 172
45653 171
45670 171
45686 171
45702 172
45719 169
45735 171
45751 169
45768 173
45784 166
45800 172
45817 169
45833 187
45849 170
45866 173
45882 155
45898 173
45915 171
45931 169
45947 171
45964 181
45980 171
45996 173
46013 172
46029 170
46045 171
46062 172
46078 171
46094 179
46111 172
46127 172
46143 170
46160 171
46176 172
46192 171
46209 169
46225 171
46241 173
46258 167
46274 172
46290 173
46307 172
46323 171
46339 171
46356 173
46372 173
46388 171
46405 175
46421 173
46437 169
46454 171
46470 171
46486 170
46503 173
46519 169
46535 166
46552 167
46568 170
46584 172
46601 174
46617 175
46633 172
46650 172
46666 171
46682 171
46699 172
46715 171
46731 167
46748 171
46764 169
46780 173
46797 171
46813 172
46829 169
46846 174
46862 166
46878 169
46895 173
46911 171
46927 170
46944 172
46960 171
46976 171
46994 166
47010 170
47027 174
47043 171
47059 169
47076 172
47092 170
47108 189
47125 171
47141 172
47157 173
47174 171
47190 172
47206 169
47223 163
47239 171
47255 165
47272 172
47288 171
47304 171
47321 171
47337 170
47353 171
47370 172
47386 174
47402 169
47419 176
47435 170
47451 170
47468 173
47484 171
47500 170
47517 158
47533 172
47549 171
47566 166
47582 171
47598 168
47615 171
47631 171
47647 192
47664 169
47680 172
47696 174
47713 172
47729 170
47745 172
47762 170
47778 172
47794 172
47811 172
47827 171
47843 171
47860 172
47876 171
47892 172
47909 172
47925 167
47941 169
47958 172
47974 171
47991 174
48008 170
48024 171
48040 166
48057 173
48073 172
48089 174
48106 172
48122 170
48138 171
48155 170
48171 161
48187 171
48204 175
48220 171
48236 170
48253 172
48269 172
48285 173
48302 170
48318 172
48334 165
48351 177
48367 173
48383 168
48400 177
48416 169
48432 174
48449 172
48465 162
48481 172
48498 173
48514 173
48530 172
48547 174
48563 170
48579 166
48596 189
48612 170
48628 167
48645 172
48661 169
48677 169
48694 170
48710 171
48726 170
48743 171
48759 171
48775 167
48792 171
48808 192
48824 168
48841 170
48857 170
48873 171
48890 172
48906 171
48922 172
48939 170
48955 172
48971 171
48989 147
49005 173
49021 173
49038 169
49054 174
49070 173
49087 178
49103 173
49119 167
49136 171
49152 172
49168 170
49185 171
49201 173
49217 171
49234 172
49250 172
49266 173
49283 157
49299 173
49315 173
49332 166
49348 170
49364 169
49381 172
49397 171
49413 166
49430 174
49446 170
49462 173
49479 172
49495 172
49511 170
49528 168
49544 156
49560 170
49577 173
49593 170
49609 170
49626 173
49642 171
49658 171
49675 175
49691 171
49707 170
49724 173
49740 171
49756 167
49773 172
49789 173
49805 177
49822 169
49838 172
49854 169
49871 173
49887 175
49903 173
49920 174
49936 175
49952 172
49969 173
49986 173
50003 171
50019 172
50035 171
50052 171
50068 148
50084 170
50101 171
50117 168
50133 170
50150 172
50166 170
50182 172
50199 174
50215 169
50231 176
50248 173
50264 173
50280 173
50297 173
50313 171
50329 171
50346 174
50362 185
50378 172
50395 172
50411 168
50427 169
50444 172
50460 172
50476 174
50493 173
50509 172
50525 177
50542 171
50558 173
50574 170
50591 172
50607 177
50623 172
50640 173
50656 173
50672 174
50689 171
50705 172
50721 175
50738 173
50754 173
50770 171
50787 172
50803 173
50819 170
50836 171
50852 175
50868 170
50885 181
50901 172
50917 170
50934 180
50950 172
50966 173
50983 172
51000 173
51016 173
51033 173
51049 170
51065 174
51082 171
51098 172
51114 168
51131 169
51147 173
51163 168
51180 172
51196 175
51212 172
51229 170
51245 175
51261 172
51278 172
51294 172
51310 173
51327 171
51343 172
51359 175
51376 171
51392 172
51408 170
51425 173
51441 171
51457 170
51474 169
51490 99
51506 181
51523 170
51539 174
51555 172
51572 173
51588 171
51604 171
51621 179
51637 181
51653 170
51670 177
51686 174
51702 171
51719 171
51735 174
51751 179
51768 171
51784 175
51800 171
51817 169
51833 175
51849 172
51866 171
51882 169
51898 171
51915 174
51931 173
51947 167
51964 192
51980 175
51996 171
52013 170
52029 174
52045 170
52062 172
52078 173
52094 169
52111 173
52127 170
52143 170
52160 170
52176 176
52192 171
52209 170
52225 172
52241 169
52258 187
52274 170
52290 170
52307 173
52323 162
52339 170
52356 172
52372 172
52388 173
52405 173
52421 170
52437 173
52454 172
52470 174
52486 171
52503 174
52519 172
52535 170
52552 171
52568 169
52584 170
52601 172
52617 169
52633 172
52650 172
52666 172
52682 171
52699 185
52715 173
52731 175
52748 176
52764 170
52780 168
52797 174
52813 170
52829 169
52846 171
52862 172
52878 173
52895 175
52911 173
52927 171
52944 174
52960 170
52976 173
52994 172
53010 171
53027 177
53043 173
53059 175
53076 172
53092 93
53108 172
53125 170
53141 171
53157 174
53174 172
53190 174
53206 173
53223 172
53239 173
53255 167
53272 173
53288 170
53304 170
53321 171
53337 173
53353 173
53370 172
53386 161
53402 173
53419 172
53435 176
53451 172
53468 171
53484 175
53500 171
53517 165
53533 175
53549 167
53566 171
53582 171
53598 173
53615 167
53631 172
53647 172
53664 168
53680 175
53696 174
53713 172
53729 171
53745 171
53762 170
53778 171
53794 173
53811 170
53827 172
53843 168
53860 174
53876 169
53892 170
53909 170
53925 171
53941 172
53958 171
53974 170
53991 169
54008 172
54024 170
54040 174
54057 174
54073 171
54089 165
54106 175
54122 168
54138 170
54155 170
54171 161
54187 169
54204 171
54220 171
54236 169
54253 171
54269 171
54285 170
54302 170
54318 169
54334 173
54351 170
54367 171
54383 169
54400 170
54416 173
54432 172
54449 171
54465 163
54481 174
54498 171
54514 175
54530 171
54547 170
54563 169
54579 171
54596 163
54612 171
54628 169
54645 170
54661 172
54677 169
54694 170
54710 171
54726 172
54743 171
54759 171
54775 169
54792 172
54808 188
54824 173
54841 165
54857 172
54873 175
54890 172
54906 171
54922 171
54939 163
54955 171
54971 173
54989 168
55005 168
55021 170
55038 168
55054 171
55070 169
55087 169
55103 170
55119 171
55136 170
55152 173
55168 165
55185 171
55201 169
55217 171
55234 170
55250 172
55266 170
55283 166
55299 169
55315 170
55332 173
55348 172
55364 165
55381 177
55397 170
55413 169
55430 172
55446 170
55462 176
55479 172
55495 173
55511 173
55528 172
55544 172
55560 171
55577 166
55593 169
55609 170
55626 167
55642 172
55658 171
55675 173
55691 173
55707 173
55724 211
55740 169
55756 172
55773 170
55789 172
55805 170
55822 174
55838 174
55854 173
55871 172
55887 172
55903 172
55920 171
55936 170
55952 173
55969 168
55986 172
56003 175
56019 173
56035 171
56052 173
56068 185
56084 171
56101 169
56117 172
56133 171
56150 169
56166 172
56182 172
56199 173
56215 171
56231 172
56248 171
56264 171
56280 174
56297 176
56313 172
56329 172
56346 175
56362 196
56378 171
56395 172
56411 170
56427 166
56444 169
56460 172
56476 172
56493 168
56509 172
56525 172
56542 170
56558 175
56574 171
56591 172
56607 166
56623 170
56640 169
56656 169
56672 178
56689 171
56705 169
56721 175
56738 171
56754 162
56770 172
56787 170
56803 171
56819 167
56836 171
56852 169
56868 169
56885 172
56901 170
56917 171
56934 170
56950 174
56966 171
56983 172
57000 171
57016 172
57033 174
57049 173
57065 170
57082 179
57098 173
57114 170
57131 165
57147 171
57163 168
57180 167
57196 171
57212 170
57229 173
57245 174
57261 170
57278 171
57294 173
57310 173
57327 172
57343 170
57359 169
57376 170
57392 175
57408 170
57425 172
57441 171
57457 176
57474 173
57490 165
57506 170
57523 174
57539 169
57555 174
57572 170
57588 173
57604 179
57621 173
57637 171
57653 172
57670 171
57686 175
57702 171
57719 177
57735 171
57751 172
57768 167
57784 170
57800 172
57817 176
57833 174
57849 173
57866 170
57882 172
57898 170
57915 168
57931 171
57947 171
57964 173
57980 172
57996 171
58013 174
58029 171
58045 171
58062 172
58078 171
58094 171
58111 171
58127 172
58143 171
58160 174
58176 168
58192 172
58209 175
58225 168
58241 170
58258 169
58274 168
58290 170
58307 158
58323 175
58339 172
58356 177
58372 172
58388 171
58405 177
58421 174
58437 172
58454 172
58470 172
58486 168
58503 173
58519 173
58535 173
58552 172
58568 176
58584 169
58601 170
58617 169
58633 177
58650 172
58666 172
58682 177
58699 173
58715 174
58731 171
58748 172
58764 175
58780 171
58797 173
58813 170
58829 170
58846 174
58862 174
58878 170
58895 172
58911 173
58927 172
58944 171
58960 172
58976 170
58994 172
59010 173
59027 170
59043 174
59059 174
59076 173
59092 174
59108 176
59125 172
59141 173
59157 169
59174 171
59190 173
59206 172
59223 171
59239 172
59255 171
59272 169
59288 173
59304 167
59321 170
59337 173
59353 171
59370 173
59386 174
59402 169
59419 170
59435 172
59451 173
59468 174
59484 185
59500 172
59517 174
59533 176
59549 169
59566 171
59582 157
59598 172
59615 173
59631 170
59647 171
59664 170
59680 170
59696 171
59713 172
59729 175
59745 172
59762 172
59778 172
59794 171
59811 171
59827 172
59843 174
59860 174
59876 171
59892 173
59909 162
59925 174
59941 171
59958 178
59974 172
59991 170
60008 169
60024 171
60040 172
60057 168
60073 171
60089 172
60106 177
60122 173
60138 172
60155 169
60171 171
60187 171
60204 171
60220 171
60236 171
60253 169
60269 174
60285 170
60302 171
60318 172
60334 167
60351 175
60367 171
60383 186
60400 171
60416 171
60432 194
60449 170
60465 174
60481 172
60498 172
60514 172
60530 172
60547 173
60563 173
60579 174
60596 170
60612 169
60628 171
60645 171
60661 175
60677 171
60694 171
60710 171
60726 172
60743 171
60759 170
60775 171
60792 172
60808 175
60824 171
60841 174
60857 187
60873 171
60890 173
60906 173
60922 171
60939 172
60955 171
60971 170
60989 170
61005 171
61021 173
61038 172
61054 172
61070 169
61087 172
61103 170
61119 172
61136 177
61152 173
61168 173
61185 172
61201 174
61217 169
61234 173
61250 173
61266 172
61283 173
61299 175
61315 170
61332 169
61348 174
61364 171
61381 170
61397 175
61413 183
61430 168
61446 172
61462 169
61479 171
61495 171
61511 166
61528 172
61544 172
61560 171
61577 169
61593 172
61609 172
61626 172
61642 172
61658 170
61675 172
61691 172
61707 171
61724 170
61740 171
61756 170
61773 169
61789 151
61805 167
61822 166
61838 166
61854 172
61871 174
61887 172
61903 171
61920 173
61936 169
61952 172
61969 172
61986 171
62003 171
62019 173
62035 175
62052 173
62068 172
62084 171
62101 172
62117 170
62133 172
62150 171
62166 172
62182 169
62199 172
62215 172
62231 171
62248 172
62264 169
62280 168
62297 172
62313 171
62329 175
62346 170
62362 172
62378 172
62395 172
62411 173
62427 171
62444 167
62460 169
62476 170
62493 171
62509 175
62525 171
62542 171
62558 171
62574 172
62591 172
62607 135
62623 175
62640 173
62656 170
62672 172
62689 171
62705 171
62721 174
62738 169
62754 172
62770 172
62787 173
62803 170
62819 172
62836 171
62852 171
62868 170
62885 174
62901 170
62917 175
62934 169
62950 171
62966 172
62983 200
63000 172
63016 171
63033 154
63049 172
63065 173
63082 152
63098 173
63114 174
63131 171
63147 172
63163 173
63180 170
63196 172
63212 172
63229 169
63245 170
63261 173
63278 174
63294 172
63310 173
63327 173
63343 174
63359 170
63376 172
63392 173
63408 163
63425 170
63441 173
63457 174
63474 169
63490 174
63506 173
63523 170
63539 172
63555 171
63572 168
63588 170
63604 171
63621 172
63637 172
63653 172
63670 170
63686 175
63702 172
63719 167
63735 172
63751 172
63768 169
63784 172
63800 172
63817 170
63833 178
63849 171
63866 171
63882 179
63898 171
63915 168
63931 175
63947 168
63964 169
63980 161
63996 171
64013 172
64029 175
64045 170
64062 174
64078 170
64094 171
64111 172
64127 173
64143 173
64160 169
64176 175
64192 172
64209 172
64225 173
64241 168
64258 185
64274 172
64290 169
64307 172
64323 172
64339 176
64356 168
64372 173
64388 172
64405 167
64421 173
64437 171
64454 171
64470 173
64486 169
64503 170
64519 171
64535 170
64552 172
64568 172
64584 172
64601 168
64617 169
64633 142
64650 170
64666 170
64682 146
64699 172
64715 170
64731 167
64748 171
64764 171
64780 174
64797 172
64813 174
64829 174
64846 171
64862 171
64878 170
64895 173
64911 171
64927 171
64944 172
64960 169
64976 171
64994 170
65010 170
65027 171
65043 170
65059 175
65076 182
65092 169
65108 164
65125 173
65141 173
65157 168
65174 171
65190 173
65206 170
65223 169
65239 171
65255 167
65272 174
65288 173
65304 182
65321 170
65337 168
65353 169
65370 170
65386 170
65402 176
65419 172
65435 160
65451 171
65468 172
65484 172
65500 171
65517 171
65533 168
65549 174
65566 167
65582 168
65598 174
65615 172
65631 173
65647 171
65664 172
65680 168
65696 171
65713 170
65729 168
65745 172
65762 172
65778 171
65794 175
65811 170
65827 173
65843 174
65860 174
65876 177
65892 172
65909 171
65925 172
65941 171
65958 172
65974 172
65991 172
66008 171
66024 173
66040 170
66057 170
66073 171
66089 171
66106 172
66122 173
66138 170
66155 174
66171 175
66187 171
66204 173
66220 170
66236 172
66253 173
66269 172
66285 169
66302 173
66318 173
66334 148
66351 174
66367 173
66383 171
66400 170
66416 170
66432 169
66449 172
66465 194
66481 172
66498 174
66514 171
66530 171
66547 170
66563 169
66579 173
66596 191
66612 172
66628 170
66645 172
66661 170
66677 172
66694 171
66710 172
66726 171
66743 170
66759 169
66775 169
66792 169
66808 167
66824 169
66841 172
66857 174
66873 173
66890 172
66906 172
66922 171
66939 169
66955 172
66971 171
66989 173
67005 173
67022 170
67038 166
67055 173
67071 171
67087 162
67104 171
67120 168
67137 175
67153 169
67170 75
67186 177
67202 173
67219 175
67235 172
67252 164
67268 175
67285 170
67301 171
67317 173
67334 185
67350 170
67367 172
67383 167
67400 166
67416 170
67432 172
67449 171
67465 169
67482 170
67498 172
67515 180
67531 171
67547 171
67564 171
67580 166
67597 169
67613 175
67630 171
67646 175
67662 172
67679 170
67695 171
67712 170
67728 170
67745 168
67761 169
67777 172
67794 170
67810 168
67827 175
67843 170
67860 157
67876 165
67892 171
67909 170
67925 173
67942 171
67958 173
67975 171
67992 173
68009 171
68025 168
68041 181
68058 169
68074 170
68091 165
68107 173
68124 171
68140 162
68156 171
68173 171
68189 171
68206 168
68222 172
68239 171
68255 172
68271 170
68288 171
68304 170
68321 170
68337 164
68354 170
68370 169
68386 162
68403 171
68419 172
68436 174
68452 172
68469 173
68485 171
68501 167
68518 174
68534 171
68551 174
68567 173
68584 172
68600 171
68616 169
68633 170
68649 172
68666 171
68682 172
68699 181
68715 171
68731 168
68748 175
68764 171
68781 162
68797 170
68814 172
68830 174
68846 168
68863 171
68879 170
68896 171
68912 175
68929 170
68945 172
68961 175
68978 171
68995 172
69012 172
69028 173
69045 173
69061 174
69078 174
69094 174
69110 170
69127 176
69143 171
69160 174
69176 171
69193 173
69209 170
69225 172
69242 174
69258 185
69275 170
69291 172
69308 180
69324 171
69340 172
69357 174
69373 171
69390 171
69406 173
69423 171
69439 160
69455 170
69472 171
69488 171
69505 172
69521 173
69538 170
69554 174
69570 169
69587 172
69603 170
69620 154
69636 171
69653 168
69669 168
69685 171
69702 172
69718 173
69735 171
69751 171
69768 171
69784 171
69800 173
69817 171
69833 168
69850 172
69866 172
69883 170
69899 172
69915 174
69932 170
69948 171
69965 171
69981 170
69999 173
70015 173
70032 171
70048 173
70064 169
70081 173
70097 169
70114 173
70130 172
70147 172
70163 177
70179 173
70196 172
70212 165
70229 170
70245 170
70262 169
70278 172
70294 173
70311 172
70327 170
70344 171
70360 168
70377 171
70393 170
70409 172
70426 171
70442 171
70459 173
70475 172
70492 192
70508 169
70524 171
70541 168
70557 171
70574 170
70590 170
70607 171
70623 175
70639 172
70656 170
70672 185
70689 172
70705 172
70722 171
70738 172
70754 168
70771 170
70787 171
70804 171
70820 169
70837 172
70853 172
70869 171
70886 171
70902 166
70919 170
70935 170
70952 173
70968 172
70986 166
71002 173
71018 172
71035 170
71051 172
71068 163
71084 170
71101 172
71117 178
71133 169
71150 171
71166 168
71183 171
71199 170
71216 171
71232 169
71248 172
71265 171
71281 173
71298 171
71314 176
71331 170
71347 170
71363 171
71380 173
71396 170
71413 172
71429 174
71446 170
71462 171
71478 170
71495 172
71511 169
71528 170
71544 171
71561 171
71577 170
71593 169
71610 171
71626 170
71643 169
71659 171
71676 171
71692 172
71708 172
71725 170
71741 172
71758 171
71774 173
71791 172
71807 172
71823 170
71840 169
71856 173
71873 172
71889 174
71906 172
71922 171
71938 170
71955 171
71971 172
71989 169
72005 169
72022 167
72038 175
72055 172
72071 172
72087 172
72104 171
72120 170
72137 170
72153 170
72170 206
72186 173
72202 174
72219 171
72235 172
72252 168
72268 173
72285 170
72301 171
72317 171
72334 170
72350 173
72367 170
72383 172
72400 171
72416 172
72432 170
72449 170
72465 171
72482 169
72498 170
72515 172
72531 172
72547 172
72564 169
72580 173
72597 171
72613 173
72630 168
72646 168
72662 173
72679 170
72695 170
72712 171
72728 170
72745 169
72761 171
72777 169
72794 174
72810 168
72827 167
72843 169
72860 179
72876 168
72892 173
72909 170
72925 171
72942 172
72958 169
72975 173
72992 172
73008 173
73025 170
73041 147
73058 171
73074 172
73091 168
73107 172
73123 171
73140 169
73156 172
73173 172
73189 170
73206 171
73222 171
73238 171
73255 168
73271 170
73288 172
73304 172
73321 175
73337 175
73353 171
73370 171
73386 167
73403 172
73419 170
73436 167
73452 172
73468 171
73485 171
73501 172
73518 175
73534 172
73551 172
73567 175
73583 175
73600 172
73616 169
73633 172
73649 171
73666 171
73682 168
73698 159
73715 173
73731 170
73748 174
73764 171
73781 178
73797 173
73813 173
73830 172
73846 171
73863 170
73879 167
73896 169
73912 171
73928 170
73945 169
73961 175
73978 182
73995 170
74012 171
74028 169
74045 170
74061 171
74077 170
74094 169
74110 172
74127 170
74143 163
74160 171
74176 170
74192 171
74209 173
74225 171
74242 169
74258 158
74275 171
74291 171
74307 134
74324 168
74340 170
74357 161
74373 169
74390 173
74406 171
74422 173
74439 168
74455 173
74472 171
74488 173
74505 167
74521 170
74537 171
74554 170
74570 172
74587 172
74603 171
74620 163
74636 169
74652 169
74669 176
74685 169
74702 173
74718 171
74735 169
74751 165
74767 173
74784 173
74800 168
74817 173
74833 170
74850 172
74866 170
74882 169
74899 172
74915 168
74932 171
74948 168
74965 168
74981 170
74999 169
75015 160
75031 173
75048 172
75064 169
75081 174
75097 175
75114 171
75130 175
75146 170
75163 171
75179 170
75196 168
75212 171
75229 170
75245 169
75261 168
75278 170
75294 169
75311 170
75327 172
75344 172
75360 172
75376 173
75393 172
75409 170
75426 170
75442 172
75459 167
75475 178
75491 126
75508 170
75524 172
75541 172
75557 170
75574 169
75590 171
75606 168
75623 170
75639 172
75656 173
75672 167
75689 171
75705 171
75721 179
75738 169
75754 188
75771 169
75787 172
75804 172
75820 172
75836 175
75853 165
75869 172
75886 170
75902 169
75919 172
75935 169
75951 169
75968 168
75985 171
76002 170
76018 172
76035 171
76051 170
76068 181
76084 168
76100 175
76117 171
76133 173
76150 172
76166 173
76183 171
76199 168
76215 168
76232 176
76248 170
76265 172
76281 169
76298 170
76314 172
76330 171
76347 171
76363 167
76380 170
76396 170
76413 163
76429 167
76445 172
76462 169
76478 170
76495 171
76511 170
76528 171
76544 169
76560 171
76577 170
76593 166
76610 170
76626 174
76643 171
76659 170
76675 170
76692 173
76708 169
76725 178
76741 166
76758 172
76774 170
76790 171
76807 166
76823 169
76840 167
76856 174
76873 170
76889 171
76905 170
76922 170
76938 169
76955 172
76971 169
76989 166
77005 170
77022 170
77038 173
77054 170
77071 167
77087 168
77104 172
77120 171
77137 169
77153 170
77169 175
77186 169
77202 170
77219 169
77235 169
77252 169
77268 170
77284 169
77301 169
77317 171
77334 167
77350 171
77367 171
77383 173
77399 170
77416 169
77432 168
77449 170
77465 171
77482 168
77498 169
77514 172
77531 171
77547 172
77564 171
77580 171
77597 170
77613 172
77629 172
77646 168
77662 169
77679 173
77695 171
77712 170
77728 167
77744 170
77761 171
77777 168
77794 162
77810 170
77827 172
77843 169
77859 170
77876 170
77892 169
77909 168
77925 169
77942 173
77958 171
77974 170
77992 171
78008 166
78025 172
78041 173
78058 169
78074 169
78091 169
78107 169
78123 184
78140 169
78156 170
78173 165
78189 169
78206 169
78222 169
78238 166
78255 172
78271 172
78288 169
78304 169
78321 171
78337 170
78353 172
78370 168
78386 170
78403 169
78419 171
78436 171
78452 169
78468 168
78485 172
78501 171
78518 171
78534 168
78551 172
78567 168
78583 191
78600 173
78616 169
78633 174
78649 170
78666 172
78682 169
78698 173
78715 170
78731 169
78748 174
78764 171
78781 167
78797 170
78813 170
78830 173
78846 170
78863 172
78879 170
78896 172
78912 177
78928 175
78945 171
78961 173
78978 171
78995 171
79012 168
79028 171
79044 171
79061 170
79077 170
79094 173
79110 171
79127 172
79143 167
79159 173
79176 173
79192 171
79209 171
79225 173
79242 171
79258 149
79274 170
79291 173
79307 185
79324 173
79340 169
79357 173
79373 168
79389 173
79406 172
79422 172
79439 170
79455 170
79472 170
79488 176
79504 178
79521 171
79537 173
79554 172
79570 172
79587 171
79603 171
79619 171
79636 172
79652 171
79669 169
79685 170
79702 170
79718 171
79734 171
79751 172
79767 173
79784 173
79800 170
79817 171
79833 169
79849 177
79866 170
79882 182
79899 168
79915 169
79932 158
79948 171
79964 172
79981 167
79999 170
80015 163
80031 162
80048 173
80064 169
80081 173
80097 169
80114 176
80130 168
80146 172
80163 171
80179 165
80196 172
80212 172
80229 171
80245 171
80261 171
80278 171
80294 168
80311 170
80327 170
80344 167
80360 172
80376 169
80393 173
80409 172
80426 169
80442 173
80459 175
80475 171
80491 171
80508 179
80524 171
80541 170
80557 163
80574 171
80590 172
80606 178
80623 170
80639 171
80656 170
80672 174
80689 170
80705 172
80721 172
80738 169
80754 172
80771 170
80787 171
80804 171
80820 172
80836 173
80853 170
80869 171
80886 169
80902 171
80919 168
80935 169
80951 167
80968 170
80985 173
81002 170
81018 172
81035 170
81051 173
81067 170
81084 170
81100 172
81117 173
81133 162
81150 171
81166 170
81182 190
81199 167
81215 173
81232 170
81248 169
81265 171
81281 169
81297 174
81314 170
81330 170
81347 169
81363 170
81380 173
81396 171
81412 176
81429 173
81445 170
81462 173
81478 172
81495 172
81511 170
81527 171
81544 168
81560 167
81577 172
81593 172
81610 175
81626 171
81642 172
81659 173
81675 171
81692 176
81708 184
81725 172
81741 170
81757 148
81774 172
81790 172
81807 169
81823 171
81840 171
81856 167
81872 169
81889 172
81905 165
81922 169
81938 172
81955 169
81971 172
81989 173
82005 170
82021 171
82038 171
82054 170
82071 172
82087 172
82104 172
82120 171
82136 171
82153 170
82169 169
82186 168
82202 168
82219 169
82235 176
82251 173
82268 172
82284 173
82301 173
82317 172
82334 168
82350 169
82366 176
82383 171
82399 169
82416 172
82432 180
82449 170
82465 171
82481 221
82498 171
82514 169
82531 167
82547 169
82564 171
82580 171
82596 174
82613 171
82629 172
82646 171
82662 173
82679 180
82695 170
82711 171
82728 172
82744 172
82761 171
82777 171
82794 180
82810 168
82826 171
82843 173
82859 168
82876 170
82892 172
82909 167
82925 171
82941 173
82958 164
82974 172
82992 176
83008 149
83025 173
83041 172
83058 175
83074 170
83090 172
83107 162
83123 169
83140 172
83156 172
83173 170
83189 170
83205 174
83222 172
83238 171
83255 170
83271 169
83288 174
83304 170
83320 172
83337 170
83353 171
83370 173
83386 171
83403 172
83419 172
83435 172
83452 174
83468 170
83485 172
83501 170
83518 174
83534 173
83550 170
83567 170
83583 131
83600 170
83616 170
83633 173
83649 169
83665 169
83682 176
83698 171
83715 172
83731 168
83748 168
83764 172
83780 166
83797 171
83813 170
83830 172
83846 171
83863 179
83879 176
83895 169
83912 173
83928 173
83945 171
83961 168
83978 170
83995 172
84012 174
84028 169
84044 170
84061 169
84077 169
84094 171
84110 167
84127 172
84143 169
84159 171
84176 176
84192 167
84209 172
84225 174
84242 170
84258 165
84274 170
84291 171
84307 181
84324 171
84340 171
84357 156
84373 166
84389 169
84406 171
84422 169
84439 170
84455 178
84472 169
84488 162
84504 172
84521 171
84537 169
84554 167
84570 170
84587 171
84603 171
84619 172
84636 171
84652 170
84669 170
84685 171
84702 167
84718 170
84734 169
84751 169
84767 173
84784 170
84800 173
84817 173
84833 164
84849 173
84866 171
84882 184
84899 170
84915 166
84932 176
84948 171
84964 169
84981 176
84998 169
85015 171
85031 90
85048 169
85064 169
85080 171
85097 168
85113 170
85130 166
85146 173
85163 169
85179 167
85195 172
85212 170
85228 173
85245 169
85261 171
85278 172
85294 170
85310 172
85327 168
85343 171
85360 168
85376 170
85393 171
85409 170
85425 172
85442 171
85458 170
85475 166
85491 171
85508 176
85524 171
85540 173
85557 148
85573 171
85590 173
85606 125
85623 173
85639 168
85655 172
85672 166
85688 165
85705 172
85721 173
85738 171
85754 173
85770 170
85787 171
85803 173
85820 173
85836 171
85853 171
85869 170
85885 171
85902 171
85918 170
85935 171
85951 167
85968 168
85985 168
86002 169
86018 170
86034 173
86051 169
86067 171
86084 169
86100 173
86117 171
86133 148
86149 172
86166 171
86182 165
86199 173
86215 173
86232 169
86248 169
86264 168
86281 168
86297 167
86314 171
86330 169
86347 172
86363 174
86379 171
86396 172
86412 170
86429 168
86445 173
86462 171
86478 171
86494 171
86511 172
86527 169
86544 171
86560 171
86577 170
86593 169
86609 170
86626 171
86642 171
86659 171
86675 170
86692 169
86708 168
86724 170
86741 172
86757 177
86774 171
86790 171
86807 169
86823 167
86839 172
86856 171
86872 171
86889 171
86905 172
86922 169
86938 171
86954 172
86971 168
86988 171
87005 169
87021 175
87038 170
87054 172
87071 170
87087 171
87103 170
87120 170
87136 173
87153 172
87169 171
87186 171
87202 169
87218 171
87235 168
87251 168
87268 172
87284 172
87301 172
87317 169
87333 173
87350 172
87366 171
87383 172
87399 172
87416 171
87432 179
87448 171
87465 171
87481 158
87498 172
87514 169
87531 168
87547 168
87563 169
87580 169
87596 172
87613 170
87629 171
87646 172
87662 170
87678 173
87695 173
87711 171
87728 172
87744 166
87761 171
87777 169
87793 168
87810 170
87826 168
87843 170
87859 170
87876 170
87892 168
87908 175
87925 171
87941 171
87958 174
87974 170
87992 175
88008 212
88025 173
88041 169
88057 172
88074 169
88090 170
88107 170
88123 171
88140 168
88156 169
88172 170
88189 169
88205 168
88222 172
88238 171
88255 171
88271 167
88287 171
88304 171
88320 172
88337 169
88353 170
88370 170
88386 176
88402 170
88419 172
88435 171
88452 171
88468 169
88485 170
88501 170
88517 160
88534 170
88550 171
88567 172
88583 170
88600 171
88616 171
88632 169
88649 170
88665 161
88682 169
88698 162
88715 168
88731 172
88747 171
88764 172
88780 174
88797 164
88813 169
88830 167
88846 168
88862 173
88879 171
88895 171
88912 171
88928 175
88945 170
88961 171
88977 170
88995 173
89011 172
89028 170
89044 170
89061 170
89077 171
89093 168
89110 170
89126 170
89143 167
89159 180
89176 171
89192 174
89208 172
89225 178
89241 173
89258 179
89274 173
89291 166
89307 168
89323 175
89340 171
89356 173
89373 170
89389 173
89406 175
89422 166
89438 172
89455 169
89471 177
89488 169
89504 169
89521 173
89537 171
89553 175
89570 171
89586 172
89603 172
89619 200
89636 170
89652 169
89668 177
89685 173
89701 172
89718 169
89734 167
89751 164
89767 169
89783 170
89800 171
89816 170
89833 189
89849 166
89866 171
89882 170
89898 170
89915 173
89931 169
89948 173
89964 170
89981 172
89998 172
90015 172
90031 170
90048 165
90064 168
90080 173
90097 170
90113 172
90130 171
90146 174
90163 172
90179 170
90195 176
90212 172
90228 170
90245 171
90261 174
90278 170
90294 171
90310 175
90327 172
90343 169
90360 142
90376 171
90393 173
90409 169
90425 173
90442 174
90458 171
90475 173
90491 179
90508 171
90524 171
90540 168
90557 168
90573 171
90590 174
90606 171
90623 172
90639 172
90655 166
90672 185
90688 172
90705 173
90721 171
90738 170
90754 173
90770 173
90787 172
90803 168
90820 172
90836 172
90853 170
90869 172
90885 171
90902 173
90918 169
90935 171
90951 172
90968 171
90985 166
91002 166
91018 170
91034 171
91051 177
91067 178
91084 171
91100 172
91117 174
91133 173
91149 172
91166 170
91182 172
91199 170
91215 171
91232 172
91248 171
91264 171
91281 169
91297 172
91314 169
91330 170
91347 171
91363 173
91379 171
91396 172
91412 173
91429 169
91445 172
91462 174
91478 170
91494 173
91511 171
91527 172
91544 170
91560 169
91577 174
91593 168
91609 169
91626 169
91642 170
91659 169
91675 169
91692 175
91708 172
91724 166
91741 169
91757 170
91774 169
91790 173
91807 182
91823 170
91839 170
91856 168
91872 173
91889 172
91905 171
91922 171
91938 169
91954 169
91971 173
91988 168
92005 172
92021 168
92038 171
92054 174
92071 170
92087 171
92103 171
92120 172
92136 170
92153 169
92169 138
92186 170
92202 172
92218 165
92235 171
92251 169
92268 170
92284 171
92301 170
92317 174
92333 177
92350 173
92366 169
92383 172
92399 174
92416 170
92432 169
92448 171
92465 174
92481 169
92498 170
92514 169
92531 171
92547 164
92563 169
92580 172
92596 170
92613 171
92629 174
92646 171
92662 167
92678 171
92695 176
92711 169
92728 170
92744 171
92761 165
92777 171
92793 174
92810 172
92826 172
92843 172
92859 137
92876 169
92892 171
92908 172
92925 167
92941 171
92958 173
92974 171
92992 170
93008 169
93025 170
93041 188
93057 172
93074 170
93090 168
93107 170
93123 168
93140 170
93156 172
93172 170
93189 171
93205 172
93222 170
93238 171
93255 167
93271 174
93287 171
93304 171
93320 170
93337 166
93353 171
93370 173
93386 182
93402 173
93419 171
93435 172
93452 171
93468 169
93485 171
93501 168
93517 169
93534 170
93550 172
93567 173
93583 168
93600 170
93616 176
93632 170
93649 170
93665 172
93682 170
93698 148
93715 171
93731 169
93747 170
93764 168
93780 162
93797 170
93813 169
93830 170
93846 168
93862 169
93879 168
93895 172
93912 170
93928 168
93945 170
93961 172
93977 169
93995 170
94011 168
94028 172
94044 169
94061 171
94077 167
94093 174
94110 167
94126 168
94143 170
94159 169
94176 169
94192 173
94208 167
94225 166
94241 179
94258 127
94274 171
94291 169
94307 155
94323 171
94340 173
94356 162
94373 173
94389 169
94406 170
94422 170
94438 165
94455 169
94471 169
94488 171
94504 171
94521 173
94537 171
94553 170
94570 172
94586 169
94603 170
94619 96
94636 171
94652 175
94668 174
94685 170
94701 169
94718 169
94734 171
94751 167
94767 172
94783 171
94800 169
94816 171
94833 166
94849 172
94866 170
94882 170
94898 172
94915 170
94931 172
94948 171
94964 173
94981 170
94998 170
95015 149
95031 172
95048 169
95064 169
95080 169
95097 172
95113 169
95130 168
95146 174
95163 171
95179 171
95195 174
95212 166
95228 172
95245 170
95261 173
95278 171
95294 171
95310 170
95327 174
95343 170
95360 183
95376 171
95393 166
95409 170
95425 172
95442 168
95458 175
95475 169
95491 175
95508 170
95524 171
95540 171
95557 167
95573 169
95590 172
95606 170
95623 169
95639 171
95655 172
95672 159
95688 167
95705 171
95721 172
95738 171
95754 167
95770 171
95787 171
95803 172
95820 175
95836 171
95853 172
95869 179
95885 170
95902 166
95918 170
95935 172
95951 170
95968 172
95985 173
96002 169
96018 169
96034 167
96051 170
96067 169
96084 168
96100 171
96117 167
96133 172
96149 166
96166 172
96182 170
96199 172
96215 171
96232 172
96248 171
96264 169
96281 171
96297 171
96314 171
96330 168
96347 174
96363 172
96379 169
96396 172
96412 181
96429 170
96445 167
96462 168
96478 174
96494 173
96511 171
96527 172
96544 168
96560 171
96577 170
96593 181
96609 172
96626 170
96642 171
96659 169
96675 170
96692 170
96708 173
96724 145
96741 172
96757 171
96774 169
96790 172
96807 168
96823 169
96839 167
96856 174
96872 172
96889 169
96905 172
96922 171
96938 169
96954 170
96971 170
96988 157
97005 172
97021 170
97038 168
97054 173
97071 171
97087 180
97103 169
97120 171
97136 173
97153 172
97169 278
97186 168
97202 170
97218 171
97235 172
97251 166
97268 170
97284 169
97301 170
97317 168
97333 172
97350 172
97366 170
97383 167
97399 172
97416 172
97432 171
97448 171
97465 170
97481 170
97498 171
97514 177
97531 172
97547 171
97563 173
97580 169
97596 168
97613 171
97629 172
97646 152
97662 174
97678 172
97695 173
97711 170
97728 171
97744 166
97761 170
97777 173
97793 170
97810 170
97826 172
97843 169
97859 185
97876 169
97892 169
97908 170
97925 168
97941 170
97958 172
97974 171
97992 172
98008 170
98025 172
98041 170
98057 171
98074 171
98090 170
98107 172
98123 170
98140 169
98156 172
98172 171
98189 170
98205 167
98222 169
98238 168
98255 168
98271 174
98287 178
98304 172
98320 170
98337 171
98353 170
98370 170
98386 170
98402 171
98419 170
98435 169
98452 173
98468 170
98485 171
98501 174
98517 168
98534 157
98550 170
98567 168
98583 168
98600 171
98616 174
98632 163
98649 171
98665 172
98682 165
98698 172
98715 171
98731 170
98747 170
98764 173
98780 173
98797 168
98813 170
98830 171
98846 168
98862 166
98879 171
98895 174
98912 170
98928 172
98945 174
98961 169
98977 169
98995 170
99011 172
99028 172
99044 171
99061 171
99077 172
99093 171
99110 169
99126 173
99143 168
99159 172
99176 172
99192 170
99208 174
99225 172
99241 172
99258 189
99274 171
99291 171
99307 179
99323 173
99340 171
99356 174
99373 171
99389 170
99406 173
99422 172
99438 172
99455 167
99471 170
99488 170
99504 168
99521 174
99537 172
99553 167
99570 170
99586 174
99603 171
99619 170
99636 170
99652 170
99668 171
99685 170
99701 172
99718 173
99734 171
99751 169
99767 172
99783 169
99800 171
99816 170
99833 215
99849 171
99866 173
99882 175
99898 169
99915 172
99931 180
99948 173
99964 168
99981 185
99998 172
100015 173
100031 176
100048 173
100064 172
100080 177
100097 168
100113 168
100130 171
100146 170
100163 173
100179 170
100195 171
100212 172
100228 176
100245 173
100261 171
100278 172
100294 173
100310 172
100327 171
100343 170
100360 171
100376 174
100393 168
100409 173
100425 170
100442 169
100458 168
100475 171
100491 171
100508 166
100524 172
100540 170
100557 187
100573 165
100590 172
100606 213
100623 172
100639 170
100655 163
100672 169
100689 176
100705 168
100721 169
100737 168
100754 168
100770 170
100786 171
100803 170
100819 171
100835 172
100851 170
100868 169
100884 168
100900 167
100917 172
100933 124
100949 171
100965 169
100982 182
100999 170
101015 173
101032 165
101048 170
101064 170
101080 169
101097 171
101113 168
101129 168
101146 170
101162 168
101178 169
101194 172
101211 172
101227 170
101243 170
101260 172
101276 170
101292 172
101308 171
101325 172
101341 172
101357 164
101374 173
101390 170
101406 156
101422 172
101439 174
101455 169
101471 170
101488 171
101504 172
101520 170
101536 167
101553 171
101569 172
101585 172
101602 170
101618 171
101634 171
101650 170
101667 172
101683 176
101699 171
101716 171
101732 153
101748 169
101764 170
101781 171
101797 172
101813 170
101830 170
101846 171
101862 168
101878 168
101895 170
101911 170
101927 170
101944 173
101960 172
101976 171
101994 170
102010 168
102026 168
102042 169
102059 167
102075 174
102091 170
102108 170
102124 171
102140 170
102156 140
102173 173
102189 172
102205 172
102222 170
102238 173
102254 174
102270 170
102287 171
102303 168
102319 174
102336 171
102352 173
102368 166
102384 172
102401 171
102417 174
102433 173
102450 173
102466 174
102482 178
102498 173
102515 173
102531 159
102547 171
102564 173
102580 167
102596 171
102612 168
102629 175
102645 170
102661 170
102678 172
102694 173
102710 171
102726 172
102743 171
102759 174
102775 170
102792 171
102808 181
102824 169
102840 169
102857 168
102873 170
102889 169
102906 173
102922 170
102938 171
102954 168
102971 172
102988 174
103004 172
103021 171
103037 172
103053 163
103070 171
103086 171
103102 171
103118 172
103135 171
103151 173
103167 172
103184 173
103200 171
103216 169
103232 173
103249 168
103265 170
103281 174
103298 173
103314 171
103330 170
103346 173
103363 170
103379 167
103395 168
103412 170
103428 174
103444 170
103460 170
103477 173
103493 172
103509 172
103526 169
103542 173
103558 168
103574 166
103591 171
103607 172
103623 172
103640 172
103656 169
103672 169
103688 168
103705 173
103721 173
103737 170
103754 164
103770 167
103786 171
103802 170
103819 170
103835 172
103851 173
103868 171
103884 171
103900 171
103916 169
103933 149
103949 172
103965 168
103982 213
103999 171
104015 172
104032 180
104048 170
104064 169
104080 175
104097 168
104113 169
104129 168
104146 172
104162 170
104178 179
104194 171
104211 172
104227 170
104243 171
104260 172
104276 170
104292 167
104308 167
104325 178
104341 172
104357 163
104374 167
104390 171
104406 176
104422 169
104439 170
104455 176
104471 168
104488 168
104504 171
104520 169
104536 169
104553 171
104569 171
104585 171
104602 171
104618 172
104634 171
104650 168
104667 171
104683 173
104699 170
104716 170
104732 186
104748 169
104764 169
104781 173
104797 171
104813 172
104830 168
104846 170
104862 170
104878 168
104895 168
104911 167
104927 169
104944 169
104960 168
104976 172
104994 169
105010 172
105026 171
105042 172
105059 174
105075 171
105091 174
105108 175
105124 171
105140 169
105156 186
105173 173
105189 172
105205 171
105222 173
105238 170
105254 171
105270 171
105287 167
105303 172
105319 169
105336 171
105352 172
105368 173
105384 167
105401 171
105417 171
105433 171
105450 169
105466 170
105482 170
105498 170
105515 172
105531 158
105547 171
105564 171
105580 171
105596 171
105612 172
105629 172
105645 170
105661 168
105678 169
105694 168
105710 170
105726 172
105743 172
105759 170
105775 171
105792 173
105808 176
105824 171
105840 173
105857 157
105873 174
105889 168
105906 171
105922 171
105938 171
105954 177
105971 169
105988 169
106004 175
106021 172
106037 166
106053 168
106070 171
106086 172
106102 175
106118 172
106135 171
106151 173
106167 171
106184 170
106200 170
106216 174
106232 171
106249 173
106265 170
106281 171
106298 171
106314 172
106330 171
106346 172
106363 175
106379 171
106395 169
106412 170
106428 171
106444 171
106460 169
106477 172
106493 172
106509 170
106526 174
106542 171
106558 174
106574 171
106591 171
106607 178
106623 170
106640 173
106656 78
106672 173
106688 171
106705 167
106721 174
106737 170
106754 169
106770 173
106786 171
106802 169
106819 169
106835 171
106851 170
106868 170
106884 172
106900 172
106916 171
106933 166
106949 172
106965 173
106982 172
106999 169
107015 170
107032 146
107048 170
107064 171
107080 169
107097 171
107113 169
107129 168
107146 170
107162 168
107178 167
107194 169
107211 174
107227 168
107243 173
107260 170
107276 170
107292 171
107308 171
107325 168
107341 172
107357 178
107374 171
107390 172
107406 184
107422 172
107439 175
107455 169
107471 174
107488 170
107504 169
107520 167
107536 170
107553 167
107569 169
107585 167
107602 180
107618 170
107634 168
107650 169
107667 172
107683 160
107699 170
107716 174
107732 171
107748 169
107764 174
107781 170
107797 169
107813 169
107830 171
107846 170
107862 171
107878 174
107895 167
107911 170
107927 167
107944 169
107960 171
107976 170
107994 171
108010 174
108026 171
108042 172
108059 172
108075 175
108091 172
108108 172
108124 171
108140 175
108156 166
108173 168
108189 171
108205 171
108222 171
108238 170
108254 173
108270 166
108287 170
108303 170
108319 171
108336 170
108352 174
108368 175
108384 166
108401 169
108417 173
108433 173
108450 172
108466 173
108482 176
108498 173
108515 172
108531 164
108547 172
108564 173
108580 174
108596 170
108612 172
108629 171
108645 171
108661 171
108678 173
108694 169
108710 170
108726 174
108743 172
108759 170
108775 171
108792 172
108808 125
108824 171
108840 173
108857 164
108873 172
108889 173
108906 170
108922 174
108938 165
108954 173
108971 173
108988 169
109004 173
109021 169
109037 171
109053 169
109070 171
109086 170
109102 173
109118 173
109135 180
109151 171
109167 174
109184 172
109200 174
109216 173
109232 172
109249 171
109265 170
109281 166
109298 173
109314 171
109330 168
109346 174
109363 173
109379 172
109395 170
109412 170
109428 170
109444 171
109460 166
109477 170
109493 170
109509 170
109526 171
109542 173
109558 173
109574 171
109591 172
109607 162
109623 173
109640 173
109656 210
109672 167
109688 169
109705 176
109721 171
109737 172
109754 174
109770 172
109786 170
109802 171
109819 170
109835 176
109851 168
109868 170
109884 169
109900 174
109916 174
109933 176
109949 171
109965 171
109982 171
109999 170
110015 190
110032 170
110048 172
110064 171
110080 176
110097 171
110113 171
110129 172
110146 170
110162 169
110178 171
110194 172
110211 170
110227 171
110243 169
110260 170
110276 170
110292 172
110308 166
110325 174
110341 172
110357 172
110374 170
110390 169
110406 174
110422 170
110439 159
110455 169
110471 171
110488 172
110504 172
110520 170
110536 173
110553 169
110569 156
110585 168
110602 172
110618 176
110634 170
110650 169
110667 171
110683 170
110699 171
110716 169
110732 171
110748 170
110764 170
110781 184
110797 168
110813 171
110830 173
110846 171
110862 169
110878 172
110895 173
110911 154
110927 169
110944 168
110960 174
110976 168
110993 175
111010 173
111026 169
111042 170
111059 173
111075 174
111091 177
111107 173
111124 171
111140 179
111156 171
111173 173
111189 172
111205 172
111221 173
111238 169
111254 173
111270 173
111287 170
111303 174
111319 171
111335 170
111352 170
111368 171
111384 168
111401 174
111417 174
111433 174
111449 170
111466 169
111482 173
111498 170
111515 173
111531 174
111547 171
111563 169
111580 172
111596 176
111612 172
111629 174
111645 273
111661 174
111677 169
111694 170
111710 173
111726 172
111743 171
111759 173
111775 173
111791 174
111808 168
111824 174
111840 173
111857 170
111873 170
111889 171
111905 173
111922 171
111938 173
111954 169
111971 173
111988 185
112004 172
112021 169
112037 170
112053 170
112069 171
112086 172
112102 171
112118 175
112135 170
112151 171
112167 170
112183 165
112200 170
112216 170
112232 173
112249 167
112265 169
112281 169
112297 171
112314 172
112330 173
112346 171
112363 171
112379 170
112395 170
112411 147
112428 170
112444 170
112460 172
112477 171
112493 171
112509 172
112525 171
112542 168
112558 176
112574 175
112591 171
112607 175
112623 169
112639 173
112656 165
112672 178
112688 176
112705 174
112721 170
112737 169
112753 177
112770 170
112786 170
112802 169
112819 171
112835 169
112851 170
112867 168
112884 170
112900 176
112916 173
112933 180
112949 171
112965 169
112981 172
112999 172
113015 176
113031 170
113048 170
113064 172
113080 174
113097 170
113113 170
113129 174
113145 173
113162 165
113178 171
113194 170
113211 169
113227 171
113243 170
113259 170
113276 170
113292 171
113308 174
113325 172
113341 170
113357 167
113373 172
113390 170
113406 169
113422 172
113439 215
113455 170
113471 171
113487 168
113504 169
113520 171
113536 171
113553 167
113569 158
113585 166
113601 170
113618 170
113634 172
113650 172
113667 174
113683 171
113699 171
113715 171
113732 172
113748 166
113764 171
113781 214
113797 171
113813 170
113829 169
113846 171
113862 169
113878 170
113895 170
113911 161
113927 171
113943 169
113960 169
113976 170
113993 172
114010 171
114026 171
114042 175
114059 171
114075 170
114091 176
114107 172
114124 170
114140 169
114156 171
114173 170
114189 171
114205 168
114221 173
114238 174
114254 173
114270 170
114287 171
114303 168
114319 168
114335 171
114352 169
114368 173
114384 168
114401 173
114417 171
114433 172
114449 170
114466 170
114482 169
114498 170
114515 172
114531 173
114547 169
114563 170
114580 172
114596 172
114612 171
114629 171
114645 180
114661 170
114677 169
114694 169
114710 170
114726 169
114743 170
114759 170
114775 177
114791 171
114808 174
114824 174
114840 171
114857 171
114873 173
114889 171
114905 170
114922 172
114938 172
114954 171
114971 170
114988 164
115004 172
115021 169
115037 173
115053 170
115069 164
115086 169
115102 172
115118 172
115135 169
115151 170
115167 179
115183 174
115200 172
115216 173
115232 175
115249 171
115265 171
115281 171
115297 171
115314 170
115330 175
115346 172
115363 169
115379 171
115395 171
115411 177
115428 172
115444 171
115460 172
115477 171
115493 173
115509 170
115525 171
115542 171
115558 171
115574 173
115591 174
115607 170
115623 172
115639 170
115656 174
115672 177
115688 179
115705 176
115721 175
115737 175
115753 192
115770 171
115786 170
115802 168
115819 172
115835 171
115851 169
115867 171
115884 190
115900 168
115916 171
115933 175
115949 176
115965 171
115981 168
115999 171
116015 172
116031 172
116048 170
116064 171
116080 167
116097 169
116113 172
116129 170
116145 168
116162 170
116178 169
116194 165
116211 168
116227 170
116243 169
116259 170
116276 172
116292 169
116308 171
116325 172
116341 172
116357 171
116373 169
116390 173
116406 169
116422 170
116439 142
116455 168
116471 171
116487 172
116504 171
116520 169
116536 172
116553 171
116569 175
116585 170
116601 166
116618 169
116634 168
116650 171
116667 169
116683 169
116699 171
116715 169
116732 167
116748 171
116764 171
116781 174
116797 169
116813 171
116829 171
116846 170
116862 171
116878 170
116895 171
116911 168
116927 169
116943 171
116960 170
116976 170
116993 171
117010 170
117026 173
117042 170
117059 173
117075 171
117091 170
117107 173
117124 179
117140 173
117156 174
117173 173
117189 173
117205 172
117221 171
117238 173
117254 169
117270 172
117287 172
117303 168
117319 172
117335 170
117352 170
117368 168
117384 167
117401 172
117417 173
117433 170
117449 171
117466 171
117482 175
117498 173
117515 173
117531 174
117547 174
117563 167
117580 172
117596 173
117612 171
117629 169
117645 160
117661 173
117677 168
117694 171
117710 170
117726 169
117743 173
117759 169
117775 169
117791 170
117808 171
117824 172
117840 173
117857 174
117873 174
117889 172
117905 170
117922 170
117938 174
117954 172
117971 170
117988 186
118004 170
118021 170
118037 168
118053 170
118069 173
118086 168
118102 169
118118 167
118135 170
118151 169
118167 172
118183 170
118200 172
118216 167
118232 170
118249 171
118265 172
118281 178
118297 170
118314 170
118330 178
118346 170
118363 169
118379 173
118395 172
118411 165
118428 166
118444 171
118460 174
118477 168
118493 170
118509 172
118525 170
118542 161
118558 171
118574 171
118591 170
118607 170
118623 171
118639 170
118656 170
118672 168
118688 176
118705 172
118721 176
118737 173
118753 166
118770 171
118786 169
118802 175
118819 172
118835 169
118851 170
118867 172
118884 147
118900 166
118916 170
118933 170
118949 169
118965 172
118981 175
118999 170
119015 171
119031 173
119048 172
119064 173
119080 173
119097 171
119113 172
119129 171
119145 172
119162 174
119178 173
119194 171
119211 170
119227 171
119243 171
119259 171
119276 170
119292 171
119308 173
119325 171
119341 172
119357 169
119373 170
119390 174
119406 172
119422 174
119439 169
119455 171
119471 170
119487 169
119504 172
119520 172
119536 170
119553 170
119569 172
119585 170
119601 168
119618 171
119634 172
119650 175
119667 168
119683 163
119699 173
119715 171
119732 173
119748 171
119764 173
119781 172
119797 170
119813 171
119829 174
119846 173
119862 170
119878 173
119895 173
119911 172
119927 172
119943 173
119960 170
119976 173
119993 170
120010 169
120026 170
120042 174
120058 174
120075 171
120091 171
120107 165
120124 165
120140 171
120156 173
120172 171
120189 172
120205 174
120221 172
120238 171
120254 178
120270 173
120286 172
120303 171
120319 171
120335 171
120352 169
120368 172
120384 171
120400 172
120417 171
120433 168
120449 172
120466 173
120482 164
120498 170
120514 175
120531 183
120547 170
120563 177
120580 172
120596 169
120612 173
120628 173
120645 174
120661 171
120677 172
120694 174
120710 169
120726 170
120742 168
120759 171
120775 169
120791 170
120808 171
120824 172
120840 170
120856 172
120873 173
120889 172
120905 176
120922 172
120938 175
120954 176
120970 171
120988 170
121004 165
121020 171
121037 172
121053 175
121069 172
121086 172
121102 168
121118 171
121134 171
121151 170
121167 170
121183 169
121200 173
121216 172
121232 170
121248 171
121265 172
121281 172
121297 171
121314 174
121330 172
121346 168
121362 171
121379 170
121395 169
121411 170
121428 174
121444 171
121460 170
121476 171
121493 169
121509 169
121525 167
121542 170
121558 172
121574 173
121590 172
121607 175
121623 172
121639 172
121656 153
121672 173
121688 171
121704 173
121721 170
121737 177
121753 173
121770 169
121786 173
121802 173
121818 171
121835 172
121851 171
121867 173
121884 169
121900 170
121916 172
121932 199
121949 170
121965 171
121981 178
121999 170
122015 172
122031 167
122048 171
122064 175
122080 174
122097 170
122113 172
122129 178
122145 173
122162 165
122178 169
122194 172
122211 172
122227 168
122243 171
122259 173
122276 171
122292 172
122308 172
122325 171
122341 171
122357 165
122373 171
122390 171
122406 170
122422 171
122439 171
122455 167
122471 170
122487 173
122504 177
122520 173
122536 171
122553 172
122569 171
122585 169
122601 174
122618 169
122634 169
122650 170
122667 171
122683 169
122699 171
122715 172
122732 169
122748 172
122764 173
122781 162
122797 170
122813 167
122829 171
122846 177
122862 170
122878 168
122895 169
122911 172
122927 170
122943 175
122960 169
122976 172
122993 170
123010 171
123026 170
123042 170
123059 171
123075 170
123091 174
123107 174
123124 175
123140 176
123156 170
123173 172
123189 172
123205 172
123221 171
123238 172
123254 168
123270 173
123287 171
123303 168
123319 171
123335 170
123352 172
123368 170
123384 171
123401 170
123417 170
123433 172
123449 170
123466 171
123482 178
123498 175
123515 173
123531 156
123547 171
123563 169
123580 166
123596 170
123612 174
123629 173
123645 173
123661 172
123677 171
123694 173
123710 168
123726 172
123743 171
123759 172
123775 170
123791 169
123808 175
123824 170
123840 172
123857 149
123873 171
123889 171
123905 167
123922 171
123938 169
123954 167
123971 172
123988 171
124004 174
124021 170
124037 170
124053 173
124069 172
124086 170
124102 170
124118 169
124135 166
124151 170
124167 170
124183 170
124200 169
124216 171
124232 174
124249 173
124265 171
124281 169
124297 170
124314 171
124330 171
124346 170
124363 173
124379 169
124395 170
124411 170
124428 175
124444 170
124460 164
124477 171
124493 171
124509 170
124525 170
124542 170
124558 170
124574 171
124591 183
124607 170
124623 172
124639 167
124656 173
124672 172
124688 169
124705 174
124721 176
124737 172
124753 171
124770 175
124786 168
124802 170
124819 170
124835 170
124851 169
124867 169
124884 172
124900 172
124916 174
124933 168
124949 168
124965 170
124981 160
124999 173
125015 172
125031 170
125048 172
125064 172
125080 170
125097 171
125113 164
125129 173
125145 171
125162 167
125178 173
125194 169
125211 172
125227 171
125243 171
125259 168
125276 168
125292 170
125308 176
125325 169
125341 174
125357 174
125373 170
125390 169
125406 180
125422 173
125439 173
125455 172
125471 171
125487 169
125504 171
125520 170
125536 173
125553 172
125569 169
125585 171
125601 171
125618 170
125634 169
125650 170
125667 170
125683 171
125699 170
125715 173
125732 168
125748 172
125764 172
125781 170
125797 172
125813 166
125829 172
125846 170
125862 171
125878 171
125895 174
125911 168
125927 172
125943 170
125960 171
125976 169
125993 170
126010 169
126026 168
126042 172
126058 210
126075 171
126091 173
126107 169
126124 172
126140 174
126156 168
126172 174
126189 173
126205 166
126221 170
126238 170
126254 177
126270 170
126286 174
126303 171
126319 170
126335 170
126352 172
126368 172
126384 171
126400 170
126417 170
126433 172
126449 168
126466 172
126482 164
126498 172
126514 168
126531 163
126547 174
126563 167
126580 176
126596 174
126612 167
126628 169
126645 176
126661 173
126677 170
126694 170
126710 171
126726 170
126742 169
126759 173
126775 170
126791 171
126808 174
126824 169
126840 171
126856 178
126873 170
126889 171
126905 167
126922 170
126938 172
126954 170
126970 172
126988 172
127004 170
127020 164
127037 170
127053 169
127069 172
127086 169
127102 172
127118 170
127134 170
127151 165
127167 170
127183 170
127200 170
127216 173
127232 167
127248 171
127265 170
127281 151
127297 169
127314 168
127330 167
127346 172
127362 167
127379 168
127395 171
127411 170
127428 167
127444 172
127460 171
127476 171
127493 169
127509 170
127525 168
127542 168
127558 170
127574 171
127590 170
127607 176
127623 172
127639 174
127656 164
127672 167
127688 175
127704 170
127721 171
127737 171
127753 174
127770 170
127786 174
127802 171
127818 169
127835 172
127851 171
127867 170
127884 173
127900 171
127916 169
127932 178
127949 171
127965 171
127981 191
127999 171
128015 173
128031 181
128048 169
128064 171
128080 170
128097 173
128113 168
128129 168
128145 171
128162 172
128178 169
128194 171
128211 171
128227 171
128243 174
128259 172
128276 170
128292 169
128308 171
128325 169
128341 171
128357 170
128373 167
128390 172
128406 169
128422 170
128439 170
128455 171
128471 169
128487 75
128504 174
128520 168
128536 170
128553 168
128569 171
128585 171
128601 170
128618 188
128634 172
128650 171
128667 166
128683 165
128699 170
128715 169
128732 168
128748 200
128764 172
128781 172
128797 172
128813 173
128829 171
128846 173
128862 172
128878 186
128895 172
128911 172
128927 171
128943 171
128960 168
128976 171
128993 173
129010 171
129026 170
129042 175
129059 166
129075 172
129091 170
129107 169
129124 170
129140 172
129156 171
129173 168
129189 172
129205 173
129221 171
129238 173
129254 172
129270 172
129287 173
129303 170
129319 171
129335 174
129352 173
129368 169
129384 173
129401 168
129417 172
129433 170
129449 171
129466 170
129482 169
129498 171
129515 282
129531 171
129547 173
129563 171
129580 173
129596 174
129612 170
129629 170
129645 169
129661 171
129677 171
129694 176
129710 172
129726 169
129743 172
129759 172
129775 172
129791 168
129808 169
129824 169
129840 170
129857 238
129873 172
129889 172
129905 173
129922 172
129938 172
129954 165
129971 172
129988 175
130004 171
130021 173
130037 171
130053 171
130069 171
130086 172
130102 170
130118 175
130135 169
130151 166
130167 169
130183 170
130200 171
130216 171
130232 169
130249 172
130265 172
130281 145
130297 170
130314 173
130330 174
130346 171
130363 171
130379 170
130395 172
130411 165
130428 172
130444 173
130460 169
130477 176
130493 172
130509 171
130525 169
130542 174
130558 172
130574 171
130591 167
130607 173
130623 170
130639 171
130656 172
130672 176
130688 170
130705 168
130721 173
130737 174
130753 169
130770 168
130786 171
130802 178
130819 175
130835 169
130851 173
130867 172
130884 149
130900 175
130916 171
130933 169
130949 170
130965 167
130981 169
130999 172
131015 172
131031 172
131048 171
131064 174
131080 175
131097 171
131113 172
131129 171
131145 172
131162 171
131178 172
131194 170
131211 175
131227 168
131243 170
131259 174
131276 173
131292 167
131308 159
131325 170
131341 169
131357 169
131373 171
131390 172
131406 170
131422 172
131439 177
131455 168
131471 171
131487 170
131504 170
131520 172
131536 168
131553 174
131569 170
131585 169
131601 169
131618 171
131634 172
131650 171
131667 172
131683 171
131699 170
131715 168
131732 171
131748 171
131764 170
131781 169
131797 173
131813 170
131829 173
131846 172
131862 172
131878 168
131895 170
131911 172
131927 172
131943 171
131960 170
131976 172
131993 173
132010 169
132026 171
132042 170
132058 170
132075 171
132091 161
132107 169
132124 171
132140 171
132156 171
132172 170
132189 171
132205 173
132221 172
132238 174
132254 173
132270 172
132286 172
132303 171
132319 173
132335 172
132352 172
132368 172
132384 173
132400 168
132417 172
132433 167
132449 171
132466 171
132482 169
132498 171
132514 154
132531 171
132547 171
132563 172
132580 173
132596 171
132612 169
132628 170
132645 177
132661 170
132677 181
132694 179
132710 171
132726 171
132742 172
132759 172
132775 172
132791 172
132808 172
132824 171
132840 169
132856 242
132873 170
132889 169
132905 170
132922 173
132938 170
132954 169
132970 172
132988 175
133004 173
133020 169
133037 172
133053 173
133069 170
133086 171
133102 172
133118 169
133134 172
133151 170
133167 169
133183 168
133200 167
133216 169
133232 170
133248 170
133265 168
133281 184
133297 171
133314 173
133330 167
133346 173
133362 179
133379 174
133395 174
133411 185
133428 171
133444 170
133460 167
133476 172
133493 172
133509 172
133525 173
133542 182
133558 170
133574 170
133590 171
133607 170
133623 169
133639 170
133656 169
133672 174
133688 169
133704 166
133721 170
133737 169
133753 177
133770 172
133786 169
133802 172
133818 167
133835 174
133851 172
133867 174
133884 194
133900 173
133916 170
133932 167
133949 169
133965 169
133981 169
133999 170
134015 173
134031 171
134048 170
134064 177
