2 1467
55 1459
71 1448
88 1438
104 1429
120 1422
137 1410
153 1406
169 1389
186 1384
202 1353
218 1361
235 1352
251 1343
267 1335
284 1323
300 1316
316 1307
333 1296
349 1292
365 1279
382 1265
398 1260
414 1249
431 1241
447 1230
463 1220
480 1213
496 1202
512 1194
529 1188
545 1174
561 1162
578 1171
594 1142
610 1132
627 1132
643 1114
659 1104
676 1098
692 1086
708 1074
725 1069
741 1060
757 1047
774 1037
790 1027
806 1019
823 1010
839 997
855 990
872 979
888 970
904 962
921 950
937 938
953 904
970 919
987 910
1004 916
1020 893
1036 882
1053 865
1069 862
1085 851
1102 841
1118 834
1134 822
1151 813
1167 806
1183 770
1200 783
1216 777
1232 768
1249 753
1265 748
1281 738
1298 729
1314 689
1330 709
1347 700
1363 686
1379 679
1396 672
1412 662
1428 654
1445 642
1461 634
1477 624
1494 609
1510 605
1526 597
1543 586
1559 577
1575 566
1592 556
1608 546
1624 540
1641 528
1657 518
1673 509
1690 499
1706 489
1722 478
1739 476
1755 463
1771 453
1788 444
1804 460
1820 424
1837 414
1853 409
1869 398
1886 388
1902 374
1918 369
1935 354
1951 351
1967 338
1985 328
2001 319
2017 312
2034 301
2050 291
2066 283
2083 274
2099 263
2115 257
2132 249
2148 237
2164 232
2181 217
2197 208
2213 199
2230 193
2246 182
2262 172
2279 165
2295 152
2311 147
2328 187
2344 124
2360 116
2377 107
2393 93
2409 87
2426 114
2442 167
2458 224
2475 274
2491 328
2507 379
2524 434
2540 488
2556 546
2573 603
2589 655
2605 710
2622 767
2638 821
2654 879
2671 937
2687 992
2703 1051
2720 1108
2736 1163
2752 1233
2769 1279
2785 1337
2801 1389
2818 1453
2834 1512
2850 1572
2867 1626
2883 1681
2899 1739
2916 1798
2932 1855
2948 1916
2965 1971
2981 2034
2999 2092
3015 2147
3031 2202
3048 2261
3064 2296
3080 2374
3097 2434
3113 2492
3129 2547
3146 2604
3162 2663
3178 2715
3195 2767
3211 2824
3227 2882
3244 2935
3260 2989
3276 3052
3293 3103
3309 3152
3325 3206
3342 3253
3358 3243
3374 3233
3391 3222
3407 3219
3423 3205
3440 3200
3456 3187
3472 3179
3489 3171
3505 3162
3521 3153
3538 3138
3554 3134
3570 3128
3587 3120
3603 3111
3619 3098
3636 3095
3652 3084
3668 3072
3685 3068
3701 3056
3717 3047
3734 3040
3750 3026
3766 3020
3783 3011
3799 3002
3815 2993
3832 3004
3848 2976
3864 2969
3881 2959
3897 2950
3913 2943
3930 2934
3946 2915
3962 2915
3979 2905
3996 2896
4013 2869
4029 2879
4045 2872
4062 2860
4078 2850
4094 2842
4111 2831
4127 2822
4143 2822
4160 2803
4176 2795
4192 2789
4209 2778
4225 2766
4241 2761
4258 2755
4274 2741
4290 2732
4307 2727
4323 2715
4339 2706
4356 2700
4372 2687
4388 2679
4405 2668
4421 2661
4437 2654
4454 2640
4470 2632
4486 2619
4503 2614
4519 2603
4535 2594
4552 2586
4568 2578
4584 2566
4601 2560
4617 2550
4633 2542
4650 2537
4666 2523
4682 2512
4699 2504
4715 2496
4731 2484
4748 2478
4764 2465
4780 2456
4797 2449
4813 2435
4829 2432
4846 2420
4862 2408
4878 2399
4895 2391
4911 2383
4927 2373
4944 2359
4960 2298
4976 2342
4994 2334
5010 2328
5026 2321
5043 2307
5059 2297
5075 2288
5092 2236
5108 2271
5124 2261
5141 2250
5157 2240
5173 2231
5190 2219
5206 2210
5222 2203
5239 2194
5255 2183
5271 2177
5288 2166
5304 2156
5320 2144
5337 2133
5353 2136
5369 2118
5386 2109
5402 2108
5418 2092
5435 2079
5451 2070
5467 2062
5484 2050
5500 2043
5516 2029
5533 2020
5549 2012
5565 2005
5582 1994
5598 1985
5614 1993
5631 1967
5647 1954
5663 1953
5680 1939
5696 1928
5712 1920
5729 1911
5745 1897
5761 1890
5778 1880
5794 1876
5810 1860
5827 1855
5843 1842
5859 1834
5876 1822
5892 1813
5908 1801
5925 1794
5941 1787
5957 1778
5974 1769
5991 1762
6007 1744
6024 1736
6040 1733
6056 1721
6073 1709
6089 1694
6105 1688
6122 1680
6138 1667
6154 1659
6171 1650
6187 1642
6203 1633
6220 1622
6236 1613
6252 1601
6269 1592
6285 1583
6301 1574
6318 1566
6334 1556
6350 1548
6367 1537
6383 1529
6399 1515
6416 1507
6432 1494
6448 1488
6465 1478
6481 1469
6497 1456
6514 1449
6530 1438
6546 1430
6563 1404
6579 1411
6595 1402
6612 1386
6628 1381
6644 1373
6661 1362
6677 1354
6693 1345
6710 1330
6726 1327
6742 1318
6759 1305
6775 1296
6791 1285
6808 1273
6824 1267
6840 1258
6857 1246
6873 1237
6889 1224
6906 1213
6922 1208
6938 1194
6955 1185
6971 1178
6989 1167
7005 1160
7021 1151
7038 1140
7054 1130
7070 1119
7087 1107
7103 1100
7119 1092
7136 1078
7152 1073
7168 1059
7185 1054
7201 1041
7217 1033
7234 1026
7250 973
7266 1004
7283 993
7299 982
7315 973
7332 966
7348 955
7364 945
7381 951
7397 926
7413 917
7430 916
7446 896
7462 886
7479 878
7495 862
7511 858
7528 850
7544 839
7560 832
7577 817
7593 809
7609 801
7626 795
7642 773
7658 769
7675 761
7691 749
7707 745
7724 765
7740 723
7756 714
7773 703
7789 690
7805 686
7822 676
7838 662
7854 653
7871 645
7887 636
7903 626
7920 618
7936 597
7952 598
7969 588
7986 579
8002 568
8019 557
8035 542
8051 540
8068 536
8084 522
8100 514
8117 505
8133 492
8149 485
8166 478
8182 467
8198 459
8215 447
8231 438
8247 429
8264 419
8280 409
8296 400
8313 388
8329 387
8345 369
8362 358
8378 347
8394 340
8411 329
8427 325
8443 315
8460 293
8476 296
8492 286
8509 283
8525 269
8541 257
8558 250
8574 242
8590 230
8607 220
8623 213
8639 203
8656 198
8672 185
8688 175
8705 170
8721 153
8737 147
8754 118
8770 128
8786 118
8803 117
8819 101
8835 94
8852 97
8868 149
8884 201
8901 254
8917 301
8933 356
8950 411
8966 466
8982 528
9000 580
9016 631
9032 689
9049 738
9065 775
9081 854
9098 913
9114 967
9130 1030
9147 1084
9163 1140
9179 1194
9196 1239
9212 1310
9228 1366
9245 1427
9261 1482
9277 1540
9294 1597
9310 1653
9326 1714
9343 1767
9359 1827
9375 1883
9392 1941
9408 1997
9424 2048
9441 2110
9457 2167
9473 2225
9490 2285
9506 2339
9522 2396
9539 2452
9555 2513
9571 2564
9588 2710
9604 2670
9620 2731
9637 2788
9653 2841
9669 2897
9686 2952
9702 3005
9718 3061
9735 3114
9751 3167
9767 3219
9784 3248
9800 3239
9816 3230
9833 3221
9849 3213
9865 3211
9882 3248
9898 3187
9914 3178
9931 3170
9947 3161
9963 3148
9980 3141
9996 3134
10013 3118
10029 3113
10045 3106
10062 3100
10078 3087
10094 3079
10111 3066
10127 3059
10143 3042
10160 3041
10176 3032
10192 3025
10209 3015
10225 3008
10241 2998
10258 2984
10274 2978
10290 2972
10307 2962
10323 2952
10339 2943
10356 2948
10372 2922
10388 2917
10405 2905
10421 2897
10437 2886
10454 2881
10470 2870
10486 2857
10503 2853
10519 2842
10535 2832
10552 2824
10568 2815
10584 2808
10601 2798
10617 2786
10633 2781
10650 2771
10666 2763
10682 2752
10699 2746
10715 2732
10731 2725
10748 2716
10764 2708
10780 2698
10797 2690
10813 2678
10829 2666
10846 2662
10862 2650
10878 2642
10895 2631
10911 2624
10927 2612
10944 2606
10960 2592
10976 2590
10994 2577
11010 2568
11027 2558
11043 2550
11059 2540
11076 2534
11092 2523
11108 2511
11125 2506
11141 2493
11157 2487
11174 2478
11190 2467
11206 2457
11223 2443
11239 2438
11255 2427
11272 2417
11288 2412
11304 2401
11321 2395
11337 2382
11353 2371
11370 2364
11386 2354
11402 2341
11419 2336
11435 2325
11451 2318
11468 2302
11484 2299
11500 2288
11517 2280
11533 2264
11549 2259
11566 2249
11582 2240
11598 2232
11615 2221
11631 2212
11647 2203
11664 2198
11680 2187
11696 2176
11713 2168
11729 2156
11745 2147
11762 2136
11778 2132
11794 2121
11811 2110
11827 2093
11843 2090
11860 2079
11876 2073
11892 2062
11909 2053
11925 2043
11941 2033
11958 2024
11974 2013
11991 2006
12008 1995
12024 1985
12040 1974
12057 1964
12073 1954
12089 1946
12106 1942
12122 1926
12138 1918
12155 1908
12171 1896
12187 1890
12204 1880
12220 1869
12236 1859
12253 1852
12269 1841
12285 1830
12302 1785
12318 1811
12334 1801
12351 1793
12367 1782
12383 1775
12400 1761
12416 1756
12432 1747
12449 1736
12465 1728
12481 1718
12498 1712
12514 1694
12530 1691
12547 1678
12563 1671
12579 1658
12596 1653
12612 1637
12628 1607
12645 1618
12661 1609
12677 1604
12694 1592
12710 1585
12726 1570
12743 1563
12759 1553
12775 1546
12792 1536
12808 1524
12824 1517
12841 1503
12857 1496
12873 1490
12890 1474
12906 1467
12922 1459
12939 1447
12955 1439
12971 1427
12989 1420
13005 1409
13021 1400
13038 1392
13054 1381
13070 1372
13087 1364
13103 1340
13119 1344
13136 1335
13152 1318
13168 1312
13185 1303
13201 1298
13217 1285
13234 1273
13250 1264
13266 1253
13283 1248
13299 1237
13315 1225
13332 1217
13348 1206
13364 1197
13381 1188
13397 1177
13413 1169
13430 1158
13446 1147
13462 1139
13479 1129
13495 1114
13511 1106
13528 1094
13544 1093
13560 1082
13577 1060
13593 1062
13609 1051
13626 1041
13642 1031
13658 1023
13675 1012
13691 1002
13707 992
13724 982
13740 973
13756 963
13773 955
13789 945
13805 938
13822 926
13838 920
13854 907
13871 897
13887 889
13903 881
13920 869
13936 860
13952 829
13969 839
13986 828
14003 808
14019 807
14035 797
14052 796
14068 780
14084 770
14101 765
14117 750
14133 743
14150 735
14166 724
14182 716
14199 707
14215 695
14231 686
14248 681
14264 665
14280 660
14297 650
14313 636
14329 633
14346 619
14362 608
14378 590
14395 588
14411 579
14427 564
14444 564
14460 553
14476 545
14493 536
14509 524
14525 516
14542 508
14558 497
14574 490
14591 477
14607 469
14623 461
14640 454
14656 439
14672 435
14689 416
14705 412
14721 404
14738 392
14754 384
14770 374
14787 365
14803 349
14819 346
14836 338
14852 327
14868 319
14885 312
14901 298
14917 292
14934 281
14950 271
14966 263
14983 252
15000 246
15016 236
15033 227
15049 218
15065 206
15082 197
15098 185
15114 176
15131 171
15147 161
15163 154
15180 144
15196 134
15212 123
15229 118
15245 106
15261 96
15278 79
15294 123
15310 174
15327 238
15343 285
15359 334
15376 391
15392 446
15408 498
15425 554
15441 607
15457 661
15474 717
15490 776
15506 832
15523 896
15539 950
15555 1006
15572 1061
15588 1119
15604 1175
15621 1236
15637 1294
15653 1369
15670 1410
15686 1464
15702 1521
15719 1579
15735 1638
15751 1695
15768 1753
15784 1812
15800 1870
15817 1927
15833 1986
15849 2041
15866 2100
15882 2157
15898 2213
15915 2273
15931 2328
15947 2387
15964 2443
15980 2500
15996 2557
16013 2614
16029 2666
16045 2725
16062 2782
16078 2849
16094 2889
16111 2948
16127 3014
16143 3054
16160 3111
16176 3165
16192 3219
16209 3249
16225 3243
16241 3228
16258 3222
16274 3211
16290 3204
16307 3195
16323 3186
16339 3177
16356 3170
16372 3162
16388 3155
16405 3143
16421 3135
16437 3126
16454 3111
16470 3106
16486 3099
16503 3093
16519 3088
16535 3072
16552 3071
16568 3054
16584 3045
16601 3038
16617 3028
16633 3019
16650 3014
16666 3002
16682 2993
16699 2984
16715 2975
16731 2966
16748 2960
16764 2948
16780 2941
16797 2931
16813 2921
16829 2913
16846 2904
16862 2896
16878 2864
16895 2876
16911 2866
16927 2867
16944 2851
16960 2842
16976 2842
16994 2820
17010 2816
17027 2813
17043 2797
17059 2789
17076 2778
17092 2767
17108 2758
17125 2749
17141 2741
17157 2732
17174 2724
17190 2714
17206 2705
17223 2696
17239 2685
17255 2676
17272 2669
17288 2659
17304 2651
17321 2641
17337 2632
17353 2637
17370 2616
17386 2607
17402 2607
17419 2590
17435 2579
17451 2569
17468 2560
17484 2552
17500 2539
17517 2532
17533 2523
17549 2511
17566 2505
17582 2496
17598 2483
17615 2473
17631 2467
17647 2457
17664 2448
17680 2439
17696 2433
17713 2420
17729 2408
17745 2402
17762 2393
17778 2387
17794 2373
17811 2367
17827 2353
17843 2346
17860 2337
17876 2327
17892 2318
17909 2309
17925 2297
17941 2287
17958 2280
17974 2268
17991 2259
18008 2251
18024 2240
18040 2231
18057 2222
18073 2215
18089 2206
18106 2194
18122 2185
18138 2176
18155 2170
18171 2157
18187 2148
18204 2142
18220 2130
18236 2121
18253 2118
18269 2101
18285 2092
18302 2064
18318 2068
18334 2062
18351 2050
18367 2041
18383 2034
18400 2023
18416 2017
18432 2005
18449 1994
18465 1985
18481 1978
18498 1967
18514 1958
18530 1949
18547 1938
18563 1929
18579 1918
18596 1910
18612 1900
18628 1881
18645 1881
18661 1872
18677 1861
18694 1848
18710 1843
18726 1834
18743 1823
18759 1813
18775 1806
18792 1794
18808 1785
18824 1776
18841 1764
18857 1756
18873 1751
18890 1739
18906 1728
18922 1718
18939 1709
18955 1700
18971 1691
18989 1675
19005 1670
19021 1659
19038 1650
19054 1638
19070 1634
19087 1623
19103 1610
19119 1602
19136 1594
19152 1571
19168 1572
19185 1566
19201 1553
19217 1546
19234 1536
19250 1527
19266 1518
19283 1508
19299 1497
19315 1488
19332 1480
19348 1470
19364 1460
19381 1451
19397 1438
19413 1429
19430 1418
19446 1412
19462 1407
19479 1391
19495 1382
19511 1375
19528 1381
19544 1357
19560 1344
19577 1341
19593 1327
19609 1317
19626 1304
19642 1297
19658 1289
19675 1277
19691 1267
19707 1259
19724 1248
19740 1240
19756 1230
19773 1219
19789 1210
19805 1202
19822 1191
19838 1182
19854 1173
19871 1169
19887 1155
19903 1147
19920 1133
19936 1119
19952 1110
19969 1104
19986 1097
20003 1087
20019 1076
20035 1067
20052 1143
20068 1046
20084 1039
20101 1028
20117 1019
20133 1009
20150 1002
20166 993
20182 981
20199 974
20215 967
20231 955
20248 945
20264 936
20280 926
20297 917
20313 906
20329 897
20346 887
20362 879
20378 852
20395 861
20411 851
20427 820
20444 828
20460 821
20476 812
20493 800
20509 791
20525 782
20542 772
20558 756
20574 751
20591 743
20607 727
20623 726
20640 714
20656 703
20672 697
20689 685
20705 676
20721 663
20738 658
20754 646
20770 638
20787 626
20803 618
20819 608
20836 599
20852 587
20868 579
20885 571
20901 567
20917 553
20934 553
20950 534
20966 522
20983 510
21000 505
21016 494
21033 484
21049 480
21065 466
21082 458
21098 449
21114 434
21131 429
21147 416
21163 407
21180 400
21196 392
21212 382
21229 373
21245 344
21261 352
21278 344
21294 338
21310 331
21327 320
21343 311
21359 300
21376 294
21392 282
21408 270
21425 265
21441 254
21457 244
21474 235
21490 219
21506 227
21523 207
21539 197
21555 186
21572 182
21588 171
21604 157
21621 150
21637 140
21653 130
21670 123
21686 118
21702 111
21719 98
21735 88
21751 124
21768 174
21784 225
21800 281
21817 336
21833 389
21849 443
21866 497
21882 572
21898 607
21915 663
21931 719
21947 777
21964 832
21980 891
21996 945
22013 1022
22029 1056
22045 1116
22062 1178
22078 1232
22094 1292
22111 1349
22127 1407
22143 1468
22160 1520
22176 1581
22192 1639
22209 1692
22225 1751
22241 1810
22258 1867
22274 1921
22290 1985
22307 2043
22323 2096
22339 2158
22356 2213
22372 2275
22388 2325
22405 2383
22421 2442
22437 2501
22454 2555
22470 2612
22486 2667
22503 2720
22519 2778
22535 2802
22552 2890
22568 2943
22584 2999
22601 3051
22617 3109
22633 3162
22650 3218
22666 3248
22682 3241
22699 3229
22715 3223
22731 3219
22748 3202
22764 3196
22780 3188
22797 3178
22813 3173
22829 3113
22846 3154
22862 3144
22878 3136
22895 3127
22911 3118
22927 3106
22944 3100
22960 3095
22976 3080
22994 3074
23010 3066
23027 3054
23043 3047
23059 3037
23076 3031
23092 3020
23108 3007
23125 3002
23141 2989
23157 2986
23174 2973
23190 2969
23206 2959
23223 2950
23239 2940
23255 2931
23272 2919
23288 2911
23304 2903
23321 2895
23337 2883
23353 2875
23370 2869
23386 2857
23402 2856
23419 2840
23435 2835
23451 2824
23468 2813
23484 2817
23500 2795
23517 2787
23533 2776
23549 2767
23566 2759
23582 2748
23598 2741
23615 2720
23631 2721
23647 2710
23664 2701
23680 2692
23696 2684
23713 2677
23729 2668
23745 2657
23762 2650
23778 2632
23794 2633
23811 2630
23827 2618
23843 2607
23860 2592
23876 2584
23892 2575
23909 2564
23925 2556
23941 2549
23958 2541
23974 2527
23991 2517
24008 2506
24024 2499
24040 2491
24057 2481
24073 2471
24089 2476
24106 2457
24122 2441
24138 2431
24155 2422
24171 2416
24187 2414
24204 2397
24220 2388
24236 2378
24253 2369
24269 2361
24285 2351
24302 2338
24318 2333
24334 2318
24351 2309
24367 2305
24383 2294
24400 2283
24416 2276
24432 2282
24449 2256
24465 2252
24481 2238
24498 2224
24514 2207
24530 2205
24547 2196
24563 2184
24579 2180
24596 2169
24612 2162
24628 2153
24645 2142
24661 2133
24677 2124
24694 2113
24710 2105
24726 2129
24743 2084
24759 2068
24775 2066
24792 2056
24808 2049
24824 2038
24841 2030
24857 2020
24873 2008
24890 1996
24906 1985
24922 1982
24939 1967
24955 1961
24971 1954
24989 1942
25005 1930
25021 1921
25038 1910
25054 1901
25070 1900
25087 1883
25103 1873
25119 1864
25136 1857
25152 1866
25168 1836
25185 1829
25201 1821
25217 1808
25234 1799
25250 1788
25266 1777
25283 1769
25299 1756
25315 1749
25332 1737
25348 1730
25364 1721
25381 1713
25397 1698
25413 1691
25430 1681
25446 1672
25462 1664
25479 1654
25495 1642
25511 1634
25528 1625
25544 1618
25560 1608
25577 1594
25593 1582
25609 1576
25626 1568
25642 1558
25658 1549
25675 1536
25691 1531
25707 1519
25724 1510
25740 1490
25756 1488
25773 1480
25789 1467
25805 1449
25822 1452
25838 1441
25854 1435
25871 1424
25887 1412
25903 1402
25920 1396
25936 1384
25952 1376
25969 1365
25986 1358
26003 1345
26019 1335
26035 1324
26052 1315
26068 1307
26084 1296
26101 1287
26117 1274
26133 1265
26150 1257
26166 1246
26182 1239
26199 1228
26215 1218
26231 1212
26248 1200
26264 1196
26280 1175
26297 1174
26313 1158
26329 1140
26346 1140
26362 1130
26378 1127
26395 1114
26411 1101
26427 1091
26444 1084
26460 1069
26476 1062
26493 1051
26509 1041
26525 1033
26542 1026
26558 1015
26574 1009
26591 994
26607 986
26623 977
26640 985
26656 953
26672 950
26689 936
26705 927
26721 916
26738 907
26754 895
26770 892
26787 880
26803 870
26819 861
26836 849
26852 845
26868 831
26885 820
26901 813
26917 803
26934 807
26950 782
26966 775
26983 763
27000 751
27016 742
27033 737
27049 728
27065 703
27082 707
27098 698
27114 684
27131 677
27147 668
27163 654
27180 646
27196 639
27212 627
27229 619
27245 611
27261 602
27278 593
27294 584
27310 569
27327 555
27343 554
27359 538
27376 534
27392 525
27408 516
27425 511
27441 497
27457 590
27474 476
27490 468
27506 454
27523 448
27539 439
27555 428
27572 418
27588 410
27604 401
27621 392
27637 382
27653 372
27670 366
27686 354
27702 342
27719 337
27735 324
27751 368
27768 305
27784 300
27800 288
27817 279
27833 270
27849 259
27866 255
27882 235
27898 226
27915 223
27931 210
27947 204
27964 196
27980 185
27996 182
28013 173
28029 160
28045 151
28062 142
28078 132
28094 121
28111 115
28127 104
28143 100
28160 85
28176 130
28192 183
28209 236
28225 289
28241 343
28258 395
28274 451
28290 504
28307 559
28323 613
28339 672
28356 725
28372 780
28388 840
28405 896
28421 950
28437 1009
28454 1066
28470 1122
28486 1178
28503 1237
28519 1296
28535 1323
28552 1408
28568 1465
28584 1525
28601 1575
28617 1635
28633 1692
28650 1753
28666 1809
28682 1871
28699 1926
28715 1983
28731 2033
28748 2096
28764 2154
28780 2213
28797 2266
28813 2322
28829 2360
28846 2432
28862 2490
28878 2553
28895 2606
28911 2663
28927 2719
28944 2775
28960 2826
28976 2883
28994 2939
29010 2997
29027 3051
29043 3106
29059 3156
29076 3215
29092 3250
29108 3241
29125 3234
29141 3222
29157 3214
29174 3206
29190 3198
29206 3189
29223 3183
29239 3169
29255 3162
29272 3153
29288 3142
29304 3133
29321 3128
29337 3114
29353 3083
29370 3102
29386 3092
29402 3088
29419 3076
29435 3064
29451 3058
29468 3047
29484 3056
29500 3031
29517 3021
29533 3014
29549 3010
29566 2995
29582 2984
29598 2977
29615 2968
29631 2957
29647 2951
29664 2938
29680 2929
29696 2919
29713 2911
29729 2901
29745 2894
29762 2887
29778 2884
29794 2866
29811 2858
29827 2847
29843 2834
29860 2832
29876 2819
29892 2815
29909 2809
29925 2795
29941 2784
29958 2773
29974 2765
29991 2758
30008 2744
30024 2738
30040 2727
30057 2720
30073 2711
30089 2658
30106 2690
30122 2682
30138 2673
30155 2666
30171 2654
30187 2646
30204 2634
30220 2625
30236 2612
30253 2607
30269 2598
30285 2591
30302 2578
30318 2568
30334 2561
30351 2553
30367 2540
30383 2532
30400 2519
30416 2515
30432 2508
30449 2499
30465 2484
30481 2474
30498 2466
30514 2458
30530 2449
30547 2438
30563 2440
30579 2420
30596 2412
30612 2401
30628 2393
30645 2381
30661 2371
30677 2363
30694 2351
30710 2343
30726 2354
30743 2326
30759 2315
30775 2304
30792 2295
30808 2286
30824 2280
30841 2268
30857 2270
30873 2249
30890 2241
30906 2228
30922 2222
30939 2211
30955 2204
30971 2190
30989 2183
31005 2174
31021 2162
31038 2167
31054 2146
31070 2134
31087 2127
31103 2117
31119 2107
31136 2090
31152 2092
31168 2073
31185 2069
31201 2060
31217 2051
31234 2043
31250 2045
31266 2022
31283 2011
31299 2008
31315 1992
31332 1983
31348 1971
31364 1965
31381 1963
31397 1941
31413 1934
31430 1919
31446 1914
31462 1907
31479 1896
31495 1884
31511 1883
31528 1867
31544 1858
31560 1849
31577 1843
31593 1827
31609 1820
31626 1812
31642 1800
31658 1792
31675 1782
31691 1768
31707 1763
31724 1749
31740 1742
31756 1736
31773 1724
31789 1711
31805 1708
31822 1695
31838 1682
31854 1675
31871 1665
31887 1656
31903 1651
31920 1635
31936 1625
31952 1620
31969 1606
31986 1585
32003 1587
32019 1579
32035 1562
32052 1558
32068 1547
32084 1539
32101 1529
32117 1517
32133 1508
32150 1499
32166 1493
32182 1480
32199 1471
32215 1462
32231 1453
32248 1444
32264 1432
32280 1424
32297 1415
32313 1404
32329 1394
32346 1383
32362 1373
32378 1363
32395 1354
32411 1342
32427 1351
32444 1322
32460 1313
32476 1305
32493 1295
32509 1285
32525 1267
32542 1269
32558 1254
32574 1250
32591 1238
32607 1220
32623 1216
32640 1213
32656 1200
32672 1189
32689 1182
32705 1169
32721 1162
32738 1153
32754 1141
32770 1132
32787 1124
32803 1125
32819 1103
32836 1093
32852 1087
32868 1073
32885 1066
32901 1053
32917 1045
32934 1037
32950 1021
32966 1013
32983 1005
33000 996
33016 986
33033 976
33049 969
33065 956
33082 948
33098 939
33114 928
33131 919
33147 910
33163 899
33180 891
33196 881
33212 868
33229 859
33245 850
33261 840
33278 837
33294 821
33310 816
33327 817
33343 793
33359 784
33376 775
33392 764
33408 754
33425 746
33441 736
33457 727
33474 718
33490 706
33506 697
33523 689
33539 680
33555 667
33572 660
33588 647
33604 641
33621 629
33637 624
33653 610
33670 601
33686 593
33702 585
33719 586
33735 564
33751 575
33768 545
33784 534
33800 528
33817 519
33833 508
33849 501
33866 489
33882 480
33898 471
33915 460
33931 451
33947 441
33964 432
33980 422
33996 413
34013 402
34029 395
34045 383
34062 372
34078 379
34094 360
34111 347
34127 337
34143 329
34160 321
34176 375
34192 302
34209 296
34225 279
34241 278
34258 267
34274 254
34290 244
34307 238
34323 228
34339 218
34356 211
34372 199
34388 192
34405 183
34421 174
34437 166
34454 153
34470 146
34486 144
34503 116
34519 117
34535 107
34552 88
34568 93
34584 102
34601 150
34617 207
34633 263
34650 313
34666 368
34682 424
34699 474
34715 527
34731 591
34748 644
34764 699
34780 758
34797 811
34813 884
34829 929
34846 990
34862 1047
34878 1100
34895 1160
34911 1214
34927 1253
34944 1330
34960 1388
34976 1443
34994 1503
35010 1566
35027 1619
35043 1689
35059 1737
35076 1799
35092 1855
35108 1912
35125 1971
35141 2028
35157 2086
35174 2143
35190 2201
35206 2259
35223 2318
35239 2374
35255 2431
35272 2489
35288 2544
35304 2601
35321 2657
35337 2713
35353 2770
35370 2827
35386 2878
35402 2921
35419 2989
35435 3043
35451 3046
35468 3156
35484 3209
35500 3249
35517 3244
35533 3232
35549 3217
35566 3218
35582 3208
35598 3197
35615 3190
35631 3182
35647 3172
35664 3165
35680 3157
35696 3146
35713 3134
35729 3127
35745 3118
35762 3113
35778 3090
35794 3093
35811 3078
35827 3064
35843 3068
35860 3058
35876 3049
35892 3040
35909 3033
35925 3023
35941 3014
35958 3006
35974 3001
35991 2987
36008 2978
36024 2970
36040 2958
36057 2949
36073 2942
36089 2931
36106 2923
36122 2914
36138 2908
36155 2904
36171 2887
36187 2880
36204 2876
36220 2859
36236 2852
36253 2834
36269 2834
36285 2824
36302 2807
36318 2809
36334 2798
36351 2787
36367 2779
36383 2772
36400 2760
36416 2751
36432 2742
36449 2731
36465 2725
36481 2716
36498 2708
36514 2704
36530 2689
36547 2678
36563 2668
36579 2662
36596 2654
36612 2641
36628 2636
36645 2625
36661 2613
36677 2606
36694 2597
36710 2588
36726 2573
36743 2570
36759 2560
36775 2548
36792 2541
36808 2530
36824 2518
36841 2517
36857 2505
36873 2492
36890 2488
36906 2478
36922 2466
36939 2459
36955 2450
36971 2441
36989 2431
37005 2419
37021 2409
37038 2402
37054 2391
37070 2385
37087 2372
37103 2357
37119 2352
37136 2345
37152 2344
37168 2324
37185 2315
37201 2295
37217 2304
37234 2290
37250 2278
37266 2280
37283 2264
37299 2246
37315 2244
37332 2231
37348 2223
37364 2216
37381 2207
37397 2194
37413 2187
37430 2176
37446 2170
37462 2156
37479 2149
37495 2138
37511 2129
37528 2123
37544 2109
37560 2103
37577 2086
37593 2075
37609 2069
37626 2064
37642 2053
37658 2042
37675 2036
37691 2023
37707 2018
37724 2002
37740 1995
37756 1989
37773 1979
37789 1967
37805 1958
37822 1948
37838 1936
37854 1929
37871 1920
37887 1905
37903 1901
37920 1890
37936 1879
37952 1868
37969 1863
37986 1855
38003 1836
38019 1829
38035 1825
38052 1810
38068 1804
38084 1795
38101 1784
38117 1773
38133 1769
38150 1758
38166 1743
38182 1737
38199 1721
38215 1714
38231 1706
38248 1699
38264 1687
38280 1678
38297 1675
38313 1663
38329 1653
38346 1645
38362 1627
38378 1613
38395 1605
38411 1602
38427 1598
38444 1583
38460 1571
38476 1571
38493 1555
38509 1543
38525 1530
38542 1524
38558 1512
38574 1504
38591 1494
38607 1483
38623 1475
38640 1466
38656 1448
38672 1446
38689 1439
38705 1431
38721 1423
38738 1405
38754 1398
38770 1390
38787 1377
38803 1341
38819 1360
38836 1349
38852 1333
38868 1332
38885 1321
38901 1310
38917 1301
38934 1290
38950 1281
38966 1273
38983 1261
39000 1257
39016 1241
39033 1236
39049 1220
39065 1211
39082 1206
39098 1196
39114 1185
39131 1176
39147 1161
39163 1156
39180 1146
39196 1137
39212 1129
39229 1116
39245 1106
39261 1094
39278 1087
39294 1077
39310 1067
39327 1057
39343 1055
39359 1037
39376 1028
39392 1023
39408 1009
39425 1010
39441 993
39457 980
39474 977
39490 962
39506 954
39523 941
39539 936
39555 923
39572 914
39588 899
39604 896
39621 887
39637 876
39653 866
39670 855
39686 845
39702 837
39719 829
39735 817
39751 803
39768 801
39784 798
39800 775
39817 769
39833 764
39849 755
39866 743
39882 735
39898 719
39915 715
39931 704
39947 694
39964 684
39980 675
39996 668
40013 656
40029 646
40045 641
40062 631
40078 639
40094 616
40111 598
40127 593
40143 585
40160 576
40176 547
40192 556
40209 547
40225 538
40241 531
40258 520
40274 511
40290 500
40307 492
40323 481
40339 471
40356 463
40372 453
40388 447
40405 438
40421 424
40437 418
40454 409
40470 399
40486 387
40503 395
40519 365
40535 358
40552 364
40568 341
40584 331
40601 326
40617 320
40633 305
40650 297
40666 286
40682 275
40699 268
40715 256
40731 249
40748 239
40764 230
40780 221
40797 215
40813 203
40829 200
40846 189
40862 174
40878 171
40895 153
40911 145
40927 138
40944 129
40960 122
40976 111
40994 99
41010 91
41027 93
41043 143
41059 195
41076 253
41092 302
41108 358
41125 414
41141 466
41157 519
41174 582
41190 636
41206 692
41223 751
41239 805
41255 858
41272 918
41288 968
41304 1029
41321 1085
41337 1145
41353 1198
41370 1260
41386 1313
41402 1375
41419 1434
41435 1491
41451 1559
41468 1607
41484 1664
41500 1722
41517 1778
41533 1833
41549 1891
41566 1953
41582 2012
41598 2080
41615 2124
41631 2182
41647 2240
41664 2297
41680 2355
41696 2410
41713 2463
41729 2525
41745 2579
41762 2636
41778 2688
41794 2751
41811 2804
41827 2871
41843 2918
41860 2972
41876 3031
41892 3079
41909 3136
41925 3189
41941 3244
41958 3245
41974 3240
41991 3228
42008 3214
42024 3212
42040 3202
42057 3192
42073 3184
42089 3175
42106 3164
42122 3156
42138 3148
42155 3140
42171 3129
42187 3123
42204 3115
42220 3104
42236 3096
42253 3086
42269 3079
42285 3071
42302 3069
42318 3054
42334 3044
42351 3036
42367 3028
42383 3018
42400 3009
42416 3000
42432 2992
42449 2983
42465 2971
42481 2964
42498 2952
42514 2945
42530 2939
42547 2931
42563 2920
42579 2912
42596 2897
42612 2889
42628 2885
42645 2877
42661 2866
42677 2859
42694 2849
42710 2840
42726 2826
42743 2821
42759 2807
42775 2802
42792 2795
42808 2784
42824 2775
42841 2767
42857 2758
42873 2746
42890 2743
42906 2730
42922 2721
42939 2711
42955 2696
42971 2691
42989 2676
43005 2670
43021 2666
43038 2656
43054 2646
43070 2636
43087 2630
43103 2617
43119 2608
43136 2602
43152 2589
43168 2580
43185 2573
43201 2562
43217 2556
43234 2547
43250 2537
43266 2529
43283 2517
43299 2511
43315 2501
43332 2491
43348 2480
43364 2472
43381 2462
43397 2451
43413 2441
43430 2434
43446 2423
43462 2415
43479 2406
43495 2397
43511 2388
43528 2377
43544 2368
43560 2356
43577 2347
43593 2339
43609 2329
43626 2303
43642 2312
43658 2302
43675 2290
43691 2282
43707 2274
43724 2264
43740 2251
43756 2244
43773 2235
43789 2229
43805 2218
43822 2204
43838 2196
43854 2187
43871 2178
43887 2166
43903 2158
43920 2150
43936 2137
43952 2133
43969 2118
43986 2114
44003 2103
44019 2094
44035 2082
44052 2076
44068 2064
44084 2055
44101 2044
44117 2020
44133 2024
44150 2015
44166 2010
44182 1996
44199 1987
44215 1977
44231 1966
44248 1955
44264 1945
44280 1939
44297 1930
44313 1918
44329 1910
44346 1902
44362 1890
44378 1882
44395 1872
44411 1861
44427 1854
44444 1847
44460 1831
44476 1826
44493 1814
44509 1759
44525 1796
44542 1785
44558 1774
44574 1766
44591 1754
44607 1745
44623 1735
44640 1725
44656 1717
44672 1709
44689 1697
44705 1688
44721 1684
44738 1669
44754 1656
44770 1650
44787 1638
44803 1667
44819 1621
44836 1609
44852 1600
44868 1591
44885 1580
44901 1561
44917 1560
44934 1553
44950 1540
44966 1532
44983 1524
45000 1512
45016 1499
45033 1492
45049 1479
45065 1473
45082 1465
45098 1453
45114 1439
45131 1434
45147 1430
45163 1415
45180 1406
45196 1398
45212 1385
45229 1377
45245 1364
45261 1355
45278 1344
45294 1335
45310 1326
45327 1315
45343 1308
45359 1298
45376 1287
45392 1280
45408 1271
45425 1258
45441 1250
45457 1241
45474 1229
45490 1221
45506 1206
45523 1201
45539 1191
45555 1179
45572 1178
45588 1154
45604 1151
45621 1144
45637 1137
45653 1121
45670 1113
45686 1102
45702 1089
45719 1085
45735 1073
45751 1059
45768 1057
45784 1045
45800 1037
45817 1028
45833 1016
45849 1001
45866 999
45882 983
45898 978
45915 976
45931 961
45947 948
45964 942
45980 930
45996 918
46013 895
46029 898
46045 890
46062 883
46078 873
46094 863
46111 855
46127 841
46143 834
46160 823
46176 811
46192 799
46209 793
46225 749
46241 771
46258 767
46274 752
46290 744
46307 737
46323 727
46339 718
46356 705
46372 695
46388 687
46405 674
46421 665
46437 662
46454 649
46470 645
46486 632
46503 621
46519 616
46535 614
46552 594
46568 583
46584 575
46601 562
46617 556
46633 544
46650 535
46666 527
46682 516
46699 508
46715 495
46731 488
46748 477
46764 469
46780 460
46797 450
46813 442
46829 446
46846 424
46862 412
46878 406
46895 395
46911 385
46927 376
46944 375
46960 331
46976 349
46994 337
47010 324
47027 321
47043 309
47059 299
47076 289
47092 282
47108 267
47125 264
47141 229
47157 245
47174 234
47190 226
47206 216
47223 209
47239 200
47255 191
47272 180
47288 167
47304 162
47321 152
47337 145
47353 136
47370 126
47386 110
47402 108
47419 95
47435 86
47451 112
47468 166
47484 219
47500 279
47517 326
47533 381
47549 436
47566 492
47582 546
47598 599
47615 661
47631 712
47647 772
47664 825
47680 882
47696 938
47713 993
47729 1051
47745 1109
47762 1166
47778 1221
47794 1277
47811 1338
47827 1389
47843 1450
47860 1512
47876 1570
47892 1620
47909 1676
47925 1740
47941 1800
47958 1856
47974 1913
47991 1976
48008 2032
48024 2089
48040 2148
48057 2202
48073 2259
48089 2318
48106 2372
48122 2429
48138 2491
48155 2544
48171 2599
48187 2655
48204 2711
48220 2767
48236 2824
48253 2878
48269 2934
48285 2988
48302 3055
48318 3096
48334 3148
48351 3205
48367 3256
48383 3241
48400 3233
48416 3225
48432 3210
48449 3207
48465 3201
48481 3189
48498 3179
48514 3170
48530 3164
48547 3154
48563 3149
48579 3139
48596 3129
48612 3118
48628 3112
48645 3104
48661 3094
48677 3089
48694 3075
48710 3067
48726 3042
48743 3049
48759 3041
48775 3032
48792 3023
48808 3014
48824 3007
48841 2995
48857 2990
48873 2980
48890 2969
48906 2966
48922 2952
48939 2946
48955 2934
48971 2927
48989 2921
49005 2908
49021 2897
49038 2904
49054 2883
49070 2873
49087 2859
49103 2854
49119 2843
49136 2835
49152 2824
49168 2835
49185 2807
49201 2800
49217 2789
49234 2783
49250 2775
49266 2762
49283 2755
49299 2743
49315 2737
49332 2726
49348 2717
49364 2706
49381 2712
49397 2688
49413 2682
49430 2672
49446 2661
49462 2653
49479 2643
49495 2632
49511 2625
49528 2618
49544 2606
49560 2597
49577 2587
49593 2572
49609 2567
49626 2560
49642 2550
49658 2540
49675 2533
49691 2525
49707 2514
49724 2505
49740 2496
49756 2487
49773 2479
49789 2467
49805 2459
49822 2448
49838 2440
49854 2425
49871 2419
49887 2413
49903 2397
49920 2392
49936 2381
49952 2371
49969 2363
49986 2347
50003 2342
50019 2333
50035 2326
50052 2315
50068 2306
50084 2295
50101 2285
50117 2286
50133 2268
50150 2255
50166 2247
50182 2237
50199 2227
50215 2216
50231 2207
50248 2201
50264 2190
50280 2174
50297 2169
50313 2160
50329 2150
50346 2141
50362 2133
50378 2118
50395 2111
50411 2108
50427 2091
50444 2084
50460 2072
50476 2062
50493 2055
50509 2027
50525 2035
50542 2025
50558 2015
50574 2006
50591 1997
50607 1983
50623 1976
50640 1945
50656 1956
50672 1947
50689 1940
50705 1928
50721 1921
50738 1911
50754 1899
50770 1889
50787 1881
50803 1859
50819 1861
50836 1853
50852 1840
50868 1833
50885 1822
50901 1810
50917 1803
50934 1778
50950 1784
50966 1772
50983 1761
51000 1753
51016 1743
51033 1738
51049 1727
51065 1714
51082 1709
51098 1697
51114 1684
51131 1676
51147 1669
51163 1655
51180 1648
51196 1637
51212 1629
51229 1620
51245 1611
51261 1598
51278 1589
51294 1580
51310 1570
51327 1470
51343 1556
51359 1539
51376 1530
51392 1522
51408 1515
51425 1506
51441 1493
51457 1483
51474 1475
51490 1462
51506 1452
51523 1443
51539 1433
51555 1423
51572 1417
51588 1423
51604 1393
51621 1386
51637 1376
51653 1366
51670 1356
51686 1347
51702 1337
51719 1327
51735 1317
51751 1309
51768 1299
51784 1289
51800 1275
51817 1269
51833 1259
51849 1249
51866 1239
51882 1240
51898 1217
51915 1211
51931 1200
51947 1188
51964 1180
51980 1173
51996 1160
52013 1134
52029 1136
52045 1129
52062 1117
52078 1108
52094 1100
52111 1090
52127 1083
52143 1074
52160 1062
52176 1053
52192 1059
52209 1047
52225 1021
52241 1017
52258 1004
52274 992
52290 982
52307 974
52323 965
52339 954
52356 947
52372 938
52388 922
52405 916
52421 908
52437 896
52454 889
52470 875
52486 871
52503 856
52519 848
52535 841
52552 829
52568 794
52584 812
52601 805
52617 794
52633 781
52650 772
52666 761
52682 754
52699 743
52715 732
52731 726
52748 713
52764 703
52780 690
52797 685
52813 675
52829 667
52846 659
52862 647
52878 638
52895 630
52911 624
52927 608
52944 601
52960 591
52976 573
52994 571
53010 560
53027 562
53043 543
53059 533
53076 523
53092 511
53108 501
53125 490
53141 485
53157 474
53174 459
53190 460
53206 446
53223 441
53239 433
53255 417
53272 411
53288 400
53304 392
53321 385
53337 373
53353 364
53370 356
53386 343
53402 336
53419 328
53435 319
53451 281
53468 299
53484 289
53500 278
53517 271
53533 261
53549 255
53566 246
53582 236
53598 224
53615 218
53631 205
53647 198
53664 192
53680 178
53696 171
53713 161
53729 151
53745 137
53762 135
53778 131
53794 116
53811 106
53827 109
53843 84
53860 118
53876 161
53892 224
53909 281
53925 331
53941 387
53958 442
53974 499
53991 557
54008 613
54024 670
54040 723
54057 778
54073 841
54089 892
54106 949
54122 1009
54138 1066
54155 1122
54171 1179
54187 1235
54204 1299
54220 1353
54236 1410
54253 1477
54269 1527
54285 1590
54302 1652
54318 1704
54334 1759
54351 1810
54367 1875
54383 1931
54400 1986
54416 2050
54432 2107
54449 2164
54465 2221
54481 2279
54498 2338
54514 2389
54530 2450
54547 2506
54563 2564
54579 2618
54596 2677
54612 2734
54628 2790
54645 2841
54661 2901
54677 2958
54694 3012
54710 3070
54726 3127
54743 3173
54759 3234
54775 3247
54792 3239
54808 3233
54824 3221
54841 3214
54857 3204
54873 3198
54890 3188
54906 3177
54922 3168
54939 3161
54955 3151
54971 3146
54989 3141
55005 3122
55021 3113
55038 3105
55054 3104
55070 3092
55087 3088
55103 3072
55119 3065
55136 3055
55152 3057
55168 3039
55185 3030
55201 3032
55217 3015
55234 3003
55250 2996
55266 2986
55283 2978
55299 2968
55315 2960
55332 2950
55348 2945
55364 2936
55381 2923
55397 2911
55413 2903
55430 2898
55446 2893
55462 2881
55479 2875
55495 2863
55511 2853
55528 2848
55544 2835
55560 2828
55577 2814
55593 2807
55609 2800
55626 2816
55642 2779
55658 2772
55675 2763
55691 2755
55707 2744
55724 2740
55740 2729
55756 2710
55773 2708
55789 2697
55805 2688
55822 2682
55838 2671
55854 2662
55871 2653
55887 2643
55903 2634
55920 2627
55936 2616
55952 2591
55969 2597
55986 2587
56003 2563
56019 2571
56035 2561
56052 2539
56068 2544
56084 2535
56101 2526
56117 2516
56133 2509
56150 2494
56166 2486
56182 2479
56199 2467
56215 2458
56231 2451
56248 2438
56264 2427
56280 2422
56297 2410
56313 2401
56329 2390
56346 2385
56362 2372
56378 2366
56395 2357
56411 2344
56427 2323
56444 2327
56460 2312
56476 2303
56493 2301
56509 2286
56525 2280
56542 2271
56558 2260
56574 2247
56591 2243
56607 2234
56623 2222
56640 2213
56656 2201
56672 2194
56689 2184
56705 2175
56721 2164
56738 2157
56754 2148
56770 2134
56787 2130
56803 2122
56819 2113
56836 2102
56852 2086
56868 2081
56885 2074
56901 2031
56917 2053
56934 2044
56950 2032
56966 2024
56983 2013
57000 2002
57016 1992
57033 1984
57049 1974
57065 1970
57082 1959
57098 1947
57114 1939
57131 1926
57147 1915
57163 1907
57180 1898
57196 1894
57212 1882
57229 1870
57245 1864
57261 1849
57278 1854
57294 1834
57310 1821
57327 1804
57343 1802
57359 1791
57376 1773
57392 1774
57408 1763
57425 1754
57441 1748
57457 1737
57474 1726
57490 1717
57506 1704
57523 1696
57539 1684
57555 1676
57572 1670
57588 1657
57604 1649
57621 1640
57637 1630
57653 1620
57670 1609
57686 1600
57702 1590
57719 1579
57735 1572
57751 1556
57768 1551
57784 1541
57800 1533
57817 1522
57833 1514
57849 1504
57866 1494
57882 1484
57898 1473
57915 1462
57931 1453
57947 1440
57964 1436
57980 1425
57996 1417
58013 1408
58029 1394
58045 1388
58062 1377
58078 1368
58094 1357
58111 1348
58127 1337
58143 1328
58160 1317
58176 1313
58192 1298
58209 1291
58225 1282
58241 1273
58258 1260
58274 1251
58290 1240
58307 1231
58323 1225
58339 1214
58356 1202
58372 1193
58388 1184
58405 1172
58421 1162
58437 1155
58454 1142
58470 1131
58486 1124
58503 1114
58519 1102
58535 1095
58552 1089
58568 1073
58584 1064
58601 1007
58617 1046
58633 1036
58650 1027
58666 1017
58682 1007
58699 995
58715 988
58731 979
58748 970
58764 959
58780 949
58797 936
58813 928
58829 917
58846 909
58862 899
58878 895
58895 880
58911 870
58927 902
58944 847
58960 841
58976 844
58994 831
59010 811
59027 799
59043 792
59059 782
59076 771
59092 765
59108 754
59125 742
59141 733
59157 725
59174 714
59190 705
59206 695
59223 688
59239 677
59255 666
59272 660
59288 651
59304 641
59321 632
59337 620
59353 611
59370 603
59386 596
59402 587
59419 572
59435 565
59451 558
59468 543
59484 533
59500 528
59517 517
59533 504
59549 500
59566 486
59582 479
59598 474
59615 463
59631 455
59647 442
59664 431
59680 422
59696 421
59713 407
59729 401
59745 388
59762 377
59778 362
59794 358
59811 350
59827 343
59843 329
59860 321
59876 307
59892 301
59909 296
59925 284
59941 279
59958 270
59974 258
59991 250
60008 238
60024 232
60040 222
60057 212
60073 201
60089 192
60106 186
60122 178
60138 167
60155 159
60171 150
60187 139
60204 130
60220 122
60236 113
60253 87
60269 94
60285 89
60302 126
60318 179
60334 231
60351 277
60367 339
60383 394
60400 444
60416 502
60432 560
60449 610
60465 667
60481 728
60498 780
60514 835
60530 896
60547 949
60563 1008
60579 1066
60596 1120
60612 1180
60628 1237
60645 1293
60661 1353
60677 1412
60694 1468
60710 1527
60726 1571
60743 1640
60759 1699
60775 1759
60792 1805
60808 1871
60824 1935
60841 1987
60857 2050
60873 2106
60890 2160
60906 2217
60922 2274
60939 2331
60955 2387
60971 2444
60989 2509
61005 2564
61021 2620
61038 2676
61054 2731
61070 2788
61087 2844
61103 2902
61119 2956
61136 3014
61152 3067
61168 3118
61185 3173
61201 3207
61217 3249
61234 3234
61250 3231
61266 3223
61283 3212
61299 3208
61315 3196
61332 3188
61348 3182
61364 3171
61381 3165
61397 3148
61413 3144
61430 3138
61446 3128
61462 3119
61479 3110
61495 3102
61511 3094
61528 3090
61544 3072
61560 3067
61577 3076
61593 3050
61609 3039
61626 3033
61642 3019
61658 3012
61675 3003
61691 2993
61707 2987
61724 2976
61740 2969
61756 2964
61773 2952
61789 2942
61805 2937
61822 2926
61838 2921
61854 2910
61871 2901
61887 2889
61903 2883
61920 2873
61936 2863
61952 2848
61969 2844
61986 2834
62003 2834
62019 2816
62035 2807
62052 2801
62068 2787
62084 2782
62101 2690
62117 2763
62133 2755
62150 2752
62166 2738
62182 2728
62199 2717
62215 2710
62231 2700
62248 2693
62264 2682
62280 2676
62297 2666
62313 2654
62329 2646
62346 2638
62362 2627
62378 2621
62395 2609
62411 2602
62427 2589
62444 2583
62460 2572
62476 2547
62493 2558
62509 2546
62525 2536
62542 2526
62558 2517
62574 2514
62591 2500
62607 2488
62623 2480
62640 2473
62656 2462
62672 2455
62689 2443
62705 2432
62721 2424
62738 2415
62754 2406
62770 2399
62787 2389
62803 2375
62819 2370
62836 2362
62852 2356
62868 2342
62885 2333
62901 2321
62917 2312
62934 2301
62950 2292
62966 2285
62983 2275
63000 2267
63016 2251
63033 2231
63049 2235
63065 2225
63082 2216
63098 2206
63114 2199
63131 2187
63147 2181
63163 2163
63180 2158
63196 2151
63212 2140
63229 2133
63245 2123
63261 2111
63278 2100
63294 2089
63310 2083
63327 2073
63343 2064
63359 2056
63376 2051
63392 2035
63408 2022
63425 2017
63441 2005
63457 1998
63474 1990
63490 1975
63506 1968
63523 1958
63539 1949
63555 1943
63572 1930
63588 1921
63604 1910
63621 1903
63637 1901
63653 1881
63670 1872
63686 1868
63702 1852
63719 1840
63735 1831
63751 1818
63768 1813
63784 1802
63800 1793
63817 1783
63833 1777
63849 1765
63866 1760
63882 1751
63898 1737
63915 1728
63931 1718
63947 1710
63964 1698
63980 1690
63996 1680
64013 1672
64029 1658
64045 1650
64062 1637
64078 1630
64094 1619
64111 1610
64127 1595
64143 1590
64160 1579
64176 1568
64192 1582
64209 1555
64225 1542
64241 1533
64258 1524
64274 1509
64290 1503
64307 1497
64323 1481
64339 1479
64356 1464
64372 1454
64388 1445
64405 1410
64421 1424
64437 1416
64454 1404
64470 1397
64486 1386
64503 1371
64519 1365
64535 1354
64552 1346
64568 1338
64584 1329
64601 1320
64617 1308
64633 1299
64650 1289
64666 1281
64682 1269
64699 1259
64715 1245
64731 1241
64748 1229
64764 1216
64780 1211
64797 1195
64813 1189
64829 1172
64846 1170
64862 1157
64878 1148
64895 1141
64911 1128
64927 1121
64944 1112
64960 1101
64976 1093
64994 1080
65010 1071
65027 1060
65043 1050
65059 1043
65076 1035
65092 1022
65108 1013
65125 1003
65141 993
65157 980
65174 971
65190 962
65206 953
65223 940
65239 932
65255 921
65272 915
65288 904
65304 898
65321 886
65337 878
65353 876
65370 854
65386 847
65402 834
65419 828
65435 822
65451 811
65468 800
65484 790
65500 777
65517 769
65533 758
65549 746
65566 740
65582 729
65598 720
65615 710
65631 702
65647 692
65664 685
65680 673
65696 662
65713 653
65729 644
65745 635
65762 628
65778 594
65794 604
65811 597
65827 586
65843 578
65860 567
65876 560
65892 547
65909 515
65925 530
65941 514
65958 510
65974 501
65991 493
66008 481
66024 471
66040 464
66057 453
66073 445
66089 454
66106 426
66122 415
66138 413
66155 398
66171 388
66187 379
66204 368
66220 357
66236 345
66253 342
66269 332
66285 323
66302 308
66318 301
66334 295
66351 286
66367 278
66383 268
66400 258
66416 249
66432 254
66449 230
66465 220
66481 211
66498 203
66514 195
66530 185
66547 178
66563 165
66579 148
66596 145
66612 139
66628 125
66645 117
66661 108
66677 101
66694 93
66710 81
66726 140
66743 190
66759 251
66775 299
66792 354
66808 408
66824 461
66841 517
66857 573
66873 629
66890 684
66906 739
66922 797
66939 853
66955 905
66971 964
66989 1027
67005 1083
67022 1148
67038 1206
67055 1260
67071 1316
67087 1376
67104 1430
67120 1489
67137 1548
67153 1604
67170 1664
67186 1719
67202 1780
67219 1838
67235 1895
67252 1953
67268 2010
67285 2065
67301 2098
67317 2184
67334 2242
67350 2299
67367 2358
67383 2418
67400 2467
67416 2529
67432 2591
67449 2641
67465 2696
67482 2753
67498 2810
67515 2865
67531 2921
67547 2978
67564 3031
67580 3085
67597 3138
67613 3204
67630 3248
67646 3243
67662 3235
67679 3226
67695 3212
67712 3209
67728 3200
67745 3191
67761 3181
67777 3186
67794 3165
67810 3157
67827 3144
67843 3137
67860 3129
67876 3121
67892 3113
67909 3102
67925 3093
67942 3085
67958 3073
67975 3068
67992 3059
68009 3052
68025 3044
68041 3037
68058 3025
68074 3017
68091 3008
68107 2999
68124 2990
68140 2979
68156 2969
68173 2959
68189 2954
68206 2944
68222 2933
68239 2928
68255 2919
68271 2908
68288 2898
68304 2889
68321 2883
68337 2874
68354 2876
68370 2855
68386 2847
68403 2837
68419 2826
68436 2818
68452 2811
68469 2801
68485 2793
68501 2784
68518 2774
68534 2764
68551 2754
68567 2746
68584 2738
68600 2731
68616 2721
68633 2713
68649 2703
68666 2692
68682 2685
68699 2674
68715 2665
68731 2657
68748 2648
68764 2637
68781 2627
68797 2620
68814 2612
68830 2598
68846 2590
68863 2582
68879 2569
68896 2565
68912 2554
68929 2545
68945 2533
68961 2527
68978 2527
68995 2506
69012 2518
69028 2489
69045 2476
69061 2479
69078 2463
69094 2450
69110 2440
69127 2433
69143 2422
69160 2412
69176 2402
69193 2347
69209 2382
69225 2372
69242 2366
69258 2357
69275 2361
69291 2341
69308 2328
69324 2318
69340 2311
69357 2298
69373 2291
69390 2278
69406 2274
69423 2261
69439 2253
69455 2250
69472 2231
69488 2222
69505 2209
69521 2202
69538 2192
69554 2186
69570 2177
69587 2177
69603 2161
69620 2146
69636 2135
69653 2128
69669 2116
69685 2108
69702 2096
69718 2089
69735 2079
69751 2059
69768 2059
69784 2044
69800 2039
69817 2029
69833 2026
69850 2011
69866 2001
69883 1972
69899 1980
69915 1980
69932 1959
69948 1952
69965 1942
69981 1930
69999 1921
70015 1913
70032 1901
70048 1891
70064 1842
70081 1871
70097 1860
70114 1852
70130 1842
70147 1834
70163 1823
70179 1813
70196 1803
70212 1795
70229 1783
70245 1774
70262 1764
70278 1758
70294 1745
70311 1733
70327 1730
70344 1712
70360 1701
70377 1698
70393 1684
70409 1675
70426 1662
70442 1654
70459 1646
70475 1630
70492 1626
70508 1624
70524 1614
70541 1593
70557 1586
70574 1578
70590 1565
70607 1559
70623 1547
70639 1527
70656 1529
70672 1517
70689 1509
70705 1495
70722 1489
70738 1478
70754 1466
70771 1459
70787 1450
70804 1437
70820 1429
70837 1418
70853 1407
70869 1392
70886 1390
70902 1376
70919 1369
70935 1362
70952 1348
70968 1341
70986 1328
71002 1321
71018 1310
71035 1300
71051 1289
71068 1281
71084 1271
71101 1264
71117 1252
71133 1246
71150 1237
71166 1225
71183 1214
71199 1210
71216 1194
71232 1187
71248 1170
71265 1163
71281 1152
71298 1139
71314 1134
71331 1126
71347 1110
71363 1102
71380 1089
71396 1080
71413 1072
71429 1070
71446 1054
71462 1045
71478 1036
71495 1024
71511 1014
71528 1003
71544 995
71561 935
71577 976
71593 966
71610 956
71626 945
71643 936
71659 929
71676 915
71692 905
71708 894
71725 891
71741 876
71758 867
71774 862
71791 847
71807 838
71823 826
71840 816
71856 790
71873 795
71889 789
71906 779
71922 770
71938 759
71955 749
71971 743
71989 728
72005 719
72022 711
72038 700
72055 691
72071 681
72087 670
72104 662
72120 658
72137 645
72153 635
72170 624
72186 587
72202 610
72219 593
72235 583
72252 575
72268 566
72285 564
72301 544
72317 535
72334 521
72350 519
72367 511
72383 494
72400 489
72416 477
72432 467
72449 459
72465 439
72482 434
72498 433
72515 423
72531 413
72547 402
72564 393
72580 384
72597 377
72613 364
72630 355
72646 342
72662 338
72679 322
72695 318
72712 311
72728 296
72745 290
72761 284
72777 268
72794 264
72810 253
72827 262
72843 237
72860 227
72876 239
72892 207
72909 198
72925 189
72942 180
72958 169
72975 157
72992 149
73008 144
73025 131
73041 123
73058 116
73074 105
73091 97
73107 85
73123 120
73140 179
73156 234
73173 285
73189 341
73206 394
73222 448
73238 502
73255 559
73271 617
73288 670
73304 726
73321 785
73337 839
73353 897
73370 954
73386 1014
73403 1071
73419 1132
73436 1191
73452 1249
73468 1302
73485 1363
73501 1418
73518 1478
73534 1535
73551 1605
73567 1652
73583 1710
73600 1768
73616 1826
73633 1887
73649 1945
73666 2000
73682 2060
73698 2119
73715 2183
73731 2235
73748 2293
73764 2349
73781 2406
73797 2464
73813 2522
73830 2579
73846 2638
73863 2692
73879 2745
73896 2802
73912 2861
73928 2915
73945 2972
73961 3027
73978 3085
73995 3139
74012 3192
74028 3248
74045 3239
74061 3237
74077 3222
74094 3219
74110 3212
74127 3195
74143 3193
74160 3183
74176 3178
74192 3165
74209 3157
74225 3154
74242 3139
74258 3132
74275 3125
74291 3115
74307 3110
74324 3097
74340 3092
74357 3083
74373 3072
74390 3063
74406 3052
74422 3044
74439 3037
74455 3027
74472 3019
74488 3010
74505 3001
74521 2991
74537 2982
74554 2974
74570 2963
74587 2956
74603 2951
74620 2939
74636 2930
74652 2926
74669 2916
74685 2906
74702 2898
74718 2884
74735 2878
74751 2864
74767 2860
74784 2852
74800 2839
74817 2833
74833 2823
74850 2814
74866 2806
74882 2795
74899 2791
74915 2780
74932 2770
74948 2757
74965 2750
74981 2744
74999 2729
75015 2725
75031 2714
75048 2706
75064 2696
75081 2688
75097 2678
75114 2667
75130 2660
75146 2650
75163 2642
75179 2631
75196 2626
75212 2617
75229 2608
75245 2598
75261 2590
75278 2581
75294 2570
75311 2561
75327 2557
75344 2541
75360 2532
75376 2536
75393 2512
75409 2506
75426 2492
75442 2485
75459 2473
75475 2464
75491 2457
75508 2448
75524 2441
75541 2429
75557 2423
75574 2411
75590 2400
75606 2394
75623 2380
75639 2370
75656 2362
75672 2355
75689 2346
75705 2334
75721 2327
75738 2315
75754 2308
75771 2296
75787 2287
75804 2279
75820 2270
75836 2263
75853 2250
75869 2241
75886 2233
75902 2214
75919 2212
75935 2201
75951 2210
75968 2184
75985 2172
76002 2137
76018 2154
76035 2145
76051 2134
76068 2126
76084 2117
76100 2099
76117 2097
76133 2088
76150 2080
76166 2068
76183 2060
76199 2047
76215 2040
76232 2024
76248 2020
76265 2014
76281 2000
76298 1987
76314 1984
76330 1972
76347 1963
76363 1949
76380 1942
76396 1933
76413 1924
76429 1912
76445 1904
76462 1892
76478 1883
76495 1876
76511 1865
76528 1855
76544 1848
76560 1835
76577 1837
76593 1816
76610 1805
76626 1792
76643 1787
76659 1778
76675 1767
76692 1758
76708 1750
76725 1738
76741 1728
76758 1719
76774 1713
76790 1701
76807 1692
76823 1679
76840 1665
76856 1657
76873 1653
76889 1641
76905 1634
76922 1622
76938 1616
76955 1603
76971 1597
76989 1584
77005 1573
77022 1563
77038 1554
77054 1542
77071 1534
77087 1523
77104 1516
77120 1507
77137 1496
77153 1485
77169 1476
77186 1467
77202 1470
77219 1445
77235 1438
77252 1430
77268 1417
77284 1409
77301 1396
77317 1389
77334 1377
77350 1367
77367 1357
77383 1349
77399 1342
77416 1327
77432 1319
77449 1309
77465 1302
77482 1288
77498 1279
77514 1272
77531 1261
77547 1251
77564 1242
77580 1231
77597 1220
77613 1213
77629 1201
77646 1192
77662 1179
77679 1167
77695 1163
77712 1151
77728 1145
77744 1136
77761 1121
77777 1085
77794 1102
77810 1093
77827 1082
77843 1074
77859 1064
77876 1049
77892 1043
77909 1033
77925 1030
77942 1016
77958 1004
77974 997
77992 984
78008 975
78025 963
78041 956
78058 945
78074 935
78091 925
78107 918
78123 908
78140 897
78156 887
78173 879
78189 868
78206 858
78222 849
78238 836
78255 833
78271 817
78288 808
78304 796
78321 788
78337 785
78353 764
78370 763
78386 750
78403 742
78419 732
78436 719
78452 706
78468 699
78485 690
78501 684
78518 673
78534 661
78551 640
78567 643
78583 632
78600 619
78616 613
78633 603
78649 593
78666 584
78682 577
78698 569
78715 558
78731 548
78748 538
78764 531
78781 516
78797 508
78813 500
78830 491
78846 482
78863 469
78879 463
78896 452
78912 439
78928 431
78945 423
78961 413
78978 408
78995 394
79012 386
79028 375
79044 366
79061 355
79077 366
79094 338
79110 326
79127 322
79143 312
79159 301
79176 302
79192 280
79209 271
79225 287
79242 255
79258 245
79274 235
79291 227
79307 217
79324 209
79340 198
79357 189
79373 181
79389 168
79406 163
79422 156
79439 143
79455 136
79472 126
79488 119
79504 107
79521 98
79537 87
79554 111
79570 165
79587 218
79603 278
79619 333
79636 385
79652 448
79669 493
79685 546
79702 604
79718 659
79734 715
79751 775
79767 829
79784 885
79800 851
79817 1002
79833 1058
79849 1116
79866 1173
79882 1231
79899 1283
79915 1345
79932 1410
79948 1459
79964 1523
79981 1595
79999 1642
80015 1701
80031 1760
80048 1823
80064 1877
80081 1936
80097 1995
80114 2052
80130 2110
80146 2169
80163 2222
80179 2283
80196 2341
80212 2398
80229 2458
80245 2514
80261 2572
80278 2623
80294 2684
80311 2744
80327 2819
80344 2851
80360 2911
80376 2947
80393 3021
80409 3074
80426 3135
80442 3187
80459 3241
80475 3245
80491 3231
80508 3227
80524 3216
80541 3214
80557 3203
80574 3197
80590 3183
80606 3177
80623 3164
80639 3157
80656 3152
80672 3141
80689 3135
80705 3124
80721 3114
80738 3109
80754 3098
80771 3093
80787 3077
80804 3070
80820 3061
80836 3053
80853 3045
80869 3038
80886 3029
80902 3022
80919 3011
80935 3003
80951 3001
80968 2985
80985 2977
81002 2964
81018 2960
81035 2946
81051 2941
81067 2931
81084 2916
81100 3000
81117 2902
81133 2896
81150 2885
81166 2877
81182 2873
81199 2859
81215 2849
81232 2840
81248 2835
81265 2824
81281 2817
81297 2808
81314 2799
81330 2788
81347 2780
81363 2771
81380 2763
81396 2752
81412 2744
81429 2733
81445 2725
81462 2717
81478 2706
81495 2700
81511 2688
81527 2679
81544 2669
81560 2663
81577 2643
81593 2643
81610 2636
81626 2605
81642 2620
81659 2609
81675 2598
81692 2586
81708 2582
81725 2568
81741 2561
81757 2551
81774 2540
81790 2533
81807 2525
81823 2516
81840 2507
81856 2498
81872 2480
81889 2478
81905 2472
81922 2461
81938 2451
81955 2444
81971 2433
81989 2421
82005 2413
82021 2403
82038 2391
82054 2384
82071 2374
82087 2366
82104 2356
82120 2350
82136 2340
82153 2330
82169 2319
82186 2310
82202 2273
82219 2291
82235 2281
82251 2270
82268 2262
82284 2254
82301 2252
82317 2233
82334 2223
82350 2208
82366 2206
82383 2196
82399 2181
82416 2176
82432 2166
82449 2157
82465 2148
82481 2137
82498 2131
82514 2121
82531 2110
82547 2100
82564 2092
82580 2080
82596 2073
82613 2063
82629 2054
82646 2042
82662 2033
82679 2028
82695 2014
82711 2008
82728 1994
82744 1984
82761 1974
82777 1980
82794 1955
82810 1946
82826 1937
82843 1927
82859 1918
82876 1907
82892 1898
82909 1888
82925 1879
82941 1872
82958 1857
82974 1850
82992 1838
83008 1831
83025 1819
83041 1809
83058 1805
83074 1791
83090 1788
83107 1770
83123 1761
83140 1744
83156 1743
83173 1734
83189 1720
83205 1714
83222 1703
83238 1693
83255 1681
83271 1665
83288 1665
83304 1654
83320 1643
83337 1632
83353 1624
83370 1620
83386 1607
83403 1597
83419 1586
83435 1578
83452 1559
83468 1554
83485 1546
83501 1534
83518 1528
83534 1517
83550 1509
83567 1499
83583 1471
83600 1478
83616 1467
83633 1462
83649 1448
83665 1437
83682 1428
83698 1424
83715 1410
83731 1400
83748 1397
83764 1377
83780 1370
83797 1358
83813 1350
83830 1338
83846 1331
83863 1321
83879 1313
83895 1300
83912 1290
83928 1283
83945 1267
83961 1257
83978 1251
83995 1242
84012 1213
84028 1223
84044 1212
84061 1203
84077 1188
84094 1182
84110 1172
84127 1161
84143 1153
84159 1140
84176 1135
84192 1144
84209 1115
84225 1102
84242 1093
84258 1081
84274 1079
84291 1061
84307 1055
84324 1045
84340 1031
84357 1019
84373 1013
84389 1001
84406 1005
84422 986
84439 974
84455 959
84472 954
84488 944
84504 935
84521 920
84537 916
84554 903
84570 895
84587 884
84603 872
84619 865
84636 853
84652 845
84669 829
84685 828
84702 816
84718 803
84734 797
84751 790
84767 775
84784 768
84800 758
84817 748
84833 737
84849 731
84866 721
84882 722
84899 696
84915 688
84932 680
84948 671
84964 660
84981 647
84998 641
85015 631
85031 618
85048 610
85064 605
85080 591
85097 580
85113 575
85130 560
85146 550
85163 543
85179 531
85195 523
85212 512
85228 505
85245 494
85261 485
85278 481
85294 466
85310 453
85327 443
85343 439
85360 428
85376 408
85393 411
85409 400
85425 388
85442 383
85458 376
85475 362
85491 351
85508 345
85524 330
85540 323
85557 316
85573 305
85590 298
85606 288
85623 278
85639 263
85655 261
85672 249
85688 242
85705 230
85721 225
85738 214
85754 203
85770 196
85787 187
85803 180
85820 165
85836 157
85853 150
85869 137
85885 128
85902 121
85918 110
85935 104
85951 100
85968 90
85985 165
86002 199
86018 252
86034 309
86051 363
86067 418
86084 470
86100 529
86117 581
86133 639
86149 692
86166 748
86182 808
86199 865
86215 926
86232 982
86248 1079
86264 1094
86281 1159
86297 1209
86314 1268
86330 1328
86347 1386
86363 1445
86379 1520
86396 1559
86412 1619
86429 1677
86445 1735
86462 1793
86478 1852
86494 1909
86511 1966
86527 2025
86544 2083
86560 2129
86577 2200
86593 2258
86609 2316
86626 2377
86642 2432
86659 2488
86675 2539
86692 2602
86708 2654
86724 2713
86741 2767
86757 2822
86774 2882
86790 2938
86807 2993
86823 3048
86839 3104
86856 3139
86872 3211
86889 3252
86905 3245
86922 3234
86938 3224
86954 3215
86971 3203
86988 3197
87005 3191
87021 3181
87038 3171
87054 3161
87071 3153
87087 3148
87103 3135
87120 3126
87136 3121
87153 3110
87169 3099
87186 3092
87202 3085
87218 3073
87235 3065
87251 3058
87268 3046
87284 3038
87301 3033
87317 3023
87333 3014
87350 3004
87366 2998
87383 2984
87399 2979
87416 2968
87432 2930
87448 2951
87465 2942
87481 2935
87498 2931
87514 2915
87531 2907
87547 2898
87563 2891
87580 2881
87596 2872
87613 2860
87629 2857
87646 2847
87662 2835
87678 2827
87695 2816
87711 2808
87728 2800
87744 2790
87761 2782
87777 2755
87793 2764
87810 2756
87826 2741
87843 2736
87859 2727
87876 2728
87892 2708
87908 2705
87925 2693
87941 2683
87958 2675
87974 2666
87992 2653
88008 2644
88025 2632
88041 2623
88057 2617
88074 2609
88090 2598
88107 2590
88123 2583
88140 2568
88156 2571
88172 2554
88189 2544
88205 2534
88222 2529
88238 2516
88255 2507
88271 2500
88287 2487
88304 2479
88320 2465
88337 2457
88353 2448
88370 2440
88386 2432
88402 2424
88419 2415
88435 2394
88452 2398
88468 2390
88485 2380
88501 2375
88517 2364
88534 2350
88550 2340
88567 2334
88583 2320
88600 2311
88616 2301
88632 2293
88649 2282
88665 2269
88682 2263
88698 2251
88715 2243
88731 2232
88747 2222
88764 2216
88780 2207
88797 2199
88813 2188
88830 2183
88846 2169
88862 2160
88879 2148
88895 2142
88912 2133
88928 2122
88945 2112
88961 2101
88977 2092
88995 2081
89011 2082
89028 2064
89044 2055
89061 2044
89077 2035
89093 2026
89110 2018
89126 2010
89143 1997
89159 1986
89176 1976
89192 1967
89208 1960
89225 1949
89241 1939
89258 1930
89274 1854
89291 1908
89307 1899
89323 1893
89340 1879
89356 1871
89373 1860
89389 1852
89406 1849
89422 1830
89438 1823
89455 1811
89471 1802
89488 1795
89504 1783
89521 1774
89537 1764
89553 1753
89570 1744
89586 1724
89603 1724
89619 1713
89636 1705
89652 1693
89668 1683
89685 1676
89701 1667
89718 1656
89734 1645
89751 1652
89767 1627
89783 1616
89800 1610
89816 1597
89833 1588
89849 1577
89866 1567
89882 1565
89898 1542
89915 1536
89931 1524
89948 1516
89964 1508
89981 1499
89998 1481
90015 1477
90031 1465
90048 1455
90064 1467
90080 1436
90097 1426
90113 1414
90130 1406
90146 1397
90163 1390
90179 1374
90195 1365
90212 1353
90228 1345
90245 1336
90261 1326
90278 1315
90294 1305
90310 1296
90327 1282
90343 1271
90360 1262
90376 1255
90393 1234
90409 1236
90425 1224
90442 1216
90458 1204
90475 1198
90491 1187
90508 1177
90524 1166
90540 1155
90557 1144
90573 1133
90590 1125
90606 1118
90623 1107
90639 1105
90655 1092
90672 1082
90688 1071
90705 1066
90721 1055
90738 1036
90754 1029
90770 1018
90787 1008
90803 1011
90820 989
90836 980
90853 959
90869 958
90885 946
90902 937
90918 927
90935 920
90951 908
90968 899
90985 883
91002 874
91018 863
91034 858
91051 850
91067 837
91084 830
91100 820
91117 810
91133 799
91149 790
91166 774
91182 769
91199 760
91215 749
91232 738
91248 755
91264 725
91281 715
91297 710
91314 689
91330 684
91347 672
91363 664
91379 647
91396 643
91412 633
91429 625
91445 616
91462 606
91478 594
91494 587
91511 575
91527 567
91544 558
91560 591
91577 537
91593 531
91609 517
91626 513
91642 501
91659 492
91675 484
91692 471
91708 460
91724 449
91741 443
91757 432
91774 424
91790 412
91807 402
91823 393
91839 385
91856 373
91872 366
91889 357
91905 373
91922 339
91938 329
91954 318
91971 307
91988 299
92005 289
92021 279
92038 271
92054 269
92071 254
92087 241
92103 232
92120 222
92136 214
92153 202
92169 199
92186 192
92202 177
92218 169
92235 160
92251 155
92268 143
92284 133
92301 122
92317 114
92333 101
92350 94
92366 87
92383 137
92399 190
92416 251
92432 272
92448 353
92465 407
92481 461
92498 519
92514 572
92531 635
92547 688
92563 742
92580 797
92596 855
92613 909
92629 967
92646 1031
92662 1082
92678 1143
92695 1198
92711 1260
92728 1316
92744 1374
92761 1434
92777 1499
92793 1544
92810 1605
92826 1665
92843 1726
92859 1783
92876 1854
92892 1898
92908 1950
92925 2011
92941 2078
92958 2131
92974 2185
92992 2251
93008 2309
93025 2366
93041 2421
93057 2480
93074 2535
93090 2593
93107 2652
93123 2704
93140 2764
93156 2823
93172 2878
93189 2932
93205 2985
93222 3043
93238 3098
93255 3152
93271 3207
93287 3251
93304 3244
93320 3234
93337 3225
93353 3214
93370 3206
93386 3199
93402 3192
93419 3182
93435 3173
93452 3168
93468 3157
93485 3149
93501 3135
93517 3130
93534 3116
93550 3109
93567 3104
93583 3096
93600 3087
93616 3080
93632 3068
93649 3060
93665 3049
93682 3042
93698 3034
93715 3025
93731 3016
93747 3010
93764 2999
93780 2991
93797 2984
93813 2974
93830 2964
93846 2955
93862 2948
93879 2938
93895 2931
93912 2920
93928 2913
93945 2902
93961 2889
93977 2887
93995 2873
94011 2864
94028 2859
94044 2848
94061 2843
94077 2833
94093 2823
94110 2815
94126 2809
94143 2794
94159 2785
94176 2760
94192 2768
94208 2759
94225 2666
94241 2745
94258 2734
94274 2726
94291 2713
94307 2704
94323 2691
94340 2688
94356 2679
94373 2667
94389 2662
94406 2648
94422 2644
94438 2635
94455 2625
94471 2616
94488 2607
94504 2599
94521 2587
94537 2576
94553 2568
94570 2560
94586 2551
94603 2541
94619 2532
94636 2525
94652 2505
94668 2505
94685 2496
94701 2487
94718 2476
94734 2473
94751 2456
94767 2450
94783 2441
94800 2441
94816 2423
94833 2413
94849 2403
94866 2389
94882 2384
94898 2383
94915 2366
94931 2359
94948 2349
94964 2338
94981 2329
94998 2319
95015 2306
95031 2303
95048 2288
95064 2280
95080 2273
95097 2264
95113 2256
95130 2249
95146 2236
95163 2227
95179 2214
95195 2209
95212 2198
95228 2191
95245 2175
95261 2169
95278 2158
95294 2149
95310 2143
95327 2117
95343 2124
95360 2113
95376 2113
95393 2099
95409 2080
95425 2082
95442 2064
95458 2054
95475 2045
95491 2037
95508 2026
95524 2019
95540 2007
95557 1994
95573 1986
95590 1976
95606 1967
95623 1968
95639 1950
95655 1938
95672 1934
95688 1920
95705 1912
95721 1901
95738 1892
95754 1880
95770 1875
95787 1864
95803 1851
95820 1843
95836 1833
95853 1823
95869 1812
95885 1805
95902 1784
95918 1781
95935 1772
95951 1757
95968 1756
95985 1745
96002 1732
96018 1723
96034 1716
96051 1710
96067 1697
96084 1684
96100 1671
96117 1668
96133 1656
96149 1644
96166 1637
96182 1626
96199 1615
96215 1606
96232 1596
96248 1585
96264 1579
96281 1570
96297 1560
96314 1549
96330 1537
96347 1531
96363 1520
96379 1508
96396 1510
96412 1490
96429 1480
96445 1469
96462 1461
96478 1452
96494 1436
96511 1428
96527 1421
96544 1412
96560 1400
96577 1390
96593 1384
96609 1370
96626 1346
96642 1353
96659 1342
96675 1333
96692 1322
96708 1314
96724 1305
96741 1294
96757 1282
96774 1270
96790 1265
96807 1254
96823 1240
96839 1233
96856 1223
96872 1211
96889 1205
96905 1195
96922 1185
96938 1177
96954 1168
96971 1157
96988 1148
97005 1136
97021 1125
97038 1116
97054 1107
97071 1097
97087 1087
97103 1077
97120 1067
97136 1056
97153 1047
97169 1037
97186 1028
97202 1031
97218 1008
97235 999
97251 980
97268 979
97284 966
97301 968
97317 950
97333 939
97350 905
97366 918
97383 911
97399 901
97416 892
97432 880
97448 867
97465 859
97481 848
97498 836
97514 831
97531 821
97547 812
97563 801
97580 792
97596 784
97613 772
97629 762
97646 749
97662 745
97678 736
97695 723
97711 715
97728 703
97744 696
97761 684
97777 678
97793 665
97810 656
97826 652
97843 637
97859 627
97876 600
97892 609
97908 599
97925 503
97941 580
97958 567
97974 554
97992 545
98008 538
98025 532
98041 520
98057 507
98074 508
98090 493
98107 480
98123 470
98140 462
98156 453
98172 440
98189 434
98205 426
98222 414
98238 404
98255 398
98271 385
98287 379
98304 368
98320 362
98337 348
98353 340
98370 334
98386 316
98402 310
98419 299
98435 292
98452 332
98468 274
98485 267
98501 254
98517 246
98534 237
98550 229
98567 218
98583 207
98600 203
98616 186
98632 182
98649 169
98665 160
98682 151
98698 142
98715 132
98731 122
98747 121
98764 106
98780 97
98797 85
98813 115
98830 167
98846 225
98862 276
98879 330
98895 384
98912 438
98928 493
98945 547
98961 602
98977 658
98995 718
99011 773
99028 831
99044 887
99061 945
99077 998
99093 1057
99110 1117
99126 1171
99143 1232
99159 1289
99176 1349
99192 1406
99208 1461
99225 1536
99241 1585
99258 1635
99274 1696
99291 1752
99307 1811
99323 1868
99340 1925
99356 1990
99373 2037
99389 2096
99406 2160
99422 2214
99438 2269
99455 2331
99471 2386
99488 2443
99504 2499
99521 2556
99537 2613
99553 2670
99570 2727
99586 2780
99603 2838
99619 2893
99636 2950
99652 3003
99668 3060
99685 3114
99701 3167
99718 3225
99734 3251
99751 3255
99767 3234
99783 3225
99800 3206
99816 3205
99833 3198
99849 3189
99866 3180
99882 3172
99898 3162
99915 3153
99931 3144
99948 3131
99964 3127
99981 3118
99998 3108
100015 3104
100031 3094
100048 3088
100064 3076
100080 3069
100097 3060
100113 3050
100130 3041
100146 3035
100163 3027
100179 3017
100195 3008
100212 3000
100228 2992
100245 2983
100261 2973
100278 2964
100294 2956
100310 2942
100327 2945
100343 2933
100360 2921
100376 2912
100393 2906
100409 2895
100425 2894
100442 2883
100458 2872
100475 2858
100491 2854
100508 2843
100524 2835
100540 2825
100557 2818
100573 2809
100590 2798
100606 2786
100623 2780
100639 2772
100655 2761
100672 2745
100689 2745
100705 2737
100721 2726
100737 2718
100754 2708
100770 2700
100786 2693
100803 2681
100819 2674
100835 2665
100851 2657
100868 2646
100884 2637
100900 2628
100917 2619
100933 2609
100949 2603
100965 2589
100982 2580
100999 2571
101015 2564
101032 2553
101048 2547
101064 2534
101080 2528
101097 2518
101113 2510
101129 2501
101146 2490
101162 2482
101178 2471
101194 2462
101211 2453
101227 2448
101243 2434
101260 2425
101276 2421
101292 2408
101308 2397
101325 2296
101341 2381
101357 2370
101374 2358
101390 2353
101406 2344
101422 2337
101439 2327
101455 2316
101471 2309
101488 2298
101504 2292
101520 2279
101536 2274
101553 2254
101569 2252
101585 2241
101602 2229
101618 2223
101634 2216
101650 2188
101667 2195
101683 2188
101699 2179
101716 2165
101732 2157
101748 2143
101764 2139
101781 2128
101797 2121
101813 2116
101830 2102
101846 2092
101862 2082
101878 2076
101895 2063
101911 2053
101927 2043
101944 2034
101960 2027
101976 2025
101994 2008
102010 1998
102026 2008
102042 1979
102059 1966
102075 1991
102091 1948
102108 1939
102124 1928
102140 1923
102156 1913
102173 1909
102189 1895
102205 1884
102222 1870
102238 1865
102254 1854
102270 1847
102287 1840
102303 1827
102319 1820
102336 1805
102352 1803
102368 1788
102384 1781
102401 1771
102417 1760
102433 1750
102450 1739
102466 1728
102482 1717
102498 1710
102515 1702
102531 1728
102547 1683
102564 1675
102580 1662
102596 1651
102612 1642
102629 1636
102645 1624
102661 1617
102678 1604
102694 1595
102710 1586
102726 1591
102743 1569
102759 1558
102775 1543
102792 1535
102808 1527
102824 1518
102840 1505
102857 1497
102873 1489
102889 1477
102906 1467
102922 1461
102938 1451
102954 1439
102971 1431
102988 1419
103004 1412
103021 1399
103037 1410
103053 1380
103070 1369
103086 1356
103102 1348
103118 1339
103135 1329
103151 1320
103167 1318
103184 1298
103200 1294
103216 1280
103232 1266
103249 1253
103265 1251
103281 1241
103298 1230
103314 1223
103330 1214
103346 1204
103363 1194
103379 1205
103395 1169
103412 1163
103428 1152
103444 1145
103460 1134
103477 1125
103493 1116
103509 1107
103526 1097
103542 1085
103558 1076
103574 1067
103591 1053
103607 1044
103623 1037
103640 1045
103656 1015
103672 1009
103688 997
103705 989
103721 979
103737 968
103754 954
103770 956
103786 938
103802 921
103819 918
103835 908
103851 898
103868 889
103884 879
103900 871
103916 859
103933 844
103949 839
103965 829
103982 818
103999 810
104015 801
104032 796
104048 782
104064 772
104080 763
104097 749
104113 739
104129 730
104146 736
104162 717
104178 703
104194 689
104211 681
104227 677
104243 664
104260 656
104276 650
104292 637
104308 628
104325 608
104341 609
104357 596
104374 589
104390 580
104406 566
104422 558
104439 552
104455 542
104471 532
104488 521
104504 512
104520 500
104536 492
104553 485
104569 478
104585 465
104602 454
104618 443
104634 437
104650 425
104667 415
104683 408
104699 399
104716 385
104732 376
104748 371
104764 359
104781 349
104797 341
104813 331
104830 297
104846 313
104862 302
104878 290
104895 281
104911 275
104927 266
104944 260
104960 239
104976 237
104994 227
105010 169
105026 209
105042 199
105059 193
105075 178
105091 169
105108 160
105124 152
105140 150
105156 133
105173 125
105189 115
105205 105
105222 98
105238 94
105254 111
105270 160
105287 213
105303 274
105319 328
105336 376
105352 398
105368 487
105384 541
105401 598
105417 653
105433 710
105450 767
105466 821
105482 884
105498 935
105515 990
105531 1050
105547 1106
105564 1165
105580 1225
105596 1279
105612 1336
105629 1395
105645 1450
105661 1511
105678 1571
105694 1628
105710 1686
105726 1725
105743 1801
105759 1857
105775 1917
105792 1973
105808 2032
105824 2087
105840 2146
105857 2200
105873 2258
105889 2316
105906 2374
105922 2430
105938 2489
105954 2544
105971 2602
105988 2664
106004 2716
106021 2775
106037 2814
106053 2885
106070 2940
106086 2999
106102 3051
106118 3103
106135 3157
106151 3213
106167 3256
106184 3243
106200 3234
106216 3221
106232 3216
106249 3219
106265 3198
106281 3189
106298 3182
106314 3173
106330 3164
106346 3156
106363 3149
106379 3137
106395 3128
106412 3122
106428 3116
106444 3105
106460 3096
106477 3085
106493 3077
106509 3074
106526 3061
106542 3050
106558 3041
106574 3030
106591 3023
106607 3014
106623 3007
106640 2988
106656 2990
106672 2980
106688 2972
106705 2966
106721 2957
106737 2941
106754 2940
106770 2933
106786 2921
106802 2906
106819 2902
106835 2890
106851 2890
106868 2876
106884 2865
106900 2859
106916 2849
106933 2837
106949 2833
106965 2822
106982 2815
106999 2810
107015 2792
107032 2785
107048 2778
107064 2771
107080 2760
107097 2750
107113 2747
107129 2733
107146 2728
107162 2717
107178 2711
107194 2693
107211 2685
107227 2680
107243 2670
107260 2661
107276 2663
107292 2645
107308 2634
107325 2626
107341 2617
107357 2602
107374 2595
107390 2588
107406 2580
107422 2570
107439 2564
107455 2555
107471 2543
107488 2540
107504 2521
107520 2519
107536 2510
107553 2498
107569 2485
107585 2473
107602 2470
107618 2460
107634 2452
107650 2443
107667 2433
107683 2426
107699 2415
107716 2407
107732 2399
107748 2385
107764 2377
107781 2367
107797 2358
107813 2349
107830 2359
107846 2334
107862 2319
107878 2311
107895 2304
107911 2299
107927 2286
107944 2272
107960 2257
107976 2258
107994 2247
108010 2225
108026 2229
108042 2219
108059 2207
108075 2201
108091 2193
108108 2178
108124 2171
108140 2157
108156 2154
108173 2142
108189 2137
108205 2127
108222 2114
108238 2108
108254 2096
108270 2088
108287 2080
108303 2073
108319 2061
108336 2046
108352 2008
108368 2033
108384 2021
108401 2013
108417 2002
108433 1995
108450 1985
108466 1977
108482 1969
108498 1953
108515 1945
108531 1931
108547 1927
108564 1918
108580 1910
108596 1899
108612 1892
108629 1880
108645 1870
108661 1859
108678 1853
108694 1841
108710 1843
108726 1820
108743 1812
108759 1803
108775 1791
108792 1785
108808 1776
108824 1766
108840 1756
108857 1745
108873 1734
108889 1725
108906 1714
108922 1708
108938 1695
108954 1686
108971 1680
108988 1670
109004 1656
109021 1643
109037 1644
109053 1626
109070 1621
109086 1611
109102 1601
109118 1591
109135 1579
109151 1571
109167 1559
109184 1552
109200 1543
109216 1532
109232 1522
109249 1513
109265 1502
109281 1490
109298 1484
109314 1474
109330 1467
109346 1454
109363 1445
109379 1429
109395 1423
109412 1416
109428 1404
109444 1396
109460 1382
109477 1376
109493 1365
109509 1354
109526 1347
109542 1336
109558 1325
109574 1318
109591 1305
109607 1297
109623 1288
109640 1288
109656 1265
109672 1255
109688 1247
109705 1235
109721 1228
109737 1219
109754 1209
109770 1203
109786 1186
109802 1178
109819 1166
109835 1158
109851 1153
109868 1137
109884 1128
109900 1118
109916 1110
109933 1080
109949 1086
109965 1077
109982 1065
109999 1056
110015 1047
110032 1033
110048 1028
110064 1021
110080 1011
110097 1003
110113 989
110129 978
110146 970
110162 960
110178 943
110194 931
110211 931
110227 920
110243 910
110260 899
110276 904
110292 878
110308 867
110325 864
110341 850
110357 838
110374 828
110390 817
110406 812
110422 794
110439 788
110455 781
110471 771
110488 760
110504 751
110520 742
110536 729
110553 720
110569 713
110585 704
110602 691
110618 684
110634 674
110650 665
110667 651
110683 647
110699 636
110716 625
110732 617
110748 607
110764 594
110781 585
110797 575
110813 569
110830 537
110846 548
110862 540
110878 537
110895 520
110911 510
110927 502
110944 492
110960 489
110976 471
110993 464
111010 443
111026 443
111042 435
111059 426
111075 416
111091 404
111107 396
111124 386
111140 369
111156 364
111173 357
111189 347
111205 338
111221 329
111238 322
111254 312
111270 302
111287 294
111303 276
111319 275
111335 266
111352 238
111368 244
111384 239
111401 228
111417 218
111433 210
111449 198
111466 191
111482 177
111498 173
111515 161
111531 156
111547 141
111563 134
111580 124
111596 115
111612 104
111629 99
111645 90
111661 114
111677 167
111694 220
111710 274
111726 335
111743 381
111759 436
111775 507
111791 547
111808 602
111824 659
111840 714
111857 769
111873 823
111889 882
111905 932
111922 992
111938 1049
111954 1107
111971 1166
111988 1227
112004 1282
112021 1340
112037 1397
112053 1456
112069 1514
112086 1576
112102 1630
112118 1685
112135 1745
112151 1796
112167 1859
112183 1916
112200 1930
112216 2032
112232 2091
112249 2155
112265 2203
112281 2261
112297 2313
112314 2373
112330 2430
112346 2488
112363 2545
112379 2601
112395 2660
112411 2713
112428 2768
112444 2824
112460 2880
112477 2950
112493 2988
112509 3046
112525 3110
112542 3153
112558 3207
112574 3251
112591 3243
112607 3234
112623 3228
112639 3215
112656 3205
112672 3199
112688 3190
112705 3181
112721 3177
112737 3166
112753 3156
112770 3147
112786 3137
112802 3130
112819 3122
112835 3117
112851 3107
112867 3097
112884 3083
112900 3081
112916 3073
112933 3060
112949 3052
112965 3044
112981 3036
112999 3026
113015 3019
113031 3012
113048 2996
113064 2990
113080 2983
113097 2971
113113 2968
113129 2959
113145 2949
113162 2942
113178 2933
113194 2923
113211 2914
113227 2902
113243 2898
113259 2888
113276 2873
113292 2870
113308 2860
113325 2892
113341 2844
113357 2833
113373 2826
113390 2810
113406 2806
113422 2794
113439 2789
113455 2780
113471 2769
113487 2765
113504 2756
113520 2746
113536 2737
113553 2729
113569 2719
113585 2712
113601 2665
113618 2690
113634 2683
113650 2672
113667 2669
113683 2657
113699 2646
113715 2636
113732 2629
113748 2620
113764 2612
113781 2599
113797 2583
113813 2582
113829 2575
113846 2564
113862 2557
113878 2549
113895 2538
113911 2532
113927 2523
113943 2514
113960 2502
113976 2498
113993 2485
114010 2474
114026 2467
114042 2455
114059 2447
114075 2425
114091 2428
114107 2419
114124 2407
114140 2395
114156 2391
114173 2381
114189 2370
114205 2363
114221 2352
114238 2343
114254 2336
114270 2328
114287 2315
114303 2309
114319 2301
114335 2292
114352 2284
114368 2274
114384 2264
114401 2232
114417 2245
114433 2234
114449 2221
114466 2218
114482 2206
114498 2204
114515 2190
114531 2177
114547 2171
114563 2159
114580 2151
114596 2140
114612 2133
114629 2124
114645 2114
114661 2106
114677 2097
114694 2088
114710 2073
114726 2066
114743 2060
114759 2049
114775 2035
114791 2030
114808 2020
114824 2010
114840 2003
114857 1993
114873 1985
114889 1976
114905 1965
114922 1953
114938 1942
114954 1927
114971 1925
114988 1915
115004 1908
115021 1898
115037 1892
115053 1880
115069 1873
115086 1861
115102 1850
115118 1842
115135 1831
115151 1824
115167 1813
115183 1806
115200 1777
115216 1783
115232 1774
115249 1762
115265 1755
115281 1744
115297 1734
115314 1726
115330 1714
115346 1704
115363 1699
115379 1686
115395 1677
115411 1668
115428 1664
115444 1648
115460 1638
115477 1638
115493 1622
115509 1610
115525 1601
115542 1593
115558 1583
115574 1570
115591 1562
115607 1552
115623 1537
115639 1533
115656 1524
115672 1513
115688 1501
115705 1496
115721 1485
115737 1475
115753 1463
115770 1457
115786 1445
115802 1434
115819 1429
115835 1414
115851 1408
115867 1395
115884 1387
115900 1386
115916 1367
115933 1356
115949 1348
115965 1337
115981 1330
115999 1318
116015 1310
116031 1300
116048 1288
116064 1281
116080 1272
116097 1258
116113 1248
116129 1239
116145 1230
116162 1221
116178 1209
116194 1201
116211 1189
116227 1179
116243 1171
116259 1162
116276 1139
116292 1141
116308 1132
116325 1146
116341 1112
116357 1103
116373 1091
116390 1085
116406 1075
116422 1063
116439 1054
116455 1041
116471 1033
116487 1022
116504 1020
116520 1005
116536 997
116553 986
116569 976
116585 965
116601 950
116618 946
116634 939
116650 904
116667 918
116683 907
116699 897
116715 888
116732 876
116748 870
116764 860
116781 849
116797 838
116813 829
116829 817
116846 806
116862 800
116878 790
116895 779
116911 772
116927 762
116943 752
116960 741
116976 732
116993 724
117010 712
117026 691
117042 690
117059 684
117075 676
117091 664
117107 654
117124 652
117140 638
117156 625
117173 613
117189 605
117205 596
117221 587
117238 577
117254 572
117270 558
117287 550
117303 541
117319 528
117335 521
117352 509
117368 500
117384 493
117401 496
117417 472
117433 465
117449 458
117466 446
117482 433
117498 426
117515 415
117531 405
117547 395
117563 388
117580 378
117596 367
117612 360
117629 350
117645 347
117661 335
117677 326
117694 313
117710 307
117726 310
117743 284
117759 276
117775 271
117791 259
117808 246
117824 242
117840 230
117857 219
117873 206
117889 202
117905 193
117922 182
117938 171
117954 162
117971 153
117988 142
118004 137
118021 133
118037 116
118053 108
118069 98
118086 90
118102 103
118118 153
118135 211
118151 263
118167 314
118183 367
118200 393
118216 474
118232 529
118249 584
118265 638
118281 693
118297 753
118314 806
118330 862
118346 916
118363 976
118379 1032
118395 1089
118411 1151
118428 1204
118444 1261
118460 1311
118477 1405
118493 1433
118509 1487
118525 1548
118542 1605
118558 1661
118574 1717
118591 1777
118607 1832
118623 1890
118639 1945
118656 2004
118672 2057
118688 2113
118705 2173
118721 2230
118737 2288
118753 2343
118770 2398
118786 2461
118802 2514
118819 2568
118835 2626
118851 2668
118867 2736
118884 2791
118900 2848
118916 2904
118933 2958
118949 3011
118965 3066
118981 3124
118999 3176
119015 3231
119031 3248
119048 3238
119064 3228
119080 3222
119097 3212
119113 3202
119129 3193
119145 3186
119162 3176
119178 3170
119194 3162
119211 3152
119227 3143
119243 3139
119259 3123
119276 3115
119292 3108
119308 3101
119325 3069
119341 3083
119357 3073
119373 3069
119390 3057
119406 3039
119422 3039
119439 3030
119455 3020
119471 3012
119487 3002
119504 2995
119520 2987
119536 2979
119553 2971
119569 2963
119585 2954
119601 2958
119618 2936
119634 2924
119650 2928
119667 2910
119683 2901
119699 2895
119715 2883
119732 2876
119748 2871
119764 2855
119781 2848
119797 2841
119813 2832
119829 2820
119846 2812
119862 2804
119878 2794
119895 2786
119911 2776
119927 2783
119943 2759
119960 2754
119976 2744
119993 2736
120010 2726
120026 2721
120042 2709
120058 2699
120075 2692
120091 2681
120107 2671
120124 2663
120140 2654
120156 2649
120172 2639
120189 2627
120205 2617
120221 2609
120238 2604
120254 2594
120270 2585
120286 2577
120303 2564
120319 2560
120335 2549
120352 2543
120368 2533
120384 2524
120400 2562
120417 2506
120433 2496
120449 2485
120466 2478
120482 2469
120498 2457
120514 2450
120531 2442
120547 2431
120563 2420
120580 2413
120596 2404
120612 2395
120628 2384
120645 2373
120661 2364
120677 2359
120694 2348
120710 2341
120726 2365
120742 2321
120759 2312
120775 2298
120791 2293
120808 2280
120824 2279
120840 2266
120856 2255
120873 2246
120889 2240
120905 2228
120922 2218
120938 2209
120954 2203
120970 2187
120988 2180
121004 2171
121020 2160
121037 2152
121053 2143
121069 2135
121086 2127
121102 2115
121118 2104
121134 2097
121151 2091
121167 2081
121183 2067
121200 2007
121216 2049
121232 2043
121248 2034
121265 2023
121281 2011
121297 2004
121314 1993
121330 1981
121346 1973
121362 1965
121379 1954
121395 1944
121411 1936
121428 1929
121444 1917
121460 1910
121476 1865
121493 1885
121509 1880
121525 1881
121542 1862
121558 1853
121574 1840
121590 1833
121607 1827
121623 1817
121639 1806
121656 1795
121672 1786
121688 1776
121704 1766
121721 1755
121737 1743
121753 1735
121770 1728
121786 1718
121802 1712
121818 1701
121835 1689
121851 1701
121867 1669
121884 1663
121900 1654
121916 1646
121932 1631
121949 1620
121965 1614
121981 1604
121999 1589
122015 1583
122031 1575
122048 1567
122064 1554
122080 1543
122097 1534
122113 1522
122129 1513
122145 1504
122162 1499
122178 1489
122194 1475
122211 1469
122227 1457
122243 1445
122259 1434
122276 1428
122292 1420
122308 1415
122325 1396
122341 1391
122357 1380
122373 1374
122390 1361
122406 1347
122422 1342
122439 1333
122455 1315
122471 1312
122487 1302
122504 1292
122520 1285
122536 1272
122553 1266
122569 1256
122585 1237
122601 1238
122618 1222
122634 1214
122650 1203
122667 1198
122683 1186
122699 1177
122715 1166
122732 1155
122748 1146
122764 1136
122781 1129
122797 1118
122813 1107
122829 1091
122846 1086
122862 1077
122878 1068
122895 1057
122911 1048
122927 1036
122943 1030
122960 1020
122976 1010
122993 997
123010 1006
123026 981
123042 968
123059 961
123075 948
123091 940
123107 930
123124 921
123140 932
123156 900
123173 890
123189 885
123205 870
123221 862
123238 853
123254 839
123270 830
123287 822
123303 812
123319 803
123335 790
123352 794
123368 775
123384 769
123401 755
123417 745
123433 736
123449 726
123466 717
123482 730
123498 697
123515 688
123531 676
123547 667
123563 661
123580 647
123596 637
123612 639
123629 618
123645 608
123661 600
123677 588
123694 582
123710 570
123726 570
123743 557
123759 545
123775 536
123791 519
123808 511
123824 505
123840 492
123857 486
123873 477
123889 466
123905 516
123922 447
123938 441
123954 428
123971 420
123988 416
124004 397
124021 388
124037 395
124053 367
124069 360
124086 350
124102 340
124118 333
124135 327
124151 319
124167 306
124183 291
124200 284
124216 276
124232 267
124249 248
124265 250
124281 241
124297 231
124314 216
124330 211
124346 202
124363 189
124379 187
124395 172
124411 164
124428 151
124444 145
124460 136
124477 126
124493 119
124509 105
124525 102
124542 89
124558 96
124574 152
124591 212
124607 262
124623 317
124639 375
124656 424
124672 478
124688 535
124705 590
124721 642
124737 699
124753 753
124770 809
124786 864
124802 923
124819 981
124835 1039
124851 1095
124867 1153
124884 1214
124900 1267
124916 1323
124933 1383
124949 1439
124965 1499
124981 1554
124999 1615
125015 1672
125031 1731
125048 1788
125064 1845
125080 1903
125097 1960
125113 2021
125129 2075
125145 2133
125162 2192
125178 2247
125194 2305
125211 2361
125227 2417
125243 2477
125259 2534
125276 2590
125292 2642
125308 2703
125325 2770
125341 2816
125357 2868
125373 2924
125390 2977
125406 3028
125422 3089
125439 3141
125455 3197
125471 3253
125487 3242
125504 3234
125520 3225
125536 3218
125553 3208
125569 3202
125585 3197
125601 3184
125618 3176
125634 3165
125650 3155
125667 3150
125683 3142
125699 3132
125715 3123
125732 3116
125748 3102
125764 3099
125781 3088
125797 3078
125813 3073
125829 3076
125846 3054
125862 3045
125878 3037
125895 3027
125911 3016
125927 3011
125943 3001
125960 2991
125976 2987
125993 2975
126010 2966
126026 2957
126042 2948
126058 2943
126075 2930
126091 2927
126107 2913
126124 2906
126140 2890
126156 2892
126172 2879
126189 2873
126205 2861
126221 2853
126238 2838
126254 2834
126270 2825
126286 2816
126303 2807
126319 2800
126335 2790
126352 2792
126368 2775
126384 2764
126400 2753
126417 2743
126433 2729
126449 2720
126466 2715
126482 2707
126498 2700
126514 2691
126531 2687
126547 2673
126563 2664
126580 2653
126596 2645
126612 2631
126628 2628
126645 2618
126661 2607
126677 2600
126694 2594
126710 2581
126726 2584
126742 2566
126759 2555
126775 2544
126791 2537
126808 2527
126824 2522
126840 2510
126856 2501
126873 2493
126889 2485
126905 2458
126922 2460
126938 2455
126954 2447
126970 2438
126988 2424
127004 2416
127020 2409
127037 2375
127053 2388
127069 2383
127086 2371
127102 2361
127118 2350
127134 2342
127151 2337
127167 2324
127183 2318
127200 2308
127216 2295
127232 2290
127248 2281
127265 2271
127281 2259
127297 2251
127314 2239
127330 2232
127346 2222
127362 2213
127379 2198
127395 2194
127411 2184
127428 2176
127444 2166
127460 2157
127476 2147
127493 2140
127509 2139
127525 2120
127542 2110
127558 2103
127574 2092
127590 2082
127607 2071
127623 2065
127639 2049
127656 2045
127672 2036
127688 2025
127704 2015
127721 2005
127737 1997
127753 1985
127770 1977
127786 1970
127802 1950
127818 1948
127835 1941
127851 1931
127867 1926
127884 1913
127900 1903
127916 1893
127932 1876
127949 1881
127965 1867
127981 1855
127999 1844
128015 1835
128031 1824
128048 1814
128064 1809
128080 1799
128097 1787
128113 1774
128129 1766
128145 1755
128162 1747
128178 1738
128194 1736
128211 1723
128227 1710
128243 1698
128259 1691
128276 1685
128292 1674
128308 1663
128325 1654
128341 1643
128357 1640
128373 1627
128390 1615
128406 1609
128422 1596
128439 1587
128455 1573
128471 1569
128487 1557
128504 1544
128520 1537
128536 1528
128553 1519
128569 1510
128585 1497
128601 1488
128618 1481
128634 1471
128650 1461
128667 1452
128683 1443
128699 1430
128715 1423
128732 1412
128748 1407
128764 1393
128781 1383
128797 1373
128813 1363
128829 1362
128846 1344
128862 1331
128878 1322
128895 1312
128911 1305
128927 1294
128943 1284
128960 1275
128976 1270
128993 1258
129010 1239
129026 1238
129042 1230
129059 1218
129075 1207
129091 1197
129107 1188
129124 1181
129140 1163
129156 1159
129173 1148
129189 1142
129205 1128
129221 1118
129238 1111
129254 1101
129270 1090
129287 1079
129303 1069
129319 1058
129335 1052
129352 1040
129368 1031
129384 1023
129401 1015
129417 1001
129433 991
129449 983
129466 975
129482 981
129498 953
129515 944
129531 933
129547 923
129563 911
129580 905
129596 895
129612 879
129629 874
129645 864
129661 853
129677 843
129694 834
129710 826
129726 804
129743 806
129759 796
129775 788
129791 777
129808 767
129824 757
129840 747
129857 735
129873 722
129889 718
129905 666
129922 695
129938 686
129954 679
129971 668
129988 656
130004 647
130021 635
130037 621
130053 615
130069 607
130086 594
130102 588
130118 578
130135 571
130151 557
130167 522
130183 540
130200 527
130216 518
130232 510
130249 518
130265 490
130281 479
130297 469
130314 460
130330 452
130346 442
130363 433
130379 414
130395 412
130411 402
130428 396
130444 385
130460 373
130477 368
130493 356
130509 344
130525 335
130542 326
130558 318
130574 301
130591 299
130607 294
130623 281
130639 251
130656 271
130672 255
130688 246
130705 234
130721 239
130737 217
130753 206
130770 194
130786 185
130802 175
130819 167
130835 158
130851 149
130867 140
130884 136
130900 122
130916 113
130933 96
130949 96
130965 85
130981 129
130999 184
131015 238
131031 288
131048 341
131064 397
131080 454
131097 504
131113 565
131129 615
131145 669
131162 725
131178 783
131194 836
131211 893
131227 950
131243 1010
131259 1065
131276 1121
131292 1180
131308 1237
131325 1294
131341 1349
131357 1409
131373 1468
131390 1523
131406 1581
131422 1637
131439 1694
131455 1747
131471 1809
131487 1868
131504 1923
131520 1981
131536 2038
131553 2093
131569 2153
131585 2210
131601 2273
131618 2325
131634 2387
131650 2436
131667 2496
131683 2551
131699 2603
131715 2661
131732 2719
131748 2771
131764 2829
131781 2885
131797 2935
131813 2993
131829 3047
131846 3104
131862 3155
131878 3213
131895 3252
131911 3240
131927 3233
131943 3222
131960 3215
131976 3200
131993 3200
132010 3188
132026 3189
132042 3171
132058 3160
132075 3144
132091 3144
132107 3138
132124 3128
132140 3116
132156 3110
132172 3102
132189 3093
132205 3084
132221 3074
132238 3068
132254 3058
132270 3048
132286 3040
132303 3030
132319 3023
132335 3015
132352 3005
132368 2997
132384 2987
132400 2988
132417 2971
132433 2961
132449 2943
132466 2944
132482 2937
132498 2928
132514 2918
132531 2908
132547 2906
132563 2886
132580 2882
132596 2871
132612 2863
132628 2857
132645 2849
132661 2836
132677 2830
132694 2820
132710 2810
132726 2816
132742 2797
132759 2783
132775 2774
132791 2767
132808 2755
132824 2749
132840 2739
132856 2730
132873 2726
132889 2717
132905 2705
132922 2695
132938 2685
132954 2679
132970 2670
132988 2660
133004 2653
133020 2640
133037 2629
133053 2624
133069 2612
133086 2605
133102 2594
133118 2586
133134 2579
133151 2569
133167 2562
133183 2552
133200 2544
133216 2535
133232 2525
133248 2516
133265 2504
133281 2499
133297 2489
133314 2480
133330 2469
133346 2460
133362 2449
133379 2440
133395 2433
133411 2421
133428 2412
133444 2404
133460 2394
133476 2386
133493 2376
133509 2369
133525 2366
133542 2348
133558 2343
133574 2241
133590 2323
133607 2313
133623 2299
133639 2297
133656 2285
133672 2277
133688 2267
133704 2261
133721 2247
133737 2237
133753 2231
133770 2223
133786 2210
133802 2201
133818 2190
133835 2183
133851 2212
133867 2164
133884 2156
133900 2131
133916 2136
133932 2127
133949 2113
133965 2109
133981 2099
133999 2090
134015 2079
134031 2072
134048 2063
134064 2051
