1.62 0.48 1868.50 31.68
22.87 12.15 1826.12 33.49
39.12 12.43 1781.25 30.78
55.62 12.24 1738.37 31.46
71.87 12.15 1697.62 31.33
88.12 12.43 1655.37 30.93
104.87 12.15 1614.87 29.49
121.25 12.39 1572.75 28.48
137.75 12.19 1532.12 27.34
154.00 12.10 1498.87 18.20
170.25 12.39 1455.75 27.74
186.87 12.15 1428.62 39.31
203.25 12.01 1381.87 24.94
219.87 12.15 1344.75 25.19
236.12 12.06 1307.00 24.81
252.50 12.30 1277.50 24.25
269.00 12.10 1255.62 39.53
285.25 12.01 1207.75 29.39
302.00 12.10 1178.50 23.14
318.25 12.01 1153.87 19.05
334.62 12.25 1125.87 20.33
351.12 12.05 1101.50 17.74
367.37 11.96 1083.00 21.30
384.00 12.10 1052.12 15.50
400.25 12.01 1028.62 13.17
416.50 12.29 1014.37 16.84
433.12 12.05 987.37 16.98
449.25 12.01 976.37 9.51
465.87 12.16 956.87 17.43
482.25 12.01 947.25 7.31
498.62 12.25 931.62 11.74
515.25 12.02 926.25 4.89
531.37 11.97 917.50 5.94
548.00 12.11 909.00 5.03
564.25 12.02 906.50 3.50
580.62 12.25 901.62 3.50
597.87 11.86 894.87 8.78
614.12 11.79 899.62 8.55
630.50 12.02 902.37 5.17
646.87 11.86 907.37 5.27
663.12 11.79 912.25 6.76
679.87 11.86 918.50 9.56
696.12 11.79 927.62 9.97
712.50 12.02 935.00 16.46
728.87 11.86 952.00 11.75
745.12 11.79 960.00 16.32
761.87 11.86 980.75 12.91
778.00 11.80 997.50 14.79
794.37 12.07 1017.12 16.34
811.00 11.80 1039.25 17.20
827.25 11.73 1057.87 19.79
843.87 11.85 1087.87 34.73
860.12 11.74 1105.50 19.04
876.37 12.06 1132.37 19.37
893.12 11.74 1157.87 21.20
909.37 11.68 1186.00 22.35
926.00 11.79 1218.87 22.71
942.25 11.69 1245.75 23.68
958.62 12.34 1277.37 25.30
975.25 12.07 1309.12 23.97
991.50 12.01 1338.37 28.68
1008.12 12.12 1381.37 25.46
1024.37 12.02 1417.00 36.84
1040.62 12.34 1464.37 32.90
1057.25 12.07 1486.75 28.34
1073.50 12.01 1523.25 27.83
1090.00 12.17 1561.37 32.01
1106.75 11.89 1597.62 30.31
1123.00 12.21 1633.12 35.61
1139.62 11.95 1678.00 29.18
1155.87 11.88 1716.50 27.27
1172.25 12.09 1757.50 29.22
1188.75 11.89 1800.75 30.65
1205.00 12.21 1837.25 29.96
1221.62 11.95 1878.25 29.75
1237.75 11.89 1910.00 32.95
1254.25 12.09 1954.37 27.57
1270.75 11.89 1993.75 29.24
1287.00 12.21 2034.37 28.21
1303.62 11.95 2071.12 27.27
1319.87 11.84 2109.25 27.03
1336.37 12.04 2145.75 23.19
1352.75 11.89 2177.87 32.49
1369.12 12.15 2219.00 26.18
1385.62 11.95 2257.87 26.75
1401.87 11.84 2290.87 24.60
1418.37 12.04 2319.12 27.59
1434.75 11.89 2353.62 28.78
1451.00 11.82 2390.25 22.86
1467.62 11.95 2429.87 33.03
1483.87 11.84 2447.50 23.00
1500.50 12.01 2480.50 19.61
1517.00 11.81 2507.37 20.72
1533.25 11.73 2535.62 17.08
1549.87 11.85 2562.62 17.20
1566.12 11.75 2587.00 17.01
1582.37 12.06 2607.75 15.15
1599.12 11.79 2624.37 21.06
1615.37 11.72 2648.75 14.07
1631.75 11.93 2667.62 11.27
1648.25 11.73 2684.00 10.52
1664.50 12.05 2702.62 14.65
1681.00 11.83 2714.62 10.35
1697.37 11.72 2724.87 10.43
1713.75 11.93 2747.25 21.13
1730.25 11.73 2749.00 7.45
1746.50 12.05 2751.37 14.08
1763.00 11.83 2759.62 8.67
1779.37 11.72 2767.25 5.29
1795.75 11.93 2764.87 7.02
1812.12 11.79 2771.62 5.00
1828.62 11.99 2773.37 4.97
1845.00 11.83 2769.87 6.47
1861.50 11.66 2764.62 7.23
1877.87 11.87 2754.25 15.11
1894.50 11.64 2752.00 8.62
1910.75 11.56 2745.12 8.56
1927.25 11.72 2732.50 11.20
1943.62 11.57 2724.25 10.93
1960.62 13.47 2712.37 9.82
1977.12 13.65 2696.00 15.21
1993.50 13.53 2679.25 16.46
2009.87 13.36 2669.75 6.89
2026.37 13.54 2645.00 16.72
2042.50 13.53 2620.37 21.58
2059.12 13.65 2600.62 28.22
2075.50 13.53 2581.00 21.35
2091.75 13.40 2559.62 25.60
2108.50 13.51 2531.25 23.10
2124.62 13.49 2493.25 38.76
2141.12 13.66 2475.25 26.16
2157.62 13.49 2450.25 26.55
2174.00 13.33 2420.25 26.48
2190.37 13.57 2398.62 39.11
2206.62 13.49 2360.12 27.44
2223.12 13.66 2322.50 31.66
2239.62 13.49 2300.87 41.51
2256.00 13.33 2261.62 29.71
2272.37 13.57 2227.87 29.87
2288.87 13.38 2194.00 31.98
2305.12 13.28 2154.87 29.73
2321.87 13.38 2121.37 31.84
2338.12 13.28 2085.87 30.04
2354.62 13.47 2049.62 32.09
2370.87 13.38 2012.50 31.17
2387.12 13.28 1978.37 25.49
2403.75 13.40 1941.37 33.40
2420.00 13.31 1902.12 31.59
2436.50 13.52 1863.37 41.90
2452.87 13.38 1828.87 32.54
2469.12 13.28 1792.62 30.53
2485.75 13.40 1758.00 23.18
2502.00 13.34 1719.62 29.71
2518.62 13.48 1683.50 29.06
2535.00 13.34 1648.37 28.90
2551.25 13.24 1613.50 27.84
2567.87 13.36 1581.12 28.38
2584.00 13.34 1545.25 30.05
2600.62 13.48 1507.75 30.28
2617.00 13.34 1480.50 25.93
2633.25 13.24 1448.75 23.33
2649.75 13.43 1416.37 23.35
2666.00 13.34 1381.00 26.92
2682.62 13.48 1359.50 24.23
2699.00 13.34 1330.75 20.80
2715.25 13.24 1307.50 24.01
2731.75 13.43 1276.87 21.17
2748.00 13.34 1252.37 19.06
2764.37 13.20 1220.62 19.26
2781.00 13.34 1204.75 16.29
2797.25 13.24 1185.12 14.17
2813.75 13.43 1158.25 15.64
2830.00 13.34 1144.87 13.00
2846.37 13.20 1128.12 12.96
2863.00 13.34 1114.25 12.94
2879.12 13.27 1097.12 9.21
2896.12 13.34 1085.00 7.97
2912.37 13.24 1070.00 11.97
2928.75 13.10 1065.62 12.55
2945.37 13.24 1052.75 5.00
2961.50 13.22 1046.75 4.76
2978.12 13.34 1040.50 3.61
2994.37 13.24 1033.25 8.80
3010.75 13.10 1035.62 10.64
3027.37 13.24 1031.37 4.21
3043.50 13.22 1031.12 12.28
3060.12 13.34 1033.00 6.02
3076.37 13.24 1036.25 8.50
3092.75 13.10 1040.50 7.92
3110.00 13.17 1048.62 10.39
3126.12 13.14 1055.25 9.30
3142.87 13.25 1064.00 12.14
3159.12 13.14 1074.25 12.48
3175.37 13.03 1087.87 14.02
3191.87 13.25 1114.00 27.57
3208.12 13.14 1113.12 16.31
3224.75 13.31 1129.25 17.96
3241.12 13.14 1138.87 23.57
3257.37 13.03 1165.12 19.21
3273.87 13.25 1184.62 17.25
3290.37 13.04 1203.37 23.47
3306.87 13.19 1227.75 22.22
3323.37 13.04 1250.87 22.00
3339.62 12.92 1271.37 27.14
3356.00 13.20 1302.12 25.12
3372.37 13.04 1328.25 24.87
3388.75 13.24 1355.12 25.92
3405.37 13.04 1383.25 26.90
3421.62 12.92 1412.50 26.61
3438.00 13.20 1444.25 38.01
3454.37 13.04 1470.87 27.84
3470.62 12.92 1504.62 29.22
3487.37 13.04 1539.00 28.49
3504.00 12.86 1567.87 28.75
3520.50 13.08 1598.37 29.32
3536.87 12.90 1635.12 29.57
3553.12 12.77 1666.12 29.50
3569.75 12.94 1702.00 30.09
3585.87 12.90 1732.37 29.87
3602.50 13.08 1767.37 30.32
3618.87 12.90 1802.75 29.68
3635.12 12.77 1835.87 28.54
3651.75 12.99 1872.25 30.12
3667.87 12.90 1904.25 31.13
3684.37 13.09 1942.62 27.82
3700.87 12.90 1974.00 28.94
3717.12 12.77 2008.75 31.90
3733.62 13.03 2044.50 27.64
3749.87 12.90 2072.62 28.18
3766.25 13.09 2104.12 30.29
3782.87 12.90 2139.12 26.05
3799.12 12.77 2167.12 27.45
3815.50 13.08 2200.50 24.34
3831.87 12.90 2231.37 23.97
3848.25 13.09 2258.62 22.11
3864.87 12.90 2284.00 28.05
3881.12 12.77 2321.37 22.31
3897.62 13.05 2348.37 22.85
3914.00 12.86 2368.87 24.03
3930.25 12.74 2390.62 25.45
3947.00 12.86 2420.37 16.78
3963.12 12.84 2442.87 13.77
3979.62 13.05 2465.25 15.59
3996.00 12.86 2486.12 15.81
4012.37 13.07 2508.87 29.42
4029.00 12.86 2529.75 18.33
4045.12 12.84 2542.37 14.59
4061.62 13.05 2562.00 14.93
4078.00 12.86 2573.12 11.26
4094.25 12.74 2583.75 11.55
4111.00 12.86 2601.62 9.34
4127.12 12.84 2610.00 8.59
4143.50 13.07 2620.75 5.78
4160.00 12.86 2629.50 4.55
4176.25 12.74 2636.25 5.56
4192.75 13.00 2641.62 5.43
4209.12 12.84 2645.00 3.94
4225.50 13.07 2648.12 16.00
4242.00 12.86 2650.12 5.25
4258.25 12.74 2648.37 3.97
4274.62 13.05 2646.37 9.23
4291.50 12.73 2641.00 16.98
4307.87 12.95 2642.00 7.75
4324.37 12.76 2636.62 10.06
4340.62 12.63 2628.75 12.15
4357.00 12.92 2629.75 39.08
4373.37 12.76 2611.50 11.85
4389.87 12.95 2600.37 12.96
4406.37 12.76 2585.62 18.10
4422.62 12.63 2575.50 14.86
4439.00 12.92 2560.37 10.00
4455.37 12.76 2543.50 16.61
4471.75 12.95 2527.37 17.46
4488.37 12.76 2489.75 41.71
4505.37 12.77 2488.62 17.57
4521.75 12.96 2468.37 17.21
4538.12 12.77 2447.12 19.83
4554.50 12.66 2424.50 22.06
4571.12 12.77 2399.37 21.56
4587.37 12.77 2375.25 22.90
4603.75 12.96 2355.25 29.94
4620.12 12.77 2323.25 23.97
4636.50 12.66 2296.50 26.07
4653.00 12.87 2269.12 25.62
4669.37 12.77 2245.87 29.52
4685.75 12.96 2212.12 25.71
4702.12 12.77 2182.75 26.53
4718.50 12.66 2148.12 28.10
4735.00 12.87 2125.37 28.26
4751.37 12.77 2091.87 26.03
4767.75 12.96 2061.37 27.19
4784.12 12.77 2028.87 26.49
4800.50 12.66 1997.87 25.41
4816.87 12.91 1969.62 31.49
4833.25 12.80 1932.37 27.98
4849.75 12.96 1901.25 26.04
4866.12 12.77 1866.87 26.28
4882.50 12.66 1834.62 38.41
4899.62 12.91 1804.62 27.25
4916.00 12.70 1771.50 31.54
4932.37 12.91 1744.50 33.39
4949.00 12.70 1712.00 22.51
4965.12 12.72 1678.87 29.41
4981.62 12.91 1649.75 23.38
4998.00 12.70 1617.87 28.70
5014.37 12.91 1592.75 16.12
5031.00 12.70 1561.87 22.97
5047.12 12.72 1534.12 24.49
5063.62 12.91 1508.25 29.18
5080.00 12.70 1480.75 21.44
5096.37 12.91 1453.00 21.20
5113.00 12.70 1427.62 21.62
5129.12 12.72 1403.12 19.80
5145.50 12.89 1386.25 23.48
5162.00 12.70 1360.75 18.48
5178.37 12.91 1340.12 19.36
5194.87 12.81 1320.75 24.33
5211.12 12.72 1295.50 15.80
5227.50 12.89 1281.00 16.65
5244.00 12.70 1260.37 13.81
5260.25 12.61 1243.00 14.20
5276.75 12.85 1228.75 12.76
5293.25 12.69 1219.37 23.76
5309.62 12.85 1208.50 29.54
5326.12 12.66 1189.75 7.43
5342.37 12.57 1185.12 16.39
5358.87 12.84 1164.62 8.22
5375.12 12.66 1163.00 6.40
5391.62 12.85 1156.00 6.69
5408.12 12.66 1148.00 7.26
5424.37 12.57 1148.12 5.16
5440.87 12.84 1146.00 6.95
5457.12 12.66 1141.12 3.69
5473.62 12.85 1144.25 4.08
5490.12 12.66 1138.62 10.64
5506.37 12.72 1147.87 5.99
5523.00 12.86 1150.25 8.63
5539.37 12.72 1158.00 12.99
5555.75 12.88 1162.62 8.82
5572.25 12.69 1172.00 9.50
5588.37 12.72 1180.87 14.37
5604.75 12.88 1196.37 13.55
5621.37 12.72 1207.37 17.68
5637.62 12.90 1214.37 13.15
5654.12 12.80 1225.87 10.61
5670.37 12.72 1240.62 15.25
5686.75 12.88 1259.62 16.05
5703.25 12.69 1276.00 15.37
5719.50 12.60 1281.87 38.03
5736.12 12.80 1312.25 16.72
5752.37 12.72 1332.50 19.86
5768.75 12.88 1353.87 20.61
5785.25 12.69 1374.75 21.54
5801.50 12.60 1399.12 20.70
5818.12 12.80 1418.87 23.74
5834.37 12.72 1446.12 22.38
5850.75 12.88 1470.75 23.54
5867.25 12.69 1515.62 41.36
5883.50 12.60 1525.12 24.57
5900.12 12.89 1551.00 24.44
5916.50 12.74 1578.37 26.77
5932.87 12.90 1597.75 32.10
5949.37 12.71 1633.50 27.56
5965.50 12.74 1663.37 26.80
5982.12 12.89 1689.00 27.03
5998.50 12.74 1717.25 30.29
6014.87 12.90 1748.37 25.58
6031.37 12.71 1778.37 26.93
6047.50 12.74 1803.75 33.13
6064.00 12.92 1839.12 26.32
6080.50 12.74 1867.25 26.70
6096.75 12.92 1898.75 28.66
6113.50 12.69 1925.25 26.99
6129.62 12.72 1956.50 26.13
6146.12 12.91 1984.75 26.30
6162.50 12.69 2014.00 26.14
6179.00 12.88 2047.87 38.55
6195.37 12.80 2070.00 25.20
6211.62 12.72 2097.87 24.20
6228.00 12.88 2126.00 24.44
6244.50 12.69 2150.25 25.60
6260.87 12.58 2178.25 24.72
6277.37 12.80 2204.37 22.47
6294.37 12.66 2239.12 25.71
6310.75 12.80 2252.00 32.36
6327.25 12.64 2279.12 20.99
6343.62 12.51 2301.62 19.71
6359.87 12.82 2318.75 28.80
6376.37 12.66 2344.25 18.22
6392.75 12.80 2363.75 19.94
6409.25 12.64 2382.87 17.12
6425.50 12.53 2401.37 15.62
6441.87 12.82 2416.75 10.59
6458.37 12.66 2433.00 16.41
6474.75 12.80 2450.87 13.59
6491.37 12.68 2454.37 24.94
6507.62 12.73 2483.00 16.81
6524.12 12.88 2490.50 12.10
6540.50 12.69 2500.87 8.71
6557.00 12.86 2513.37 8.14
6573.37 12.68 2518.87 7.91
6589.50 12.69 2524.75 8.38
6606.12 12.88 2531.62 7.92
6622.50 12.69 2535.87 7.27
6639.00 12.86 2538.75 6.78
6655.25 12.80 2543.62 4.21
6671.50 12.69 2553.25 26.29
6688.00 12.86 2544.87 2.26
6704.50 12.69 2543.87 5.42
6720.87 12.57 2541.50 3.64
6737.25 12.80 2535.62 5.22
6753.50 12.69 2532.75 6.70
6770.00 12.86 2526.37 7.79
6786.50 12.69 2519.50 8.11
6802.87 12.57 2512.87 13.82
6819.25 12.80 2498.25 15.06
6835.50 12.69 2491.25 11.23
6852.00 12.86 2477.37 10.26
6868.50 12.69 2468.12 17.52
6885.00 12.64 2454.25 13.51
6901.25 12.90 2438.75 14.79
6917.75 12.73 2422.00 17.51
6934.25 12.90 2414.75 26.85
6950.62 12.73 2390.87 15.22
6966.87 12.77 2369.75 17.33
6983.25 12.90 2346.62 21.77
6999.75 12.73 2330.62 19.25
7016.25 12.90 2309.62 18.26
7032.62 12.73 2288.37 20.70
7048.75 12.73 2265.87 19.38
7065.25 12.90 2254.75 41.90
7081.75 12.73 2218.87 21.46
7098.25 12.90 2193.87 22.41
7114.75 12.71 2162.12 25.81
7130.87 12.71 2138.87 35.17
7147.37 12.88 2114.87 22.41
7163.87 12.71 2092.62 23.35
7180.37 12.88 2064.87 24.64
7196.50 12.81 2037.50 22.86
7212.87 12.71 2011.87 25.23
7229.37 12.88 1979.75 24.96
7245.87 12.71 1958.37 26.07
7262.25 12.60 1930.00 20.60
7278.50 12.81 1899.12 24.75
7294.87 12.71 1873.12 25.12
7311.37 12.88 1846.12 25.19
7327.87 12.71 1820.37 24.97
7344.25 12.60 1792.12 24.76
7360.37 12.88 1755.50 31.39
7376.87 12.71 1730.00 23.37
7393.37 12.88 1710.37 23.99
7409.87 12.71 1683.25 22.03
7426.25 12.60 1659.37 22.48
7442.37 12.88 1631.50 25.25
7458.87 12.71 1608.62 22.59
7475.37 12.88 1582.75 22.10
7492.00 12.75 1563.12 25.14
7508.25 12.77 1545.25 35.14
7524.50 12.92 1513.12 20.76
7541.00 12.75 1491.12 23.06
7557.50 12.92 1467.12 19.02
7574.00 12.75 1445.62 31.37
7590.12 12.79 1426.37 19.27
7606.50 12.92 1410.75 16.72
7623.00 12.75 1389.62 14.61
7639.50 12.92 1371.75 18.19
7655.62 12.84 1358.37 13.90
7672.12 12.79 1345.12 17.40
7688.50 12.92 1329.25 12.84
7705.00 12.75 1316.50 11.95
7721.37 12.64 1306.50 11.75
7737.62 12.84 1293.62 10.04
7754.12 12.79 1281.50 10.85
7770.50 12.92 1274.25 8.24
7787.00 12.75 1264.75 7.73
7803.37 12.64 1261.12 13.26
7819.62 12.84 1249.87 12.13
7836.00 12.75 1249.12 6.03
7852.50 12.92 1245.25 6.50
7869.00 12.75 1242.75 3.99
7885.50 12.67 1240.50 4.47
7901.75 12.99 1240.87 4.14
7918.12 12.78 1242.37 5.63
7934.62 12.95 1242.37 4.95
7951.12 12.78 1247.62 6.24
7967.37 12.80 1250.00 6.63
7983.62 12.95 1252.00 12.49
8000.12 12.78 1263.75 6.48
8016.62 12.95 1270.87 9.23
8033.12 12.78 1279.75 14.78
8049.25 12.82 1294.25 13.91
8065.62 12.95 1311.12 30.55
8082.12 12.78 1305.87 18.43
8098.62 12.95 1327.00 12.07
8115.12 12.76 1335.25 17.01
8131.50 12.80 1354.12 16.14
8147.75 12.94 1363.87 21.68
8164.25 12.76 1385.00 15.83
8180.75 12.94 1398.37 16.51
8197.00 12.89 1420.25 15.18
8213.50 12.80 1438.25 16.07
8229.75 12.94 1454.37 18.31
8246.25 12.76 1480.62 20.38
8262.62 12.66 1493.25 10.10
8279.00 12.89 1520.00 19.86
8295.25 12.76 1542.62 19.75
8311.75 12.94 1564.00 19.05
8328.25 12.76 1588.62 20.36
8344.62 12.66 1611.25 20.98
8360.87 12.97 1645.50 22.02
8377.25 12.76 1659.00 20.18
8393.75 12.94 1683.62 22.00
8410.25 12.76 1710.25 21.16
8426.62 12.66 1736.25 20.53
8442.75 12.94 1759.62 20.90
8459.25 12.76 1786.87 20.92
8475.75 12.94 1810.50 22.41
8492.62 12.91 1843.25 21.09
8508.75 12.90 1864.00 23.43
8525.12 13.10 1888.50 21.72
8541.62 12.91 1916.25 23.00
8558.00 13.04 1936.87 23.15
8574.62 12.91 1965.12 18.60
8590.75 12.90 1991.37 22.99
8607.12 13.10 2016.12 22.00
8623.62 12.91 2039.87 21.42
8640.00 13.04 2064.25 21.19
8656.50 13.05 2088.12 21.92
8672.75 12.90 2114.37 25.42
8689.12 13.10 2131.37 20.68
8705.62 12.91 2156.25 16.79
8721.87 12.76 2179.25 29.26
8738.50 13.05 2200.62 17.56
8754.62 12.91 2219.50 18.64
8771.12 13.10 2239.62 16.38
8787.62 12.91 2259.87 15.94
8803.87 12.76 2276.62 17.14
8820.37 13.05 2300.62 35.35
8836.62 12.91 2312.87 13.54
8853.00 13.04 2327.75 14.96
8869.62 12.91 2342.12 14.13
8886.25 12.89 2358.75 12.15
8902.50 13.22 2372.37 11.57
8918.87 12.99 2383.37 12.91
8935.37 13.16 2393.25 16.77
8951.87 12.99 2404.12 9.29
8968.12 13.03 2417.37 11.84
8984.50 13.22 2423.62 9.47
9000.87 12.99 2431.00 7.92
9017.37 13.16 2437.50 7.83
9033.87 12.99 2445.75 12.69
9050.12 13.03 2447.75 5.58
9066.50 13.22 2452.12 4.28
9082.87 12.99 2454.12 5.69
9099.50 13.15 2453.00 9.62
9116.00 12.98 2447.75 15.32
9132.12 12.97 2463.62 20.57
9148.62 13.21 2452.62 6.08
9165.00 12.98 2449.00 5.94
9181.50 13.15 2449.12 15.31
9197.87 13.12 2442.00 11.60
9214.12 12.97 2434.87 7.98
9230.62 13.21 2421.87 16.98
9247.00 12.98 2426.25 34.06
9263.37 12.88 2417.00 10.10
9279.75 13.12 2396.12 18.43
9296.25 12.98 2390.00 11.23
9312.62 13.15 2377.12 9.98
9329.12 12.98 2365.62 12.60
9345.50 12.88 2352.00 13.66
9361.87 13.21 2338.50 14.05
9378.25 12.98 2323.00 14.36
9394.62 13.15 2306.62 14.39
9411.12 12.98 2296.75 23.41
9427.50 12.88 2274.37 15.94
9443.87 13.21 2255.75 15.99
9460.12 12.98 2237.00 17.21
9476.62 13.15 2216.50 17.66
9493.25 13.04 2196.12 20.47
9509.50 13.09 2176.75 17.74
9526.00 13.27 2156.25 19.84
9542.25 13.04 2134.87 19.82
9558.87 13.27 2116.87 31.91
9575.25 13.04 2093.50 10.75
9591.37 13.04 2067.37 20.87
9607.87 13.27 2042.87 21.01
9624.25 13.04 2023.75 22.91
9640.75 13.21 1996.87 22.04
9657.12 13.18 1967.12 26.20
9673.37 13.04 1943.62 22.05
9689.87 13.27 1934.87 28.14
9706.25 13.04 1906.62 23.10
9722.62 12.94 1876.50 20.29
9739.12 13.18 1852.62 20.22
9755.37 13.04 1830.37 21.13
9771.87 13.27 1803.00 17.72
9788.25 13.04 1781.37 19.20
9804.62 12.94 1757.75 21.92
9821.12 13.18 1736.37 13.55
9837.37 13.04 1713.25 20.55
9853.87 13.27 1689.00 19.26
9870.25 13.04 1669.37 18.70
9887.12 13.21 1646.12 19.19
9903.50 13.53 1619.62 31.45
9919.87 13.37 1604.62 18.47
9936.37 13.53 1586.62 19.82
9952.75 13.29 1563.62 17.89
9969.00 13.36 1546.00 17.62
9985.50 13.53 1527.00 15.69
10001.75 13.29 1506.12 19.39
10018.37 13.53 1491.37 16.09
10034.75 13.29 1475.87 14.27
10051.00 13.36 1459.50 13.69
10067.37 13.53 1444.75 12.63
10083.75 13.29 1429.37 13.28
10100.37 13.46 1410.75 16.10
10117.00 13.28 1398.25 16.99
10133.12 13.35 1392.62 11.88
10149.62 13.52 1385.50 17.81
10166.00 13.28 1371.87 8.30
10182.37 13.46 1362.12 8.51
10198.87 13.42 1349.62 11.81
10215.12 13.35 1346.75 7.58
10231.62 13.52 1342.25 7.45
10248.00 13.28 1335.75 14.90
10264.25 13.21 1331.62 6.87
10280.87 13.42 1329.12 4.99
10297.25 13.36 1334.50 25.66
10313.75 13.52 1326.75 3.93
10330.12 13.28 1327.62 6.08
10346.37 13.21 1327.12 6.31
10362.87 13.52 1327.25 6.90
10379.25 13.36 1324.50 15.53
10395.75 13.52 1333.62 5.72
10412.12 13.28 1337.62 6.87
10428.37 13.21 1346.25 14.91
10444.87 13.52 1351.25 12.12
10461.12 13.28 1356.37 7.45
10477.62 13.52 1361.50 12.90
10494.75 13.65 1373.37 9.64
10510.87 13.72 1384.62 12.37
10527.50 13.90 1388.25 20.66
10543.75 13.65 1407.25 11.96
10560.25 13.91 1418.87 12.97
10576.75 13.65 1432.62 12.62
10592.87 13.72 1447.37 13.40
10609.50 13.90 1455.25 20.00
10625.75 13.65 1476.62 14.09
10642.25 13.91 1494.25 15.71
10658.62 13.80 1511.62 16.62
10674.87 13.72 1524.75 22.19
10691.50 13.90 1545.75 16.52
10707.75 13.65 1563.12 17.13
10724.12 13.67 1588.50 18.90
10740.62 13.80 1605.50 18.31
10756.87 13.72 1621.37 18.79
10773.37 13.90 1637.37 30.21
10789.75 13.65 1662.62 16.69
10806.00 13.57 1685.25 18.67
10822.62 13.80 1704.62 22.20
10838.87 13.72 1727.00 18.35
10855.37 13.90 1747.12 20.60
10871.75 13.65 1774.25 20.75
10888.12 13.65 1792.75 20.20
10904.62 13.97 1815.12 20.67
10921.00 13.80 1832.50 27.67
10937.37 13.98 1859.75 19.47
10953.87 13.72 1880.37 21.50
10970.00 13.80 1906.37 12.87
10986.62 13.97 1927.87 20.20
11003.00 13.80 1952.75 20.66
11019.37 13.98 1968.50 16.58
11035.87 13.72 1991.00 18.72
11052.00 13.80 2014.87 36.18
11068.62 13.97 2032.75 17.27
11085.00 13.80 2053.87 18.25
11101.75 13.98 2074.37 17.84
11118.25 13.74 2091.37 18.38
11134.37 13.81 2115.37 17.02
11150.87 13.98 2129.12 20.28
11167.37 13.81 2148.25 19.20
11183.75 13.98 2168.25 15.55
11200.12 13.89 2186.75 15.92
11216.37 13.81 2203.12 16.71
11232.75 13.98 2220.25 15.11
11249.25 13.74 2237.87 12.56
11265.50 13.66 2250.25 13.30
11282.00 13.87 2264.50 11.52
11298.50 13.81 2270.87 16.92
11315.00 13.98 2289.00 12.45
11331.37 13.74 2303.00 12.33
11347.62 13.65 2312.75 9.93
11364.00 13.98 2322.00 9.55
11380.50 13.81 2330.62 7.31
11397.00 13.98 2338.00 8.28
11413.37 13.74 2348.25 7.61
11429.62 13.65 2357.37 9.31
11446.00 13.98 2360.25 4.97
11462.50 13.81 2365.37 5.15
11478.87 13.98 2377.75 13.68
11495.50 13.83 2374.75 13.12
11511.75 14.00 2374.25 3.42
11528.12 14.08 2372.75 11.20
11544.62 13.90 2372.87 10.83
11561.00 14.07 2375.37 4.47
11577.50 13.83 2374.87 4.99
11593.62 13.90 2376.12 9.43
11610.12 14.08 2365.12 8.68
11626.62 13.90 2364.00 6.48
11643.00 14.07 2362.12 7.03
11659.37 13.98 2352.37 8.53
11675.62 13.90 2347.37 10.20
11692.12 14.08 2338.87 9.73
11708.50 13.83 2332.25 9.82
11724.87 13.84 2311.75 27.98
11741.25 13.97 2309.25 13.43
11757.62 13.90 2301.25 12.49
11774.12 14.08 2286.75 28.11
11790.50 13.83 2277.75 12.96
11806.87 13.84 2260.50 21.98
11823.25 13.97 2256.50 16.97
11839.62 13.90 2237.75 14.02
11856.12 14.08 2221.12 13.99
11872.50 13.83 2200.37 16.29
11889.75 14.53 2190.25 16.09
11906.12 14.86 2171.00 18.74
11922.50 14.60 2167.37 37.86
11939.00 14.87 2138.62 17.30
11955.50 14.60 2122.50 14.62
11971.62 14.69 2095.62 32.75
11988.12 14.86 2082.37 17.92
12004.50 14.60 2062.62 19.99
12021.00 14.87 2048.00 16.47
12037.50 14.60 2024.25 18.82
12053.50 14.60 1988.25 35.39
12070.12 14.86 1983.25 21.18
12086.50 14.60 1967.25 17.51
12103.12 14.87 1941.87 19.00
12119.62 14.61 1920.37 17.98
12135.62 14.61 1899.37 18.81
12152.25 14.86 1880.25 19.29
12168.62 14.61 1859.37 17.92
12185.12 14.87 1838.50 18.88
12201.50 14.76 1821.50 25.81
12217.62 14.61 1797.50 19.62
12234.25 14.86 1775.87 16.31
12250.62 14.61 1760.25 21.89
12266.87 14.54 1736.62 18.04
12283.62 14.76 1719.50 18.66
12299.75 14.61 1679.37 42.36
12316.37 14.86 1681.00 18.81
12332.75 14.61 1668.75 27.04
12349.00 14.53 1642.25 21.17
12365.50 14.87 1627.00 17.00
12381.75 14.61 1606.25 16.32
12398.37 14.86 1588.37 15.55
12414.75 14.61 1574.25 13.49
12431.00 14.53 1557.75 14.70
12447.50 14.87 1543.37 15.37
12463.75 14.61 1529.50 12.26
12480.37 14.86 1515.25 10.85
12496.75 14.61 1503.62 11.94
12512.87 14.69 1491.50 12.01
12529.37 14.86 1485.87 17.19
12545.75 14.61 1478.50 20.85
12562.37 14.86 1457.25 9.55
12578.75 14.61 1446.75 9.61
12594.87 14.69 1435.62 19.98
12611.37 14.86 1435.50 20.08
12627.75 14.61 1424.87 6.64
12644.25 14.86 1419.12 5.53
12660.62 14.76 1413.00 5.83
12676.87 14.69 1408.12 4.43
12693.37 14.86 1404.00 5.61
12709.75 14.61 1402.12 3.41
12726.00 14.53 1399.62 12.36
12742.62 14.76 1396.50 3.84
12758.75 14.61 1397.12 4.05
12775.37 14.86 1398.37 17.12
12791.75 14.61 1398.50 5.24
12808.00 14.53 1400.12 4.43
12824.62 14.76 1419.12 28.83
12840.75 14.61 1408.62 5.89
12857.37 14.86 1413.50 6.54
12874.00 14.86 1420.00 4.85
12890.25 14.79 1423.62 7.00
12906.75 15.13 1432.75 9.35
12923.00 14.86 1441.75 6.94
12939.50 14.99 1447.62 9.41
12956.00 14.86 1455.87 9.66
12972.12 14.94 1466.87 11.76
12988.62 15.12 1477.25 11.02
13005.00 14.86 1495.37 18.07
13021.50 14.99 1501.50 13.25
13038.00 14.86 1513.87 12.17
13054.12 14.94 1531.12 28.67
13070.62 15.12 1539.75 15.69
13087.00 14.86 1550.00 15.39
13104.12 15.15 1571.62 14.10
13120.62 15.00 1585.87 15.09
13136.75 15.07 1602.62 14.61
13153.25 15.15 1618.75 15.79
13169.62 15.00 1636.25 15.78
13186.00 15.11 1652.62 17.75
13202.50 15.16 1671.62 16.69
13218.62 15.00 1688.00 17.65
13235.25 15.15 1709.37 14.89
13251.62 15.00 1726.00 16.72
13267.87 14.91 1744.87 15.09
13284.62 15.16 1763.25 16.88
13300.87 15.00 1777.50 17.70
13317.37 15.15 1801.87 17.53
13333.87 15.00 1821.50 17.44
13350.12 14.91 1853.25 26.83
13366.50 15.27 1855.12 28.91
13382.87 15.00 1878.25 16.98
13399.37 15.15 1901.62 22.49
13415.87 15.00 1917.25 17.00
13432.12 14.91 1936.37 16.45
13448.50 15.27 1956.37 18.40
13464.87 15.00 1973.25 16.60
13481.37 15.15 1989.87 19.62
13497.87 15.00 2003.87 16.21
13514.00 15.07 2025.87 15.95
13530.50 15.27 2044.00 13.53
13546.87 15.00 2064.25 17.56
13563.37 15.15 2080.62 12.83
13579.87 15.00 2096.62 14.90
13596.00 15.07 2115.62 16.12
13612.37 15.15 2128.00 12.37
13628.87 15.00 2144.37 11.76
13645.25 15.10 2157.25 12.39
13661.62 15.16 2173.37 11.15
13678.00 15.07 2182.12 15.38
13694.37 15.15 2200.50 14.43
13710.87 15.00 2210.12 10.02
13727.12 14.91 2218.62 13.18
13743.62 15.16 2233.00 8.12
13760.00 15.07 2242.37 7.50
13776.37 15.15 2252.50 17.73
13792.87 15.00 2260.50 8.67
13809.12 14.91 2269.50 6.24
13825.62 15.16 2281.87 14.03
13842.00 15.07 2284.75 7.05
13858.37 15.15 2290.00 5.96
13875.25 15.41 2304.25 18.14
13891.50 15.31 2298.75 5.04
13907.87 15.68 2302.87 3.82
13924.37 15.47 2298.75 15.38
13940.75 15.54 2313.37 19.98
13957.25 15.41 2306.87 10.80
13973.37 15.47 2315.00 19.14
13989.87 15.68 2307.62 4.03
14006.25 15.41 2301.75 15.20
14022.75 15.54 2300.25 14.67
14039.25 15.41 2303.62 6.56
14055.37 15.47 2309.62 36.69
14071.75 15.54 2295.37 7.19
14088.25 15.41 2290.75 6.76
14104.75 15.54 2284.62 8.31
14121.25 15.45 2279.12 7.83
14137.50 15.52 2267.25 16.29
14153.87 15.58 2263.50 8.54
14170.37 15.45 2254.50 8.56
14186.75 15.54 2246.50 10.10
14203.12 15.61 2235.75 11.51
14219.50 15.52 2223.75 10.88
14235.75 15.54 2207.12 18.79
14252.37 15.45 2198.75 15.43
14268.62 15.35 2191.37 11.75
14285.50 15.64 2174.62 13.06
14301.87 15.56 2165.00 15.91
14318.12 15.57 2147.87 15.26
14334.62 15.47 2135.00 13.47
14351.00 15.39 2111.62 20.75
14367.37 15.75 2099.00 14.19
14383.87 15.56 2088.25 15.62
14400.12 15.57 2079.87 22.76
14416.62 15.47 2056.25 15.51
14433.00 15.39 2040.00 15.54
14449.37 15.75 2024.37 14.22
14465.62 15.47 2004.00 16.36
14482.12 15.57 1993.25 27.07
14498.62 15.47 1967.62 23.44
14514.87 15.56 1952.37 16.20
14531.25 15.62 1935.12 16.22
14547.75 15.54 1910.87 28.35
14564.12 15.57 1895.87 18.29
14580.62 15.47 1880.12 17.32
14596.87 15.56 1860.50 19.71
14613.25 15.62 1838.75 17.38
14629.75 15.54 1827.37 14.28
14646.12 15.57 1808.62 17.35
14662.50 15.64 1796.25 20.20
14678.87 15.56 1770.12 13.47
14695.12 15.57 1757.12 14.92
14711.62 15.47 1737.37 17.50
14728.00 15.39 1722.50 15.59
14744.50 15.64 1711.25 16.82
14760.87 15.56 1690.62 13.96
14777.12 15.57 1673.50 12.93
14793.62 15.47 1660.00 12.98
14810.00 15.39 1644.00 11.62
14826.50 15.64 1645.00 43.94
14842.87 15.56 1617.75 14.39
14859.12 15.57 1604.12 10.34
14876.25 16.25 1580.00 21.31
14892.62 16.15 1576.75 9.82
14908.87 16.36 1565.87 11.14
14925.37 16.30 1550.87 14.38
14941.75 16.32 1543.50 10.63
14958.25 16.25 1531.25 8.93
14974.50 16.32 1523.50 8.19
14990.87 16.36 1513.37 6.32
15007.37 16.30 1529.50 37.84
15023.75 16.32 1496.37 5.24
15040.25 16.25 1491.37 5.92
15056.50 16.32 1482.75 8.80
15072.87 16.36 1479.12 4.60
15089.37 16.30 1473.62 4.44
15105.75 16.32 1471.62 4.44
15122.25 16.25 1464.37 6.16
15138.50 16.32 1460.75 11.11
15154.87 16.36 1462.37 3.35
15171.25 16.25 1462.12 3.69
15187.75 16.32 1460.87 2.76
15204.12 16.40 1462.00 4.82
15220.50 16.32 1463.00 4.77
15236.87 16.36 1465.62 8.01
15253.25 16.25 1462.50 5.89
15269.62 16.15 1473.00 7.14
15286.12 16.26 1471.12 6.47
15302.62 16.34 1477.37 6.82
15319.00 16.38 1483.12 6.33
15335.37 16.26 1489.62 9.16
15351.75 16.18 1483.00 31.52
15368.00 16.38 1508.62 13.16
15384.62 16.34 1510.12 9.73
15400.87 16.34 1521.62 11.94
15417.37 16.26 1528.62 10.59
15433.75 16.18 1541.87 15.45
15450.00 16.38 1552.00 23.68
15466.62 16.34 1561.12 11.06
15482.87 16.34 1572.25 13.31
15499.37 16.26 1585.25 11.30
15515.62 16.34 1595.37 13.08
15532.00 16.38 1608.62 13.86
15548.62 16.34 1620.87 14.48
15564.87 16.34 1632.37 14.04
15581.37 16.26 1650.75 15.32
15597.62 16.34 1663.37 13.19
15614.00 16.38 1676.75 11.94
15630.62 16.34 1689.50 20.91
15646.87 16.34 1710.50 15.77
15663.25 16.42 1721.87 20.39
15679.62 16.34 1749.75 21.42
15696.00 16.38 1759.00 16.76
15712.50 16.32 1770.12 17.76
15728.75 16.18 1787.87 16.76
15745.12 16.26 1804.12 15.50
15761.62 16.34 1821.50 13.91
15778.00 16.38 1839.75 15.37
15794.50 16.32 1857.25 15.26
15810.75 16.18 1871.12 20.42
15827.12 16.26 1891.25 15.63
15843.62 16.34 1906.62 14.96
15859.87 16.34 1922.87 15.05
15876.50 16.43 1932.37 19.43
15892.87 16.34 1954.87 14.36
15909.25 16.71 1970.50 13.95
15925.75 16.51 1980.75 17.82
15942.00 16.51 2004.75 15.22
15958.50 16.43 2016.37 16.02
15974.75 16.51 2032.62 12.59
15991.25 16.71 2048.12 12.29
16007.75 16.51 2066.50 17.15
16024.00 16.51 2077.50 14.18
16040.50 16.43 2088.25 10.64
16056.75 16.51 2102.00 12.74
16073.25 16.71 2115.87 10.36
16089.75 16.51 2127.37 9.69
16106.00 16.51 2136.50 17.51
16122.50 16.43 2152.50 7.79
16138.75 16.51 2168.50 22.69
16155.12 16.54 2168.37 16.59
16171.62 16.48 2183.25 6.20
16188.00 16.51 2193.75 14.31
16204.37 16.59 2200.00 7.28
16220.75 16.51 2206.37 5.17
16237.12 16.54 2205.00 15.17
16253.62 16.48 2207.50 25.50
16269.87 16.34 2232.37 12.89
16287.12 16.83 2233.00 3.84
16303.37 16.71 2236.37 3.16
16319.75 16.73 2240.00 2.45
16336.25 16.66 2243.62 3.93
16352.50 16.55 2246.00 2.78
16368.87 16.89 2248.37 11.95
16385.37 16.71 2250.50 3.90
16401.62 16.70 2250.12 3.82
16418.25 16.66 2249.62 4.33
16434.50 16.55 2251.00 5.94
16450.87 16.89 2247.50 5.98
16467.37 16.71 2246.37 5.83
16483.62 16.70 2237.25 13.33
16500.25 16.66 2239.62 6.24
16516.37 16.71 2235.50 7.63
16532.87 16.89 2232.37 10.65
16549.37 16.71 2228.37 10.01
16565.62 16.70 2214.37 14.92
16582.25 16.66 2212.87 9.39
16598.37 16.71 2204.37 10.38
16614.75 16.73 2200.50 10.61
16631.37 16.71 2198.75 28.03
16647.62 16.70 2179.87 10.17
16664.12 16.83 2175.37 14.28
16680.37 16.71 2157.37 19.06
16696.75 16.73 2150.25 11.87
16713.37 16.71 2138.12 12.06
16729.50 16.55 2125.12 13.90
16746.12 16.83 2113.87 14.01
16762.37 16.71 2103.50 14.17
16778.75 16.73 2089.75 15.02
16795.37 16.71 2076.87 14.09
