1.87 0.33 1827.75 81.98
22.87 12.15 1742.37 70.00
39.12 12.43 1639.25 65.76
55.75 12.19 1559.87 66.95
72.12 12.05 1471.12 64.86
88.62 12.25 1389.12 67.54
105.00 12.10 1305.37 60.94
121.25 12.39 1223.62 58.45
137.75 12.19 1139.87 54.66
154.12 12.05 1066.50 55.20
170.50 12.30 993.00 51.11
187.00 12.10 923.87 48.24
203.25 12.39 859.00 44.89
219.75 12.19 786.25 41.66
236.12 12.05 739.37 40.53
252.37 12.34 689.00 35.20
269.00 12.10 644.12 32.15
285.25 12.39 600.12 26.84
301.87 12.15 567.25 21.04
318.25 12.02 532.87 24.34
334.37 12.35 509.00 14.65
351.12 12.07 493.37 10.17
367.50 12.30 477.12 13.01
384.00 12.10 476.75 2.54
400.25 12.02 479.37 7.70
416.50 12.30 484.37 8.43
433.25 12.02 495.25 9.89
449.50 12.30 508.25 13.59
466.00 12.10 525.87 17.24
482.25 12.02 547.00 20.65
498.50 12.30 572.37 25.95
515.25 12.02 607.12 25.82
531.37 11.97 633.12 35.29
548.00 12.10 683.75 34.42
564.25 12.02 721.37 37.36
580.50 12.30 769.75 34.95
597.12 12.07 826.12 41.47
613.50 11.92 889.25 45.96
630.00 12.11 939.37 46.54
646.37 11.97 1003.50 47.94
662.62 12.25 1064.50 54.97
679.62 11.89 1138.62 54.15
695.75 11.84 1212.75 52.15
712.25 12.05 1282.75 58.91
728.87 12.17 1360.75 60.04
745.00 12.50 1443.25 59.36
761.62 12.27 1516.87 60.37
778.00 12.50 1600.62 61.63
794.25 12.41 1685.37 61.74
810.87 12.17 1760.00 60.75
827.00 12.50 1837.12 45.19
843.62 12.27 1926.50 66.63
859.87 12.17 2008.37 62.47
876.12 12.45 2087.50 59.45
892.87 12.17 2171.12 59.08
909.00 12.50 2246.87 55.47
925.75 12.21 2324.12 54.74
942.00 12.11 2399.25 53.82
958.25 12.40 2474.50 59.85
975.00 12.11 2542.75 49.67
991.12 12.44 2606.25 50.97
1007.87 12.16 2675.00 43.70
1024.12 12.07 2730.87 43.75
1040.37 12.35 2781.75 52.71
1057.25 12.02 2848.62 36.74
1073.37 12.35 2897.87 33.07
1090.00 12.11 2945.87 30.37
1106.25 12.02 2986.50 26.38
1122.37 12.35 3018.75 31.76
1139.25 12.02 3053.62 24.21
1155.37 12.35 3081.75 19.93
1172.00 12.11 3109.12 14.18
1188.25 12.02 3127.62 11.41
1204.37 12.35 3142.12 6.47
1221.12 12.07 3152.12 6.57
1237.37 12.35 3155.00 6.91
1253.87 12.15 3155.87 5.58
1270.25 12.02 3139.87 23.45
1286.37 12.35 3139.00 11.68
1303.50 11.95 3126.62 14.67
1319.50 11.95 3112.50 33.07
1336.00 12.12 3080.62 22.32
1352.50 11.95 3050.75 25.40
1369.00 12.14 3018.25 27.75
1385.62 11.88 2977.62 30.70
1401.87 11.81 2946.75 43.16
1418.12 12.09 2900.50 42.03
1434.75 11.85 2842.37 37.83
1451.00 12.14 2781.25 49.59
1467.50 11.94 2720.00 43.67
1483.87 11.81 2670.37 45.26
1500.12 12.09 2609.50 48.28
1516.75 11.85 2539.62 48.14
1533.00 12.14 2460.87 56.30
1549.50 11.94 2402.25 49.68
1565.87 11.81 2332.00 55.01
1582.00 12.14 2256.00 58.89
1598.75 11.85 2176.25 54.62
1615.62 11.95 2104.00 58.48
1632.00 11.78 2028.25 55.25
1648.50 11.62 1949.37 54.81
1664.62 11.95 1873.87 55.16
1681.37 11.64 1793.50 54.64
1697.75 11.90 1714.00 53.74
1714.12 11.74 1640.62 55.64
1730.75 11.90 1570.62 55.53
1746.87 12.23 1488.37 52.22
1763.50 11.97 1421.00 50.90
1779.87 12.23 1350.12 49.18
1796.25 12.07 1280.87 47.60
1812.75 11.90 1216.50 45.40
1828.87 12.23 1152.50 43.14
1845.37 12.01 1099.12 46.04
1861.87 12.23 1038.37 39.14
1878.00 12.20 984.37 36.31
1894.62 11.95 933.12 34.06
1910.87 12.23 887.75 32.38
1927.37 12.01 846.00 29.10
1943.87 11.84 811.37 28.59
1960.25 12.07 772.12 21.63
1976.75 11.88 740.25 18.89
1993.00 12.16 716.00 15.00
2009.62 11.89 693.25 12.76
2026.00 11.78 673.25 12.86
2042.25 12.05 666.87 4.83
2059.00 11.77 658.75 3.34
2075.37 12.00 652.12 15.66
2091.75 11.84 660.37 8.87
2108.25 11.67 664.87 9.64
2124.50 11.94 675.87 15.54
2140.87 11.79 694.12 22.77
2157.37 12.00 713.12 18.89
2173.62 11.89 745.37 27.64
2190.25 11.67 763.50 24.08
2206.50 11.94 798.75 26.38
2222.87 11.79 836.25 29.94
2239.37 12.00 875.87 32.65
2255.62 11.89 921.12 34.50
2272.25 11.67 969.25 38.67
2288.37 12.00 1020.37 40.16
2305.25 11.71 1077.50 41.54
2321.75 11.90 1130.87 44.40
2338.12 11.77 1191.00 45.08
2354.50 11.63 1255.37 45.83
2371.00 11.84 1314.62 49.87
2387.37 11.66 1386.75 49.83
2403.75 11.53 1455.37 49.95
2420.25 11.72 1523.75 51.14
2436.62 11.58 1594.75 51.12
2453.00 11.84 1665.87 50.92
2469.37 11.66 1740.62 48.73
2485.75 11.53 1813.12 53.15
2502.12 11.77 1885.25 56.39
2518.62 11.58 1958.00 51.26
2534.87 11.86 2029.12 50.23
2551.37 11.66 2102.75 49.68
2567.75 11.53 2184.87 52.94
2584.12 11.77 2236.25 40.67
2600.50 11.62 2304.75 49.16
2617.00 11.83 2367.50 51.04
2633.37 11.69 2435.50 43.82
2649.87 11.50 2500.50 41.27
2666.25 11.74 2558.62 38.10
2683.25 11.47 2614.50 37.68
2699.62 11.68 2666.37 34.61
2716.25 12.22 2717.37 36.96
2732.87 12.33 2760.50 31.52
2749.00 12.31 2804.87 29.09
2765.62 12.45 2837.37 33.32
2781.87 12.33 2879.62 25.69
2798.25 12.22 2909.75 21.23
2814.87 12.33 2937.37 17.01
2831.00 12.31 2960.62 14.25
2847.50 12.12 2980.25 11.72
2863.87 12.33 2992.75 8.06
2880.25 12.22 3009.62 14.15
2896.75 12.40 3007.62 11.06
2913.00 12.31 3013.00 5.00
2929.37 12.15 3006.37 15.06
2946.00 12.26 3000.87 11.59
2962.12 12.23 2990.12 14.49
2978.87 12.32 2973.12 17.22
2995.12 12.19 2951.12 19.45
3011.50 12.09 2929.12 21.32
3028.25 12.13 2907.00 35.69
3044.37 12.10 2868.87 28.53
3061.37 12.08 2832.25 29.51
3077.62 11.98 2791.50 32.50
3093.87 11.93 2753.25 37.94
3110.50 12.02 2703.00 37.56
3126.75 11.94 2653.50 39.31
3143.25 12.14 2603.00 41.53
3159.62 11.98 2547.25 44.15
3175.87 11.93 2490.00 45.10
3192.50 12.02 2430.25 47.02
3208.75 11.94 2370.00 47.17
3225.25 12.14 2313.62 54.20
3241.50 12.02 2241.37 53.53
3257.87 11.93 2174.50 52.39
3274.50 12.02 2109.75 53.15
3290.75 11.94 2048.75 60.87
3307.12 11.87 1970.25 51.81
3323.62 11.99 1908.50 71.54
3340.00 11.91 1821.75 49.02
3356.62 11.99 1765.00 53.19
3373.50 11.72 1699.37 52.76
3389.62 11.70 1634.00 54.01
3406.25 11.81 1563.25 49.00
3422.50 11.72 1495.87 46.78
3439.25 11.81 1436.75 47.54
3455.50 11.72 1375.25 44.96
3471.62 11.70 1315.12 43.22
3488.25 11.81 1259.00 41.42
3504.50 11.72 1204.37 41.55
3521.12 11.88 1152.62 37.44
3537.50 11.72 1106.75 36.64
3553.62 11.70 1055.37 33.99
3570.25 11.81 1015.87 30.73
3586.50 11.72 978.37 27.99
3603.12 11.88 942.87 27.46
3619.62 11.68 909.50 23.54
3635.87 11.62 884.87 12.68
3652.37 11.77 867.37 34.53
3668.62 11.68 840.75 20.07
3685.37 11.82 816.25 13.08
3701.62 11.71 805.87 9.40
3718.12 11.93 799.62 5.59
3734.62 12.07 794.37 3.28
3750.87 11.98 793.50 4.69
3767.37 12.24 802.37 15.58
3783.62 12.07 810.00 10.77
3800.12 11.93 814.00 16.15
3816.62 12.07 842.62 17.50
3832.87 11.98 854.50 18.03
3849.25 12.25 876.75 21.23
3865.62 12.07 908.62 35.49
3882.00 11.97 938.12 26.48
3898.62 12.07 969.62 29.57
3914.87 11.98 1008.62 32.06
3931.25 12.25 1053.25 37.77
3947.62 12.07 1099.37 35.69
3964.00 11.97 1142.62 37.37
3980.50 12.14 1192.87 41.28
3997.00 11.92 1241.12 44.04
4013.37 12.18 1295.25 44.92
4029.75 12.01 1355.37 45.64
4046.00 11.92 1413.87 47.03
4062.87 11.95 1467.62 31.94
4079.12 11.87 1534.37 46.76
4095.37 11.81 1597.00 47.84
4111.87 11.95 1660.62 49.96
4128.12 11.87 1726.00 48.95
4144.87 11.95 1785.00 51.21
4161.12 11.87 1854.87 49.66
4177.37 11.81 1920.75 51.76
4193.87 11.95 1980.50 44.27
4210.12 11.87 2048.00 47.83
4226.87 11.95 2108.87 47.57
4243.00 11.90 2164.37 49.71
4259.37 11.81 2231.75 44.53
4275.87 11.95 2291.37 44.73
4292.12 11.87 2347.75 41.53
4309.37 12.10 2404.37 39.49
4325.87 11.84 2458.50 37.18
4342.00 11.81 2516.62 32.40
4358.75 11.89 2556.62 33.71
4375.00 11.81 2597.62 28.40
4391.62 12.05 2642.00 32.61
4408.00 11.81 2685.87 30.23
4424.12 11.78 2723.75 28.19
4440.87 11.87 2760.62 23.46
4457.00 11.81 2782.00 18.84
4473.62 12.05 2808.62 15.30
4489.87 11.87 2829.75 13.85
4506.00 11.81 2845.75 7.39
4522.87 11.87 2862.37 8.72
4539.00 11.81 2873.37 7.12
4555.37 11.71 2878.00 7.25
4571.87 11.87 2878.12 8.81
4588.00 11.81 2881.87 5.93
4604.87 11.87 2878.12 7.19
4621.00 11.81 2867.12 9.98
4637.25 11.73 2856.12 12.89
4653.87 11.87 2844.37 19.90
4670.00 11.81 2815.12 20.98
4686.87 11.87 2793.87 22.47
4703.12 11.78 2771.37 23.10
4719.62 12.69 2739.87 27.34
4736.37 12.79 2702.50 33.39
4752.50 12.74 2669.50 31.39
4768.87 12.68 2629.12 34.40
4785.50 12.74 2582.00 34.19
4801.62 12.69 2542.00 42.81
4818.37 12.79 2494.75 38.80
4834.50 12.74 2444.12 42.66
4850.87 12.68 2394.12 42.20
4867.50 12.74 2329.00 45.93
4883.62 12.69 2279.25 46.61
4900.25 12.48 2225.25 48.08
4916.50 12.74 2164.87 45.39
4932.87 12.68 2109.50 47.94
4949.37 12.79 2050.25 50.59
4965.62 12.69 1988.25 49.20
4982.25 12.48 1929.00 49.52
4998.75 12.61 1863.00 43.85
5015.12 12.47 1808.50 49.75
5031.62 12.67 1738.75 45.66
5048.00 12.50 1685.50 47.46
5065.12 12.15 1619.75 42.84
5081.37 12.43 1565.37 43.90
5097.62 12.31 1510.37 42.62
5114.37 12.43 1453.37 41.50
5130.50 12.37 1401.87 40.37
5147.00 12.16 1355.37 43.40
5163.37 12.43 1295.75 38.01
5179.62 12.31 1253.50 34.40
5196.37 12.43 1204.25 36.67
5212.50 12.37 1163.62 31.82
5229.00 12.16 1128.00 27.53
5245.37 12.43 1092.12 26.58
5261.62 12.31 1058.50 23.11
5278.37 12.43 1032.12 10.29
5294.50 12.37 1004.62 13.25
5311.00 12.30 979.37 15.40
5327.50 12.44 952.62 21.26
5343.75 12.31 938.62 19.67
5360.37 12.12 928.37 11.55
5376.50 12.44 921.12 4.86
5393.00 12.30 916.37 5.91
5409.50 12.44 912.87 5.39
5425.75 12.31 912.25 16.14
5442.37 12.12 921.62 9.23
5458.50 12.44 931.12 12.70
5475.00 12.30 957.37 35.83
5491.50 12.44 954.12 22.62
5507.75 12.31 978.37 21.17
5524.25 12.16 1000.37 23.12
5540.50 12.44 1023.25 29.23
5557.00 12.30 1056.87 27.52
5573.50 12.44 1087.12 29.32
5589.62 12.38 1122.25 33.52
5606.12 12.18 1162.00 33.58
5622.50 12.44 1203.37 36.15
5638.87 12.28 1247.75 37.40
5655.50 12.44 1292.12 39.72
5671.75 12.31 1334.12 43.12
5688.12 12.18 1387.50 41.12
5704.50 12.44 1440.00 42.06
5721.00 12.60 1487.62 49.35
5737.62 12.75 1542.50 47.43
5753.87 12.63 1600.75 46.90
5770.12 12.61 1645.87 62.85
5786.62 12.75 1710.25 48.78
5803.00 12.60 1772.75 49.42
5819.62 12.75 1825.25 51.98
5835.62 12.75 1886.75 46.70
5852.12 12.61 1956.62 79.92
5868.62 12.75 2000.00 47.01
5884.87 12.63 2054.87 45.62
5901.62 12.75 2121.75 67.94
5917.62 12.75 2167.37 43.03
5934.12 12.61 2219.25 42.26
5950.62 12.75 2268.87 45.58
5966.87 12.63 2322.50 38.93
5983.62 12.75 2368.75 37.01
5999.87 12.64 2415.87 36.34
6016.25 12.56 2458.25 34.53
6032.75 12.69 2503.75 30.91
6049.00 12.58 2537.37 28.39
6065.62 12.73 2575.62 28.18
6082.00 12.63 2608.50 25.05
6098.25 12.53 2636.50 24.19
6114.87 12.68 2671.50 20.43
6131.12 12.56 2692.00 17.39
6147.50 12.42 2717.50 15.98
6163.87 12.68 2732.37 14.28
6180.25 12.53 2752.50 22.22
6196.75 12.69 2762.12 12.51
6213.12 12.56 2768.12 11.17
6229.50 12.42 2764.75 10.58
6245.87 12.68 2770.50 6.78
6262.25 12.53 2760.62 14.98
6278.75 12.69 2761.62 8.90
6295.25 12.67 2754.25 13.50
6311.50 12.56 2739.75 16.22
6328.12 12.72 2725.25 13.94
6344.37 12.60 2705.12 19.64
6361.00 12.74 2683.62 22.91
6377.25 12.67 2659.37 21.08
6393.50 12.56 2627.62 26.32
6410.12 12.72 2597.37 28.86
6426.50 12.56 2577.62 28.47
6443.00 12.74 2536.12 38.77
6459.25 12.67 2490.37 35.05
6475.50 12.56 2449.25 36.82
6492.12 12.72 2404.25 37.99
6508.50 12.56 2359.12 39.16
6524.87 12.78 2314.25 41.14
6541.25 12.67 2262.50 41.23
6557.50 12.56 2213.75 43.55
6574.12 12.72 2158.75 44.82
6590.37 12.60 2110.12 43.10
6606.62 12.44 2054.25 44.16
6623.12 12.72 2004.50 43.35
6639.50 12.56 1958.00 55.29
6656.00 12.74 1898.00 46.49
6672.37 12.60 1846.75 47.01
6688.62 12.44 1793.37 48.46
6705.12 12.72 1742.75 53.69
6722.25 14.45 1678.25 47.79
6738.62 14.32 1632.62 49.08
6755.00 14.18 1571.87 44.25
6771.25 14.45 1526.00 46.62
6787.75 14.30 1477.25 43.44
6804.12 14.14 1428.12 41.45
6820.62 14.32 1389.37 39.80
6837.00 14.18 1348.75 37.86
6853.25 14.45 1303.75 36.16
6869.75 14.30 1263.87 31.87
6886.12 14.14 1228.75 30.35
6902.62 14.32 1196.62 27.52
6919.00 14.18 1164.62 26.90
6935.25 14.45 1135.50 23.60
6951.75 14.30 1111.37 20.50
6968.12 14.14 1088.37 17.62
6984.62 14.32 1069.75 14.54
7001.37 14.10 1052.50 9.76
7017.87 14.28 1038.75 8.70
7034.37 14.10 1029.62 6.82
7050.50 14.02 1024.00 5.57
7067.00 14.16 1019.87 6.52
7083.37 14.10 1020.00 7.05
7099.87 14.28 1026.75 9.48
7116.37 14.10 1026.75 13.88
7132.50 14.02 1039.25 12.74
7149.00 14.16 1049.37 8.30
7165.37 14.10 1067.00 20.05
7181.87 14.28 1088.12 19.96
7198.37 14.10 1111.62 29.35
7214.50 14.02 1133.87 25.00
7231.00 14.16 1171.37 32.57
7247.37 14.10 1192.00 33.72
7263.75 13.96 1222.12 32.52
7280.37 14.10 1264.25 33.30
7296.62 14.04 1297.25 37.15
7313.12 14.31 1328.50 42.96
7329.50 14.11 1361.00 58.69
7345.87 13.98 1417.62 42.00
7362.37 14.14 1468.75 43.25
7378.62 14.04 1509.87 44.53
7395.00 14.29 1558.37 44.94
7411.50 14.11 1606.12 47.64
7427.87 13.98 1649.37 51.20
7444.37 14.14 1712.12 47.80
7460.50 14.11 1751.00 49.14
7477.00 14.29 1806.37 47.20
7493.50 14.11 1853.75 49.65
7509.75 14.00 1908.00 47.35
7526.25 14.19 1959.75 49.49
7542.50 14.11 2009.50 44.59
7559.00 14.29 2054.50 49.08
7575.50 14.11 2095.87 55.72
7591.75 14.00 2156.50 43.75
7608.25 14.19 2202.87 41.95
7624.50 14.11 2241.50 42.89
7641.00 14.29 2292.25 37.93
7657.50 14.11 2336.62 35.31
7673.75 14.00 2383.12 44.46
7690.25 14.19 2411.00 32.12
7706.50 14.11 2450.62 29.39
7723.00 14.29 2482.37 27.82
7739.62 14.43 2511.25 26.06
7755.75 14.36 2540.50 27.09
7772.25 14.62 2558.25 7.68
7788.62 14.43 2590.12 19.16
7805.00 14.29 2603.25 24.98
7821.50 14.45 2628.00 16.64
7837.75 14.36 2638.25 15.34
7854.00 14.29 2652.75 10.02
7870.62 14.43 2662.37 7.83
7887.00 14.29 2674.87 13.26
7903.50 14.45 2670.37 7.38
7919.75 14.36 2670.12 7.71
7936.00 14.29 2671.37 13.70
7952.62 14.43 2659.87 11.06
7968.87 14.31 2649.50 13.78
7985.50 14.45 2632.12 19.58
8001.75 14.41 2622.50 19.33
8018.12 14.28 2604.25 21.09
8034.75 14.41 2586.62 25.65
8051.12 14.28 2559.25 26.14
8067.50 14.49 2532.25 28.26
8083.75 14.41 2495.25 31.04
8100.12 14.28 2475.00 34.18
8116.75 14.41 2435.62 32.99
8133.12 14.28 2406.75 37.28
8149.50 14.49 2363.62 35.22
8165.75 14.41 2325.87 37.74
8182.12 14.28 2282.00 37.93
8198.75 14.41 2242.37 49.14
8215.00 14.33 2199.75 41.84
8231.50 14.49 2156.62 45.63
8247.75 14.41 2106.25 52.59
8264.12 14.28 2061.25 43.15
8280.75 14.41 2012.62 43.30
8297.37 14.41 1961.87 50.11
8313.50 14.36 1904.25 56.30
8330.00 14.47 1869.25 44.22
8346.50 14.36 1823.75 45.43
8362.87 14.49 1769.62 43.54
8379.25 14.43 1729.12 43.14
8395.50 14.36 1679.25 43.05
8412.00 14.47 1635.87 42.37
8428.50 14.36 1581.50 40.03
8444.87 14.49 1553.37 47.02
8461.12 14.50 1504.12 39.96
8477.50 14.36 1474.62 50.76
8494.00 14.47 1417.12 33.69
8510.50 14.36 1384.25 31.15
8526.75 14.55 1349.62 32.05
8543.00 14.47 1318.12 29.40
8559.50 14.36 1281.12 35.31
8576.00 14.47 1257.75 24.84
8592.50 14.36 1230.37 21.61
8608.75 14.55 1208.62 18.29
8625.00 14.47 1186.75 16.41
8641.50 14.36 1167.50 13.61
8658.00 14.47 1149.12 13.79
8674.50 14.36 1138.25 10.81
8690.75 14.55 1127.50 8.47
8707.00 14.47 1115.87 14.00
8723.50 14.36 1115.50 6.10
8740.00 14.47 1114.00 7.02
8756.37 14.41 1115.87 7.32
8772.62 14.67 1115.00 7.24
8789.00 14.47 1127.87 13.60
8805.50 14.36 1144.00 18.77
8821.87 14.49 1148.25 17.82
8838.25 14.43 1164.62 17.22
8854.62 14.67 1178.37 19.98
8871.00 14.47 1204.50 24.13
8887.50 14.36 1223.12 24.43
8903.87 14.49 1250.12 27.60
8920.25 14.43 1273.75 34.11
8936.62 14.67 1306.62 32.38
8953.00 14.47 1340.87 32.34
8969.50 14.36 1373.75 33.75
8985.87 14.49 1409.12 35.10
9002.12 14.45 1447.00 36.35
9018.62 14.35 1485.00 37.17
9035.12 14.45 1523.75 40.78
9051.50 14.36 1569.25 40.18
9067.87 14.54 1610.37 39.27
9084.12 14.45 1654.25 42.92
9100.62 14.35 1697.00 41.03
9117.12 14.45 1743.37 40.43
9133.50 14.36 1785.37 40.43
9149.87 14.54 1834.50 41.33
9166.12 14.45 1878.50 40.72
9182.62 14.35 1911.62 62.99
9199.12 14.45 1967.75 39.14
9215.37 14.41 2012.25 38.60
9231.87 14.54 2054.50 43.77
9248.12 14.45 2100.37 36.52
9264.62 14.35 2142.25 36.35
9281.12 14.45 2184.62 35.07
9297.87 14.63 2221.75 34.29
9314.25 14.86 2269.25 34.98
9330.75 14.71 2290.62 32.98
9347.12 14.56 2330.87 29.65
9363.50 14.68 2361.50 28.24
9379.87 14.63 2396.62 25.26
9396.25 14.86 2421.87 14.44
9412.62 14.64 2451.50 21.77
9429.12 14.56 2485.75 20.70
9445.50 14.68 2499.25 16.50
9461.75 14.71 2516.87 15.41
9478.12 14.56 2534.87 11.89
9494.62 14.64 2552.00 9.16
9511.00 14.58 2567.87 19.56
9527.37 14.74 2563.37 14.13
9543.75 14.71 2578.00 5.17
9560.12 14.56 2586.62 14.91
9576.62 14.64 2581.00 7.21
9593.00 14.58 2580.62 9.08
9609.37 14.74 2578.50 12.69
9625.75 14.71 2568.37 13.32
9642.12 14.56 2563.00 20.00
9658.62 14.64 2557.12 30.22
9675.00 14.58 2540.50 31.66
9691.37 14.74 2525.12 38.26
9707.75 14.71 2494.12 21.95
9724.12 14.56 2473.00 25.00
9740.62 14.64 2448.12 27.42
9756.87 14.63 2419.87 28.27
9773.25 14.86 2390.50 32.20
9789.75 14.71 2366.62 35.05
9806.12 14.56 2335.00 38.97
9822.50 14.68 2301.62 44.24
9838.87 14.63 2264.12 35.46
9855.25 14.86 2222.12 35.87
9871.62 14.64 2186.37 35.59
9888.12 14.56 2139.75 38.94
9904.50 14.68 2104.87 38.20
9920.87 14.63 2059.62 40.49
9937.25 14.86 2023.50 38.20
9953.62 14.64 1977.75 37.55
9970.00 14.58 1936.25 39.12
9986.50 14.68 1894.87 41.30
10002.75 14.71 1853.50 40.49
10019.12 14.56 1808.75 38.33
10035.62 14.64 1765.12 39.14
10052.12 14.56 1726.25 37.88
10068.37 14.74 1684.12 35.84
10084.75 14.71 1640.75 39.99
10101.12 14.56 1603.87 30.40
10117.62 14.64 1568.75 35.74
10134.00 14.58 1530.87 29.72
10150.37 14.74 1493.62 29.38
10166.75 14.71 1458.87 27.36
10183.12 14.56 1426.75 26.40
10199.62 14.64 1394.50 24.90
10215.87 14.63 1366.50 24.82
10232.37 14.74 1341.00 21.05
10248.75 14.71 1314.25 19.52
10265.12 14.56 1292.37 15.84
10281.62 14.64 1272.37 14.37
10298.00 14.71 1254.75 12.66
10314.37 14.93 1224.37 33.89
10330.87 14.79 1225.37 8.50
10347.25 14.63 1219.75 20.90
10363.62 14.75 1204.75 6.10
10380.00 14.71 1202.62 5.72
10396.37 14.93 1193.62 11.26
10412.87 14.79 1198.37 7.92
10429.25 14.63 1205.75 16.14
10445.62 14.75 1199.00 18.95
10461.87 14.79 1210.50 13.44
10478.25 14.63 1217.50 17.37
10494.87 14.79 1235.62 23.74
10511.25 14.63 1245.75 19.64
10527.50 14.81 1268.50 21.64
10543.87 14.79 1283.50 24.01
10560.25 14.63 1304.25 25.82
10576.87 14.79 1328.50 25.50
10593.12 14.65 1352.50 26.42
10609.50 14.81 1382.12 30.21
10625.87 14.79 1409.50 30.94
10642.25 14.63 1441.25 30.73
10658.75 14.71 1480.25 35.63
10675.12 14.65 1507.12 33.63
10691.50 14.81 1543.12 35.88
10707.87 14.79 1577.87 36.30
10724.25 14.63 1617.50 36.54
10740.75 14.71 1654.62 36.57
10757.00 14.71 1694.00 36.47
10773.37 14.93 1732.37 37.57
10789.87 14.79 1774.00 37.26
10806.25 14.63 1810.25 40.98
10822.62 14.75 1856.87 40.51
10839.00 14.71 1895.12 37.16
10855.37 14.93 1934.50 36.74
10871.87 14.79 1968.50 43.39
10888.25 14.63 2011.37 34.21
10904.62 14.75 2052.62 34.55
10921.00 14.71 2085.87 33.86
10937.37 14.93 2127.62 33.60
10953.87 14.79 2165.37 31.63
10970.25 14.63 2198.37 30.44
10986.62 14.75 2231.37 28.49
11002.87 14.79 2259.75 35.37
11019.25 14.63 2294.62 24.77
11035.87 14.79 2322.75 24.44
11052.25 14.63 2346.00 24.98
11068.50 14.81 2374.12 21.01
11084.87 14.79 2395.50 14.51
11101.25 14.63 2417.75 17.40
11117.75 14.71 2436.87 15.14
11134.25 14.63 2453.37 14.40
11150.50 14.81 2467.25 11.54
11166.87 14.79 2479.00 9.96
11183.25 14.63 2487.25 10.86
11199.75 14.71 2497.12 8.04
11216.12 14.69 2502.87 18.66
11232.50 14.81 2503.25 7.63
11248.87 14.79 2503.00 7.67
11265.25 14.63 2498.75 9.54
11281.75 14.71 2494.62 12.44
11298.87 15.41 2488.25 12.92
11315.37 15.72 2479.25 15.20
11331.75 15.49 2467.37 16.84
11348.25 15.45 2436.00 44.66
11364.62 15.53 2436.12 20.42
11380.87 15.41 2417.25 21.98
11397.37 15.72 2398.12 23.13
11413.75 15.49 2375.12 26.70
11430.25 15.45 2341.75 28.58
11446.62 15.53 2316.37 30.15
11462.75 15.49 2294.12 30.17
11479.25 15.45 2270.37 33.82
11495.75 15.49 2234.25 31.61
11512.25 15.45 2205.75 36.10
11528.50 15.60 2167.87 27.88
11544.75 15.49 2134.25 34.46
11561.25 15.45 2088.25 34.67
11577.75 15.49 2062.50 38.18
11594.25 15.45 2025.12 35.72
11610.50 15.60 1986.62 36.43
11626.75 15.49 1949.62 36.67
11643.25 15.45 1911.12 36.88
11659.75 15.49 1878.50 41.43
11676.12 15.32 1830.87 37.55
11692.50 15.60 1801.75 35.92
11708.75 15.49 1760.50 33.85
11725.25 15.45 1722.62 35.13
11741.75 15.49 1687.87 34.19
11757.87 15.41 1653.00 34.22
11774.37 15.72 1622.37 22.67
11790.75 15.49 1583.75 32.43
11807.25 15.45 1547.12 28.69
11823.62 15.53 1520.62 27.04
11839.87 15.41 1490.87 25.64
11856.37 15.72 1462.50 25.03
11872.75 15.49 1432.12 23.42
11889.25 15.45 1411.25 19.29
11905.62 15.53 1389.62 21.24
11921.87 15.41 1372.12 25.49
11938.37 15.72 1349.87 17.42
11954.75 15.49 1332.62 19.83
11971.25 15.45 1319.62 21.70
11987.62 15.53 1306.25 12.87
12003.75 15.49 1286.37 16.70
12020.25 15.45 1284.37 6.44
12036.75 15.49 1271.25 14.53
12053.25 15.45 1269.62 4.71
12069.50 15.60 1271.75 5.97
12085.75 15.49 1273.12 5.44
12102.25 15.45 1267.62 36.32
12118.75 15.49 1278.62 12.66
12135.12 15.32 1288.50 12.97
12151.50 15.60 1299.00 14.76
12167.75 15.49 1309.12 15.76
12184.25 15.45 1322.62 17.35
12200.75 15.49 1338.25 20.15
12217.00 15.39 1355.37 23.29
12233.50 15.60 1373.62 26.04
12249.75 15.49 1398.50 24.53
12266.25 15.45 1420.00 26.24
12283.00 15.75 1445.37 29.31
12299.12 15.66 1473.62 31.39
12315.62 15.98 1502.12 28.79
12332.00 15.75 1531.37 30.32
12348.37 15.58 1562.25 31.11
12364.87 15.79 1594.00 32.33
12381.12 15.66 1627.87 33.92
12397.62 15.98 1666.37 52.79
12414.00 15.75 1695.25 33.96
12430.37 15.58 1722.75 41.15
12446.87 15.79 1757.75 37.12
12463.00 15.75 1801.00 33.86
12479.50 15.71 1841.12 32.98
12496.00 15.75 1874.50 38.79
12512.37 15.58 1910.00 33.69
12528.75 15.86 1945.50 39.67
12545.00 15.75 1979.50 32.79
12561.37 15.58 2010.37 35.50
12578.00 15.75 2056.37 35.11
12594.37 15.58 2078.00 31.48
12610.75 15.86 2115.12 31.99
12627.00 15.75 2144.75 28.32
12643.37 15.58 2177.87 26.54
12660.00 15.75 2200.25 32.32
12676.37 15.58 2228.00 30.07
12692.75 15.86 2257.87 22.96
12709.00 15.75 2283.50 22.07
12725.37 15.58 2307.25 21.46
12742.00 15.75 2329.12 17.92
12758.12 15.66 2349.12 15.92
12774.62 15.98 2365.62 14.83
12791.00 15.75 2381.00 12.84
12807.37 15.58 2396.75 15.29
12823.87 15.79 2405.50 8.70
12840.12 15.66 2417.75 7.03
12856.62 15.98 2424.25 6.89
12873.00 15.75 2429.75 5.31
12889.37 15.58 2431.50 5.77
12905.87 15.79 2434.50 5.61
12922.12 15.66 2430.00 9.25
12938.62 15.98 2429.12 7.95
12955.00 15.75 2422.37 9.81
12971.37 15.58 2417.75 14.60
12987.87 15.79 2406.75 13.66
13004.00 15.75 2404.25 26.41
13020.37 15.58 2384.87 17.44
13037.00 15.75 2364.75 18.10
13053.37 15.58 2352.25 22.70
13069.75 15.86 2329.25 22.04
13086.00 15.75 2309.25 17.60
13102.37 15.58 2288.00 24.10
13119.00 15.75 2259.75 24.40
13135.37 15.58 2236.62 24.54
13151.75 15.86 2210.50 29.18
13168.00 15.75 2181.62 26.90
13184.37 15.58 2152.75 30.76
13201.00 15.75 2117.50 31.48
13217.25 15.64 2092.00 33.04
13233.75 15.86 2060.50 32.23
13250.00 15.75 2029.00 29.78
13266.37 15.58 1995.12 27.92
13283.37 16.18 1960.50 32.12
13299.50 16.09 1930.87 34.86
13316.00 16.41 1892.12 33.60
13332.37 16.18 1852.25 31.86
13348.75 16.01 1823.00 33.38
13365.25 16.22 1790.75 31.26
13381.50 16.09 1758.37 31.70
13398.00 16.41 1730.50 21.04
13414.37 16.18 1694.62 31.17
13430.75 16.01 1666.75 34.49
13447.25 16.22 1625.62 28.41
13463.37 16.18 1601.00 27.31
13479.75 16.01 1573.50 26.17
13496.37 16.18 1546.25 24.05
13512.75 16.01 1520.62 24.39
13529.12 16.29 1498.87 19.84
13545.37 16.18 1473.87 22.10
13561.75 16.01 1460.37 30.07
13578.37 16.18 1431.62 15.65
13594.75 16.01 1415.75 15.03
13611.12 16.29 1401.25 15.21
13627.37 16.18 1383.87 11.73
13643.75 16.01 1368.50 16.60
13660.37 16.18 1357.87 19.92
13676.75 16.01 1349.00 14.28
13693.12 16.29 1349.62 6.20
13709.37 16.18 1341.50 7.47
13725.75 16.01 1338.75 5.87
13742.37 16.18 1341.37 11.41
13758.50 16.09 1338.62 7.16
13775.00 16.41 1338.12 5.51
13791.37 16.18 1347.00 10.25
13807.75 16.01 1350.50 17.03
13824.25 16.22 1364.12 14.92
13840.50 16.09 1376.50 15.44
13857.00 16.41 1389.00 15.43
13873.37 16.18 1405.50 18.88
13889.75 16.01 1417.62 21.08
13906.25 16.22 1438.37 20.47
13922.50 16.09 1459.12 22.82
13938.87 16.26 1480.25 22.77
13955.37 16.18 1503.12 25.07
13971.75 16.01 1530.37 27.23
13988.25 16.22 1554.50 25.73
14004.37 16.18 1579.25 27.45
14020.75 16.01 1607.25 29.10
14037.37 16.18 1641.75 32.28
14053.75 16.01 1664.37 30.00
14070.12 16.29 1696.25 29.81
14086.37 16.18 1732.00 32.36
14102.75 16.01 1757.37 30.31
14119.37 16.18 1794.50 33.27
14135.75 16.01 1820.37 29.84
14152.12 16.29 1858.12 29.94
14168.37 16.18 1881.37 26.88
14184.75 16.01 1917.87 30.26
14201.37 16.18 1935.50 38.95
14217.62 16.07 1978.75 29.29
14234.12 16.29 2011.25 27.65
14250.37 16.18 2043.75 33.63
14266.75 16.01 2070.25 28.26
14284.00 17.00 2100.12 26.78
14300.12 16.91 2135.37 50.44
14316.50 17.07 2157.50 24.92
14333.00 17.00 2174.87 27.65
14349.37 16.82 2202.00 19.42
14365.87 17.05 2221.62 26.22
14382.12 16.91 2247.87 20.16
14398.50 17.07 2268.75 19.00
14415.00 17.00 2282.62 16.92
14431.37 16.82 2300.25 16.95
14447.87 17.05 2324.75 19.77
14464.00 17.00 2327.37 8.01
14480.37 16.82 2341.62 9.54
14497.00 17.00 2351.87 10.41
14513.37 16.82 2354.87 10.74
14529.75 17.11 2364.12 6.51
14546.00 17.00 2368.75 6.06
14562.37 16.82 2370.25 6.36
14579.00 17.00 2369.87 6.97
14595.37 16.82 2368.12 8.90
14611.75 17.11 2364.75 8.87
14628.00 17.00 2359.62 10.45
14644.37 16.82 2353.00 12.47
14661.00 17.00 2346.25 13.95
14677.37 16.82 2337.25 24.61
14693.62 16.94 2318.62 16.37
14710.00 17.00 2303.12 17.82
14726.37 16.82 2287.37 18.54
14743.00 17.00 2270.25 19.96
14759.12 16.91 2250.75 23.75
14775.50 17.07 2231.50 21.56
14792.00 17.00 2209.25 27.02
14808.37 16.82 2184.75 24.08
14824.87 17.05 2162.37 26.29
14841.12 16.91 2136.87 25.97
14857.50 17.07 2109.00 27.34
14874.00 17.00 2082.25 30.43
14890.37 16.82 2052.00 29.34
14906.87 17.05 2025.37 30.60
14923.12 16.91 1995.37 29.38
14939.50 17.07 1967.87 30.65
14956.00 17.00 1937.75 31.08
14972.37 16.82 1903.87 33.01
14988.87 17.05 1868.62 41.48
15005.00 17.00 1845.62 32.25
15021.37 16.82 1815.50 31.21
15038.00 17.00 1788.12 35.48
15054.37 16.82 1757.37 29.93
15070.75 17.11 1728.62 27.58
15087.00 17.00 1702.12 29.03
15103.37 16.82 1672.87 26.60
15120.00 17.00 1643.62 26.20
15136.37 16.82 1619.87 24.80
15152.62 16.94 1594.87 25.50
15169.00 17.00 1572.00 24.14
15185.37 16.82 1552.25 23.83
15202.00 17.00 1546.75 41.41
15218.25 16.89 1508.25 18.53
15234.62 16.94 1495.25 27.46
15251.00 17.00 1472.25 24.07
15267.37 16.82 1457.87 16.84
15284.12 17.18 1442.62 13.24
15300.25 17.09 1436.12 11.00
15316.75 17.42 1426.87 18.82
15333.12 17.18 1420.25 23.70
15349.50 17.00 1410.75 11.32
15366.00 17.22 1402.50 8.96
15382.25 17.09 1398.37 5.59
15398.75 17.42 1396.37 5.85
15415.12 17.18 1396.87 4.23
15431.50 17.00 1395.62 9.75
15448.00 17.22 1407.75 9.88
15464.12 17.18 1406.50 7.90
15480.62 17.18 1417.50 9.10
15497.12 17.18 1423.87 9.50
15513.50 17.00 1441.87 15.77
15529.87 17.29 1447.50 14.33
15546.12 17.18 1464.00 14.72
15562.50 17.00 1466.00 23.47
15579.12 17.18 1498.62 17.78
15595.50 17.00 1513.12 21.16
15611.87 17.29 1524.75 20.58
15628.12 17.18 1553.37 22.29
15644.50 17.00 1575.75 24.59
15661.12 17.18 1599.50 23.46
15677.50 17.00 1625.37 23.21
15693.87 17.29 1648.00 25.82
15710.12 17.18 1673.62 26.83
15726.50 17.00 1700.87 27.49
15743.12 17.18 1728.87 26.47
15759.25 17.09 1763.50 28.78
15775.75 17.42 1781.00 23.06
15792.12 17.18 1811.00 28.15
15808.50 17.00 1842.75 27.92
15825.00 17.22 1868.00 27.77
15841.25 17.09 1892.37 31.06
15857.75 17.42 1924.75 26.89
15874.12 17.18 1952.75 26.82
15890.50 17.00 1987.12 25.64
15907.00 17.22 2009.12 27.96
15923.25 17.09 2034.62 27.19
15939.75 17.42 2060.75 24.56
15956.12 17.18 2084.50 25.10
15972.50 17.00 2107.75 25.46
15989.00 17.22 2132.37 20.71
16005.12 17.18 2154.00 20.58
16021.50 17.00 2175.37 20.07
16038.12 17.18 2197.00 24.90
16054.50 17.00 2213.87 17.64
16070.87 17.29 2229.00 17.44
16087.12 17.18 2244.75 16.04
16103.50 17.00 2258.62 13.49
16120.12 17.18 2271.12 14.16
16136.50 17.00 2282.62 9.11
16152.87 17.29 2290.00 13.95
16169.12 17.18 2299.75 6.42
16185.50 17.00 2302.75 16.41
16202.12 17.18 2318.87 12.21
16218.37 17.06 2315.12 6.25
16234.87 17.29 2314.25 6.68
16251.12 17.18 2310.37 13.29
16267.50 17.00 2312.12 6.59
16284.12 17.18 2307.37 9.03
16300.37 17.28 2299.87 19.37
16316.75 17.42 2299.75 14.82
16333.25 17.36 2288.75 13.83
16349.62 17.18 2276.75 12.79
16366.00 17.22 2260.25 16.19
16382.37 17.28 2250.62 16.64
16398.75 17.42 2232.25 16.59
16415.12 17.18 2220.37 18.87
16431.62 17.18 2198.37 18.33
16448.00 17.22 2179.62 20.70
16464.25 17.36 2163.00 21.27
16480.62 17.18 2139.62 21.73
16497.12 17.18 2119.62 24.57
16513.62 17.18 2094.75 26.68
16529.87 17.29 2072.37 23.66
16546.25 17.36 2050.75 27.02
16562.62 17.18 2029.75 21.61
16579.12 17.18 1995.87 25.17
16595.62 17.18 1971.37 25.58
16611.87 17.29 1942.75 32.73
16628.25 17.36 1916.12 25.28
16644.62 17.18 1892.12 26.79
16661.12 17.18 1869.87 27.94
16677.62 17.18 1835.50 25.14
16693.87 17.29 1811.75 26.95
16710.25 17.36 1782.75 24.77
16726.62 17.18 1762.37 25.99
16743.12 17.18 1734.87 23.89
16759.37 17.28 1709.50 23.68
16775.75 17.42 1681.62 32.26
16792.25 17.36 1662.12 20.84
