2.00 0.35 1883.37 18.40
23.12 12.06 1858.50 18.89
39.50 12.29 1831.50 31.05
55.75 12.19 1808.12 21.04
72.37 11.96 1789.12 18.27
88.62 12.24 1768.00 20.70
105.00 12.10 1740.50 15.88
121.50 12.29 1720.37 17.01
137.75 12.19 1696.62 16.91
154.37 11.97 1665.50 26.72
170.62 12.24 1652.62 16.96
187.25 12.02 1629.75 16.18
203.62 12.24 1614.12 20.37
219.75 12.19 1587.25 15.31
236.25 12.02 1562.12 16.51
252.62 12.24 1542.62 14.85
269.25 12.02 1527.75 15.66
285.62 12.24 1507.62 12.63
301.87 12.15 1487.50 13.44
318.37 11.97 1468.87 14.85
334.87 12.15 1450.87 14.97
351.25 12.02 1424.00 29.75
367.62 11.86 1413.12 13.11
383.87 12.15 1405.75 25.09
400.37 11.97 1377.87 11.85
417.12 12.07 1369.25 21.54
433.25 12.02 1349.62 12.79
449.87 11.78 1332.25 10.37
466.12 12.07 1316.62 12.04
482.62 11.89 1302.12 15.74
499.00 12.11 1290.62 10.00
515.12 12.07 1274.12 13.40
531.87 11.78 1265.37 11.10
548.12 12.07 1254.00 9.00
564.62 11.89 1254.50 29.07
581.00 12.11 1233.12 8.04
597.37 11.98 1223.37 5.36
613.87 11.79 1213.25 6.00
630.25 12.02 1205.75 6.70
646.75 11.85 1201.25 8.42
663.12 12.07 1190.12 6.43
679.25 12.02 1185.50 5.52
695.75 11.85 1169.87 39.27
712.37 11.97 1174.37 3.12
728.87 11.80 1171.00 5.81
745.25 12.02 1165.62 3.24
761.50 11.93 1162.37 3.35
777.87 11.80 1160.12 2.89
794.50 12.30 1160.00 4.24
810.87 12.17 1155.25 10.00
827.37 12.35 1166.50 20.43
843.50 12.30 1155.87 11.61
860.00 12.13 1156.37 9.59
876.50 12.30 1161.25 2.44
892.87 12.16 1158.37 16.02
909.50 12.30 1167.87 2.47
925.62 12.25 1172.12 3.72
942.12 12.08 1179.37 28.20
958.50 12.30 1186.37 12.60
974.87 12.16 1188.37 6.18
991.50 12.30 1189.50 11.37
1007.75 12.19 1211.37 24.69
1024.25 12.02 1210.00 6.98
1040.62 12.24 1216.37 4.06
1057.00 12.10 1227.75 7.07
1073.62 12.24 1238.50 7.36
1089.75 12.19 1251.50 15.39
1106.25 12.02 1260.12 9.35
1122.62 12.24 1274.50 14.06
1139.12 12.07 1283.12 11.14
1155.62 11.87 1296.12 9.28
1171.87 12.15 1305.12 14.40
1188.37 11.98 1321.62 8.26
1204.75 12.20 1338.12 11.46
1221.00 12.10 1353.12 10.95
1237.62 11.87 1367.00 12.28
1253.87 12.15 1382.87 12.32
1270.25 12.02 1401.75 11.93
1286.75 12.20 1415.12 11.73
1303.75 12.02 1435.62 12.59
1320.62 11.69 1453.12 12.40
1336.75 12.02 1472.25 21.17
1353.25 11.87 1488.50 14.59
1369.75 12.02 1507.87 13.83
1385.75 12.02 1528.87 13.58
1402.50 11.76 1546.00 13.61
1418.87 11.97 1563.37 14.45
1435.37 11.77 1589.50 14.11
1451.87 11.97 1603.25 14.09
1467.87 11.97 1624.37 14.10
1484.50 11.78 1640.87 17.34
1500.87 11.97 1665.50 14.53
1517.37 11.77 1684.00 8.76
1533.87 11.97 1707.87 13.94
1549.87 11.97 1728.00 15.39
1566.50 11.78 1746.87 18.48
1582.87 11.97 1770.50 14.16
1600.00 11.64 1794.37 14.53
1616.62 11.44 1814.12 14.06
1632.75 11.77 1835.12 15.11
1649.25 11.59 1854.87 16.37
1665.75 11.77 1879.25 16.24
1681.87 11.70 1891.87 26.19
1698.62 11.44 1923.75 13.10
1715.37 11.52 1945.12 14.44
1731.75 11.40 1960.12 20.23
1748.37 11.52 1983.00 14.64
1764.37 11.52 2003.00 13.43
1781.25 11.20 2029.75 13.47
1797.50 11.84 2054.75 22.32
1814.00 12.04 2074.37 24.01
1830.50 11.84 2087.12 14.18
1846.62 12.16 2103.50 16.12
1863.25 11.95 2126.50 13.50
1879.50 11.84 2145.12 12.78
1896.00 11.97 2166.75 12.64
1912.62 11.77 2183.87 13.51
1928.75 12.09 2202.50 13.44
1945.37 11.88 2218.50 12.27
1961.62 11.77 2235.50 14.02
1978.00 11.97 2253.87 11.79
1994.62 11.77 2267.87 12.84
2011.50 11.77 2295.50 23.44
2028.12 11.51 2301.87 10.82
2044.37 11.44 2339.12 26.14
2060.62 11.69 2332.25 8.87
2077.25 11.47 2347.37 9.86
2093.50 11.77 2359.75 15.32
2110.00 11.53 2374.87 9.65
2126.50 11.37 2384.62 11.89
2142.75 11.63 2392.87 8.34
2159.50 11.34 2409.00 10.17
2175.62 11.30 2423.37 7.55
2192.12 11.46 2434.00 10.39
2208.62 11.30 2443.75 6.67
2224.75 11.63 2455.37 5.70
2241.50 11.34 2466.50 10.90
2257.62 11.30 2468.75 9.20
2274.00 11.54 2478.87 6.41
2290.75 11.29 2484.37 5.14
2306.87 11.61 2491.25 3.70
2323.50 11.37 2498.00 3.81
2339.75 11.29 2500.12 10.09
2356.12 11.54 2519.12 12.39
2372.75 11.29 2512.00 3.16
2388.87 11.61 2513.25 7.66
2405.50 11.37 2518.12 3.10
2422.25 11.06 2519.75 3.42
2438.50 11.38 2520.50 3.90
2455.25 11.06 2512.37 30.01
2471.37 11.39 2522.62 2.78
2488.00 11.16 2521.62 3.16
2504.25 11.06 2516.62 12.41
2520.50 11.38 2520.00 5.72
2537.12 11.11 2515.50 4.03
2553.37 11.39 2514.12 4.20
2569.87 11.18 2509.25 3.42
2586.25 11.06 2506.25 3.93
2602.62 11.36 2503.87 6.17
2619.25 11.09 2501.50 12.17
2635.37 11.04 2490.25 6.12
2652.00 11.21 2478.87 13.17
2668.37 11.04 2465.00 18.83
2684.50 11.37 2467.75 5.68
2701.25 11.09 2461.75 9.12
2718.37 10.96 2450.25 4.71
2734.75 11.23 2442.00 8.49
2751.25 10.94 2430.62 4.12
2767.50 11.28 2417.12 9.66
2784.12 10.99 2406.50 6.75
2800.75 11.91 2396.12 8.48
2817.12 12.18 2383.37 14.46
2833.62 11.89 2369.12 14.96
2849.75 11.91 2355.62 10.17
2866.50 11.95 2335.50 22.91
2882.75 11.91 2326.75 10.73
2899.12 12.18 2317.00 11.58
2915.62 11.89 2301.25 11.60
2931.75 11.91 2284.00 11.01
2948.50 11.95 2270.37 11.49
2964.75 11.91 2249.87 17.68
2981.00 11.86 2238.37 11.80
2997.50 11.95 2221.25 12.61
3013.87 11.87 2214.75 41.58
3030.62 11.89 2188.37 14.59
3046.87 11.87 2169.87 14.10
3063.00 11.84 2153.75 13.30
3079.75 11.85 2126.37 13.06
3095.87 11.87 2110.37 15.17
3112.50 11.98 2095.75 14.31
3129.00 11.79 2067.25 14.76
3145.00 11.79 2056.00 13.78
3161.87 11.77 2032.50 16.87
3178.00 11.79 2018.25 13.66
3194.62 11.87 1995.50 17.94
3210.87 11.77 1981.12 12.21
3227.00 11.79 1959.62 14.28
3243.87 11.77 1941.50 11.92
3260.00 11.79 1920.37 15.84
3276.50 11.98 1902.25 14.87
3293.12 11.73 1880.12 14.95
3309.37 11.73 1862.50 13.57
3326.00 11.78 1842.87 14.84
3342.37 11.73 1834.25 15.95
3358.75 11.94 1804.12 13.86
3375.12 11.73 1784.50 13.11
3391.37 11.73 1762.62 20.09
3408.00 11.78 1745.50 12.53
3424.50 11.68 1726.87 13.79
3440.75 11.60 1715.25 22.19
3457.25 11.68 1688.62 13.37
3473.50 11.68 1669.25 19.82
3490.12 11.73 1653.87 13.88
3506.50 11.68 1639.50 16.91
3522.50 11.68 1618.75 12.97
3539.25 11.68 1595.87 18.84
3555.50 11.68 1586.87 20.63
3572.12 11.73 1563.50 13.83
3588.62 11.65 1550.37 10.91
3604.75 11.63 1533.37 12.06
3621.37 11.65 1518.87 11.88
3637.62 11.65 1503.75 11.53
3654.25 11.70 1484.87 18.95
3670.50 11.64 1474.37 13.30
3686.75 11.63 1458.62 9.36
3703.50 11.66 1445.87 11.53
3719.75 11.67 1433.87 11.32
3736.25 11.83 1419.12 10.12
3752.62 11.68 1407.75 9.80
3768.87 11.64 1399.37 4.69
3785.37 11.71 1382.62 8.88
3801.87 11.98 1367.62 16.18
3818.37 12.14 1362.37 9.66
3834.75 12.00 1349.75 16.16
3850.87 11.98 1346.87 13.50
3867.50 12.03 1332.25 14.92
3883.87 11.98 1324.37 10.02
3900.25 12.22 1318.37 8.56
3916.75 12.00 1308.12 16.79
3932.87 11.98 1305.00 6.98
3949.50 12.03 1299.75 6.32
3965.87 11.98 1293.25 21.07
3982.12 12.27 1290.12 5.71
3998.62 11.98 1283.37 4.47
4015.00 11.94 1285.12 17.29
4031.62 11.98 1276.75 4.02
4048.00 11.94 1276.00 2.64
4064.25 12.22 1272.62 4.95
4080.75 11.93 1275.00 7.28
4097.00 11.94 1273.25 5.07
4113.62 11.98 1270.50 3.00
4130.25 11.79 1273.50 23.40
4146.62 12.01 1262.75 15.04
4163.00 11.79 1273.75 2.99
4179.37 11.72 1274.87 2.71
4195.87 11.84 1278.62 4.21
4212.12 11.80 1281.75 3.93
4228.50 11.69 1285.12 4.51
4245.00 11.79 1290.50 3.35
4261.37 11.72 1284.37 18.32
4277.75 11.95 1297.12 12.90
4294.37 11.78 1305.00 4.92
4310.50 11.71 1321.37 22.35
4327.12 11.77 1319.87 6.47
4343.50 11.71 1322.00 10.69
4359.87 11.94 1337.62 7.03
4376.37 11.78 1344.00 5.77
4392.50 11.71 1359.37 21.19
4409.12 11.77 1363.12 9.29
4426.37 11.53 1372.37 8.66
4442.75 11.81 1381.25 13.93
4459.12 11.60 1391.50 15.76
4475.37 11.53 1406.50 9.05
4491.87 11.68 1419.62 8.00
4508.25 11.60 1430.87 9.42
4524.75 11.81 1432.62 33.57
4541.00 11.62 1458.25 8.16
4557.37 11.53 1475.87 15.10
4573.87 11.68 1484.87 7.34
4590.50 11.53 1497.87 13.45
4606.87 11.77 1515.87 9.95
4623.25 11.55 1529.87 8.89
4639.62 11.45 1548.00 10.84
4656.12 11.61 1555.50 18.23
4672.50 11.53 1577.87 12.12
4688.75 11.46 1593.62 10.40
4705.62 11.58 1608.12 12.21
4721.87 11.48 1626.50 11.39
4738.37 11.79 1642.37 11.66
4754.75 11.56 1658.87 11.64
4771.12 11.51 1676.12 11.44
4787.62 11.58 1694.37 11.29
4804.62 13.34 1713.87 14.31
4821.00 13.32 1729.62 13.02
4837.37 13.10 1743.00 15.46
4853.75 13.36 1764.37 13.97
4870.25 13.13 1783.37 13.65
4886.50 13.03 1798.25 18.11
4903.00 13.32 1818.87 14.81
4919.37 13.10 1836.62 14.33
4935.75 13.36 1849.50 15.48
4952.12 13.19 1871.75 13.97
4968.37 13.10 1890.75 14.12
4984.87 13.35 1904.62 20.52
5001.25 13.13 1926.62 13.79
5017.87 13.30 1957.37 31.85
5034.37 13.07 1964.37 16.33
5050.50 13.05 1981.62 14.51
5067.00 13.29 1993.75 14.87
5083.37 13.07 2014.50 14.45
5099.87 13.30 2028.62 14.27
5116.37 13.07 2044.00 27.00
5132.75 12.90 2073.12 24.33
5149.12 13.22 2067.50 36.98
5165.50 13.00 2095.87 8.22
5181.87 13.21 2114.37 12.93
5198.37 13.06 2129.37 11.56
5214.75 12.90 2145.12 11.54
5231.12 13.22 2164.75 16.52
5247.50 13.00 2175.25 20.87
5263.87 13.21 2187.75 11.63
5280.25 13.19 2203.75 11.83
5297.12 12.94 2216.87 11.50
5313.62 13.19 2231.37 12.56
5330.12 12.94 2243.75 14.53
5346.37 12.87 2257.25 7.96
5362.87 13.14 2269.12 9.25
5379.12 12.94 2282.25 9.63
5395.62 13.19 2290.12 12.44
5412.25 12.93 2302.00 9.18
5428.50 12.86 2312.62 9.98
5444.87 13.18 2323.62 8.11
5461.25 12.93 2334.00 8.38
5477.87 13.18 2336.62 14.52
5494.25 12.93 2351.12 6.60
5510.37 12.85 2356.25 10.44
5526.87 13.18 2365.00 6.02
5543.25 12.93 2373.50 6.04
5559.75 13.18 2374.12 38.23
5576.25 12.93 2385.25 10.20
5592.50 12.82 2392.62 6.30
5609.12 13.10 2396.12 6.70
5625.37 12.89 2399.37 4.85
5641.75 13.13 2419.75 26.94
5658.25 12.96 2401.00 22.20
5674.50 12.82 2410.00 7.70
5691.12 13.10 2413.50 4.21
5707.50 12.90 2421.00 11.81
5724.00 13.15 2424.00 16.76
5740.25 13.11 2419.37 3.12
5756.50 12.90 2419.75 5.04
5773.12 13.15 2418.12 2.93
5789.50 12.90 2418.50 3.57
5806.00 13.15 2415.37 1.72
5822.37 13.42 2414.75 2.68
5838.62 13.21 2411.37 4.21
5855.25 13.45 2411.25 3.93
5871.62 13.21 2398.25 13.13
5888.00 13.15 2398.87 8.36
5904.37 13.42 2396.62 3.97
5920.62 13.21 2393.62 4.00
5937.12 13.15 2389.62 6.28
5953.62 13.21 2379.62 6.28
5969.75 13.13 2376.37 4.66
5986.37 13.42 2371.62 12.29
6002.75 13.15 2361.25 5.95
6019.12 13.09 2354.87 11.67
6035.75 13.15 2350.00 8.40
6051.87 13.07 2334.50 6.82
6068.50 13.35 2327.00 8.22
6084.75 13.15 2317.62 10.07
6101.12 13.09 2305.62 5.75
6117.75 13.15 2305.00 28.11
6134.37 12.83 2286.25 12.50
6151.12 13.05 2266.00 21.02
6167.37 12.83 2261.12 9.36
6183.62 12.84 2248.75 8.91
6200.37 12.83 2232.37 11.02
6216.37 12.83 2223.12 8.81
6233.00 13.10 2220.62 33.01
6249.37 12.83 2190.62 16.19
6265.62 12.84 2181.75 10.82
6282.25 12.99 2167.87 12.50
6298.50 12.83 2158.37 5.61
6315.12 13.10 2140.87 10.14
6331.50 12.83 2128.75 12.03
6347.75 12.85 2110.25 12.26
6364.25 13.05 2097.00 11.08
6380.50 12.83 2080.12 11.63
6397.00 12.80 2063.87 11.39
6413.62 12.82 2057.37 31.15
6429.75 12.83 2037.37 6.42
6446.37 13.05 2017.37 12.07
6462.62 12.82 2001.50 12.66
6479.12 12.79 1984.37 12.69
6495.62 12.82 1978.12 30.82
6511.75 12.83 1946.25 17.87
6528.37 13.05 1934.62 11.23
6544.62 12.82 1924.12 17.92
6561.12 12.79 1904.75 18.30
6577.62 12.82 1887.25 9.73
6594.25 12.71 1868.87 11.86
6610.75 12.96 1851.50 14.38
6627.12 12.71 1844.12 24.94
6643.50 12.71 1817.50 13.63
6660.12 12.71 1803.87 14.91
6676.12 12.71 1788.75 12.14
6692.75 12.96 1769.75 11.38
6709.75 12.81 1753.62 12.21
6726.12 12.84 1747.37 20.85
6742.62 12.98 1725.62 5.96
6758.87 12.86 1707.37 12.93
6775.37 13.07 1688.00 19.26
6791.75 12.81 1678.37 11.49
6808.00 12.85 1659.75 13.57
6824.50 13.06 1643.87 13.29
6840.87 12.86 1631.37 15.26
6857.37 13.07 1611.87 17.37
6873.75 12.81 1596.50 33.12
6890.00 12.85 1591.37 12.14
6906.37 13.07 1578.37 11.19
6922.75 12.81 1565.12 11.77
6939.37 13.07 1549.50 13.15
6955.75 12.81 1539.50 12.98
6972.00 12.85 1528.62 10.72
6988.37 13.07 1516.00 10.45
7004.87 12.74 1505.75 10.37
7021.62 12.93 1493.37 9.82
7037.87 12.74 1490.00 19.86
7054.25 12.71 1474.25 10.33
7070.62 12.93 1464.37 11.35
7086.87 12.74 1453.75 9.30
7103.37 12.70 1444.87 8.40
7119.87 12.74 1440.12 4.17
7136.25 12.67 1424.50 11.65
7152.75 12.88 1422.25 8.82
7169.00 12.69 1414.12 8.40
7185.62 12.59 1395.87 25.33
7202.00 12.69 1399.75 9.03
7218.25 12.67 1395.62 6.44
7234.75 12.88 1393.75 8.94
7251.00 12.69 1391.25 17.31
7267.50 12.61 1377.50 8.75
7283.87 12.86 1378.62 10.84
7300.37 12.66 1372.25 9.39
7316.87 12.88 1371.12 6.07
7333.12 12.68 1373.87 16.65
7349.50 12.61 1368.75 3.27
7365.87 12.88 1369.00 8.28
7382.12 12.68 1359.75 15.64
7398.87 12.88 1365.00 4.12
7415.37 12.66 1364.37 3.97
7431.87 12.57 1373.50 15.20
7448.12 12.86 1366.87 5.06
7464.50 12.66 1367.87 4.20
7481.12 12.86 1371.12 3.30
7497.37 12.66 1372.37 4.47
7513.75 12.63 1382.37 20.42
7530.12 12.86 1379.00 4.18
7546.50 12.66 1384.62 2.78
7563.00 12.57 1400.37 28.31
7579.37 12.66 1396.87 5.60
7595.87 12.60 1396.75 7.71
7612.37 12.81 1397.25 13.34
7628.62 12.64 1411.00 3.94
7645.12 12.54 1417.75 5.14
7661.50 12.64 1425.87 6.09
7677.87 12.60 1436.62 8.66
7694.25 12.83 1442.87 8.22
7710.75 12.68 1449.12 7.60
7727.25 12.59 1446.75 17.68
7743.50 12.85 1468.62 12.04
7759.87 12.60 1475.50 7.45
7776.37 12.87 1487.25 5.76
7792.75 12.68 1497.50 7.02
7809.12 12.59 1506.25 9.12
7825.50 12.85 1520.12 11.64
7841.75 12.68 1529.25 8.44
7858.37 12.87 1543.50 7.81
7874.62 12.68 1541.37 23.31
7891.12 12.59 1566.25 8.00
7907.50 12.85 1577.87 8.95
7923.75 12.68 1601.50 29.18
7940.37 12.87 1604.75 9.96
7956.62 12.68 1618.37 9.01
7973.00 12.65 1632.00 6.63
7989.50 12.85 1644.37 9.83
8006.12 12.48 1658.25 9.09
8022.75 12.69 1674.62 9.30
8039.00 12.49 1688.25 13.85
8055.12 12.48 1701.75 11.00
8071.87 12.67 1714.62 9.39
8088.12 12.48 1726.62 12.44
8104.62 12.41 1746.00 10.84
8121.00 12.49 1763.62 16.14
8137.25 12.43 1769.50 24.99
8153.87 12.64 1788.87 8.89
8170.25 12.43 1805.12 11.00
8186.50 12.46 1825.25 8.67
8203.12 12.43 1841.12 17.92
8219.25 12.43 1851.50 11.43
8235.87 12.64 1865.50 12.68
8252.25 12.43 1881.87 11.91
8268.37 12.47 1895.25 11.86
8285.00 12.62 1913.12 10.96
8301.25 12.43 1927.25 13.04
8317.87 12.64 1941.12 12.49
8334.12 12.43 1950.00 17.18
8350.50 12.46 1980.50 21.01
8367.00 12.62 1982.00 17.50
8383.25 12.43 2002.00 12.84
8399.87 12.64 2017.62 14.43
8416.37 12.43 2028.25 10.84
8432.50 12.47 2044.62 14.46
8449.12 12.61 2055.25 12.24
8465.37 12.43 2070.50 10.79
8482.00 12.64 2080.37 13.55
8498.37 12.43 2095.50 10.79
8514.37 12.43 2109.37 10.43
8531.12 12.61 2126.37 15.34
8547.37 12.43 2133.37 9.92
8563.87 12.35 2148.50 9.03
8580.37 12.43 2158.25 10.48
8597.25 12.48 2169.50 9.69
8614.00 12.68 2188.00 12.96
8630.25 12.48 2192.25 10.26
8646.50 12.49 2196.62 17.56
8663.12 12.48 2212.12 9.32
8679.25 12.48 2222.50 9.11
8696.00 12.68 2231.75 9.43
8712.25 12.48 2237.50 11.97
8728.50 12.49 2251.37 11.71
8745.00 12.68 2252.87 4.96
8761.25 12.48 2264.50 8.72
8778.00 12.68 2269.75 11.61
8794.25 12.48 2273.12 15.76
8810.50 12.49 2286.37 7.56
8827.00 12.68 2289.37 9.90
8843.25 12.48 2293.00 12.91
8860.00 12.68 2302.00 7.24
8876.25 12.48 2316.50 27.31
8892.37 12.51 2313.37 5.91
8909.00 12.68 2317.37 5.72
8925.25 12.48 2321.37 5.96
8942.00 12.68 2324.00 10.04
8958.25 12.48 2332.87 13.48
8974.37 12.51 2323.25 11.07
8991.00 12.68 2330.00 3.74
9007.37 12.42 2327.62 17.59
9024.00 12.59 2331.25 4.49
9040.37 12.42 2331.50 4.58
9056.50 12.45 2338.25 12.41
9073.12 12.62 2331.25 5.17
9089.37 12.42 2329.62 9.78
9105.75 12.38 2327.50 10.01
9122.25 12.43 2325.50 4.39
9138.50 12.45 2330.87 14.25
9155.12 12.62 2323.62 5.83
9171.37 12.42 2320.50 4.66
9187.87 12.31 2309.00 19.05
9204.25 12.43 2312.25 2.90
9220.37 12.42 2307.75 2.22
9237.12 12.62 2303.62 4.27
9253.37 12.42 2295.87 6.41
9269.75 12.38 2293.12 7.96
9286.12 12.62 2286.50 3.54
9302.37 12.42 2284.00 12.44
9319.12 12.62 2271.50 4.12
9335.37 12.42 2264.00 7.12
9351.75 12.38 2259.87 9.35
9368.12 12.62 2242.50 15.05
9384.37 12.42 2240.12 5.14
9401.12 12.62 2237.87 16.89
9417.87 12.47 2220.50 5.85
9434.25 12.51 2210.25 11.27
9450.75 12.68 2204.00 6.00
9467.00 12.51 2193.62 6.16
9483.62 12.65 2183.50 7.00
9499.87 12.47 2171.37 6.82
9516.25 12.51 2167.62 17.00
9532.75 12.68 2153.25 8.50
9549.00 12.51 2139.25 6.20
9565.50 12.38 2124.12 8.56
9582.00 12.51 2114.75 9.78
9598.25 12.57 2101.37 7.28
9614.87 12.71 2093.62 14.76
9631.00 12.51 2080.25 9.68
9647.75 12.45 2068.62 17.20
9664.00 12.51 2051.87 9.55
9680.12 12.54 2039.00 8.82
9696.87 12.71 2026.37 6.19
9713.00 12.51 2016.12 11.37
9729.50 12.48 1997.12 9.27
9745.87 12.71 1981.87 22.32
9762.25 12.57 1972.25 10.05
9778.87 12.71 1958.00 9.71
9795.00 12.51 1941.12 11.88
9811.50 12.48 1929.62 10.11
9827.87 12.71 1914.00 13.12
9844.12 12.54 1901.50 35.19
9860.87 12.71 1888.75 10.83
9877.00 12.51 1868.75 17.58
9893.37 12.54 1860.62 12.91
9909.87 12.71 1847.37 9.84
9926.12 12.54 1833.62 12.74
9942.87 12.71 1819.12 10.13
9959.00 12.51 1811.62 11.72
9975.37 12.54 1795.00 10.10
9991.87 12.71 1778.25 10.37
10008.87 12.33 1765.00 10.42
10025.50 12.53 1750.50 11.56
10041.62 12.32 1744.62 25.20
10058.00 12.35 1722.25 15.59
10074.50 12.53 1713.25 11.27
10090.62 12.32 1703.37 13.47
10107.37 12.27 1688.12 11.94
10123.62 12.32 1675.00 10.98
10140.00 12.35 1657.37 10.88
10156.50 12.53 1651.50 10.04
10172.62 12.32 1639.37 10.76
10189.25 12.23 1626.25 10.38
10205.62 12.32 1618.87 10.50
10222.00 12.35 1608.62 6.44
10238.50 12.53 1597.25 10.10
10254.62 12.32 1587.37 10.33
10271.25 12.23 1581.12 17.35
10287.50 12.53 1567.12 9.08
10303.87 12.33 1577.37 33.03
10320.50 12.53 1554.25 15.74
10336.62 12.32 1540.25 5.43
10353.25 12.23 1527.50 10.82
10369.50 12.53 1518.75 11.26
10385.87 12.33 1515.25 8.50
10402.50 12.53 1514.00 17.54
10418.75 12.35 1502.50 5.57
10435.25 12.35 1499.00 13.87
10451.62 12.56 1488.62 6.42
10468.00 12.37 1482.75 7.36
10484.62 12.56 1477.87 6.92
10500.75 12.35 1468.37 12.35
10517.25 12.35 1473.50 17.40
10533.62 12.56 1464.37 6.52
10549.87 12.38 1459.37 5.66
10566.50 12.30 1454.87 6.17
10582.87 12.38 1450.50 8.76
10599.25 12.42 1452.50 5.85
10615.75 12.60 1453.12 10.01
10632.00 12.42 1447.50 3.97
10648.62 12.34 1445.12 5.51
10664.87 12.38 1444.00 4.45
10681.25 12.42 1445.25 3.46
10697.75 12.60 1445.37 3.87
10714.00 12.42 1455.62 27.36
10730.62 12.34 1447.00 3.20
10746.75 12.60 1438.75 22.03
10763.25 12.42 1446.25 2.68
10779.75 12.60 1448.87 5.42
10795.87 12.38 1452.87 7.66
10812.62 12.34 1454.62 2.50
10828.75 12.60 1458.62 3.12
10845.25 12.42 1451.12 42.52
10861.75 12.60 1467.25 1.92
10877.87 12.38 1461.87 16.42
10894.50 12.42 1462.50 18.23
10910.75 12.60 1480.62 2.91
10927.25 12.42 1488.50 7.94
10943.75 12.60 1494.00 5.72
10959.87 12.38 1495.62 7.81
10976.37 12.38 1503.87 5.55
10992.75 12.60 1511.37 7.86
11009.12 12.40 1515.25 10.06
11025.87 12.58 1519.12 20.78
11042.00 12.37 1532.00 5.98
11058.37 12.41 1542.00 4.87
11074.87 12.58 1551.87 4.51
11091.12 12.40 1561.00 17.01
11107.75 12.32 1568.25 6.04
11124.00 12.37 1579.00 6.22
11140.25 12.42 1591.75 7.46
11156.87 12.58 1598.87 6.92
11173.12 12.40 1609.00 6.67
11189.75 12.32 1620.00 8.06
11206.00 12.37 1628.75 7.84
11222.25 12.42 1641.00 6.98
11238.87 12.58 1651.12 6.99
11255.00 12.37 1664.00 7.90
11271.75 12.32 1661.12 31.03
11287.87 12.58 1685.00 9.00
11304.25 12.42 1696.37 7.29
11320.87 12.58 1708.50 17.31
11337.00 12.37 1720.62 9.01
11353.75 12.32 1733.12 7.30
11369.87 12.58 1746.62 9.24
11386.25 12.42 1758.75 9.35
11402.87 12.58 1769.87 16.63
11419.12 12.40 1784.37 9.42
11435.62 12.41 1796.75 10.08
11452.00 12.62 1808.50 13.56
11468.12 12.40 1820.87 8.65
11485.00 12.62 1834.62 10.10
11501.12 12.40 1851.37 11.62
11517.62 12.41 1859.87 9.78
11534.00 12.62 1870.75 11.31
11550.12 12.40 1886.25 11.04
11566.87 12.36 1898.75 9.91
11583.37 12.50 1908.25 18.14
11599.75 12.61 1925.50 11.59
11616.25 12.71 1935.37 10.20
11632.50 12.56 1947.87 10.63
11649.12 12.46 1960.25 10.51
11665.37 12.50 1972.25 10.27
11681.75 12.61 1986.87 10.48
11698.25 12.71 1998.00 7.97
11714.50 12.56 2013.50 13.26
11731.12 12.46 2021.12 11.33
11747.25 12.71 2024.50 14.43
11763.75 12.61 2044.25 9.86
11780.25 12.71 2055.00 11.05
11796.50 12.56 2062.12 10.30
11813.12 12.46 2077.50 8.96
11829.25 12.71 2087.00 10.12
11845.75 12.61 2103.62 17.38
11862.25 12.71 2106.50 10.20
11878.50 12.56 2117.75 9.95
11895.00 12.55 2129.75 11.73
11911.25 12.71 2135.37 8.90
11927.62 12.57 2138.12 21.80
11944.25 12.71 2154.87 8.81
11960.50 12.56 2158.12 12.43
11977.00 12.55 2173.50 8.41
11993.25 12.71 2175.25 10.72
12009.50 12.56 2185.87 8.04
12026.25 12.71 2194.12 14.82
12042.37 12.50 2193.25 17.79
12058.87 12.59 2204.37 8.72
12075.25 12.71 2205.87 16.91
12091.50 12.56 2218.00 7.30
12108.12 12.46 2221.87 7.85
12124.37 12.50 2229.87 8.81
12140.87 12.59 2239.50 13.95
12157.25 12.71 2237.25 6.53
12173.50 12.56 2242.50 5.92
12190.12 12.46 2245.62 10.88
12206.37 12.50 2244.37 9.90
12222.87 12.59 2250.00 5.52
12239.25 12.71 2253.75 6.55
12255.50 12.56 2250.75 6.59
12272.12 12.46 2249.37 23.28
12288.25 12.71 2258.37 4.61
12304.75 12.61 2259.75 5.38
12321.25 12.71 2252.37 10.93
12337.50 12.56 2258.25 4.02
12354.12 12.46 2259.12 4.43
12370.25 12.71 2262.50 11.52
12386.62 12.57 2258.37 4.21
12403.25 12.71 2253.50 6.91
12419.50 12.56 2255.12 4.83
12436.00 12.55 2247.62 11.51
12452.25 12.71 2249.75 6.87
12468.62 12.60 2247.87 4.23
12485.25 12.71 2244.12 3.41
12501.37 12.50 2250.12 21.72
12518.00 12.55 2231.12 13.11
12534.25 12.71 2231.75 3.27
12550.50 12.56 2228.00 3.87
12567.12 12.46 2217.62 13.95
12583.62 12.63 2217.25 15.00
12600.00 12.66 2212.37 4.06
12616.37 12.78 2212.37 15.64
12632.62 12.63 2199.25 4.38
12649.25 12.53 2194.00 3.81
12665.62 12.63 2184.75 4.79
12682.00 12.66 2179.62 3.64
12698.37 12.78 2167.62 11.31
12714.62 12.63 2164.50 6.65
12731.25 12.53 2155.12 5.49
12747.50 12.84 2161.12 30.13
12763.87 12.67 2138.75 5.12
12780.37 12.78 2130.87 5.67
12796.62 12.63 2115.12 17.29
12813.25 12.53 2111.25 6.83
12829.37 12.78 2100.75 5.29
12845.87 12.67 2090.75 6.80
12862.37 12.78 2080.50 6.65
12878.62 12.63 2073.25 11.33
12895.12 12.61 2066.62 18.89
12911.37 12.78 2051.75 8.93
12927.87 12.67 2045.00 20.00
12944.37 12.78 2030.25 8.56
12960.62 12.63 2013.62 15.27
12977.12 12.61 2005.62 10.30
12993.37 12.78 2005.62 22.02
13009.62 12.63 1985.50 7.62
13026.37 12.78 1982.00 26.77
13042.62 12.63 1957.37 15.20
13059.00 12.66 1949.75 19.24
13075.37 12.78 1938.50 10.10
13091.62 12.63 1932.25 14.25
13108.25 12.53 1915.50 9.87
13124.62 12.63 1909.00 15.91
13141.00 12.66 1892.25 8.56
13157.37 12.78 1881.62 8.57
13173.62 12.63 1867.25 7.05
13190.25 12.53 1851.50 17.17
13206.62 12.63 1846.00 9.55
13223.00 12.66 1833.25 10.87
13239.37 12.78 1823.62 10.58
13255.62 12.63 1813.12 10.53
13272.25 12.53 1813.87 34.71
13288.37 12.78 1789.75 9.05
13304.87 12.67 1777.50 10.38
13321.37 12.78 1759.75 21.09
13337.62 12.63 1752.12 10.42
13354.25 12.53 1745.25 9.69
13370.37 12.78 1747.00 21.25
13386.87 12.67 1733.50 22.88
13403.37 12.78 1712.12 10.18
13419.62 12.63 1701.25 10.47
13436.12 12.61 1689.37 11.27
13452.37 12.78 1684.12 13.84
13468.75 12.67 1673.12 11.77
13485.37 12.78 1663.62 8.53
13501.62 12.63 1655.12 13.40
13518.12 12.61 1643.75 10.53
13534.37 12.78 1634.87 8.05
13550.75 12.67 1628.50 9.35
13567.25 12.53 1618.12 7.44
13584.12 12.98 1611.75 15.99
13600.62 13.10 1602.87 10.56
13617.00 13.20 1595.87 6.68
13633.37 13.12 1590.12 8.45
13649.87 12.96 1582.25 10.33
13666.12 12.98 1574.87 6.92
13682.62 13.10 1572.00 11.66
13699.00 13.20 1563.37 5.68
13715.25 13.09 1557.37 6.58
13731.87 12.96 1550.25 7.64
13748.00 13.20 1552.62 21.07
13764.50 13.12 1542.37 6.86
13781.00 13.20 1538.62 5.20
13797.12 12.98 1537.87 10.99
13813.87 12.96 1529.00 5.72
13830.00 13.20 1525.50 5.22
13846.50 13.12 1520.87 11.05
13863.00 13.20 1521.00 6.42
13879.12 12.98 1519.00 4.85
13895.75 13.05 1515.62 5.57
13912.00 13.20 1514.37 4.82
13928.50 13.12 1514.87 15.69
13945.00 13.20 1510.75 5.19
13961.12 12.98 1507.25 14.28
13977.75 13.05 1507.75 7.61
13994.00 13.20 1519.37 16.18
14010.37 13.12 1516.12 10.94
14027.00 13.20 1511.87 4.62
14043.12 12.98 1522.50 28.09
14059.62 13.10 1515.75 4.68
14076.00 13.20 1517.12 4.43
14092.37 13.12 1516.00 6.32
14108.87 12.96 1521.62 4.66
14125.12 12.98 1523.75 5.38
14141.62 13.10 1528.12 3.89
14158.00 13.20 1525.87 13.46
14174.25 13.09 1532.12 4.20
14190.87 12.96 1539.12 12.73
14207.12 12.98 1543.00 4.64
14223.62 13.10 1549.00 3.39
14240.00 13.20 1551.87 4.31
14256.12 12.98 1555.87 6.17
14272.87 12.96 1564.12 5.28
14289.00 13.20 1566.87 6.99
14305.50 13.12 1576.12 4.91
14322.00 13.20 1581.87 7.66
14338.12 12.98 1588.50 6.30
14354.87 12.96 1596.37 6.89
14371.00 13.20 1602.12 6.62
14387.50 13.12 1609.37 8.47
14404.00 13.20 1620.37 7.35
14420.12 12.98 1626.25 7.28
14436.75 13.05 1643.00 23.78
14453.00 13.20 1640.37 8.50
14469.37 13.12 1654.50 4.56
14486.00 13.20 1659.50 7.14
14502.12 12.98 1663.12 14.43
14518.75 13.05 1676.75 13.26
14535.00 13.20 1689.62 8.60
14551.37 13.12 1698.62 8.00
14567.87 12.96 1706.12 12.38
14584.25 13.09 1718.75 7.74
14600.75 13.22 1729.25 11.23
14617.12 13.31 1736.00 14.15
14633.50 13.24 1748.25 9.63
14650.00 13.08 1757.75 9.68
14666.25 13.09 1770.87 11.26
14682.75 13.22 1780.62 9.46
14699.12 13.31 1793.62 11.31
14715.37 13.21 1800.87 9.36
14732.00 13.08 1811.00 10.16
14748.12 13.31 1836.87 42.36
14764.62 13.24 1832.87 8.19
14781.12 13.31 1844.25 9.15
14797.37 13.21 1855.00 10.75
14814.00 13.08 1866.75 8.51
14830.12 13.31 1874.62 10.50
14846.62 13.24 1891.37 15.34
14863.12 13.31 1897.37 8.83
14879.37 13.21 1907.37 10.76
14895.87 13.17 1914.50 16.37
14912.12 13.31 1929.25 9.58
14928.62 13.24 1934.62 18.79
14945.12 13.31 1952.25 9.82
14961.25 13.09 1970.12 31.11
14977.87 13.17 1970.62 10.88
14994.12 13.31 1978.25 14.70
15010.50 13.24 1986.75 18.11
15027.12 13.31 2007.12 24.43
15043.25 13.09 2008.00 11.11
15059.75 13.22 2017.00 13.18
15076.12 13.31 2026.37 9.47
15092.50 13.24 2039.62 9.96
15109.00 13.08 2045.37 9.92
15125.25 13.09 2058.75 28.66
15141.75 13.22 2065.50 30.85
15158.12 13.31 2078.00 19.96
15174.37 13.21 2080.37 8.08
15191.00 13.08 2085.12 13.25
15207.25 13.09 2095.62 8.90
15223.75 13.22 2102.87 9.22
15240.12 13.31 2109.37 9.07
15256.37 13.21 2117.37 8.05
15273.00 13.08 2125.62 8.86
15289.12 13.31 2130.87 7.13
15305.62 13.24 2136.75 8.15
15322.12 13.31 2143.50 7.83
15338.37 13.21 2149.12 7.79
15355.00 13.08 2152.25 6.48
15371.12 13.31 2154.87 11.13
15387.62 13.24 2162.87 6.21
15404.12 13.31 2169.00 8.65
15420.25 13.09 2168.37 12.29
15436.87 13.17 2183.00 16.90
15453.12 13.31 2180.87 5.90
15469.50 13.24 2187.00 16.84
15486.12 13.31 2187.37 5.72
15502.25 13.09 2188.00 4.30
15518.87 13.17 2194.87 8.87
15535.12 13.31 2191.37 3.50
15551.50 13.24 2196.62 3.24
15568.00 13.08 2190.75 18.24
15584.37 13.21 2196.87 4.26
15600.87 13.34 2197.62 3.24
15617.25 13.42 2195.12 8.28
15633.50 13.24 2197.50 3.50
15650.12 13.19 2193.25 12.93
15666.37 13.21 2195.00 2.45
15682.87 13.34 2194.87 7.27
15699.25 13.42 2194.50 3.87
15715.37 13.21 2193.37 2.45
15732.12 13.19 2191.00 2.29
15748.25 13.42 2191.12 3.26
15764.75 13.36 2186.25 3.15
15781.25 13.42 2184.12 2.93
15797.37 13.21 2180.87 4.70
15814.12 13.19 2177.25 5.83
15830.25 13.42 2178.25 12.26
15846.75 13.36 2167.25 5.89
15863.25 13.42 2162.25 10.40
15879.37 13.21 2162.87 3.95
15896.00 13.28 2154.87 5.16
15912.25 13.42 2149.37 5.98
15928.75 13.36 2143.62 8.29
15945.25 13.42 2138.37 6.54
15961.37 13.21 2136.87 8.49
15978.00 13.28 2128.62 5.96
15994.25 13.42 2118.25 17.84
16010.62 13.36 2114.62 10.27
16027.25 13.42 2108.25 5.91
16043.37 13.21 2098.87 14.33
16059.87 13.34 2100.00 13.64
16076.25 13.42 2087.00 7.65
16092.50 13.24 2080.12 6.85
16109.12 13.19 2071.62 11.16
16125.37 13.21 2070.75 20.04
16141.87 13.34 2051.50 12.78
16158.25 13.42 2046.12 7.51
16174.37 13.21 2037.00 7.11
16191.12 13.19 2024.62 9.30
16207.37 13.21 2020.37 8.51
16223.87 13.34 2010.50 9.46
16240.25 13.42 2003.50 8.05
16256.37 13.21 1993.50 9.55
16273.12 13.19 1982.50 8.93
16289.25 13.42 1975.50 8.06
16305.75 13.36 1973.12 21.71
16322.25 13.42 1957.75 8.77
16338.37 13.21 1945.25 7.87
16355.12 13.19 1935.62 10.54
16371.25 13.42 1925.50 14.56
16387.75 13.36 1920.62 12.79
16404.25 13.42 1904.87 9.29
16420.37 13.21 1891.62 18.06
16437.00 13.28 1883.37 15.97
16453.25 13.42 1877.00 8.37
16469.62 13.36 1871.25 14.78
16486.25 13.42 1858.37 9.95
16502.37 13.21 1848.25 9.76
16519.00 13.28 1838.00 11.89
16535.25 13.42 1828.75 11.34
16551.50 13.24 1818.12 9.19
16568.12 13.19 1806.75 23.31
16584.37 13.21 1799.62 8.92
16600.87 13.34 1790.50 8.66
16617.25 13.42 1792.12 27.18
16633.62 13.36 1769.37 9.34
16650.12 13.19 1762.50 8.06
16666.37 13.21 1750.37 7.03
16682.87 13.34 1742.12 10.08
16699.25 13.42 1731.00 11.72
16715.37 13.21 1727.00 9.00
16732.12 13.19 1718.62 7.60
16748.25 13.42 1705.50 22.75
16764.75 13.36 1702.12 6.73
16781.25 13.42 1694.37 7.68
16797.37 13.21 1685.00 7.11
